0.0 -0.047946992343916764 0.002682219231377847
0.03333333333333333 0.11943038685520206 0.0028656934199778883
0.06666666666666667 0.26954819407503583 0.0031512239385555474
0.1 0.3926380858742411 0.0033752317985119573
0.13333333333333333 0.47334273410788674 0.0034517138119329327
0.16666666666666666 0.4989721835990641 0.0035022230362680706
0.2 0.47260944108761394 0.0034901485259076215
0.23333333333333334 0.39363104357832446 0.003413837567193323
0.26666666666666666 0.27143821425130527 0.0032216013088847695
0.3 0.12079026137346516 0.00291249100725674
0.3333333333333333 -0.0414955328589537 0.0027746335321952864
0.36666666666666664 -0.20519879886630585 0.0030784260194095525
0.4 -0.33918931881091047 0.0032896324568681967
0.43333333333333335 -0.4434306412462768 0.0034603281365760408
0.4666666666666667 -0.48420264454395545 0.0035433370838904854
0.5 -0.4963071989626979 0.0034882552310808723
0.5333333333333333 -0.4457285840743765 0.0034299850564800116
0.5666666666666667 -0.3365383890925246 0.0033048985386388563
0.6 -0.19962077600607653 0.0030927296850113972
0.6333333333333333 -0.035409117013085044 0.0027377050414697512
0.6666666666666666 0.12808140479367688 0.002930232066199634
0.7 0.2778938435490188 0.003209663721616518
0.7333333333333333 0.38332421334256894 0.003313556098297421
0.7666666666666667 0.4675231142554627 0.003446049552695396
0.8 0.4954039627526686 0.0034748297482356527
0.8333333333333334 0.47948933029099716 0.0034924990081156015
0.8666666666666667 0.390841266722249 0.003359424017430168
0.9 0.26762039304102136 0.0031915373112498813
0.9333333333333333 0.11187643352318226 0.0028641951404740074
0.9666666666666667 -0.053421277683923275 0.0027654746846316886
1.0 -0.20718272253655373 0.003087908212211138
1.0333333333333334 -0.34105399470306647 0.0033219742354989035
1.0666666666666667 -0.4423359020621984 0.0034735490241928346
1.1 -0.48507626370590645 0.003550287941254615
1.1333333333333333 -0.49296412036752957 0.0035188110982313225
1.1666666666666667 -0.43741167009311527 0.003476000714388694
1.2 -0.3328014076769326 0.0032765212198834215
1.2333333333333334 -0.1940736006248496 0.0030281634603962215
1.2666666666666666 -0.026946744010379116 0.002636356661182518
1.3 0.12501388760933024 0.002862583904933186
1.3333333333333333 0.27005341644588265 0.0032002850432858443
1.3666666666666667 0.3782285732355294 0.0033333648666649673
1.4 0.45565022441065106 0.0034396097105739987
1.4333333333333333 0.47538806871255634 0.0035042176679195847
1.4666666666666666 0.45442128378398805 0.003424765282625475
1.5 0.37801006787473257 0.0033739248976527025
1.5333333333333334 0.2600324882565604 0.0031911477536526456
1.5666666666666667 0.11478770696025348 0.0028754360735789436
1.6 -0.047828250163510964 0.0027498267954271446
1.6333333333333333 -0.20093639936272492 0.003089766318776832
1.6666666666666667 -0.3307690463625556 0.0033050691120812825
1.7 -0.4209716378403114 0.003502791617855605
1.7333333333333334 -0.4725532588728607 0.0035160017135448807
1.7666666666666666 -0.4787425226315575 0.0034992172741890037
1.8 -0.4085533663366534 0.003461396602250588
1.8333333333333333 -0.3145528783808375 0.0032585292964612544
1.8666666666666667 -0.17877088205372857 0.003008342513324991
1.9 -0.02697617840855615 0.0026634132417797905
1.9333333333333333 0.12242951920010146 0.002909584250018346
1.9666666666666666 0.2648666158168273 0.0031967238916548735
2.0 0.37497965436130587 0.0033048261926091893
2.033333333333333 0.44740581111063904 0.0034386349909802383
2.066666666666667 0.46955591557671184 0.003480256704864071
2.1 0.4408601737926765 0.0034160686010869523
2.1333333333333333 0.36669178292033827 0.0033579073509996116
2.1666666666666665 0.25142348439314255 0.0032425467609067393
2.2 0.12484599201164259 0.0029088708217645254
2.2333333333333334 -0.025329340467313187 0.0026699422481180207
2.2666666666666666 -0.19861300931573211 0.0030578256082791355
2.3 -0.3379569088373087 0.0032934014756692553
2.3333333333333335 -0.4309588224344006 0.0033936753038435463
2.3666666666666667 -0.4721171182385074 0.0034687503927836594
2.4 -0.4782448819219026 0.003517566102114067
2.433333333333333 -0.3985577965354854 0.0034842455968471797
2.466666666666667 -0.3113222201868491 0.0032428978558532995
2.5 -0.17444582278336274 0.002981706596936362
2.533333333333333 -0.024206450491237375 0.0026547213986913808
2.566666666666667 0.13040923094320492 0.0028988434243372163
2.6 0.2785810476034556 0.0032698794170759604
2.6333333333333333 0.37962686562282527 0.0034008566291705566
2.6666666666666665 0.44787738039024233 0.0035669954523609992
2.7 0.46017602476514324 0.0034930264220721097
2.7333333333333334 0.4300804654952683 0.0034257248933874385
2.7666666666666666 0.349231630092237 0.0033001366981172398
2.8 0.23581900891364635 0.0031507559963845078
2.8333333333333335 0.08882102739392392 0.0029125010023570985
2.8666666666666667 -0.06472637026055293 0.0028178510504579257
2.9 -0.20989392400037507 0.003117297151517484
2.933333333333333 -0.32887552101446327 0.0033540436630934978
2.966666666666667 -0.42403416969522184 0.003421947634323075
3.0 -0.46870440323151935 0.003467112352867452
3.033333333333333 -0.464173818926157 0.0034706963116385436
3.066666666666667 -0.4021454292228391 0.0033983762334462986
3.1 -0.2733179190721594 0.0032386482347986356
3.1333333333333333 -0.16607154787237943 0.0029532926859228703
3.1666666666666665 -0.017823121998453678 0.0026623829477378964
3.2 0.13294668321888067 0.002915788795752189
3.2333333333333334 0.26463187807475047 0.00316042193818028
3.2666666666666666 0.373269312487281 0.0033332303691843146
3.3 0.44264278028741344 0.0034312847968933635
3.3333333333333335 0.45075492421570873 0.003467237253058586
3.3666666666666667 0.4409499918543985 0.0034843691408064648
3.4 0.30472283431805514 0.0033178952943223594
3.433333333333333 0.21470796965087918 0.0031268661335752124
3.466666666666667 0.07626200789800575 0.0027676200700391396
3.5 -0.06573464172225832 0.0027633770933591373
3.533333333333333 -0.17281090005340677 0.003098067750250788
3.566666666666667 -0.2910325934261515 0.0033483592043590527
3.6 -0.3695332353738243 0.003536631139289259
3.6333333333333333 -0.44541561437463884 0.0035378350887847465
3.6666666666666665 -0.4422034716625972 0.0035724441327191214
3.7 -0.27785923999813794 0.0035032296451498746
3.7333333333333334 -0.20978693527074269 0.0032377808920496243
3.7666666666666666 0.0017319721238920763 0.002782667573416128
3.8 0.054207160177555225 0.002789890129342165
3.8333333333333335 0.21600188169428186 0.0031572597328638763
3.8666666666666667 0.3161566343205951 0.0033188535668028374
3.9 0.3983407436248741 0.0034197231160020825
3.933333333333333 0.44449800917757 0.0034269593364733564
3.966666666666667 0.47031556824311743 0.0034802686246284686
4.0 0.5361103877520578 0.00349819500251769
4.033333333333333 0.37065945433013964 0.0033321192364412777
4.066666666666666 0.24566514547199722 0.0031545915898167076
4.1 0.08312801719939629 0.0027845960509392254
4.133333333333334 -0.06266136868297187 0.0027483745835693574
4.166666666666667 -0.20774356134952246 0.0030506661981265504
4.2 -0.3166991968946298 0.0032600673712175343
4.233333333333333 -0.40133214920373755 0.0034544218116955294
4.266666666666667 -0.4342653442624353 0.0035613822550364937
4.3 -0.4476351952612224 0.0034866699883219776
4.333333333333333 -0.3628109857055102 0.003395730589253465
4.366666666666666 -0.24746933565050697 0.0032234850355707667
4.4 -0.09888331421977585 0.0029017941148816867
4.433333333333334 0.026050257145610198 0.0026724801105372856
4.466666666666667 0.1298755658770424 0.0029100376079004564
4.5 0.26238942970987766 0.0031589671385830465
4.533333333333333 0.36556798317538086 0.0033200918221518716
4.566666666666666 0.4234377784463943 0.0034089908999603846
4.6 0.43975401701086275 0.0034145543698974046
4.633333333333334 0.4318708516709611 0.0034138084304334293
4.666666666666667 0.34165305614961533 0.003273884595617005
4.7 0.2181955422634171 0.00308373423894881
4.733333333333333 0.08540122845101536 0.00278989510849173
4.766666666666667 -0.06399865657613622 0.0027288413289410784
4.8 -0.19488996887700977 0.003022378101598444
4.833333333333333 -0.2855426987630858 0.0032938437228675066
4.866666666666666 -0.40078494256272806 0.0034031805777279267
4.9 -0.429890206445666 0.0034977684447615176
4.933333333333334 -0.41896546428225867 0.0034731975370261847
4.966666666666667 -0.3646469916872839 0.0034020843825557368
5.0 -0.2709048030349384 0.003192153512234397
5.033333333333333 -0.1497590554561678 0.0029037137025886006
5.066666666666666 -0.0015294895823039596 0.0026058697577748544
5.1 0.1355527668728651 0.0029304789388278907
5.133333333333334 0.25889582205015993 0.003162778641032926
5.166666666666667 0.3548950265133979 0.0033027541743357314
5.2 0.41093934133023113 0.003368913784977501
5.233333333333333 0.42559832177066237 0.0033569308124866692
5.266666666666667 0.41336116244277643 0.0034298003535357946
5.3 0.3323826975234208 0.003277608204593885
5.333333333333333 0.21254597535063322 0.003061103826219491
5.366666666666666 0.07952563241603593 0.002781201017950652
5.4 -0.05516235067056761 0.002748586234998039
5.433333333333334 -0.1881817720789857 0.003044499497837888
5.466666666666667 -0.2979726352024597 0.003270909084041318
5.5 -0.37705285884688433 0.0034391204782708296
5.533333333333333 -0.4067231549375888 0.003523107467090114
5.566666666666666 -0.38962111010180134 0.003483966270878547
5.6 -0.35528833019176614 0.0033146944145850954
5.633333333333334 -0.23275186472944087 0.003147486422200224
5.666666666666667 -0.029068200269781262 0.0027545789788816985
5.7 0.07957698338639425 0.00284872914223748
5.733333333333333 0.21983466111936226 0.0031390273194268625
5.766666666666667 0.29825260214572136 0.003237591999799394
5.8 0.39067089101332325 0.0033452197489972635
5.833333333333333 0.4555923842769264 0.0034983932346080437
5.866666666666666 0.44788406564710387 0.003483090270256395
5.9 0.4051387032224598 0.0034209374255023683
5.933333333333334 0.31331999147772155 0.003268452418886958
5.966666666666667 0.19901621966639008 0.0030598603761780863
6.0 0.04576679060475678 0.0026846169525291813
6.033333333333333 -0.0985232711200153 0.002825776990136017
6.066666666666666 -0.2151627817682421 0.0030674552027780966
6.1 -0.33488800743542585 0.003258127811647249
6.133333333333334 -0.3729222422106179 0.0034119983321996283
6.166666666666667 -0.4061521070796465 0.0034585377529515737
6.2 -0.38937842791045496 0.0034546077257048835
6.233333333333333 -0.327214020316965 0.003347599209234331
6.266666666666667 -0.2188976930588799 0.0031025805296773235
6.3 -0.08979615268102964 0.0028051349880786614
6.333333333333333 0.058909592902807145 0.002741681449947707
6.366666666666666 0.166728484990791 0.0029430896018689534
6.4 0.29362497629418327 0.0032058425026463278
6.433333333333334 0.3754123428606509 0.003351194227821541
6.466666666666667 0.44414272490421697 0.0034984241782904935
6.5 0.4245089733614522 0.0034432521420422746
6.533333333333333 0.3919010655475055 0.0034523183488636144
6.566666666666666 0.2929339362937787 0.003252464598137772
6.6 0.1904964451483255 0.003053333936527347
6.633333333333334 0.039299249148120455 0.002680251576753369
6.666666666666667 -0.11260033626359124 0.00286540884190592
6.7 -0.23548252529032832 0.003093863666796981
6.733333333333333 -0.33380300249572126 0.0032822179955800945
6.766666666666667 -0.4000530237286868 0.00339755532428454
6.8 -0.4101314940682206 0.003428530266533003
6.833333333333333 -0.39627568205889313 0.003358513937513352
6.866666666666666 -0.3220260745787362 0.0032827172013159545
6.9 -0.22510950685554165 0.0030881635897130055
6.933333333333334 -0.08758297968241482 0.0028230253817219803
6.966666666666667 0.05983877991862398 0.002767700338969628
7.0 0.21178700267636055 0.0030582594392470352
7.033333333333333 0.31328244521773096 0.003235391132236809
7.066666666666666 0.3659135836732857 0.0033162688545245733
7.1 0.41907437445316886 0.003365558654301215
7.133333333333334 0.39613473922739745 0.0033425609553632274
7.166666666666667 0.3459165597153497 0.0032603597569630383
7.2 0.2624101138868293 0.0031392263310233703
7.233333333333333 0.1495066945700321 0.002921868778203829
7.266666666666667 0.016460716555468095 0.002597601089847492
7.3 -0.11128746720028554 0.0028430918307091463
7.333333333333333 -0.2264060550167653 0.0031517911164750945
7.366666666666666 -0.33535432972350876 0.003282036257927834
7.4 -0.4008587500490636 0.003345507969389261
7.433333333333334 -0.4173231436385779 0.003376864502628918
7.466666666666667 -0.3876614774046122 0.0033195142851144555
7.5 -0.2999500399276946 0.0032620994965538164
7.533333333333333 -0.19127217153298282 0.003124663813093148
7.566666666666666 -0.05347739110977221 0.0027519986833989055
7.6 0.07888952588580178 0.0028078019804460286
7.633333333333334 0.18237607898352534 0.003065746524872459
7.666666666666667 0.2882380842071222 0.0032089596987166513
7.7 0.367428298518309 0.0033690043224924304
7.733333333333333 0.3938149520051553 0.0033947611918439535
7.766666666666667 0.3811962259624966 0.0033411652319240703
7.8 0.35738085072192066 0.003282122675108301
7.833333333333333 0.26493849468556163 0.0031399041998043664
7.866666666666666 0.14129410509041718 0.0029085882549203523
7.9 0.01632608704223997 0.002620224869773837
7.933333333333334 -0.12607993147043528 0.002963487037982604
7.966666666666667 -0.24550818489376725 0.0031492533388195743
8.0 -0.3383875892464717 0.0032973265447005518
8.033333333333333 -0.39213822222684436 0.003393236075269257
8.066666666666666 -0.39786876851039227 0.003359138261996797
8.1 -0.35507746941715224 0.0033387314292455117
8.133333333333333 -0.27387385767996203 0.0032141824665922747
8.166666666666666 -0.17802829842705845 0.0029954606088998526
8.2 -0.0633020508547958 0.002729984021155013
8.233333333333333 0.06256340102604434 0.0027475988985293104
8.266666666666667 0.18464999845663643 0.002999210700198096
8.3 0.2890502295337616 0.003213588435242165
8.333333333333334 0.3569635435615554 0.003333276135352503
8.366666666666667 0.3862109567515006 0.003362228446376181
8.4 0.3695821852693055 0.0033136178115575343
8.433333333333334 0.31055089245168377 0.0032191465879287673
8.466666666666667 0.23685852932509466 0.0031163548861246892
8.5 0.1152109418281254 0.0028904220683119153
8.533333333333333 -0.007312732413165564 0.0026476518702745052
8.566666666666666 -0.12751202456027305 0.0029380722264773507
8.6 -0.1960295262143387 0.003173049287706925
8.633333333333333 -0.327348035396126 0.00328530755996731
8.666666666666666 -0.3876398723806356 0.0034133909869079604
8.7 -0.3747661155355253 0.003417860725011046
8.733333333333333 -0.3379752202955718 0.0033696302592777783
8.766666666666667 -0.26737636848164187 0.00321677267876308
8.8 -0.17772365382096364 0.0030010632471994814
8.833333333333334 -0.06137453436328773 0.0027271410901205523
8.866666666666667 0.0816528311174679 0.0027717243935937164
8.9 0.2015397640100275 0.003064135239928323
8.933333333333334 0.27186217370902344 0.0031266293393428235
8.966666666666667 0.31745612318024913 0.0032729152141124374
9.0 0.3736658085356547 0.003333398864078574
9.033333333333333 0.35916465047368024 0.0033019563168031896
9.066666666666666 0.30178590970759056 0.0032138013134730414
9.1 0.22785146471019627 0.003119456561189088
9.133333333333333 0.11327711921115158 0.0028606199950229755
9.166666666666666 -0.02170007366943675 0.0026447157470454105
9.2 -0.128489336379625 0.0028804792084622666
9.233333333333333 -0.23492997614971037 0.0031431034487531817
9.266666666666667 -0.3262866076320609 0.003316552024591801
9.3 -0.37539381865875127 0.0033549465473846074
9.333333333333334 -0.381554917799134 0.0033931188296700276
9.366666666666667 -0.34111342886620305 0.003304823461194928
9.4 -0.2660770790273141 0.0031536784968093645
9.433333333333334 -0.16900092174591766 0.0029674421106560267
9.466666666666667 -0.017265695504068722 0.002640504770603659
9.5 0.0923631028414261 0.0027986525416163893
9.533333333333333 0.2100264649878611 0.0030456775950702397
9.566666666666666 0.304993123152626 0.0032166499548191285
9.6 0.3374837212341027 0.003247008948062846
9.633333333333333 0.3606518020740245 0.003302081130624468
9.666666666666666 0.3484154744662513 0.0033039278429686236
9.7 0.2998029620578555 0.003199178800728897
9.733333333333333 0.21716157076788714 0.0031086156252347896
9.766666666666667 0.096400364375364 0.002842643051721022
9.8 -0.03809845572677078 0.0026818839379280784
9.833333333333334 -0.14426147451467683 0.002964567549824715
9.866666666666667 -0.25150732110898727 0.0032313642492371453
9.9 -0.3261327905810275 0.003341858647437357
9.933333333333334 -0.36572305649442405 0.003397407443681222
9.966666666666667 -0.3359039173825392 0.0033885387084843788
10.0 -0.3191446201241448 0.0032561471960376176
10.033333333333333 -0.24776556202368488 0.003146701505891858
10.066666666666666 -0.13631947650101683 0.0029253329470691203
10.1 -0.022596764345787806 0.0026478309366714525
10.133333333333333 0.10692640048490397 0.0028223110758807124
10.166666666666666 0.2194121848665702 0.003099882521753111
10.2 0.29598695486405924 0.003202684265853073
10.233333333333333 0.346050079416823 0.0032882871599612673
10.266666666666667 0.3625408476667454 0.0032983938633606713
10.3 0.33761073530453944 0.0032713272531822435
10.333333333333334 0.27856159788024387 0.003177784039602005
10.366666666666667 0.19253079610249305 0.003005821991538149
10.4 0.08610857350356306 0.002807214420480958
10.433333333333334 -0.01463819930738303 0.0026725594247540944
10.466666666666667 -0.12897051859585837 0.0029193039394573017
10.5 -0.268898076542406 0.0031398039618048545
10.533333333333333 -0.3412882101812402 0.0032916155712737205
10.566666666666666 -0.3718154961513328 0.003358224232774487
10.6 -0.33310420239408994 0.003269262498592884
10.633333333333333 -0.31578845545366535 0.0032649980849325244
10.666666666666666 -0.22521964614577897 0.0031362722098602913
10.7 -0.08796965639977346 0.002863800107757636
10.733333333333333 0.03049296395968269 0.0026845308911205464
10.766666666666667 0.12480534930455528 0.002968834251342173
10.8 0.23165859736603428 0.003158673116371802
10.833333333333334 0.3107205452298488 0.0032747441683099177
10.866666666666667 0.3672702268099084 0.00337323077470314
10.9 0.38973218867348375 0.003357174614734393
10.933333333333334 0.33321413697514973 0.0032969738237680346
10.966666666666667 0.28558441958913044 0.0032323712921282777
11.0 0.19568173049492085 0.0030713777662716157
11.033333333333333 0.07798255690405717 0.0027996258297521143
11.066666666666666 -0.06424728985570337 0.0027368287359827576
11.1 -0.17392912335792554 0.0029754038553948536
11.133333333333333 -0.2676344748670763 0.0031657213538932027
11.166666666666666 -0.3092890505649526 0.003313707287225909
11.2 -0.3467937599562484 0.003393793545304169
11.233333333333333 -0.35233004296397996 0.003286852928151507
11.266666666666667 -0.31364947772748086 0.003203376522819934
11.3 -0.21722773094417816 0.003068041975019975
11.333333333333334 -0.10699511949061855 0.0028890278069675923
11.366666666666667 0.009921948823051228 0.0026407732989666612
11.4 0.09945499479139717 0.002864619875527427
11.433333333333334 0.21302082118678542 0.00305244631076923
11.466666666666667 0.2916898675355458 0.0031913571743963365
11.5 0.3333903879847121 0.003266016565105001
11.533333333333333 0.3411402954284517 0.0032817125517650148
11.566666666666666 0.31053507083409837 0.0032387313561583753
11.6 0.22796877230173293 0.0030993649708077053
11.633333333333333 0.1398778213430576 0.002901365258603933
11.666666666666666 0.02714688638145422 0.002679197576077666
11.7 -0.0650265988969162 0.002770335758674858
11.733333333333333 -0.18831667874461333 0.003009050834443361
11.766666666666667 -0.2793276887664909 0.0031730446821774394
11.8 -0.32224383289305014 0.003307698626010269
11.833333333333334 -0.33986470729713597 0.003335652072391837
11.866666666666667 -0.33484698852690625 0.0033019384259651563
11.9 -0.28632828400466315 0.003227990975542272
11.933333333333334 -0.1969016241043763 0.0030030242195125956
11.966666666666667 -0.09119959793905301 0.0028274302922370737
12.0 0.02157775733633581 0.0026109511110718603
12.033333333333333 0.1008528570337508 0.0028257926496286084
12.066666666666666 0.20264291682295912 0.003049079879091615
12.1 0.2886530784277701 0.0032065000898107154
12.133333333333333 0.33149540536268685 0.003288722192911986
12.166666666666666 0.32898920230418466 0.00324985784074594
12.2 0.3056166562717198 0.0032423564194054566
12.233333333333333 0.23017017893941918 0.0030959801095296335
12.266666666666667 0.10235779655838438 0.0027967226908229975
12.3 -0.004539082302415403 0.0025867199396118193
12.333333333333334 -0.121572032932968 0.0027809480816596704
12.366666666666667 -0.21366711892829157 0.0030565827521385758
12.4 -0.29278324693498925 0.003181708600803912
12.433333333333334 -0.30192744263461896 0.0033116901866072634
12.466666666666667 -0.32261394348824907 0.003297141000261128
12.5 -0.3248240182948503 0.0032797578867808652
12.533333333333333 -0.26490450541476507 0.0032405041875882
12.566666666666666 -0.1522092703936255 0.003008976316964812
12.6 -0.077433406153989 0.003002647976090733
12.633333333333333 0.02969768011843112 0.002722226649819536
12.666666666666666 0.1427784710182194 0.002959639969683292
12.7 0.23875891236278482 0.0031193324729222593
12.733333333333333 0.29933225590842677 0.0032062183865130822
12.766666666666667 0.3339559092562828 0.0034336991337210465
12.8 0.3266467495442753 0.0032796016750925583
12.833333333333334 0.2854147415624965 0.003226508276805762
12.866666666666667 0.19741398951439715 0.003038333202434934
12.9 0.138559851408413 0.0028820137859692507
12.933333333333334 0.026122758853076668 0.002662741738878441
12.966666666666667 -0.07317077649626051 0.0027916620813888543
13.0 -0.16825237529478404 0.0030306922292329397
13.033333333333333 -0.2534236794669033 0.003185242453174142
13.066666666666666 -0.3171011243957374 0.003290471200380396
13.1 -0.3264542238015732 0.0033361994519647276
13.133333333333333 -0.3065362464254057 0.003266454646233763
13.166666666666666 -0.25786852349755357 0.003139866880839892
13.2 -0.1696265257381229 0.002964799283092928
13.233333333333333 -0.054564155881501146 0.0027306971378358025
13.266666666666667 0.05121935691881353 0.0027258569118378817
13.3 0.13716806093624595 0.0028730473795052502
13.333333333333334 0.21544440433142614 0.003037596941806664
13.366666666666667 0.28825436160091406 0.0032296321717164567
13.4 0.30079887652731496 0.00324980180161738
13.433333333333334 0.3050322505212466 0.00332674666898225
13.466666666666667 0.27657802161551914 0.0032037820801972816
13.5 0.19909932958606832 0.0030505784212991327
13.533333333333333 0.10008973742885627 0.0028376537430609278
13.566666666666666 -0.004005758098970608 0.002602244293597596
13.6 -0.10522709002246662 0.002843848357190343
13.633333333333333 -0.2099059430229971 0.003045713358792085
13.666666666666666 -0.28130733817628856 0.0031846631484761523
13.7 -0.32403630806916495 0.003279947844419262
13.733333333333333 -0.33055331308104013 0.0032967428123024667
13.766666666666667 -0.30162420643705534 0.003275148336114697
13.8 -0.23954090140115897 0.0031377397384345918
13.833333333333334 -0.14509547003664117 0.0029190302935860335
13.866666666666667 -0.061886269059004184 0.002723222600454378
13.9 0.046436521116103115 0.0027176886304791023
13.933333333333334 0.15150921065789202 0.002976239280850057
13.966666666666667 0.23505795520177739 0.0032023449392430126
14.0 0.2723441777439193 0.003188288845101972
14.033333333333333 0.2964528760829326 0.003240756124654909
14.066666666666666 0.28911142867903133 0.003213586446661254
14.1 0.23520790731515384 0.0031299440211086105
14.133333333333333 0.17800199110575457 0.003033323755146089
14.166666666666666 0.07367844167158216 0.002800550160572804
14.2 -0.0275635702486416 0.00268235395038598
14.233333333333333 -0.13098978257722962 0.002935725862117239
14.266666666666667 -0.20939966724775325 0.003102508652406577
14.3 -0.26575482574477177 0.0031805230134805407
14.333333333333334 -0.3133671096151174 0.003317002114552492
14.366666666666667 -0.3036571761078749 0.0032686628543918683
14.4 -0.28687120836103275 0.0032450659386915603
14.433333333333334 -0.22098085732716116 0.003114558152296637
14.466666666666667 -0.09966172074478312 0.0029019146310178545
14.5 0.005312724181255027 0.0026468718789640156
14.533333333333333 0.10230764114893057 0.002839818997320623
14.566666666666666 0.1684605698137024 0.0029974228466606856
14.6 0.2387310426040578 0.0031060204164537475
14.633333333333333 0.2852302982981582 0.003211543258395788
14.666666666666666 0.3083724454275757 0.003279054794103564
14.7 0.2970630952339909 0.0032380140502460963
14.733333333333333 0.24154610046832378 0.0031174115066335273
14.766666666666667 0.17596411738056789 0.0029934056731951986
14.8 0.06713130510623011 0.0027404432525972994
14.833333333333334 -0.0469660679537081 0.0026898276149974615
14.866666666666667 -0.16859740745985258 0.002893069497129669
14.9 -0.22243958834419195 0.003076957522204826
14.933333333333334 -0.276560805528884 0.0031824510047355203
14.966666666666667 -0.3017574647201651 0.003286007847955852
15.0 -0.30101508776220487 0.0032195620502587508
15.033333333333333 -0.2581747263384361 0.00317362873940763
15.066666666666666 -0.20955165111932716 0.0030797343009074107
15.1 -0.12267199004123738 0.002906305141437804
15.133333333333333 -0.022090701751511062 0.0026381054234810887
15.166666666666666 0.08068246123933084 0.0028213249745770302
15.2 0.17849399156995116 0.0031191741057309263
15.233333333333333 0.2557115883418004 0.0032327410272181556
15.266666666666667 0.28894644121599666 0.003214596913146628
15.3 0.29747024144209017 0.0032152438891272506
15.333333333333334 0.27512918416779514 0.00317710750684691
15.366666666666667 0.26150755063500253 0.003184832405097482
15.4 0.1414295326873032 0.002914773173519958
15.433333333333334 0.040704148657466466 0.0026610256172677274
15.466666666666667 -0.052495855819073206 0.0026966983160467625
15.5 -0.15068396285224603 0.0029271653319251634
15.533333333333333 -0.22480618530706833 0.003085738317621489
15.566666666666666 -0.2701779277254598 0.0031887345005995327
15.6 -0.2627736404514649 0.003252388979973375
15.633333333333333 -0.2762856192438887 0.0032471259539963993
15.666666666666666 -0.25774131592270527 0.0031834527709498905
15.7 -0.19452427556019525 0.0030461255425487666
15.733333333333333 -0.09328578451808206 0.0028516614884740443
15.766666666666667 0.007130657223709096 0.002667647873898002
15.8 0.1187573436964153 0.002947876155597412
15.833333333333334 0.191515610632239 0.0030457105341881174
15.866666666666667 0.24946129128086017 0.0031350638891155247
15.9 0.27483563329345556 0.0031556568454489953
15.933333333333334 0.283278970986153 0.003220003656413617
15.966666666666667 0.2621864745174578 0.00319338965785787
16.0 0.23715485313681278 0.0031576371202015896
16.033333333333335 0.13945683834814368 0.002955112577954916
16.066666666666666 0.0413189073374234 0.002729023913299655
16.1 -0.05625694516603962 0.0027569391647730354
16.133333333333333 -0.1403003791093531 0.0029219866614921264
16.166666666666668 -0.21523211054375158 0.0030970311521951455
16.2 -0.26734726637525524 0.003196686072003907
16.233333333333334 -0.2871815939692104 0.0032185605307757936
16.266666666666666 -0.28031435412081873 0.003185412236446805
16.3 -0.21846646424627975 0.003106566845541975
16.333333333333332 -0.16427292690481357 0.0029761865304450963
16.366666666666667 -0.08203143362874382 0.0028207338386206926
16.4 0.015409703424873359 0.002680508932638874
16.433333333333334 0.10336327084729885 0.002885644459280856
16.466666666666665 0.18663180715872799 0.0030634159281474616
16.5 0.2485105170065035 0.0031852196245431563
16.533333333333335 0.27522100981647973 0.0032490627407874006
16.566666666666666 0.2755246713280339 0.0032203315322301695
16.6 0.2465327510371623 0.003135426130584873
16.633333333333333 0.19412075288164055 0.0030235370395215455
16.666666666666668 0.14362084098074238 0.0029066280260887367
16.7 0.02574028003262002 0.0026230546342496247
16.733333333333334 -0.07164869285905989 0.002718572261739327
16.766666666666666 -0.15172451340137405 0.0029143576586664888
16.8 -0.2188234657218681 0.003058308776810431
16.833333333333332 -0.27159859963463745 0.0031544145925728184
16.866666666666667 -0.27811522884758083 0.0032148212400849863
16.9 -0.26152750728515317 0.0032363319144540492
16.933333333333334 -0.220525813612255 0.003118026591146822
16.966666666666665 -0.16211013269835678 0.0029773540852808533
17.0 -0.06223266193612897 0.002786910523706436
17.033333333333335 0.024131899769458613 0.0026694704871562877
17.066666666666666 0.11068568269254012 0.0028365859397745524
17.1 0.2017417193466411 0.0030536003486073826
17.133333333333333 0.2748884405105464 0.0032102567496971046
17.166666666666668 0.3025104323016042 0.003250102469765037
17.2 0.3030363625824811 0.003239275847265466
17.233333333333334 0.27662754798057404 0.003180064861375842
17.266666666666666 0.19775927301181526 0.0030061663349988943
17.3 0.14056802030182475 0.0029359478081462387
17.333333333333332 0.037024944800024405 0.002678542204469392
17.366666666666667 -0.06803253627048671 0.0027568670564382253
17.4 -0.14845838187012378 0.0029616430750325495
17.433333333333334 -0.21844391471818803 0.00306631693129511
17.466666666666665 -0.2646226722545923 0.0031864068020263647
17.5 -0.2576828281609961 0.0031770536194752896
17.533333333333335 -0.25272509027209245 0.003137201634127229
17.566666666666666 -0.21107153157983294 0.00303300321808056
17.6 -0.13791865249212637 0.002923930836139732
17.633333333333333 -0.059853955955771684 0.002754592017167254
17.666666666666668 0.0426787671771609 0.0027361681836725257
17.7 0.12320782370568853 0.002966911386451665
17.733333333333334 0.18860287576153706 0.003020836552833195
17.766666666666666 0.23378363970994 0.0031015354778789472
17.8 0.25636806702252923 0.003123621904601359
17.833333333333332 0.2573968768021095 0.0031431516906037515
17.866666666666667 0.22677118128600884 0.003072589712265039
17.9 0.16392906732308032 0.0029577089862460604
17.933333333333334 0.08057317712181401 0.002814773314130256
17.966666666666665 -0.005862046350789389 0.0026455376645918042
18.0 -0.08767397514688255 0.0028091620945562834
18.033333333333335 -0.16758648847024246 0.0030142834634250826
18.066666666666666 -0.22407468869577 0.0031044346497068886
18.1 -0.25836387286623314 0.003172287342871727
18.133333333333333 -0.25984927276515696 0.00322226103582568
18.166666666666668 -0.23435962045356554 0.003133571962027848
18.2 -0.1804416594353265 0.0030338451111358022
18.233333333333334 -0.10904425216188508 0.002854254041027529
18.266666666666666 -0.04108245910465431 0.0026637642833610142
18.3 0.05138286392777683 0.0027128003448261134
18.333333333333332 0.1277118894540771 0.002908372078385457
18.366666666666667 0.1963646928531943 0.0031103596985908866
18.4 0.24216945876417154 0.0031646507643572352
18.433333333333334 0.26237019530227657 0.0031784152713822955
18.466666666666665 0.2503262851215252 0.0031382533847316707
18.5 0.22331170467024744 0.003109651469877489
18.533333333333335 0.15532657395659025 0.0029615096781903383
18.566666666666666 0.07154451733110924 0.002783445274330859
18.6 -0.012827422126234266 0.0026861712671703685
18.633333333333333 -0.09985184218835103 0.0028606585801916606
18.666666666666668 -0.17602561250616208 0.003024047900247989
18.7 -0.23190268410505002 0.003171729572580606
18.733333333333334 -0.2631435082816702 0.003210642808379127
18.766666666666666 -0.2657418787935869 0.00323643830039394
18.8 -0.23524697355888355 0.0031410688841911893
18.833333333333332 -0.18559475104761317 0.0030332117163490435
18.866666666666667 -0.11004023106601002 0.0028436380996392646
18.9 -0.028315269551446042 0.0026479688781272763
18.933333333333334 0.07886959196211075 0.0027922356680617627
18.966666666666665 0.14801906518171334 0.002953203309649377
19.0 0.21131418252250456 0.0031328402890961615
19.033333333333335 0.2395467805132852 0.003168221021475709
19.066666666666666 0.2460718593291718 0.0031352935305987983
19.1 0.2359693536237669 0.0031704926636467734
19.133333333333333 0.19616286339919828 0.0030539823524516896
19.166666666666668 0.12627241415078727 0.0028941143738659414
19.2 0.0488962817339454 0.0026756192586596186
19.233333333333334 -0.028950729855609522 0.0026152089698687556
19.266666666666666 -0.11291679526418406 0.002860353986676792
19.3 -0.1828004425400328 0.0030150888933516973
19.333333333333332 -0.23625563953753623 0.003129991246842656
19.366666666666667 -0.26284453523808854 0.0031809753866913204
19.4 -0.25413821235461936 0.0031687573855295748
19.433333333333334 -0.21941265558984352 0.003091647740352782
19.466666666666665 -0.1649320244313909 0.002986424873641591
19.5 -0.08799373679102905 0.0028311839265779126
19.533333333333335 -0.016584967756837894 0.002686772362581691
19.566666666666666 0.05540407943103491 0.002712788623753397
19.6 0.1390527663014373 0.0029148050076874543
19.633333333333333 0.19262194426275586 0.0030319706876477948
19.666666666666668 0.22393370340168212 0.0030861429491761128
19.7 0.24371937692141651 0.0031270750234581313
19.733333333333334 0.23711066246960516 0.003108545295180898
19.766666666666666 0.1559555513095307 0.0029695176174384663
19.8 0.11982673952533364 0.00289095683044599
19.833333333333332 0.040442532925310054 0.0027119212853841945
19.866666666666667 -0.02656904136016755 0.0026953267639764043
19.9 -0.12160762080465416 0.002890633549986296
19.933333333333334 -0.17254954856757324 0.002997858532813563
19.966666666666665 -0.22470632897195858 0.0030632271777553954
20.0 -0.24488351510707543 0.003112328442157808
20.033333333333335 -0.23882341197609971 0.003119907159448737
20.066666666666666 -0.19784599948205467 0.0030553593599015605
20.1 -0.13219870631865638 0.0029419419293719995
20.133333333333333 -0.06574284780567571 0.002735163538544333
20.166666666666668 -0.007734730696461065 0.002602658515048017
20.2 0.07745892256034059 0.0028048202971598934
20.233333333333334 0.15091073960223939 0.0029564637973104047
20.266666666666666 0.19350682857068635 0.0030301392002854977
20.3 0.2389364528945486 0.003135346502135844
20.333333333333332 0.2342221339636459 0.003147282517841049
20.366666666666667 0.20534331818180235 0.0030507950847131204
20.4 0.153611659089859 0.002962342832765419
20.433333333333334 0.09511748206591025 0.002813261802145431
20.466666666666665 0.024648094068068366 0.00264145939319586
20.5 -0.05519635423223857 0.002760179828264181
20.533333333333335 -0.10985426459771949 0.002900373470192605
20.566666666666666 -0.18417914947534464 0.0030112192214060973
20.6 -0.2262016308744558 0.003123941756244558
20.633333333333333 -0.2478072003793732 0.003170023473511252
20.666666666666668 -0.2348395874397496 0.0031459355716696724
20.7 -0.1885302523645653 0.003045669784047328
20.733333333333334 -0.12321248264342548 0.0029694095737009957
20.766666666666666 -0.04770094272970824 0.002850584352059954
20.8 0.024459139279689686 0.0027108455953438852
20.833333333333332 0.1304194950668138 0.0029437734601926446
20.866666666666667 0.18542607279458598 0.0030460520327909024
20.9 0.22201602743941407 0.003079541987368428
20.933333333333334 0.2350661931153001 0.003092787437177169
20.966666666666665 0.23509463312180212 0.0031057884646479017
21.0 0.18970820660207569 0.002999174068873206
21.033333333333335 0.14188631218983172 0.002925171204426008
21.066666666666666 0.10429634062286991 0.0028712263998793702
21.1 0.04504800269687582 0.002718246890763297
21.133333333333333 -0.07333821745589253 0.0027463049212664847
21.166666666666668 -0.14664072621864307 0.0029017477978380835
21.2 -0.1808280030866403 0.0030250444162305545
21.233333333333334 -0.2329266658403625 0.0031122255195878967
21.266666666666666 -0.23642184368677677 0.0031121075631238837
21.3 -0.1759525874147436 0.0030931836078791908
21.333333333333332 -0.13385527289395804 0.0030008872390715757
21.366666666666667 -0.06278478957054857 0.0028223737935523657
21.4 -0.01492616934688869 0.0026426475096572363
21.433333333333334 0.08874768245083663 0.0028577108887905683
21.466666666666665 0.1362485515648527 0.002955504455541408
21.5 0.19898701366087176 0.003108866036249658
21.533333333333335 0.20250845753491542 0.003116800232200928
21.566666666666666 0.21726733055913944 0.003110948482965614
21.6 0.21821276994017388 0.00312642086225437
21.633333333333333 0.20680890493898885 0.0030696512931804587
21.666666666666668 0.15321061077404538 0.002945493374458319
21.7 0.06130623898878009 0.0027166760978705115
21.733333333333334 -0.011978168998814672 0.0026114285937341615
21.766666666666666 -0.08721384016098313 0.0027845194229158265
21.8 -0.1485198587886516 0.002913381089024336
21.833333333333332 -0.19076631271338257 0.003024384740376751
21.866666666666667 -0.2018756817187067 0.0031262722666418608
21.9 -0.2136365170172008 0.003096187648456733
21.933333333333334 -0.20784513699007354 0.0030398734651462256
21.966666666666665 -0.14846934476799606 0.002989504640820123
22.0 -0.08387470151476949 0.0028242634606645
22.033333333333335 -0.030323557584154545 0.0027025182937830752
22.066666666666666 0.03655536187370589 0.002719311364428656
22.1 0.1008160079588414 0.0028411667709470068
22.133333333333333 0.15130396021832904 0.002973129563809296
22.166666666666668 0.18482915578538472 0.0030493415108256705
22.2 0.2050254167168751 0.0030573966840849454
22.233333333333334 0.2090314756191735 0.0030695945174706585
22.266666666666666 0.16941167504707677 0.0030216547768477653
22.3 0.13014307541215658 0.002974787694850073
22.333333333333332 0.05073491816414606 0.0027354516566545917
22.366666666666667 -0.015726352788460164 0.0026355142238436782
22.4 -0.07999290557035428 0.0028008731847785073
22.433333333333334 -0.13697019762993679 0.0029701556054063383
22.466666666666665 -0.1837476799800456 0.0030366323970734965
22.5 -0.21796386283787472 0.003117809799056598
22.533333333333335 -0.21657587009489804 0.00313062300886377
22.566666666666666 -0.18434906279605906 0.0030333400244422215
22.6 -0.13457237449981485 0.002897044493613582
22.633333333333333 -0.07681731201486663 0.00276427305410587
22.666666666666668 -0.009026678244189085 0.0026062389329677103
22.7 0.07223431137062197 0.0028456747542531108
22.733333333333334 0.1517456374482585 0.003039674707068535
22.766666666666666 0.17329861325586737 0.003022471619213485
22.8 0.18327736739449124 0.002995074906724432
22.833333333333332 0.19760899569442128 0.0030458529133370604
22.866666666666667 0.18472926400757858 0.0030151716473710566
22.9 0.14942751208380392 0.0029737800492429523
22.933333333333334 0.1258879300831501 0.0029307205816085924
22.966666666666665 0.0414738581843038 0.0026801415749109284
23.0 -0.032257842834117874 0.002637404133389601
23.033333333333335 -0.09918467624603321 0.00282437886018741
23.066666666666666 -0.1571051730646735 0.0029286463770583915
23.1 -0.19300742481966685 0.0030069759205757773
23.133333333333333 -0.2176722593174762 0.0030561199396873795
23.166666666666668 -0.2116752538198284 0.003063957419712937
23.2 -0.16952595252428515 0.003005233420460718
23.233333333333334 -0.1257075860090718 0.002891644962444595
23.266666666666666 -0.06798995343444732 0.002764865749243131
23.3 -0.009763201071968073 0.0025982403351480984
23.333333333333332 0.08164175586856579 0.0027943655388366767
23.366666666666667 0.14318947231120246 0.002958229295078385
23.4 0.18188524972595477 0.0030326261248665998
23.433333333333334 0.21417581452544604 0.003104305726712553
23.466666666666665 0.21327982681876034 0.0031482570630999296
23.5 0.182705473754622 0.003037307267684003
23.533333333333335 0.13821956594574544 0.002901835803837488
23.566666666666666 0.08298961741011023 0.002806301381685153
23.6 0.011472923411425301 0.002603453905086997
23.633333333333333 -0.054450107462214806 0.0026862828213743833
23.666666666666668 -0.11420269036325172 0.0028420564212224414
23.7 -0.16201011625297387 0.0029507914625530596
23.733333333333334 -0.1942123286659554 0.0030340315299606235
23.766666666666666 -0.20904352129751397 0.0030766825273279563
23.8 -0.19728884412651335 0.0030266766712215842
23.833333333333332 -0.1500857308818571 0.0029766674935852444
23.866666666666667 -0.11584080496884579 0.002877888007483051
23.9 -0.04127404927898164 0.0027190888656633064
23.933333333333334 0.024294808043974603 0.0026388064279757872
23.966666666666665 0.10338978222034823 0.002831389737432813
24.0 0.1287681304844607 0.002868845151848043
24.033333333333335 0.15275619020633982 0.002933228133856436
24.066666666666666 0.18925474092237954 0.0030726497158992394
24.1 0.19678943007692418 0.003043916587970652
24.133333333333333 0.1811271918352457 0.0029835433218413365
24.166666666666668 0.1576002996884334 0.0029612599138327533
24.2 0.06147520237627694 0.002728805397921412
24.233333333333334 0.0034587604221432045 0.002552061467074621
24.266666666666666 -0.060959803931058563 0.002727386722039697
24.3 -0.11738685831079626 0.002865493114872303
24.333333333333332 -0.1544523646830887 0.0029736483694036697
24.366666666666667 -0.17913767958247273 0.003022178024094102
24.4 -0.1995956215107695 0.003036171016225997
24.433333333333334 -0.18755167723081104 0.003052231691033108
24.466666666666665 -0.14971077170735064 0.0029509607773055
24.5 -0.0939590976656508 0.002822360635594018
24.533333333333335 -0.043290977183945936 0.002676219976164129
24.566666666666666 0.02683727371159203 0.0026870456208333837
24.6 0.08011836913174025 0.002801646860772722
24.633333333333333 0.13385954399015113 0.0029830751961857915
24.666666666666668 0.16607965083437534 0.0030316358213203776
24.7 0.19013284897736737 0.003088897043411254
24.733333333333334 0.18674068999719973 0.0030599596483123215
24.766666666666666 0.18406472402100463 0.003066193174734333
24.8 0.10975239478463114 0.0028617409824874818
24.833333333333332 0.06386264650605127 0.002764681081990475
24.866666666666667 -0.0033862603946737376 0.0025908120186518956
24.9 -0.07075704849044435 0.002754688980842246
24.933333333333334 -0.11318891367614399 0.0028718372404094167
24.966666666666665 -0.15671467982632378 0.002964331297280104
25.0 -0.18055105145776576 0.002992975978868301
25.033333333333335 -0.18414826580183635 0.0030063949068782347
25.066666666666666 -0.16966277247236863 0.0029659393013745927
25.1 -0.0982624520824797 0.0028674241305490095
25.133333333333333 -0.06796494207462311 0.002767678447692684
25.166666666666668 -0.023729318809273252 0.0026507333635007457
25.2 0.036482750104102006 0.002650092152926324
25.233333333333334 0.08993057325324574 0.002809616867216383
25.266666666666666 0.13308323966773825 0.002890881548304358
25.3 0.17120523939649493 0.003036427845044515
25.333333333333332 0.17743922865717565 0.0030702979018653043
25.366666666666667 0.15962032597197576 0.002984127830464367
25.4 0.1336979911792278 0.0029024834423629353
25.433333333333334 0.0867154059620856 0.0028222452188685215
25.466666666666665 0.032109981879186615 0.00268817357035786
25.5 -0.020363313444638667 0.00264975549469346
25.533333333333335 -0.08662499648853725 0.002775748407179146
25.566666666666666 -0.13556429716254592 0.0028814367354910997
25.6 -0.16459091674999254 0.002968439191879363
25.633333333333333 -0.17946028428957844 0.002994346587186225
25.666666666666668 -0.178005598833662 0.0030007872942791614
25.7 -0.15597998735995794 0.00295820880280806
25.733333333333334 -0.14027013412905906 0.002867671448643583
25.766666666666666 -0.09735356977558274 0.0027810096375539828
25.8 -0.010471013847822633 0.0026188681200034914
25.833333333333332 0.029159345591065436 0.0026337042665970575
25.866666666666667 0.0787925308573851 0.002754225104539501
25.9 0.1206075221672799 0.002877785712452424
25.933333333333334 0.15399622753390077 0.0029747406804457865
25.966666666666665 0.17280973990508558 0.0030521318724858193
26.0 0.18184214682647115 0.003026897699820008
26.033333333333335 0.1464678849851208 0.0029943262487756583
26.066666666666666 0.09349359968585338 0.002822921846622639
26.1 0.03972150861126588 0.0027248709744085997
26.133333333333333 -0.015819787020022184 0.002664195122763821
26.166666666666668 -0.08631364068240273 0.0028058863748334634
26.2 -0.15073716757218295 0.0029688422451208674
26.233333333333334 -0.17375183048687262 0.0029957921832740597
26.266666666666666 -0.18266090552069603 0.003002872436092985
26.3 -0.17653883952143498 0.003020704066087926
26.333333333333332 -0.13669984980875124 0.0029542688692769103
26.366666666666667 -0.0700523834529538 0.00279870926299626
26.4 -0.014763701415791556 0.002666968609050675
26.433333333333334 0.023566706470464684 0.002676262392829306
26.466666666666665 0.05416093998959381 0.0027058866337148213
26.5 0.10572856724723335 0.002825672548354377
26.533333333333335 0.15826032584837899 0.0029258610752423975
26.566666666666666 0.15900934288278043 0.002940465136834547
26.6 0.14700538750014525 0.002905436151096119
26.633333333333333 0.13168621282219906 0.002869973484628058
26.666666666666668 0.09717492174843803 0.0028501797111540467
26.7 0.05826218299396259 0.0027254071432649477
26.733333333333334 0.0021720693699582637 0.0026049443560170215
26.766666666666666 -0.05275106113512249 0.002712318977759594
26.8 -0.10352144467801905 0.0028201620181818043
26.833333333333332 -0.14421302784125897 0.002924489255003465
26.866666666666667 -0.16700910018071846 0.0029529321232022454
26.9 -0.17191467285118697 0.0029788997124414462
26.933333333333334 -0.1587035817978366 0.002959418971973271
26.966666666666665 -0.11641623382972864 0.0028849057502632475
27.0 -0.08110670328823333 0.0027783372979964804
27.033333333333335 -0.04127431657054483 0.0026726915527071488
27.066666666666666 0.02194840615784527 0.002641847275995958
27.1 0.13432344553261555 0.0029482849865095917
27.133333333333333 0.1460166303717296 0.00296119546510068
27.166666666666668 0.1679586941840989 0.003016097848905802
27.2 0.16049737096148498 0.003020207176407913
27.233333333333334 0.15305709703944056 0.002976220412224867
27.266666666666666 0.13018636363948455 0.002895115306609991
27.3 0.09743266210413949 0.002796973364291841
27.333333333333332 0.04784764783171925 0.0026838093048113243
27.366666666666667 -0.004460020890243842 0.002627307981024009
27.4 -0.04589699971891385 0.0027341870307734037
27.433333333333334 -0.10016423830198387 0.002866043284129177
27.466666666666665 -0.14522428920193253 0.002904886644152671
27.5 -0.16557378321671262 0.00295701980172422
27.533333333333335 -0.16687363199443161 0.002965393243742065
27.566666666666666 -0.14792774534966296 0.0029720479671868916
27.6 -0.11418620660638756 0.002877101024644557
27.633333333333333 -0.04234798605217354 0.0027505335028765315
27.666666666666668 -0.01028564498228217 0.002605169575844682
27.7 0.039945215261503256 0.002686621211194118
27.733333333333334 0.07979287464224251 0.002759044621295212
27.766666666666666 0.11607845008253198 0.002878954293541791
27.8 0.16123826377655778 0.0030048206500306873
27.833333333333332 0.16649919634602947 0.0029998710078536217
27.866666666666667 0.16014894112144712 0.0030897509691591996
27.9 0.12559582986438222 0.00290204177599912
27.933333333333334 0.09309123792473285 0.002801732928391726
27.966666666666665 0.04185250978127842 0.0026963528651474666
28.0 0.042286443306879785 0.0027678960825367194
28.033333333333335 -0.05124022899781397 0.0027364263878781048
28.066666666666666 -0.11011325077277216 0.0028708075658168686
28.1 -0.05799860303771587 0.00285117725729285
28.133333333333333 -0.1295993269716741 0.002921937964841248
28.166666666666668 -0.1555149910013934 0.0029410097237390076
28.2 -0.13623202464467402 0.002891766572965332
28.233333333333334 -0.10802076404471524 0.0028519112065239355
28.266666666666666 -0.052877152406261056 0.002732534971684901
28.3 -0.006713163086674666 0.0026062194920453965
28.333333333333332 0.04588181055841141 0.002704498028547421
28.366666666666667 0.08165308742436295 0.0027954276698976266
28.4 0.11422309643296416 0.002870064982705839
28.433333333333334 0.1388919141777117 0.0028951514832240566
28.466666666666665 0.143850841855704 0.0029216613112895418
28.5 0.1455657861872456 0.002943031018493525
28.533333333333335 0.12278001853446725 0.0029555316895523015
28.566666666666666 0.07979716629757971 0.002830962580997881
28.6 0.02049358797152322 0.0027118334756962396
28.633333333333333 -0.02771477500792901 0.002669119561986028
28.666666666666668 -0.07647422725257905 0.0027542235587684344
28.7 -0.1098944977896899 0.0028404298348050916
28.733333333333334 -0.14251572293989836 0.0029194523457068133
28.766666666666666 -0.162140641539741 0.0029637624273445573
28.8 -0.15397064970629584 0.002936110600086833
28.833333333333332 -0.14052415752600986 0.002895869683624902
28.866666666666667 -0.0878859279646811 0.002822898679973651
28.9 -0.04330225806170119 0.0026914247979461098
28.933333333333334 -0.0028696120596799677 0.002568402003401559
28.966666666666665 0.029155259048906104 0.002638850262124702
29.0 0.0850302517681663 0.0028030507245528358
29.033333333333335 0.11064301531310236 0.0028748559773165427
29.066666666666666 0.12273101608992656 0.002851871005897011
29.1 0.1365238975969512 0.002922390601383107
29.133333333333333 0.12462601552585514 0.0029106821245027392
29.166666666666668 0.08994786784395385 0.0028061265932438767
29.2 0.05461793401561132 0.0027255090410348015
29.233333333333334 0.040647506262175954 0.0027450096836050264
29.266666666666666 -0.029189073882781892 0.0027769654730670015
29.3 -0.08979015550592258 0.0029160211888324267
29.333333333333332 -0.12243068688847963 0.002944356521755148
29.366666666666667 -0.10660280695145832 0.003014068433013245
29.4 -0.1370122933968223 0.003007166666216532
29.433333333333334 -0.13264505772636745 0.0029382374975639447
29.466666666666665 -0.11449885257763835 0.002855699597950914
29.5 -0.07928327319490482 0.002751220740376231
29.533333333333335 -0.04136917370002404 0.002670188647728021
29.566666666666666 0.0033596837963469025 0.002588512706036448
29.6 0.054227059044347964 0.0027164101106616004
29.633333333333333 0.09020227258545259 0.0027884823174754575
29.666666666666668 0.11065448336196049 0.002822053356347165
29.7 0.12944037348285012 0.0028823219136609457
29.733333333333334 0.14536807795845855 0.002935832855527898
29.766666666666666 0.1316285534854965 0.002907728456032266
29.8 0.09402231206960536 0.0028272144632590923
29.833333333333332 0.03678632555100099 0.002677872385864963
29.866666666666667 0.0008469354353186334 0.0026742491016636463
29.9 -0.04662274511692221 0.002792482794235114
29.933333333333334 -0.08067981715789803 0.002821141731697424
29.966666666666665 -0.11300774199736079 0.0028999310856354377
30.0 -0.1401557315029975 0.0028891060833040327
30.033333333333335 -0.14057423695273483 0.002922192247373945
30.066666666666666 -0.12234331244645075 0.002876892100208639
30.1 -0.07429672003077098 0.002822745962239262
30.133333333333333 -0.07014068236219008 0.0027470632116880916
30.166666666666668 -0.0216188219635664 0.002640093840765627
30.2 0.019422955537120024 0.0026363806518438573
30.233333333333334 0.05900093297690768 0.002743856149363018
30.266666666666666 0.0965845016326991 0.002818515454045767
30.3 0.1152106117850997 0.002869831318996971
30.333333333333332 0.12832435394089595 0.0028743800118029017
30.366666666666667 0.11775313788999768 0.0028526386430752088
30.4 0.11674260553803786 0.002855614234434131
30.433333333333334 0.08457310645638438 0.002789400005246259
30.466666666666665 0.028126966772727684 0.0026437275015619363
30.5 -0.0016895024480231232 0.0026147049900991366
30.533333333333335 -0.05212135330387532 0.00274925790887217
30.566666666666666 -0.09833235552100052 0.0027891827640594558
30.6 -0.12333868042683988 0.0028408198137682417
30.633333333333333 -0.1174382683769063 0.002872894876550791
30.666666666666668 -0.09972866369672594 0.0028656661431348263
30.7 -0.10236998096964163 0.0028293408829042216
30.733333333333334 -0.09723327840502748 0.0027882880981232455
30.766666666666666 -0.022714921215661786 0.002685481272441455
30.8 0.03130712663221607 0.0027473356923234035
30.833333333333332 0.03274131869042868 0.0026994397686572816
30.866666666666667 0.06784856264654454 0.0027571972051598365
30.9 0.09030261898392901 0.002811554480555506
30.933333333333334 0.12476600708331505 0.0029099611985795443
30.966666666666665 0.11174226967432832 0.0028361431514321717
31.0 0.12398161181044315 0.0028833637745473706
31.033333333333335 0.10782535399210537 0.0028324962326961994
31.066666666666666 0.07551793144005667 0.0027543488003170663
31.1 0.01913380496719942 0.002605273077161095
31.133333333333333 -0.026765799081222733 0.002689216659757649
31.166666666666668 -0.07012442867676688 0.0027687484027207887
31.2 -0.09858709623552746 0.0028212957164624186
31.233333333333334 -0.12248180838430242 0.0028606271350425927
31.266666666666666 -0.13627249597280397 0.002866132598619009
31.3 -0.11554343845167828 0.002866062834371269
31.333333333333332 -0.06462719609200354 0.002800336457322694
31.366666666666667 -0.059816563432905055 0.002757166425778397
31.4 -0.0425251949342037 0.002712755418508468
31.433333333333334 -0.003145686901795926 0.0026568596432575793
31.466666666666665 0.034388074765114206 0.0027263167637589375
31.5 0.06749417244089392 0.0027574652449945253
31.533333333333335 0.1085713921049934 0.002850702401301433
31.566666666666666 0.1174120012053998 0.00283786110629497
31.6 0.11280823030015368 0.002828946668656157
31.633333333333333 0.09467839972592497 0.002801310655831099
31.666666666666668 0.07909520459902093 0.0027663597641402887
31.7 0.053112835001737815 0.002744457536274135
31.733333333333334 0.014613702042860976 0.002628044556445856
31.766666666666666 -0.021789644989574114 0.0026495174885799583
31.8 -0.06449191977223526 0.002732405169784638
31.833333333333332 -0.09113096973602539 0.0028123853399900645
31.866666666666667 -0.10551438911476438 0.0028570746637520544
31.9 -0.12600366725738327 0.002885290100717197
31.933333333333334 -0.11855278179524792 0.0028502463444212978
31.966666666666665 -0.10055927111162496 0.002813004512602718
32.0 -0.07135673453362097 0.002752344061120446
32.03333333333333 -0.02226372745072443 0.002659134166644886
32.06666666666667 0.025509267234779708 0.002657444710987309
32.1 0.057922604215855024 0.002736045389234054
32.13333333333333 0.08284404315201667 0.0027999990011757653
32.166666666666664 0.10137058056227406 0.0028452642008711115
32.2 0.1064640973139725 0.0028636256248820435
32.233333333333334 0.13138043924236517 0.0029455985730967027
32.266666666666666 0.10654931654285521 0.002901378160414539
32.3 0.08813727126255187 0.0028794895592989117
32.333333333333336 0.03271527115086882 0.002672239283398055
32.36666666666667 0.003269324043844926 0.0026109148396716154
32.4 -0.045480414920461 0.0026983367422861587
32.43333333333333 -0.06662599190370569 0.0027676492736223857
32.46666666666667 -0.08644592016679989 0.002798836733415286
32.5 -0.11807096973827096 0.002845278990763478
32.53333333333333 -0.12107962025344808 0.0028701780145766187
32.56666666666667 -0.1084845137777923 0.0028321014585955956
32.6 -0.08756953611200449 0.002814264941141259
32.63333333333333 -0.06068740063646584 0.0027247016968809934
32.666666666666664 -0.027679644729413477 0.0026481083225741685
32.7 0.012093206525856751 0.002631247370320916
32.733333333333334 0.0451851378250723 0.0026937830649721994
32.766666666666666 0.07650571206212879 0.0027967246265780676
32.8 0.09137299087994603 0.0028239068427819147
32.833333333333336 0.09716203393347131 0.0028350812769680767
32.86666666666667 0.09550449403529673 0.0028317641794194937
32.9 0.07579293283341541 0.0027469450666976064
32.93333333333333 0.06257434901482338 0.002741848225052551
32.96666666666667 0.044310360487181615 0.0027631638488573376
33.0 -0.018291576659215932 0.0027142987360989704
33.03333333333333 -0.048035568737865325 0.0027045880130617678
33.06666666666667 -0.042856073411886665 0.0027199186470423173
33.1 -0.08712699989271593 0.0028707754750573883
33.13333333333333 -0.10649405826997035 0.002842001472856487
33.166666666666664 -0.11120599341555903 0.002856683491974543
33.2 -0.09824605698763217 0.0028506696752233496
33.233333333333334 -0.08226795815800159 0.00278599695153213
33.266666666666666 -0.05309247867406187 0.0027105926495423274
33.3 -0.029942346483294986 0.00262772977515369
33.333333333333336 0.014559509189145076 0.0026270107134784525
33.36666666666667 0.04987453298948326 0.002776280752439811
33.4 0.09591158105680064 0.0028528276268378894
33.43333333333333 0.1238118737676532 0.0029190030455250177
33.46666666666667 0.10049025449218993 0.0028631699459514687
33.5 0.11119868901001229 0.0028097287593315257
33.53333333333333 0.07483154752775824 0.00277194183261191
33.56666666666667 0.05184064339480559 0.0027196197750671766
33.6 0.017093095484536382 0.002642702706284944
33.63333333333333 -0.02861583819392655 0.0026502121494286802
33.666666666666664 -0.0562049567141148 0.002715807801314203
33.7 -0.06343740944349177 0.0027364862825448866
33.733333333333334 -0.07711138932183627 0.002811693725995948
33.766666666666666 -0.10023462446934474 0.0028247527433002406
33.8 -0.10945043513927345 0.002825080659915366
33.833333333333336 -0.08993793536839993 0.0028017368825211247
33.86666666666667 -0.06998453128484604 0.0027353666240215596
33.9 -0.037154453336899915 0.002658283517794173
33.93333333333333 0.0014129418126620382 0.0025770811038517746
33.96666666666667 0.03847074338338201 0.0026758305234814567
34.0 0.05690880936737728 0.002753451521233137
34.03333333333333 0.07870730700042737 0.002804177248282247
34.06666666666667 0.08647700349177131 0.002809578351103889
34.1 0.08245303554656583 0.0027881573107055996
34.13333333333333 0.08677612650216013 0.0028134954719951782
34.166666666666664 0.07387517817338977 0.0027504944810797377
34.2 0.028294294789202066 0.0026314259103481855
34.233333333333334 -0.0015854621570164788 0.0025598503101061836
34.266666666666666 -0.034620276102886954 0.002689827481577124
34.3 -0.06433319294939227 0.002758265297971907
34.333333333333336 -0.08755521771512191 0.0027999219284171734
34.36666666666667 -0.09975325728534605 0.002833713160519405
34.4 -0.10443501586641978 0.002854185007270346
34.43333333333333 -0.09690075114448281 0.002845651454647241
34.46666666666667 -0.08125969910484282 0.002834434946092937
34.5 -0.06190908087526271 0.0027901993836831826
34.53333333333333 -0.03236799649567476 0.00271359961978683
34.56666666666667 0.020547747217112278 0.0026609232507747646
34.6 0.032844262614317866 0.002698585936908457
34.63333333333333 0.07188870217051486 0.0027626567594963986
34.666666666666664 0.0873697451863588 0.0028004340681726525
34.7 0.07931622333629137 0.0028027195868226412
34.733333333333334 0.07665410360160163 0.0028016554917825037
34.766666666666666 0.06643497162083832 0.0028006552482155445
34.8 0.06509097080126955 0.0027564241765031805
34.833333333333336 0.031150938665412884 0.0026822891825784047
34.86666666666667 0.008989791822730424 0.002640710667980521
34.9 -0.02559248673814222 0.002693854485992367
34.93333333333333 -0.06414508846153122 0.0027626878494262513
34.96666666666667 -0.06248111890471502 0.0027768811226310045
35.0 -0.09379953939543333 0.002793582028403352
35.03333333333333 -0.0893972960858598 0.0027724579693482743
35.06666666666667 -0.0906515785597718 0.0028146083615208234
35.1 -0.06936055587002585 0.002740418930326338
35.13333333333333 -0.051153114410945506 0.0027088376345522844
35.166666666666664 -0.01848735380923652 0.0026127998758734734
35.2 0.01944364933448457 0.002623737080049853
35.233333333333334 0.04943985393615759 0.0027299125663356807
35.266666666666666 0.06349414381508439 0.0027391719738995846
35.3 0.06817014265963622 0.0027761265508247507
35.333333333333336 0.0694163552064121 0.0027551369571113815
35.36666666666667 0.07051525355904174 0.0027591693276229484
35.4 0.06309027827925112 0.0027376745380111728
35.43333333333333 0.043751302362286505 0.0026938721736719864
35.46666666666667 0.01403676857130852 0.0026215859949121657
35.5 -0.006260651750981383 0.002627517398314222
35.53333333333333 -0.042985210882583676 0.002703408246084088
35.56666666666667 -0.0661752762928388 0.0027406776881047645
35.6 -0.0857927959878236 0.002787317798125563
35.63333333333333 -0.09280884205690058 0.002784323077193923
35.666666666666664 -0.09386781989940901 0.002794603401119658
35.7 -0.08310907430419526 0.0027740252510436714
35.733333333333334 -0.06631057876475485 0.002717011788873805
35.766666666666666 -0.04152379898405367 0.0026996362503121374
35.8 -0.003932580808964704 0.002601474850311573
35.833333333333336 0.02045247314888062 0.0026521098357299502
35.86666666666667 0.035567522588717405 0.0026632553071136156
35.9 0.061360540467205044 0.0027524098373932493
35.93333333333333 0.08595967787135082 0.002842976338604794
35.96666666666667 0.07762606375037512 0.002802164025616366
36.0 0.10019598972954688 0.002863303037951792
36.03333333333333 0.07841519175880134 0.0028106063477371657
36.06666666666667 0.03877636284764067 0.0026849501877490856
36.1 0.0005530050530127591 0.0025657559020101366
36.13333333333333 -0.024547117423375557 0.0026403037177008468
36.166666666666664 -0.05255779076754381 0.002720932794451833
36.2 -0.07155662890831653 0.0027291925745645262
36.233333333333334 -0.08293941409875275 0.002754952839886582
36.266666666666666 -0.08622058205094703 0.002802821526289384
36.3 -0.07902383341065164 0.002802580602745519
36.333333333333336 -0.06662356452463014 0.002791131097750657
36.36666666666667 -0.044158879451460326 0.002743599517402391
36.4 -0.02630553866296414 0.002685405787236122
36.43333333333333 -0.004805859488772617 0.0025897380601009505
36.46666666666667 0.02074873335671714 0.0026767548036011994
36.5 0.03867289732825529 0.0026966217942409054
36.53333333333333 0.059322728604803934 0.002770385040184134
36.56666666666667 0.06538688305440898 0.0027647855600545918
36.6 0.07790171183008236 0.002856926907993801
36.63333333333333 0.08286633425217088 0.002835504711587264
36.666666666666664 0.07798531598293039 0.00292174465734861
36.7 0.047029166944183305 0.0027634480076788592
36.733333333333334 0.019296541258130732 0.002654550488112032
36.766666666666666 -0.023369903514937625 0.002650021747934609
36.8 -0.05225963510724403 0.00272991561162865
36.833333333333336 -0.06527171344645553 0.00273674227182559
36.86666666666667 -0.08193984368474502 0.002754892870631423
36.9 -0.07339668831310316 0.002767961758701365
36.93333333333333 -0.051239523585388906 0.0028032394998673826
36.96666666666667 -0.05715491938387845 0.0027723762673774535
37.0 -0.04258520038672468 0.002660069286998877
37.03333333333333 -0.021417443378542796 0.00261139553884469
37.06666666666667 0.0018722575155901058 0.0025645501694952586
37.1 0.025819540340013596 0.0026124029558048135
37.13333333333333 0.043888670458962636 0.002672452171844801
37.166666666666664 0.052671088083325115 0.0026968696994964445
37.2 0.06535201547401827 0.0027370168512177995
37.233333333333334 0.05607428312592818 0.0027088362751739523
37.266666666666666 0.025234709947455747 0.002631612101850346
37.3 0.019193453280597853 0.002618124746688405
37.333333333333336 0.011080029900437355 0.0026165936709067993
37.36666666666667 0.0010858947281944603 0.0025997817641292944
37.4 -0.016972765101537578 0.002638221421479115
37.43333333333333 -0.025113793501099133 0.0026750831588401823
37.46666666666667 -0.0440417535873463 0.002721752747545478
37.5 -0.05633329169585102 0.0027282827192899387
37.53333333333333 -0.060304180635240505 0.0027402832662418095
37.56666666666667 -0.04989655633758482 0.002750353044334644
37.6 -0.04535240753786414 0.002680389640629728
37.63333333333333 -0.030338370746141905 0.002662875589779467
37.666666666666664 0.0017621106295599561 0.002621063923531209
37.7 0.025553772465010775 0.0026893805854673325
37.733333333333334 0.04412011525213679 0.0027283439003959256
37.766666666666666 0.06074677747877756 0.002755890215396642
37.8 0.043988430208381536 0.002727482205976295
37.833333333333336 0.05219450189794111 0.0027449010739533583
37.86666666666667 0.05500737605879405 0.002737962941475734
37.9 0.04676109012119205 0.0027087186270254235
37.93333333333333 0.03167108944562523 0.0026714254311610286
37.96666666666667 0.010847183202374988 0.002614455442494338
38.0 0.002021119787775446 0.0025844238591742736
38.03333333333333 -0.04173260469909279 0.0026922396689435385
38.06666666666667 -0.046069848496438665 0.0027069731610554135
38.1 -0.04865402737495017 0.0026998534858826903
38.13333333333333 -0.044539439137830296 0.002663420829203657
38.166666666666664 -0.04757993905673634 0.002676262066241622
38.2 -0.03417839599689418 0.0026588342378493224
38.233333333333334 -0.04023416526873849 0.00266515773567403
38.266666666666666 -0.02256775403919096 0.0026652129283908366
38.3 -0.0016867353204762807 0.0025915833345624226
38.333333333333336 0.013531770317496701 0.0026181178872582006
38.36666666666667 0.029664713590725388 0.0026553082168570413
38.4 0.044268468115208286 0.0026832101261075464
38.43333333333333 0.06183543338790755 0.0027834624799240176
38.46666666666667 0.06007234407479206 0.002734609757856818
38.5 0.05694928988588195 0.002736839281803037
38.53333333333333 0.04132639771832108 0.00266707163856348
38.56666666666667 0.01735712579239595 0.0026429115124056053
38.6 -0.0014474255383201972 0.002621583523419918
38.63333333333333 -0.0192858100783485 0.0026267350616355177
38.666666666666664 -0.03799584716442789 0.002681643268146669
38.7 -0.047273621072304046 0.002710222670577217
38.733333333333334 -0.022081769107934298 0.002669771686230251
38.766666666666666 0.0275385980645606 0.0027371234642491714
38.8 0.003045686106776684 0.002633406861497195
38.833333333333336 0.1146418625060275 0.002983109584970972
38.86666666666667 0.04285359957869378 0.0027793636780711825
38.9 0.4181697961302056 0.003711160770735633
38.93333333333333 0.36143526004722165 0.003572596039963516
38.96666666666667 0.19293232373473296 0.003255381938517987
39.0 0.16071224501762427 0.0030633035422189536
39.03333333333333 0.20220996162883326 0.003163501104127192
39.06666666666667 0.5826507767300068 0.0037151505333223867
39.1 0.10399546235614303 0.002927667552653321
39.13333333333333 0.09913690422990548 0.00293018042146094
39.166666666666664 0.04416338907138263 0.002750777774763208
39.2 0.07330667977748512 0.002861527295294028
39.233333333333334 0.09179873743171496 0.002920555523493823
39.266666666666666 0.04304307562676472 0.002771481189530793
39.3 0.006397541437048185 0.00269829695741284
39.333333333333336 -0.016767331955797833 0.002676485029671445
39.36666666666667 -0.06262549564584668 0.002726673193462606
39.4 -0.03520186955720068 0.002746616359008802
39.43333333333333 -0.03952265550981702 0.0027509789245102473
39.46666666666667 -0.030853538529694583 0.002696687481456069
39.5 -0.03162630542901664 0.0027177451359165564
39.53333333333333 0.018715793070215554 0.0026809346768182293
39.56666666666667 0.016900334431127293 0.0026572700890010077
39.6 0.035157779965381955 0.002703098500720355
39.63333333333333 0.05711877732290537 0.0028204693624159505
39.666666666666664 0.03057201978609003 0.002714878894528105
39.7 0.03939472576476659 0.0027052304735636773
39.733333333333334 0.035896835821898336 0.00270158395503986
39.766666666666666 0.02469908485034617 0.002699777298503965
39.8 0.02138945834856292 0.0026387645117566805
39.833333333333336 -0.003457497756586565 0.0026392406955188584
39.86666666666667 -0.013158960224467423 0.00270031908212154
39.9 -0.02752672683119776 0.002678839788841817
39.93333333333333 -0.048656162983943894 0.002695197283702329
39.96666666666667 -0.052544812091058254 0.0027142077482990995
40.0 -0.05812664394537384 0.0027414589714454957
40.03333333333333 -0.05390524202303898 0.0027270135815306226
40.06666666666667 -0.0506507849711702 0.002713350730588586
40.1 -0.037844785297814154 0.0026540545239382846
40.13333333333333 -0.02237954311091944 0.0026026571636104147
40.166666666666664 -0.007516301282912257 0.002589577122291825
40.2 0.008791775231587614 0.002604148105951833
40.233333333333334 0.02210872940507129 0.002620285433756999
40.266666666666666 0.030391391676853164 0.0026486129825819653
40.3 0.03440631115119211 0.0026731765230645563
40.333333333333336 0.037584788609916826 0.0027242617572634867
40.36666666666667 0.03063697622483605 0.002674085290646784
40.4 0.045537363693512065 0.002729086226224829
40.43333333333333 0.03340551836172999 0.002681477635204786
40.46666666666667 0.0006616095074161543 0.002681772472939313
40.5 -0.012998992241155029 0.002741002551875772
40.53333333333333 -0.034269509084790664 0.0027846313400887723
40.56666666666667 -0.03966448412312592 0.002700593784636496
40.6 -0.055392045822357225 0.002743384743817044
40.63333333333333 -0.04930232498859928 0.0027072561511969975
40.666666666666664 -0.045122691536022295 0.002720624960751379
40.7 -0.041911415618489864 0.0027482365797853667
40.733333333333334 -0.027822970075539147 0.0026506744968687324
40.766666666666666 -0.0038817474236923486 0.0026568221735466277
40.8 0.016387089855366396 0.0026156943317646696
40.833333333333336 0.03209752959928673 0.0026731733353740975
40.86666666666667 0.04381986416776477 0.0026975916939876304
40.9 0.05090868102718512 0.0027279281223908797
40.93333333333333 0.045593099175048175 0.0027119068661200854
40.96666666666667 0.04001485603189001 0.00268847540535376
41.0 0.029797867671480373 0.0026573275680579246
41.03333333333333 0.007583310226221608 0.002590249432473016
41.06666666666667 0.0016784934161339826 0.002586735102118821
41.1 -0.009710124763153855 0.0025969422312869268
41.13333333333333 -0.02236372158175568 0.002627344461099926
41.166666666666664 -0.03380894307548554 0.002666329031329559
41.2 -0.05025909691344566 0.002696695765358685
41.233333333333334 -0.05321103167962631 0.0026890245763613665
41.266666666666666 -0.03759024629158192 0.0026709551057248412
41.3 -0.03643973008387338 0.002678735257315011
41.333333333333336 -0.021090734292584498 0.002651103341027569
41.36666666666667 -0.015431647356956712 0.002629134663497507
41.4 -0.008235315280998703 0.002605545036556786
41.43333333333333 0.004970204617077409 0.002622996174195825
41.46666666666667 0.019875589988199972 0.002625556671156659
41.5 0.024701484591228205 0.0026394274331018597
41.53333333333333 0.027203471046337146 0.0026444691095235326
41.56666666666667 0.03751605623140044 0.0026908157619536174
41.6 0.05276944480736012 0.0027598462782947794
41.63333333333333 0.022895474190136985 0.0026958743251894422
41.666666666666664 -0.00011408243509983597 0.002565246233567668
41.7 -0.012712632970625684 0.0025989012817686976
41.733333333333334 -0.026241173269800105 0.002708347458258698
41.766666666666666 -0.023996639543797816 0.002655611833076072
41.8 -0.03630492711115874 0.0026744916209259714
41.833333333333336 -0.04448684537082857 0.0027011110604198696
41.86666666666667 -0.037649720671084706 0.0026400759777765043
41.9 -0.04410027371004635 0.0026796875975774598
41.93333333333333 -0.03578262406545291 0.0026517043029360907
41.96666666666667 -0.02003786511984827 0.002636463842485514
42.0 -0.00764755460283382 0.0025804789140213853
