0.0 0.3504494903934626 0.003275338401477368
0.03333333333333333 0.2250468879845867 0.003118687215626692
0.06666666666666667 0.07172722551902921 0.002793709259547611
0.1 -0.09248889015942105 0.002816680326090476
0.13333333333333333 -0.2469349017338796 0.0031014310340338747
0.16666666666666666 -0.3810189538749637 0.0033422057372621827
0.2 -0.46955975105530445 0.0034391045551648847
0.23333333333333334 -0.506079628802594 0.0034776185255858127
0.26666666666666666 -0.4909555279095556 0.0034957155850099397
0.3 -0.42641341405177474 0.0034073864258386544
0.3333333333333333 -0.31034900137443544 0.0032608527606901583
0.36666666666666664 -0.15210626145688474 0.002955891775174996
0.4 -0.0024721538468243276 0.0026316912167033695
0.43333333333333335 0.16628053881234492 0.003005287519522254
0.4666666666666667 0.30719657401345496 0.00322504748703778
0.5 0.4162633416727608 0.0033981393066403465
0.5333333333333333 0.47070224133546684 0.0035789056150626886
0.5666666666666667 0.4771090973801704 0.003509910418274975
0.6 0.4386376179602697 0.003394674284171173
0.6333333333333333 0.36464186857595293 0.003309842519680084
0.6666666666666666 0.2284668604035654 0.003080829402598323
0.7 0.08583724047594603 0.002861699748573615
0.7333333333333333 -0.07431041248797461 0.002836673922207586
0.7666666666666667 -0.23518289340826362 0.0031273256283122497
0.8 -0.3629245063631264 0.003397136028418346
0.8333333333333334 -0.4567878379638269 0.0034526579919192946
0.8666666666666667 -0.4775706735008195 0.003585601518785675
0.9 -0.4615303629782502 0.0035896644918194665
0.9333333333333333 -0.3549753917369576 0.003490724261281053
0.9666666666666667 -0.2978958636233723 0.003227767541627957
1.0 -0.14401229939151033 0.0029572767437452407
1.0333333333333334 0.026854056438461723 0.0026607155789260713
1.0666666666666667 0.16991160797465787 0.002995897601340558
1.1 0.31588691791577844 0.003249179181745776
1.1333333333333333 0.4194901903382602 0.003391005300453942
1.1666666666666667 0.47714568297951526 0.003525994125556209
1.2 0.44948110675590813 0.003408284826488417
1.2333333333333334 0.44679088963068675 0.0034497109246267588
1.2666666666666666 0.354729512083422 0.0033334400987389823
1.3 0.2230260478766212 0.0030936619062385817
1.3333333333333333 0.08726253559645218 0.0028193413772486797
1.3666666666666667 -0.062059115609439136 0.0027737933500669443
1.4 -0.22370168781970504 0.0031273275344153584
1.4333333333333333 -0.36425139969624887 0.0033713429390022642
1.4666666666666666 -0.45128035760194507 0.0035711834945618137
1.5 -0.45295141551073725 0.0036233892160287273
1.5333333333333334 -0.43671732541915403 0.0035732858964943603
1.5666666666666667 -0.3946168434823816 0.003414914279060266
1.6 -0.2912604604218605 0.00320298099169819
1.6333333333333333 -0.14592773678943402 0.0029680891532913867
1.6666666666666667 0.01177551774614098 0.002629177581720118
1.7 0.15984880305825927 0.002991123746805352
1.7333333333333334 0.2971734416026812 0.0032671844636850134
1.7666666666666666 0.41238049030711255 0.00345235699728752
1.8 0.46182373971739793 0.0035580487435756813
1.8333333333333333 0.45869388722930554 0.0035362930119313685
1.8666666666666667 0.4139387136726028 0.0033945529005899866
1.9 0.3313915608965303 0.003271146538706693
1.9333333333333333 0.20018969802975947 0.0030596536794352536
1.9666666666666666 0.06137708163680553 0.002804442314185522
2.0 -0.10338289416297018 0.002856410156436409
2.033333333333333 -0.2532118953894795 0.0031358694560768563
2.066666666666667 -0.3674194073762094 0.00335306666364954
2.1 -0.4444749704701325 0.0035061348214170396
2.1333333333333333 -0.4829761678210696 0.003494448452882548
2.1666666666666665 -0.46033555335641696 0.0034383573385596833
2.2 -0.38500163170042967 0.003369999514214961
2.2333333333333334 -0.2770092032821011 0.003194598121872505
2.2666666666666666 -0.1327633513764959 0.0029021334757632633
2.3 0.0566060094545111 0.0027822393199556927
2.3333333333333335 0.18966243037384936 0.0031117689799935178
2.3666666666666667 0.2988466503979691 0.003287039457840202
2.4 0.4071546697900809 0.0034293880543131428
2.433333333333333 0.4491207416393549 0.003464879390174369
2.466666666666667 0.44928176220720745 0.0034884107577941026
2.5 0.4092832142995844 0.0034292495164084946
2.533333333333333 0.31507151134810446 0.0033048097514214447
2.566666666666667 0.1900384486441681 0.003015866303617859
2.6 0.04480681950308447 0.002701104666700066
2.6333333333333333 -0.08812887787113374 0.0028451164356712577
2.6666666666666665 -0.23846826471001423 0.0031273306703262227
2.7 -0.36650863975442166 0.003327577578244867
2.7333333333333334 -0.4457672341589766 0.0034450294504584367
2.7666666666666666 -0.4733880800421086 0.003482924897526052
2.8 -0.4460104999392437 0.0034738918548148368
2.8333333333333335 -0.3644058362306758 0.0034152844912601066
2.8666666666666667 -0.2498382855977409 0.003219365580646394
2.9 -0.12219634704706957 0.0029195740122115593
2.933333333333333 0.030795361146360188 0.0026719025152112524
2.966666666666667 0.1756882661615941 0.002979305285965045
3.0 0.3374670472290246 0.003287024899471247
3.033333333333333 0.4282788046029134 0.003403305659852529
3.066666666666667 0.4698389534894421 0.003434826413621972
3.1 0.45855404300773334 0.0034244945535024662
3.1333333333333333 0.40178436128687406 0.0033726472917054995
3.1666666666666665 0.3043195165128896 0.003215257941572014
3.2 0.1778326576301537 0.002971427376587815
3.2333333333333334 0.030783671109197448 0.0026439131738070984
3.2666666666666666 -0.11732490499343291 0.0028458543415206955
3.3 -0.2556749547561635 0.0031377031748996975
3.3333333333333335 -0.36876358241656787 0.003326514144190551
3.3666666666666667 -0.44183788054781264 0.003429061137172007
3.4 -0.45652144718857846 0.003528620651429226
3.433333333333333 -0.4338227705750978 0.0034770712961480488
3.466666666666667 -0.3566322803929691 0.003388244869434731
3.5 -0.2474431236866854 0.0031427551550443356
3.533333333333333 -0.11002985218969008 0.0028531248553687882
3.566666666666667 0.031627874998935025 0.0026585195699189157
3.6 0.1819379532319233 0.003003258114550461
3.6333333333333333 0.28402298024986355 0.0032012228002945564
3.6666666666666665 0.3945083271936799 0.0033987523292782207
3.7 0.4371825752250605 0.0034331012504733027
3.7333333333333334 0.4476965411974992 0.0034580311626937754
3.7666666666666666 0.4066368222281499 0.0033672768805681486
3.8 0.32282040026688097 0.0032744069272638843
3.8333333333333335 0.26006403485411106 0.0032200078627286355
3.8666666666666667 0.10991524818379649 0.002963383682486484
3.9 -0.033317158511697906 0.0028144128803402127
3.933333333333333 -0.2625833031316292 0.0032489680990120395
3.966666666666667 -0.2949836674927938 0.0035172423305639966
4.0 -0.37924847000398926 0.0035885491940885195
4.033333333333333 -0.4528562513903904 0.003525030763738113
4.066666666666666 -0.40689900897702264 0.003513750198769705
4.1 -0.3049924980909815 0.0033880234739332993
4.133333333333334 -0.22802066185974434 0.0031797940578504047
4.166666666666667 -0.06877099300601026 0.0028255471587482206
4.2 0.08358888072996444 0.00283600256131486
4.233333333333333 0.2775094035154267 0.0032892188906306075
4.266666666666667 0.3703344396232072 0.003369369549302337
4.3 0.40915356470336184 0.0034098403362469165
4.333333333333333 0.4402681554185747 0.003435410019331009
4.366666666666666 0.44552212538138536 0.0034236612826966106
4.4 0.39757975245023974 0.0033395987373406877
4.433333333333334 0.27883337426099486 0.003167405309391802
4.466666666666667 0.1529160106885917 0.002932281392161812
4.5 0.009150407192340447 0.0025945110315908036
4.533333333333333 -0.12351603577509966 0.0028754420529127495
4.566666666666666 -0.2606398624063981 0.003142906184256611
4.6 -0.3637947873873563 0.003333511782749099
4.633333333333334 -0.4330643326205766 0.0034553236948337562
4.666666666666667 -0.4437757610086479 0.0034854069638671215
4.7 -0.4056228645413284 0.0034195425876484276
4.733333333333333 -0.327766730443588 0.0033462743990056443
4.766666666666667 -0.2151261683891548 0.0031047007019649464
4.8 -0.08207944408201961 0.0028137864149605923
4.833333333333333 0.035070063350477985 0.0026715469984698037
4.866666666666666 0.1700677803800701 0.002974212295850681
4.9 0.284890628653305 0.0032160173052065977
4.933333333333334 0.38867859790096343 0.003394126310752865
4.966666666666667 0.4277265187142064 0.0034438735959123057
5.0 0.4128392015994883 0.0033936224670183535
5.033333333333333 0.36768053201887274 0.0033360114811373243
5.066666666666666 0.2814654322172541 0.0032405361872215876
5.1 0.16806926273696274 0.0029659527477091385
5.133333333333334 0.020813424833622987 0.002649738017036496
5.166666666666667 -0.12305034544988616 0.0028576772617856516
5.2 -0.2533232423275508 0.003117125614556182
5.233333333333333 -0.33987791847975424 0.0033108082124768123
5.266666666666667 -0.4215072229462203 0.0033985347679719724
5.3 -0.43681564693195657 0.0034361165646902836
5.333333333333333 -0.41503994134529315 0.003370955819075594
5.366666666666666 -0.3388137656197101 0.0032506076960792107
5.4 -0.22853638159841927 0.003100488976358534
5.433333333333334 -0.09097401019244783 0.0027978246131575985
5.466666666666667 0.058552678617309055 0.0027391757640632397
5.5 0.2152308272436895 0.003086692656876444
5.533333333333333 0.30603637509079784 0.0032755553185138675
5.566666666666666 0.37682280166273874 0.0033720332332911607
5.6 0.4185621405982493 0.0033980359222938183
5.633333333333334 0.4105727669831041 0.0033984243770032174
5.666666666666667 0.37705974997961483 0.0033801968630272627
5.7 0.27250558912436124 0.0031924465813126246
5.733333333333333 0.15985458838083638 0.0030142335403266496
5.766666666666667 0.026009293176573297 0.002667172055880209
5.8 -0.11522928058717014 0.0029188472368611024
5.833333333333333 -0.25431622874512655 0.003151881550768565
5.866666666666666 -0.3511851019743578 0.0032998848774316025
5.9 -0.39028673388161716 0.00343916491217211
5.933333333333334 -0.4219195839434022 0.003434588921897741
5.966666666666667 -0.3968213466098215 0.0033852613300485723
6.0 -0.298963731844911 0.0033252156234923613
6.033333333333333 -0.19251123695604766 0.00311281786115708
6.066666666666666 -0.061299488714881174 0.0027877766180950322
6.1 0.07891214941510817 0.002862965428389652
6.133333333333334 0.2196699105959075 0.0031652828169640435
6.166666666666667 0.31168355359741745 0.003291473884188656
6.2 0.39403292535860335 0.0034230727513135384
6.233333333333333 0.43333887120201403 0.003463575850034817
6.266666666666667 0.4078875555943497 0.0033997751499365014
6.3 0.3540311776430027 0.003373740667825975
6.333333333333333 0.26877616729951415 0.003233517695241328
6.366666666666666 0.14310483970802304 0.0029825947896607863
6.4 0.013025785910406776 0.002648077404252984
6.433333333333334 -0.11755965439199267 0.00290215493191201
6.466666666666667 -0.24499073678435107 0.00315354137238677
6.5 -0.34269020968912467 0.003323589138746863
6.533333333333333 -0.3961373630506683 0.00340345408260867
6.566666666666666 -0.40902188149568364 0.0034955369466839747
6.6 -0.37578603154444046 0.0034393082630061467
6.633333333333334 -0.30945856185441006 0.0032854843558496882
6.666666666666667 -0.20273292239834115 0.003043423482951002
6.7 -0.06789569244084895 0.0027565996040576773
6.733333333333333 0.07417733610251612 0.0028045599914830327
6.766666666666667 0.2029705378538852 0.0030646760188154654
6.8 0.31576195633164794 0.003309575561025846
6.833333333333333 0.39273545392496634 0.0034199178424622056
6.866666666666666 0.4108217701871615 0.003474657127182257
6.9 0.4709890200272213 0.0035396461344255337
6.933333333333334 0.35750398222050545 0.0034309927088973513
6.966666666666667 0.25379137522673834 0.003218345793621291
7.0 0.10087860352812332 0.00280699261427296
7.033333333333333 -0.03219898495077127 0.0026808329341208026
7.066666666666666 -0.16111602252250137 0.002981801147869334
7.1 -0.2812153174769429 0.0032288172713366703
7.133333333333334 -0.3681249505253819 0.0033886451966426145
7.166666666666667 -0.41411848278871083 0.003424535216087654
7.2 -0.4111673595287895 0.003464003940076177
7.233333333333333 -0.36414385248069997 0.0034114653492748337
7.266666666666667 -0.28517862307122294 0.003240889262590474
7.3 -0.16035746028074516 0.0029686131542184246
7.333333333333333 -0.028868289050302334 0.0026627138536845056
7.366666666666666 0.12511938733688197 0.0029200607375031162
7.4 0.2532430067744211 0.003166035113756127
7.433333333333334 0.336752300734612 0.0033033604336532574
7.466666666666667 0.41325618100133843 0.003463702574629912
7.5 0.38791883614147643 0.0033570558615566015
7.533333333333333 0.36605099012943554 0.0033708682281284874
7.566666666666666 0.30957428978779633 0.003341167134651435
7.6 0.21304528707003786 0.0031467144295042604
7.633333333333334 0.08655198283571364 0.0028097210143366302
7.666666666666667 -0.04973066152087607 0.0027066231239530336
7.7 -0.17156408650666535 0.0029827071942415406
7.733333333333333 -0.28279430591418897 0.003227372981084997
7.766666666666667 -0.3572781074415114 0.0033277768878670066
7.8 -0.3984780541180147 0.00339576282140136
7.833333333333333 -0.40255048827240186 0.0033686317386363296
7.866666666666666 -0.356335933772585 0.0032927540680559586
7.9 -0.2648106239405788 0.0031917925850915574
7.933333333333334 -0.1442322305968452 0.002946256550890314
7.966666666666667 -0.022101997028855073 0.002638584416116741
8.0 0.0958152194952457 0.0027955258083634665
8.033333333333333 0.21960305464600838 0.0030559891111546222
8.066666666666666 0.3101308221826849 0.0032106848588522308
8.1 0.3649837727820518 0.003310843380967543
8.133333333333333 0.3837353434874899 0.0033467305110765344
8.166666666666666 0.3756538443601808 0.0033294468140458444
8.2 0.29442554238967944 0.00318861407569504
8.233333333333333 0.20106683771567296 0.0030674983123850363
8.266666666666667 0.09617991595576512 0.002860467047633819
8.3 -0.03786451325384693 0.0027159692159871296
8.333333333333334 -0.1710323551372041 0.0030506498387190273
8.366666666666667 -0.2793263099426057 0.003250566531694421
8.4 -0.36189118682053273 0.00333335524631706
8.433333333333334 -0.39353847634947914 0.003382477019459762
8.466666666666667 -0.39580468938245056 0.0033430364581734096
8.5 -0.34001445421304155 0.003287835545893014
8.533333333333333 -0.25579640922985847 0.0031541530594553224
8.566666666666666 -0.14578011056417647 0.002951934833502895
8.6 -0.016608368285653614 0.0026143934569484023
8.633333333333333 0.11760593751613109 0.002887837389569936
8.666666666666666 0.22142177646341588 0.003104373135280142
8.7 0.3120417886098662 0.0032695856118161726
8.733333333333333 0.37586510541159546 0.0034031382621968476
8.766666666666667 0.38204047642533134 0.0034467445099042315
8.8 0.3505899065780846 0.0033392366449836453
8.833333333333334 0.28200883178553215 0.0032021691052937507
8.866666666666667 0.18734164750138313 0.003025999335427826
8.9 0.07448419884442588 0.0027756999940592303
8.933333333333334 -0.04403652286621425 0.0027076574236017184
8.966666666666667 -0.18018511058855205 0.003015358462007206
9.0 -0.2924779627070455 0.0032212691496845136
9.033333333333333 -0.3645512393617849 0.003298969356937187
9.066666666666666 -0.3951785170873209 0.003394748675560111
9.1 -0.3881119802160888 0.0034247951525256393
9.133333333333333 -0.32977784319409076 0.003277686529431112
9.166666666666666 -0.2396867836670363 0.0030867497416344203
9.2 -0.12582285208058916 0.0028627436846706544
9.233333333333333 -0.0016563066362227802 0.0025752175918328296
9.266666666666667 0.1201362029593122 0.002852377740246867
9.3 0.2309011809972129 0.0030859649749907514
9.333333333333334 0.3278699028367049 0.0032469427167746145
9.366666666666667 0.3667568194678248 0.003318081899160441
9.4 0.37121687193950975 0.0033340599665344084
9.433333333333334 0.3342833333449149 0.003260983290664432
9.466666666666667 0.25985124582513713 0.0031413205935290622
9.5 0.16297343075410836 0.002968933957913228
9.533333333333333 0.04552113377655821 0.0026951778797709575
9.566666666666666 -0.07704108685770938 0.0027694250194974096
9.6 -0.19087879122319248 0.003034777666982569
9.633333333333333 -0.2895252756438298 0.003198732343589694
9.666666666666666 -0.34724646080773086 0.00333205612440457
9.7 -0.3784482559689816 0.0033558080990656047
9.733333333333333 -0.3641448554613628 0.0033354441849514083
9.766666666666667 -0.3049280245592295 0.00324781034041971
9.8 -0.21594501413141917 0.003077334412431243
9.833333333333334 -0.10134261924627348 0.0028107437685811476
9.866666666666667 0.005916260159704024 0.0025906089682959117
9.9 0.12800299867236103 0.002862511646432947
9.933333333333334 0.24325824962470907 0.0031311059659070994
9.966666666666667 0.3189693877803044 0.003250137348977722
10.0 0.34969301624220195 0.0032763377610610656
10.033333333333333 0.3523410078071657 0.003303888402288957
10.066666666666666 0.3153079811631734 0.0032533620753742443
10.1 0.25504723638524385 0.0031437561872257325
10.133333333333333 0.1582065714222752 0.0029846943227156697
10.166666666666666 0.02638932817499474 0.0026626889387876725
10.2 -0.09111213922421782 0.0028093547249788547
10.233333333333333 -0.21076714671497185 0.00304771995023731
10.266666666666667 -0.30455455510303703 0.0032259687667243186
10.3 -0.36371876008714776 0.0032858737251473813
10.333333333333334 -0.3818089831752034 0.003343074633857912
10.366666666666667 -0.3487300185323769 0.003315671260443298
10.4 -0.29287456486935115 0.00326606637049931
10.433333333333334 -0.20098988740298662 0.0030611872076828917
10.466666666666667 -0.08606981728831478 0.002792391270759337
10.5 0.0400241567369765 0.0026944400009521266
10.533333333333333 0.14567977783791305 0.002943035548503392
10.566666666666666 0.23734988611346725 0.0031152599863198127
10.6 0.3126603397305932 0.003240973424893878
10.633333333333333 0.3454711312645015 0.00330747189351438
10.666666666666666 0.3446898049521044 0.0033001161296348225
10.7 0.30111356201972705 0.003200527328840852
10.733333333333333 0.22914112527260666 0.0030684494881461077
10.766666666666667 0.12544886083149198 0.0028639301959156316
10.8 0.009196553045515763 0.002595511074515961
10.833333333333334 -0.08764006296347453 0.002820729479707379
10.866666666666667 -0.21801419876061764 0.0031402153081666884
10.9 -0.3016519796642336 0.003310375372799379
10.933333333333334 -0.354676568258278 0.00334789509839839
10.966666666666667 -0.33940926209066313 0.003384689966750676
11.0 -0.3371452455553904 0.0033096896127540743
11.033333333333333 -0.2798612323326457 0.003223335498421631
11.066666666666666 -0.17273248691403825 0.0030592671048934317
11.1 -0.07171733052432569 0.0028107305336319277
11.133333333333333 0.05596659129930647 0.002742993250906829
11.166666666666666 0.1771661097755397 0.002990766051466809
11.2 0.270898955052962 0.00317143939328951
11.233333333333333 0.3160176668711566 0.003251764351377695
11.266666666666667 0.34300787865158366 0.0032898235716389834
11.3 0.3408730807480594 0.0032811418769514433
11.333333333333334 0.30242592789302997 0.0032505143775068412
11.366666666666667 0.2400122573176125 0.0031793863975621006
11.4 0.11586112678047276 0.002879743131159615
11.433333333333334 0.009013076913544598 0.0026196610235303154
11.466666666666667 -0.1070942828426492 0.0028604307051946637
11.5 -0.20720841723471775 0.0030932303618318724
11.533333333333333 -0.282054457690057 0.0032535551467632318
11.566666666666666 -0.34004321138753074 0.00330621821946242
11.6 -0.32778662620552296 0.003342173072600929
11.633333333333333 -0.3156373626958812 0.003282864594326751
11.666666666666666 -0.26385868371461113 0.0032034221611995095
11.7 -0.17291595010404862 0.0030344254789298475
11.733333333333333 -0.06467965250206191 0.0027507124741982386
11.766666666666667 0.05940075591611151 0.002778775235228792
11.8 0.16747469336066703 0.0029928700629860416
11.833333333333334 0.2638665834735698 0.0031440552184787696
11.866666666666667 0.33588540464309297 0.003302457232351508
11.9 0.3392799621949921 0.0032753677256370795
11.933333333333334 0.32461714711923023 0.003265671775178003
11.966666666666667 0.2919881370687338 0.003216268972999814
12.0 0.19322667779110464 0.0030225133684908256
12.033333333333333 0.09576327216274368 0.002802891791714446
12.066666666666666 -0.015379921667008158 0.0026251336012532087
12.1 -0.1279337977216576 0.0028714811836419163
12.133333333333333 -0.2131678850187527 0.0030779276472019668
12.166666666666666 -0.2885827259587443 0.003257185247096561
12.2 -0.31494307332026733 0.0033391916238548203
12.233333333333333 -0.33505574612767275 0.00335773875184181
12.266666666666667 -0.30876260274713224 0.003307248003939278
12.3 -0.2542703626818536 0.003188248023149043
12.333333333333334 -0.15597863198003598 0.0030181913917779746
12.366666666666667 -0.04410636878089828 0.0027409690460733563
12.4 0.06701323291403173 0.0028098006603650277
12.433333333333334 0.17215478170144485 0.0029987984811006285
12.466666666666667 0.2549303653849774 0.0031858166674537114
12.5 0.3165401363157976 0.003269532906826189
12.533333333333333 0.3503849958438681 0.003328495688691202
12.566666666666666 0.3172439811988995 0.003266260624630035
12.6 0.26645340796336464 0.0031823982803328987
12.633333333333333 0.19148231802704377 0.003070262562023751
12.666666666666666 0.08975472754628934 0.0028633552740474216
12.7 -0.022134383686140697 0.0027710154090300546
12.733333333333333 -0.13887006943035463 0.0029481584611950606
12.766666666666667 -0.23684022721611092 0.003132615134277983
12.8 -0.30016154863126887 0.0032834481263759874
12.833333333333334 -0.32706411826769793 0.0032881139223641664
12.866666666666667 -0.3301264398242723 0.0032669742689887538
12.9 -0.3053921088682929 0.0032248189179034936
12.933333333333334 -0.2191509668062658 0.003106651045798131
12.966666666666667 -0.1325567146230307 0.002914207369732774
13.0 -0.026201779977761536 0.0026679001749202354
13.033333333333333 0.09555938505633385 0.002920836350421313
13.066666666666666 0.20655665487031824 0.0031769748174698687
13.1 0.2602525251935969 0.003205419280566446
13.133333333333333 0.31157213463970257 0.0032963115566489454
13.166666666666666 0.333502877485905 0.003296213715665408
13.2 0.3410626126072627 0.003317265111232315
13.233333333333333 0.26667149795632217 0.0031710828793956036
13.266666666666667 0.17024114951676314 0.003013603215040045
13.3 0.07011813083587225 0.0027409609007719993
13.333333333333334 -0.04452614403425329 0.0026765660312961653
13.366666666666667 -0.1494539464643708 0.0029380793489142687
13.4 -0.2424389784584109 0.0031160727842838576
13.433333333333334 -0.3013239922548451 0.0032386228126101146
13.466666666666667 -0.3338925177291 0.003282843229440169
13.5 -0.3160220093604713 0.003301115886584105
13.533333333333333 -0.28357446300224626 0.003232003866199762
13.566666666666666 -0.21218347900951637 0.0030643533296255965
13.6 -0.10850399306807042 0.0028570867052820498
13.633333333333333 -0.0094458146779858 0.0025936205956767124
13.666666666666666 0.08701761245381653 0.002820180355730187
13.7 0.19454474266441352 0.003030692765855103
13.733333333333333 0.2899992317097685 0.00321682165831233
13.766666666666667 0.33102565954396673 0.0032838017514670303
13.8 0.3288559590632353 0.0032541343413126644
13.833333333333334 0.3027510922900766 0.003224017011130287
13.866666666666667 0.23339006094037687 0.0030941759965541216
13.9 0.1525218320505493 0.0029325368545453367
13.933333333333334 0.06812080377227309 0.002773261004829275
13.966666666666667 -0.0446388307567008 0.0027083400277434708
14.0 -0.13417001625377373 0.0028958741464661653
14.033333333333333 -0.22802520899151477 0.003151451355435847
14.066666666666666 -0.2799394768913512 0.00325651719071407
14.1 -0.33636573756581073 0.003257088507563566
14.133333333333333 -0.3014867518194754 0.0032841367890287243
14.166666666666666 -0.26134200719051554 0.003177461397569137
14.2 -0.1980860499988785 0.0030361683506233417
14.233333333333333 -0.09714061726586601 0.002817560704392416
14.266666666666667 -0.002614428479820427 0.0025964833175241143
14.3 0.10333502864138731 0.0028503663045628264
14.333333333333334 0.20860314985568337 0.0030469724459735448
14.366666666666667 0.26820211664014526 0.003206279844947868
14.4 0.30988919229009726 0.003230294511435916
14.433333333333334 0.3021236846932207 0.003218097509821216
14.466666666666667 0.2787132949090504 0.003168205461643314
14.5 0.21932995633605984 0.0030533534556569653
14.533333333333333 0.1467818503256748 0.0028967897274731758
14.566666666666666 0.0648461528774492 0.0027385728995383968
14.6 -0.050726038048680804 0.0027203311460029453
14.633333333333333 -0.14524792389273108 0.0029454600708319345
14.666666666666666 -0.23030733863219008 0.0031340507914858484
14.7 -0.28953876326952777 0.0032524723890433593
14.733333333333333 -0.3171557306002275 0.0032550657592888554
14.766666666666667 -0.3071092920855782 0.0032472435826826906
14.8 -0.2517158743077571 0.003208215833279071
14.833333333333334 -0.1793981615762887 0.003021419738374581
14.866666666666667 -0.10014047319734959 0.00281915431586717
14.9 0.014273657404199776 0.002623359424764809
14.933333333333334 0.11203766160367948 0.002880829243509478
14.966666666666667 0.2037830576736406 0.00305093016910285
15.0 0.2726269873703979 0.0032117261115985896
15.033333333333333 0.3049052639931992 0.003222477361629561
15.066666666666666 0.3027575872172805 0.003222483762844175
15.1 0.26996250002697425 0.003188336632285016
15.133333333333333 0.2026342029792032 0.0030760706527608317
15.166666666666666 0.13422413646923048 0.002896441271663802
15.2 0.037603342621943966 0.002671607345249412
15.233333333333333 -0.07080529472198083 0.002742853610120388
15.266666666666667 -0.16088525330805942 0.0029887213761305154
15.3 -0.2421940268156887 0.0031248189108877833
15.333333333333334 -0.2897820861331657 0.00321860334079499
15.366666666666667 -0.3022283697379348 0.003261366743618155
15.4 -0.28527239875821064 0.0032778327895772175
15.433333333333334 -0.2319656100789906 0.003199869449394821
15.466666666666667 -0.14465019602435197 0.0030253056195085892
15.5 -0.06849448081666426 0.0027661000123008345
15.533333333333333 0.03403028823077246 0.002683694747584696
15.566666666666666 0.13715624688318037 0.0029432094612890647
15.6 0.2169756404821004 0.003088551704546416
15.633333333333333 0.2856396485839755 0.0032236052176076724
15.666666666666666 0.3144662055186897 0.003241161407562476
15.7 0.42168823402991223 0.003394968479179361
15.733333333333333 0.3350169910277934 0.0033205380137040774
15.766666666666667 0.29542197387363617 0.0032368667237807625
15.8 0.14552977698678315 0.0029483352289012277
15.833333333333334 0.04558757692015527 0.002747196504628381
15.866666666666667 -0.01640746128698601 0.002693852969216006
15.9 -0.100786359817766 0.002949786743537894
15.933333333333334 -0.18414529947425537 0.003133873455343106
15.966666666666667 -0.24478189704241704 0.0032567798671481185
16.0 -0.30341942015158263 0.0032519474666687365
16.033333333333335 -0.28611291567250535 0.003287356015707621
16.066666666666666 -0.2208516473069942 0.003167957612654343
16.1 -0.11428950803373696 0.0029523273630528285
16.133333333333333 0.019059620984684462 0.0027278168724715647
16.166666666666668 0.09868354143949118 0.0028989407935538225
16.2 0.1487187524579848 0.002964179781133003
16.233333333333334 0.4761752413686576 0.00349542151262211
16.266666666666666 0.34228296102927114 0.0033210285109819826
16.3 0.3614668181912992 0.0033766636468815503
16.333333333333332 0.39826055993148163 0.003449643980745376
16.366666666666667 0.32497672779555153 0.0033486029775030013
16.4 0.2944065505398172 0.0032849370532567757
16.433333333333334 0.26738118656328885 0.0033264651108013688
16.466666666666665 0.1879184727249218 0.003209596224377914
16.5 -0.024157561056277786 0.0027487464611732834
16.533333333333335 -0.07166228590709196 0.0029176229547608346
16.566666666666666 -0.2154684021247635 0.0031730550848769468
16.6 -0.2530005540644457 0.0032752600677863897
16.633333333333333 -0.2875410814643642 0.003250219882759642
16.666666666666668 -0.2712640995564956 0.003215786794854514
16.7 -0.18541172405857942 0.003153579906437526
16.733333333333334 -0.14945461469942206 0.0029850872018817864
16.766666666666666 -0.06706062362156358 0.0028031439804766245
16.8 0.022200909067803854 0.00266930877946649
16.833333333333332 0.08778621146662959 0.002839520047692584
16.866666666666667 0.21554519358344643 0.0031397334965524437
16.9 0.2344897460485771 0.003174718951413552
16.933333333333334 0.30096453428569725 0.0033792666993964215
16.966666666666665 0.2681202957542101 0.0032451774597410665
17.0 0.23929521257819236 0.00311684404516116
17.033333333333335 0.16037452485640977 0.002957837569005306
17.066666666666666 0.1029040991238897 0.002863139158916811
17.1 -0.0050102990339941 0.002597265483545954
17.133333333333333 -0.11034860663360913 0.0028313919113502756
17.166666666666668 -0.1756789985647844 0.003049581664148454
17.2 -0.20149703482326395 0.003179857088694199
17.233333333333334 -0.1961483932801593 0.0032579198744013826
17.266666666666666 -0.25691662372090623 0.003287387212495496
17.3 -0.1240461446275584 0.0031465931098052374
17.333333333333332 -0.2284286040442202 0.003104773448789039
17.366666666666667 -0.12263861545658299 0.002940100365635176
17.4 -0.06890115324972408 0.002789393991192768
17.433333333333334 0.004916069286795259 0.0026050782448577368
17.466666666666665 0.1271781259217366 0.0029356036425061127
17.5 0.12067118188900798 0.0029018167030921
17.533333333333335 0.17027029804543847 0.003024762469340858
17.566666666666666 0.14187566927358577 0.0030067696424527224
17.6 0.07235597114175335 0.002819344156558351
17.633333333333333 0.11335408496890784 0.0030009717125986657
17.666666666666668 0.05326547812735236 0.0027854024912554246
17.7 -0.0855215638513451 0.0027887223377906223
17.733333333333334 -0.14142202697708972 0.002937601807102397
17.766666666666666 -0.24055203851660348 0.003073021868667092
17.8 -0.28875178758082065 0.0031480404886717883
17.833333333333332 -0.2959489412066885 0.0032444078556168043
17.866666666666667 -0.2564099596553224 0.0032510775512456513
17.9 -0.31511187965411713 0.0032359577264038375
17.933333333333334 -0.32770238908352384 0.0031969473210334276
17.966666666666665 -0.26634778551512195 0.0031075893416619427
18.0 -0.17282425313453076 0.003010511604978089
18.033333333333335 -0.13844678128568047 0.00286297880674799
18.066666666666666 0.0740436855896435 0.0028108655554834744
18.1 0.14432705950311742 0.003021434690844621
18.133333333333333 0.1874382859165335 0.0030518794331635124
18.166666666666668 0.18076502906650088 0.0030064892366879203
18.2 0.22198533679808743 0.0030671590653952308
18.233333333333334 0.2201886718688477 0.003084481852979687
18.266666666666666 0.18754407777081764 0.0030095326860362925
18.3 0.13250686352399618 0.002895720408398861
18.333333333333332 0.07265133631288656 0.0027593450206817166
18.366666666666667 -0.06946241405464247 0.0027901560368761985
18.4 -0.13803565509989202 0.0029597971473372953
18.433333333333334 -0.15910489486029264 0.0030712434501681263
18.466666666666665 -0.28418336344060635 0.0032171628961649157
18.5 -0.37847495277134174 0.0032827071185503875
18.533333333333335 -0.27335619617730267 0.003267567239369329
18.566666666666666 -0.16276346872845296 0.003106244958366089
18.6 -0.14770974062936246 0.0029939178063888294
18.633333333333333 -0.06711084687702995 0.0028526991585985373
18.666666666666668 -0.013376975181598189 0.002628179896662376
18.7 0.059692082358054656 0.002724731603429377
18.733333333333334 0.12083755580038712 0.0028768151826624455
18.766666666666666 0.19647887384081425 0.0030486345474028675
18.8 0.24147876646530608 0.0031540951806377504
18.833333333333332 0.19661066316271172 0.003073919016693516
18.866666666666667 0.1101915411989168 0.0029057575321119883
18.9 0.11154689779323404 0.0029413108130760673
18.933333333333334 0.1024932871124686 0.002895072613966612
18.966666666666665 0.06684779011089759 0.0028045796796012795
19.0 -0.0824161194276724 0.0027713872642157467
19.033333333333335 -0.13811750104951837 0.002930367072680573
19.066666666666666 -0.2156714301682058 0.0030797169477529973
19.1 -0.2940930938286116 0.0031513743509848924
19.133333333333333 -0.29487676658177797 0.003173106617710475
19.166666666666668 -0.23610832375803287 0.0031664435254055434
19.2 -0.17665313420123888 0.003031964671382309
19.233333333333334 -0.135308041418356 0.0029659198076087134
19.266666666666666 0.006644591238002609 0.002854542493826707
19.3 0.01880561994759569 0.002715368817970229
19.333333333333332 0.1338007726440948 0.0029740518104888203
19.366666666666667 0.1531762976833347 0.0029692715007420545
19.4 0.31662397074669413 0.0032958474689750994
19.433333333333334 0.32794022110680243 0.003301779273302219
19.466666666666665 0.3330089605221685 0.0033108918820090594
19.5 0.3179432111400414 0.003279748988169573
19.533333333333335 0.29064056612427636 0.003264248616200671
19.566666666666666 0.17786304766324795 0.0030577371108368168
19.6 0.0708117711076475 0.002834455543041181
19.633333333333333 -0.006400647381129534 0.0026815665859973
19.666666666666668 -0.10120805382220106 0.0028709090991966696
19.7 -0.14021269357326308 0.003014185915412748
19.733333333333334 -0.20310757465103568 0.0031159873225997947
19.766666666666666 -0.25155903439415805 0.0031493008271796796
19.8 -0.23122001201276973 0.003112574613469893
19.833333333333332 -0.16863955011139317 0.003023500950368463
19.866666666666667 -0.13248413338095552 0.002912547591501169
19.9 -0.04549125141778381 0.0027298668166315515
19.933333333333334 0.04950013607606615 0.00275433254034238
19.966666666666665 0.12146755219090073 0.0029229950990224407
20.0 0.157566601250738 0.0029906524666418743
20.033333333333335 0.19966988478156392 0.003066251924199903
20.066666666666666 0.2598945692251374 0.0031888308847751734
20.1 0.26780587502903486 0.003228254426367816
20.133333333333333 0.2507970848918803 0.0031530734552474016
20.166666666666668 0.16247690360549186 0.00297463900433656
20.2 0.09312107334278662 0.0028714291845921835
20.233333333333334 0.015500630739973924 0.0026839166455680033
20.266666666666666 -0.06057341320619363 0.0027559985535926604
20.3 -0.13118346984766666 0.0029369213949587136
20.333333333333332 -0.16277330288203484 0.0030923827517728986
20.366666666666667 -0.22518614861362776 0.0031280131441496772
20.4 -0.23673637284149582 0.003222546375437979
20.433333333333334 -0.22148311303388346 0.003089337932326186
20.466666666666665 -0.17944811076682715 0.0030193865031835354
20.5 -0.11093461963800963 0.002857874844646807
20.533333333333335 -0.004440344111196914 0.0026228873638040355
20.566666666666666 0.08579280486550253 0.002840098153122736
20.6 0.20128274060347978 0.003097071445698346
20.633333333333333 0.2497186997144109 0.003141066822453409
20.666666666666668 0.3196194551051711 0.003309675109208321
20.7 0.4176022844689189 0.0034477412543648667
20.733333333333334 0.38032005955090037 0.003382575873327298
20.766666666666666 0.28374995801698183 0.0032307891841001357
20.8 0.2758180324579682 0.0032306780793841527
20.833333333333332 0.1074683022995748 0.00288675768753624
20.866666666666667 0.05351149830083551 0.0028195644664642736
20.9 -0.05105300207865511 0.0028306031669101603
20.933333333333334 -0.14988956848729232 0.0029387457895079794
20.966666666666665 -0.12365879155680372 0.0030239548851423853
21.0 -0.17813110959032297 0.003118188841832792
21.033333333333335 -0.20937117163458147 0.003104147871150348
21.066666666666666 -0.20447866010578356 0.0031082713542411045
21.1 -0.11855536023159409 0.002963252309478623
21.133333333333333 -0.05597909410884201 0.002775614730025258
21.166666666666668 0.004140279811048047 0.0026170203288122147
21.2 0.10472524009621906 0.0028815095221483844
21.233333333333334 0.1582124541589767 0.0030368782380993387
21.266666666666666 0.26428224698197333 0.003442590676289825
21.3 0.22422516212544324 0.0031887462821673096
21.333333333333332 0.2149420802029122 0.003067347610248128
21.366666666666667 0.3240857514470861 0.0033228939459125084
21.4 0.1945083346304361 0.0030891661889731747
21.433333333333334 0.10119444083826337 0.0028897484535688467
21.466666666666665 0.04515881839738196 0.0027267577545054475
21.5 -0.050353409021177964 0.00273666310403832
21.533333333333335 -0.1219777139448929 0.002841963113657836
21.566666666666666 -0.16386724372305983 0.0029764905414391973
21.6 -0.21762920371689065 0.0030487659493161068
21.633333333333333 -0.11678808652499367 0.0030971549130078407
21.666666666666668 -0.19742798715171972 0.0030997471243038865
21.7 -0.14789333824626888 0.003024584205556957
21.733333333333334 -0.12290325222571459 0.0029440109453171687
21.766666666666666 -0.08972678465865394 0.002808882101432278
21.8 -0.00457719683024986 0.0026238648947534164
21.833333333333332 0.10733333496690887 0.0028768949921405412
21.866666666666667 0.15072321779550893 0.0029502066808883842
21.9 0.17620314645528942 0.0029717528412969707
21.933333333333334 0.20485559191175054 0.0030483979095369262
21.966666666666665 0.24751879007179647 0.003161814796312973
22.0 0.2146680745332503 0.003087202108289888
22.033333333333335 0.14249976340803747 0.0029341979587200473
22.066666666666666 0.09529307588243215 0.0028055429597640402
22.1 0.056092965328616906 0.0028082652572382696
22.133333333333333 -0.04301136465171219 0.002727105566070663
22.166666666666668 -0.11087011316197305 0.0028441022820127337
22.2 -0.16918370279355385 0.0029764244380723337
22.233333333333334 -0.20022827092686887 0.003094415789738403
22.266666666666666 -0.22053801956687052 0.0031372691033432487
22.3 -0.16096831502365147 0.003113795625319382
22.333333333333332 -0.1349282483207398 0.003059345316568818
22.366666666666667 -0.08849106333855127 0.002897683042824173
22.4 -0.05321022766791432 0.002750423673254926
22.433333333333334 0.008714425392175342 0.0026123310721790395
22.466666666666665 0.11932412111904761 0.0028942708031164804
22.5 0.15876848434643195 0.002965794515224135
22.533333333333335 0.20998265683972425 0.003072484776201756
22.566666666666666 0.22195926604263827 0.003090864617500494
22.6 0.19992444320951339 0.003084286883780568
22.633333333333333 0.21282191947976128 0.0031825523330278604
22.666666666666668 0.17322175966840417 0.0031024412877456997
22.7 0.10349556145367084 0.0029353685798392953
22.733333333333334 0.039644042536420177 0.002721500089484817
22.766666666666666 -0.03744649755944179 0.002688835038185053
22.8 -0.11630881975502028 0.00285862139857998
22.833333333333332 -0.14781271110604063 0.0029782191313768025
22.866666666666667 -0.15719472679519814 0.0030561243329892684
22.9 -0.13543534358011575 0.0030487137074407256
22.933333333333334 -0.08153469911739049 0.002999597000832424
22.966666666666665 -0.16398478453379137 0.003014883588302375
23.0 -0.11856925869482536 0.0028754769030737842
23.033333333333335 -0.03622232122144046 0.0027136602132600066
23.066666666666666 0.05520157211454212 0.0027675324082665903
23.1 0.16020369122529562 0.003071383202123995
23.133333333333333 0.16186890119801672 0.002993412211192592
23.166666666666668 0.18109142126830693 0.002982699219092444
23.2 0.3063357063863649 0.0032590355018048967
23.233333333333334 0.2040398301278526 0.003057869279633779
23.266666666666666 0.3345235026510057 0.0033443302076007764
23.3 0.12263213748762362 0.002858569928915297
23.333333333333332 0.0728433143154097 0.002760310045038919
23.366666666666667 0.016475827194654867 0.002663294720029137
23.4 -0.04641555741119022 0.002696328831891019
23.433333333333334 -0.09552185749004231 0.0028625266866274535
23.466666666666665 -0.09223148292811044 0.002959082081500475
23.5 -0.18380711139573452 0.003102324685271579
23.533333333333335 -0.1836410963174709 0.0030604815626140425
23.566666666666666 -0.18143916283466238 0.003040529854037466
23.6 -0.10462311285361199 0.002927150590838229
23.633333333333333 -0.08415095963507187 0.0028458170332967686
23.666666666666668 0.011617575006671751 0.002662700422085015
23.7 0.08718477645913793 0.0028612459688970443
23.733333333333334 0.2151036041376971 0.003160286382605515
23.766666666666666 0.22135926198432782 0.0031471736054478894
23.8 0.18901051860239607 0.003157501454975481
23.833333333333332 0.21663198812303455 0.0031422222501003294
23.866666666666667 0.2044461988528689 0.003048758459295642
23.9 0.20685919811319714 0.0030798160088432724
23.933333333333334 0.10737908283448705 0.002837340151236434
23.966666666666665 0.07340526390261212 0.0027531268845487206
24.0 0.0029439625739830313 0.0025812010023400817
24.033333333333335 -0.02693644523721234 0.0027099805232421795
24.066666666666666 -0.12824999394674239 0.0028813402073862293
24.1 -0.18385812739857693 0.002983337401780778
24.133333333333333 -0.14642310348861634 0.0030297657279524937
24.166666666666668 -0.15926486427240358 0.0030321664664694215
24.2 -0.17033238130679315 0.0030148003011748192
24.233333333333334 -0.13248766118885497 0.002915208133125735
24.266666666666666 -0.05692676452557989 0.0027850129874998283
24.3 0.0003024540175909182 0.0026317693632437558
24.333333333333332 0.040802024032856266 0.002703540824769729
24.366666666666667 0.08160417527158836 0.0028193701871213617
24.4 0.1354416152766729 0.002913829561660669
24.433333333333334 0.16525692311140722 0.002973161564943677
24.466666666666665 0.1634708242111619 0.0029849741319933343
24.5 0.15240022470705206 0.002934866311864709
24.533333333333335 0.1213568180427348 0.002897015449707649
24.566666666666666 0.08050212265338609 0.0027707239677217943
24.6 0.02010741906113641 0.0026269736244552006
24.633333333333333 0.011884159081153067 0.002668661727484962
24.666666666666668 -0.0642564449003839 0.002797547747955473
24.7 -0.13129231737851604 0.0029104063573000827
24.733333333333334 -0.16725155653881832 0.0030101114362686976
24.766666666666666 -0.20764254854532338 0.003052645277745125
24.8 -0.21122497006518967 0.003064908303810898
24.833333333333332 -0.1755635796627704 0.00302412943755756
24.866666666666667 -0.15317666948260752 0.0029391020655916422
24.9 -0.08087815012727381 0.0027895616482681157
24.933333333333334 -0.01441538449976434 0.0026406168363906045
24.966666666666665 0.016242524845200754 0.0026173781480529935
25.0 0.05531098904582722 0.002747244377349141
25.033333333333335 0.11203275032770699 0.002866703472821988
25.066666666666666 0.13120110072619245 0.0029150864300449275
25.1 0.14917584742051984 0.002959687397973171
25.133333333333333 0.20227213055936394 0.003077510942552625
25.166666666666668 0.14621252608927235 0.003010501623070705
25.2 0.06823893085573672 0.0027718500781031413
25.233333333333334 0.039250613324970075 0.0027226727054412495
25.266666666666666 -0.012972641473145885 0.00266636863206615
25.3 -0.06292975150420109 0.0027895974100602267
25.333333333333332 -0.11875902842149608 0.002907942941100125
25.366666666666667 -0.12915110400566635 0.002963550638079876
25.4 -0.11990771534330955 0.0029712713001061875
25.433333333333334 -0.09494451100086941 0.002958151884874291
25.466666666666665 -0.1749863361370973 0.002989732046140753
25.5 -0.04483906772270978 0.002781080041496055
25.533333333333335 0.016258196668793447 0.002697432800748859
25.566666666666666 0.065109139377044 0.002808125823880153
25.6 0.08958643651144116 0.002848890885833094
25.633333333333333 0.13072909586987505 0.0029594409731465154
25.666666666666668 0.10813643041101435 0.0028642885044341954
25.7 0.18603979669463433 0.003053165484517867
25.733333333333334 0.1701767137793498 0.002993817276127131
25.766666666666666 0.1378740033394199 0.002896125064806243
25.8 0.15776656178297846 0.002974593280488075
25.833333333333332 0.036154742976650965 0.0026548968672961207
25.866666666666667 -0.010742381091121364 0.0026213180165483227
25.9 -0.07479056163235528 0.00274259347843743
25.933333333333334 -0.12517279475850113 0.0028784316052656855
25.966666666666665 -0.13749062455752303 0.0029157525150742825
26.0 -0.14897350584123364 0.0029562479439726175
26.033333333333335 -0.18577854433091645 0.0030051188643301363
26.066666666666666 -0.17658905585761397 0.0030110013071102115
26.1 -0.11640887119683278 0.0029282237426898616
26.133333333333333 -0.06901280121343514 0.002806822725792635
26.166666666666668 -0.058501207455593285 0.0027262791488117874
26.2 0.020898733238808174 0.0026475694894607174
26.233333333333334 0.07641930788831641 0.002762655734882824
26.266666666666666 0.10342246271304956 0.0028437877067050282
26.3 0.13945016045684705 0.002940818461338285
26.333333333333332 0.1738127272701267 0.0030861773081833355
26.366666666666667 0.16818835938487306 0.0030416217148830083
26.4 0.22187163459828796 0.003189117003971592
26.433333333333334 0.14676944743312423 0.003006792568117117
26.466666666666665 0.06556439844533855 0.002797273824754573
26.5 0.01151595719250644 0.0026793611252909078
26.533333333333335 -0.044719042635527895 0.0027400153902482627
26.566666666666666 -0.10139104895422313 0.0028288470575083546
26.6 -0.11409106637101558 0.0029562832496264624
26.633333333333333 -0.147256107454792 0.00295725491713697
26.666666666666668 -0.15098842819209485 0.0030608069737201593
26.7 -0.1324613130670356 0.003114088235684903
26.733333333333334 -0.13097174626293542 0.0030341556689263693
26.766666666666666 -0.08694475445274588 0.00293378081730003
26.8 -0.030364700779812345 0.00271749410079836
26.833333333333332 0.023332879985278727 0.002669665504295423
26.866666666666667 0.08438517102182842 0.002803219641741919
26.9 0.1279756307349619 0.0029445278336006075
26.933333333333334 0.15724723064262752 0.0030538646082580168
26.966666666666665 0.1679104623846136 0.00302962051883382
27.0 0.16009954765100465 0.0029722686608703586
27.033333333333335 0.14719983167232753 0.0029469196450738477
27.066666666666666 0.07968898635115618 0.002760458451335393
27.1 0.051890528835965975 0.0027057259711300435
27.133333333333333 0.004278237768226533 0.0026445763467886022
27.166666666666668 -0.06188555968324443 0.002757356611706653
27.2 -0.12048468371577481 0.0028718462608616074
27.233333333333334 -0.1595535348206745 0.002943848499810442
27.266666666666666 -0.17268647679456706 0.0029747136760833737
27.3 -0.15863894353978725 0.002966030691420457
27.333333333333332 -0.1458860242227484 0.00298313964465044
27.366666666666667 -0.1128031099831062 0.0028616680539415296
27.4 -0.0690355831117963 0.0027605418104574703
27.433333333333334 -0.013656822496074212 0.002623315010876811
27.466666666666665 0.038535947351223336 0.002684318879690499
27.5 0.10663286236001092 0.0028499062007004
27.533333333333335 0.12277890817630957 0.0028559270351153077
27.566666666666666 0.1474246801391933 0.002923818230590014
27.6 0.1497993669109237 0.0029438341757055675
27.633333333333333 0.13718332876476763 0.002926465328681016
27.666666666666668 0.11508466408752437 0.0029393032099045424
27.7 0.06823100761669244 0.0028142036872497445
27.733333333333334 0.011707450501554065 0.002640048511923683
27.766666666666666 -0.03520254619688201 0.0027439740553932626
27.8 -0.08943303988151266 0.002810298582518453
27.833333333333332 -0.11338815618768851 0.0028510136062402935
27.866666666666667 -0.12756714685142173 0.002914169643049941
27.9 -0.14937300789946883 0.0029535792776438363
27.933333333333334 -0.1568452415007989 0.002929769801962717
27.966666666666665 -0.1406563883747679 0.0029077523797821914
28.0 -0.1018251397698562 0.0028182241880373854
28.033333333333335 -0.061427899952875745 0.0027351572089576587
28.066666666666666 -0.010354573024999817 0.002672412484879722
28.1 0.04141821088221598 0.0027035809471827182
28.133333333333333 0.08358164457930087 0.0028154308512077925
28.166666666666668 0.12026114998947138 0.0028702262116051813
28.2 0.13610767856221448 0.0028929435145594595
28.233333333333334 0.13756572547970788 0.0028891912831517375
28.266666666666666 0.11834114591138015 0.0028459764461362114
28.3 0.08683153150486568 0.002780004997227803
28.333333333333332 0.046969434570886266 0.0026843316048450264
28.366666666666667 -0.0013804826522346588 0.0025548195993298317
28.4 -0.0604295123077384 0.0027009089964946595
28.433333333333334 -0.09871799440148106 0.0028004224769763025
28.466666666666665 -0.1295271104943046 0.0028647331433851175
28.5 -0.1492934634125229 0.0029146771950229466
28.533333333333335 -0.1503473527789519 0.00293317811850044
28.566666666666666 -0.1472182059450032 0.0029018085864604415
28.6 -0.11564984627206575 0.0028445199129254473
28.633333333333333 -0.0806677708050209 0.0027714656587703723
28.666666666666668 -0.04451283506552753 0.002706742103378061
28.7 0.0035325950874660504 0.002591745007158347
28.733333333333334 0.05808738307685001 0.0027526703575406625
28.766666666666666 0.11314346364345859 0.002926702860120492
28.8 0.14457416957551372 0.0029835145717667655
28.833333333333332 0.15801138744037901 0.003010437420890799
28.866666666666667 0.1621970738969613 0.003127040303630979
28.9 0.12410880113611238 0.0029188323780648257
28.933333333333334 0.08203087122578463 0.0027899616370051367
28.966666666666665 0.04154015626097114 0.0026716779713606836
29.0 -0.015947641806951112 0.002611034965570084
29.033333333333335 -0.062223282005196494 0.00272007536981677
29.066666666666666 -0.09953703792801039 0.0028075354231934108
29.1 -0.13160714062029788 0.002888445709522791
29.133333333333333 -0.14948719963054227 0.002920774278355631
29.166666666666668 -0.14839916158689204 0.002928791370375272
29.2 -0.1273071344285465 0.002880146359653668
29.233333333333334 -0.09398888448124038 0.0028202901885766574
29.266666666666666 -0.02835538577134982 0.0026889355307011496
29.3 -0.022023394223924596 0.0026078406503296514
29.333333333333332 0.026358722912358912 0.0026412200081754565
29.366666666666667 0.05961487303006002 0.002710785696571065
29.4 0.09322786638862893 0.0027971615954884566
29.433333333333334 0.12733411882161505 0.0029835595711801832
29.466666666666665 0.12845270287662705 0.0029439529013466637
29.5 0.12123737927293012 0.002880848653077611
29.533333333333335 0.09922494038085557 0.002884281701492894
29.566666666666666 0.0647681367747474 0.0027832945919438468
29.6 0.029643143789168564 0.00266945782613447
29.633333333333333 -0.025724431248734286 0.0026268826623719772
29.666666666666668 -0.07168078270122845 0.0027492604629934664
29.7 -0.10236674407954804 0.0028202560785515057
29.733333333333334 -0.13465262227072597 0.0028934677376867
29.766666666666666 -0.14675063793532672 0.002917621795246461
29.8 -0.15048078318608574 0.0029069627174698187
29.833333333333332 -0.13228474407789256 0.0028917802621022393
29.866666666666667 -0.04901489811539927 0.0027733619943766316
29.9 -0.055916102550461325 0.002733171124909846
29.933333333333334 -0.016086126116823515 0.00263004844534024
29.966666666666665 0.025402244145578047 0.0026368725709610095
30.0 0.0632680900970607 0.0027310701861077147
30.033333333333335 0.0942559572350406 0.0028169783938779974
30.066666666666666 0.1140528407921801 0.0028527480704474417
30.1 0.11631647073626057 0.0028516436248837568
30.133333333333333 0.10861992445983841 0.002824690474707972
30.166666666666668 0.08303734033476833 0.002775341069134879
30.2 0.05352803483703425 0.002718816236092214
30.233333333333334 0.007364991124092824 0.0025921106418452695
30.266666666666666 -0.03373894192807003 0.002666299925312053
30.3 -0.07601032916506198 0.0027737542307238044
30.333333333333332 -0.10219636949517082 0.0028381482991881035
30.366666666666667 -0.1336636948989162 0.00289014838553886
30.4 -0.1385560568826077 0.0029129845875218996
30.433333333333334 -0.13835390887950066 0.002896600148079048
30.466666666666665 -0.12185081596734629 0.0028809501555941974
30.5 -0.09037593338202736 0.002796065384198715
30.533333333333335 -0.05031112336565514 0.002693242620729973
30.566666666666666 -0.010968601625207852 0.0026054145776686615
30.6 0.03247493023964675 0.0026868787145999523
30.633333333333333 0.08392742129618895 0.00277884753658815
30.666666666666668 0.1171644457602822 0.0029104809935860537
30.7 0.11839041808834666 0.0028790524632139186
30.733333333333334 0.14283254454214975 0.0029181122503824375
30.766666666666666 0.12368568909389664 0.0028707435331718906
30.8 0.07424769037417941 0.002772782865017101
30.833333333333332 0.06032532431413876 0.002756335353612506
30.866666666666667 0.017800406656156308 0.0026797690273569555
30.9 -0.031205828715972047 0.0026924256789756344
30.933333333333334 -0.08470698747510144 0.002789325701259532
30.966666666666665 -0.11110033905588373 0.002851339263057903
31.0 -0.1348560493128964 0.002911828586093429
31.033333333333335 -0.1383290594515104 0.0029329334194727608
31.066666666666666 -0.13292622452204783 0.002877040908621148
31.1 -0.1109684120794565 0.0028267954064004897
31.133333333333333 -0.08124311344184368 0.0027670425276281607
31.166666666666668 -0.03853192119929058 0.002677409066939064
31.2 0.0041565589205020655 0.002575439317096668
31.233333333333334 0.03988784832122688 0.002676727738533273
31.266666666666666 0.07466351454464105 0.002751106724035765
31.3 0.09527647999723687 0.0027945725190470505
31.333333333333332 0.10627202234677427 0.0028120934743382647
31.366666666666667 0.11228214166527602 0.0028498251044754147
31.4 0.09351959513909901 0.0027949063860262524
31.433333333333334 0.06715508426747066 0.0027417057984564785
31.466666666666665 0.026531952808232832 0.002646667283531315
31.5 -0.010636835573175683 0.0026099119662934284
31.533333333333335 -0.04191075732941233 0.002696433093948146
31.566666666666666 -0.08830629838137083 0.0027977330025158315
31.6 -0.11414697447283749 0.0028768998099368698
31.633333333333333 -0.12652334273202315 0.0029396251202060686
31.666666666666668 -0.13153329941460754 0.0029400564816485786
31.7 -0.12227789890942622 0.0029231073912128203
31.733333333333334 -0.10117470466617319 0.002868162407215477
31.766666666666666 -0.07074566818813352 0.002776192443153788
31.8 -0.028636820647375882 0.002666513640999249
31.833333333333332 0.011834169692222897 0.0026173570748839435
31.866666666666667 0.04776116251190713 0.0027118318007205433
31.9 0.07498882966979781 0.0027579833678611776
31.933333333333334 0.09276007961882782 0.002814432921011134
31.966666666666665 0.102339153296726 0.002811513860821818
32.0 0.0973875045807147 0.0028090114978427533
32.03333333333333 0.07905644166196191 0.002763564770954574
32.06666666666667 0.0562085136475575 0.0027139843751858087
32.1 0.013733686494230544 0.0026005947741318466
32.13333333333333 -0.024210554762711077 0.002643212389148726
32.166666666666664 -0.06253778124663438 0.002761118373034041
32.2 -0.09401762794302204 0.00280693691529553
32.233333333333334 -0.11663771550370074 0.0028555505367715978
32.266666666666666 -0.12737924464154904 0.002898543254956032
32.3 -0.1266606909320281 0.0029042215273194505
32.333333333333336 -0.11060085462249616 0.00287492819722307
32.36666666666667 -0.08196095127014562 0.002857185918534594
32.4 -0.05178186752070215 0.0027693516687739214
32.43333333333333 -0.0005432889993439524 0.002602055535623311
32.46666666666667 0.0319970281747676 0.0026700002435027723
32.5 0.053229606642771245 0.0026961080806850446
32.53333333333333 0.07717961765936242 0.0027356300832959562
32.56666666666667 0.1259248694337232 0.002876435933212268
32.6 0.12430844165692234 0.0028815055559444913
32.63333333333333 0.08592807913518476 0.002779006412725285
32.666666666666664 0.0856963519438884 0.0028446313522114963
32.7 0.05353121501896896 0.0027315093270448426
32.733333333333334 0.02486639317125575 0.0026636248653735435
32.766666666666666 -0.007792535880846093 0.0026342527093821113
32.8 -0.06477530166846773 0.002759888048109879
32.833333333333336 -0.09711602597736456 0.002838316108896996
32.86666666666667 -0.11748672652324728 0.00286866675643227
32.9 -0.12064045086164207 0.002874036065964841
32.93333333333333 -0.11905565445219747 0.0028648976059594683
32.96666666666667 -0.10237593685012483 0.0028290717120107722
33.0 -0.07624149552607222 0.0027684005702509618
33.03333333333333 -0.041321542631443046 0.0026790672035423846
33.06666666666667 -0.006362456910680952 0.00259495515285845
33.1 0.04099999937304705 0.0027098982274615796
33.13333333333333 0.06956836252228657 0.002754429883307055
33.166666666666664 0.08523699461881752 0.0028016421186611434
33.2 0.09057448535552966 0.002801483782140332
33.233333333333334 0.08937923908157974 0.002805489695458227
33.266666666666666 0.0773470355888619 0.002758617736042246
33.3 0.05414425730655559 0.0026974390956897923
33.333333333333336 0.02621319351859655 0.0026836989893507905
33.36666666666667 -0.00827087047133777 0.0026085505167364933
33.4 -0.012353789894997105 0.0026887229822730174
33.43333333333333 -0.064376994223568 0.0027880353726043583
33.46666666666667 -0.088950438769154 0.002924434611158294
33.5 -0.10173758852708352 0.0028314413605030064
33.53333333333333 -0.11271155278711109 0.00286143827292952
33.56666666666667 -0.10391970446306754 0.00282709428867782
33.6 -0.08388009818554672 0.0027812680258377243
33.63333333333333 -0.05773406761355107 0.002727579387794242
33.666666666666664 -0.031870154301328696 0.002651360172975327
33.7 -0.0023999257056100585 0.0025676318270525075
33.733333333333334 0.03239371191291249 0.0026609887193126333
33.766666666666666 0.05873719220331436 0.002726493744654619
33.8 0.07400960731772675 0.0027870468504917756
33.833333333333336 0.08859243759502863 0.0028021042231481524
33.86666666666667 0.08525761765917315 0.00284259401960206
33.9 0.07094222390156284 0.0027863461570030307
33.93333333333333 0.05073352617122308 0.002699544977533462
33.96666666666667 0.022513813728605985 0.002639095364843056
34.0 -0.013183763952533683 0.0025827690802094436
34.03333333333333 -0.03696122746222342 0.0026775946690598545
34.06666666666667 -0.08241823755719709 0.0027463330121679924
34.1 -0.09528416710322463 0.0028068443322866315
34.13333333333333 -0.1046978348579066 0.002833868982307697
34.166666666666664 -0.0921840574614545 0.0028280246875502235
34.2 -0.08664175323176881 0.0028183838780439507
34.233333333333334 -0.08365411588073642 0.0027489588593447717
34.266666666666666 -0.05521293503035237 0.0026881447750890033
34.3 -0.013655544623130936 0.0025915561701662284
34.333333333333336 0.018355483627363594 0.0026506158077505768
34.36666666666667 0.05387532691057836 0.0027147303062742822
34.4 0.05609713975117882 0.0026931049075715058
34.43333333333333 0.07966220912883729 0.00277536239348794
34.46666666666667 0.0819030748649423 0.0027899698485950586
34.5 0.07551210953800143 0.0027786886287402834
34.53333333333333 0.06364543856689894 0.0027507617700067988
34.56666666666667 0.036145188338637904 0.0026649665325113037
34.6 0.007772009462432548 0.0026197297075269783
34.63333333333333 -0.021326532813935643 0.00262627119604842
34.666666666666664 -0.05326596293246252 0.0027071524285733548
34.7 -0.08113131911832915 0.0027905095466519148
34.733333333333334 -0.09555079796140639 0.0028390576923931765
34.766666666666666 -0.1033958016604325 0.002888042310565511
34.8 -0.1045289728829748 0.002928303469307933
34.833333333333336 -0.09316708007805151 0.0028393583912637577
34.86666666666667 -0.04889018557980316 0.0026576741906123025
34.9 -0.04541785584044533 0.002718770643821443
34.93333333333333 -0.017799829275973945 0.0026176337576198187
34.96666666666667 0.013121367393853523 0.002596273875019874
35.0 0.03677635270732809 0.002652036390933449
35.03333333333333 0.0597148702889842 0.0027314665880868796
35.06666666666667 0.07542386982515886 0.002758200567359176
35.1 0.07031710286198044 0.0027419877875741877
35.13333333333333 0.06268420036947277 0.0027089427346545375
35.166666666666664 0.06550068636951832 0.0027420487668666643
35.2 0.025267837826163035 0.002642621131760888
35.233333333333334 0.004127725677553155 0.0025821334909271352
35.266666666666666 -0.004172719424447486 0.0026087770738624106
35.3 -0.031582372366050056 0.0026854480393771266
35.333333333333336 -0.06363254948844113 0.00275131218041523
35.36666666666667 -0.07042234784016534 0.002788663047462156
35.4 -0.076330496315859 0.0028375759417946927
35.43333333333333 -0.08162180750948252 0.002809998574646602
35.46666666666667 -0.07744716993239492 0.002785933082175923
35.5 -0.05782408868073105 0.0027222027858727627
35.53333333333333 -0.020782528209879206 0.002630948486831996
35.56666666666667 -0.0018672046805542479 0.0025740468263898563
35.6 0.015183266531407405 0.002607499712304926
35.63333333333333 0.038800274296788555 0.0026762214080211025
35.666666666666664 0.06817493836415787 0.002770560523893739
35.7 0.06445033502580631 0.0027886753510324297
35.733333333333334 0.0691740197740055 0.0028708343774176276
35.766666666666666 0.06092939887886826 0.0028224969089765337
35.8 0.03972631493042826 0.0027114084128327873
35.833333333333336 0.044320440916206044 0.002723872050462643
35.86666666666667 -0.011544951373480446 0.002615168747853806
35.9 -0.03888821182637041 0.0026790319432444393
35.93333333333333 -0.06367531911436235 0.0027305907395573092
35.96666666666667 -0.08197649834247457 0.002781968309273103
36.0 -0.08247487005365688 0.002827891120849496
36.03333333333333 -0.09279151331075097 0.0028664914495661886
36.06666666666667 -0.07828039400124791 0.0028060110530815086
36.1 -0.07503836456954298 0.0027608663260538374
36.13333333333333 -0.05069452905252984 0.0027181394056272554
36.166666666666664 -0.024852554016742485 0.0026653016647427107
36.2 -0.013221164112836206 0.0026248892483675956
36.233333333333334 0.016165621716492492 0.0026234123475880854
36.266666666666666 0.04936452554556104 0.002695236939028803
36.3 0.05668092065928985 0.002763110635814789
36.333333333333336 0.06165049147105781 0.0027570912836026654
36.36666666666667 0.06419172008421985 0.002739377931391604
36.4 0.05240332369375377 0.002712275496405618
36.43333333333333 0.03869684135684095 0.0026815494441749937
36.46666666666667 0.009847917602819074 0.0026784745626803816
36.5 -0.00578754058217479 0.0027211571985944778
36.53333333333333 -0.03576212715062984 0.0027301212664583296
36.56666666666667 -0.06379159628519417 0.002787929369570563
36.6 -0.07962261932986014 0.00279375063189638
36.63333333333333 -0.06968681614409274 0.002775208283442729
36.666666666666664 -0.08258494629980209 0.002791546759071936
36.7 -0.07002584332585243 0.0027726251616737446
36.733333333333334 -0.04616418966200896 0.002741464779957424
36.766666666666666 -0.03748798666694166 0.002674380538446451
36.8 -0.021491606679713345 0.002637693032484144
36.833333333333336 0.002138777935613527 0.0025843318409332875
36.86666666666667 0.03178689482086359 0.0026819665086125974
36.9 0.05113683863340086 0.002732291308052706
36.93333333333333 0.059606458349756905 0.00275905650252304
36.96666666666667 0.05682085379063878 0.002731054057748178
37.0 0.06701441455808901 0.0027821369237446686
37.03333333333333 0.03863283423059733 0.0026693968062472748
37.06666666666667 0.01901943488320875 0.002618870758277235
37.1 0.011826041270330758 0.0026233880707747185
37.13333333333333 -0.01197383987667008 0.0026376271664466187
37.166666666666664 -0.04038465296431068 0.0026924325593129725
37.2 -0.05886965279114951 0.0027358039642019077
37.233333333333334 -0.07519932933009275 0.002790949329200626
37.266666666666666 -0.07205973279945582 0.002783247215651735
37.3 -0.0790549347392851 0.0027771519388144345
37.333333333333336 -0.06145123302555562 0.0028164997861522822
37.36666666666667 -0.014358894160604593 0.00269896766116132
37.4 -0.020599135938237055 0.002628020744291599
37.43333333333333 -0.007100555435719131 0.0025892338971247406
37.46666666666667 0.011844320140136954 0.0026139791624318863
37.5 0.029862818043631965 0.0026473957355035993
37.53333333333333 0.04991651044514275 0.002736204770249634
37.56666666666667 0.050111867321395984 0.0027199044604441502
37.6 0.05356316815728642 0.0027076358955516466
37.63333333333333 0.04469316706671649 0.002746222736073549
37.666666666666664 0.030566591645322553 0.002685641640648693
37.7 0.008217854509453806 0.0025884008624864514
37.733333333333334 -0.010613805602994889 0.0025929962530392356
37.766666666666666 -0.0291121327845688 0.002670716440751949
37.8 -0.044084763126378275 0.0027024159119440616
37.833333333333336 -0.0561538413530082 0.002724132696843247
37.86666666666667 -0.06433121330256164 0.0027614097061485765
37.9 -0.06887087091818206 0.0027461370257495926
37.93333333333333 -0.09012116756612143 0.0027550593849487715
37.96666666666667 -0.07081574549073973 0.0027754831937511493
38.0 -0.04828420282782608 0.0027214791743445585
38.03333333333333 -0.02587955807629289 0.0026389350616901654
38.06666666666667 0.0030332677938294064 0.0025902880548944137
38.1 0.02378156510228722 0.0026482960546848726
38.13333333333333 0.0341497454133106 0.002661830735845319
38.166666666666664 0.0436042979592064 0.0026804101753741955
38.2 0.045185103207705135 0.002669706366540979
38.233333333333334 0.04496097599085475 0.0026898432486665708
38.266666666666666 0.034137353409235724 0.0026619484950055963
38.3 0.013879543518165994 0.0025887872619464805
38.333333333333336 0.03045426056220314 0.0026727955640308103
38.36666666666667 -0.00876434752723049 0.002610946008885876
38.4 -0.02158481566527777 0.0026405179665363807
38.43333333333333 -0.04845182470429728 0.0026785661739078467
38.46666666666667 -0.0658232731918335 0.0027142291900121712
38.5 -0.07087785287339186 0.002739651793069328
38.53333333333333 -0.07202887679380823 0.0027285698360500626
38.56666666666667 -0.05645258902041166 0.002728330649750088
38.6 -0.05207250689544574 0.0027076351858434378
38.63333333333333 -0.03697016422954496 0.00270339756203887
38.666666666666664 0.01564111691166502 0.0027069870586700455
38.7 0.013353361966042974 0.0026357718260184033
38.733333333333334 0.020485805140072914 0.0026412720960317486
38.766666666666666 0.03963530937409937 0.002694821797467377
38.8 0.04859112788647147 0.0027411830148299093
38.833333333333336 0.05433630060209243 0.0027121558194381362
38.86666666666667 0.03652598346647384 0.0026509705855017815
38.9 0.03157671041352199 0.0026472180632278325
38.93333333333333 0.04322994150441234 0.002723916442205397
38.96666666666667 -0.00022367934003142222 0.0026028762023877117
39.0 -0.026098117150806278 0.00264957814685092
39.03333333333333 -0.041539592175027104 0.0026880345691414342
39.06666666666667 -0.055211946243074066 0.0027110563323661865
39.1 -0.06344624979131037 0.002734320589139458
39.13333333333333 -0.06533166181322421 0.0027331559297139596
39.166666666666664 -0.062005640606467696 0.0027254031468761514
39.2 -0.05705831760324603 0.002721646749288757
39.233333333333334 -0.03744750625803652 0.002671277201408931
39.266666666666666 -0.014246171751436859 0.0026090859635128152
39.3 -0.009925151473924752 0.0025959972319808313
39.333333333333336 0.008094736679740595 0.0025927741447421306
39.36666666666667 0.032180653931131634 0.002673949312458443
39.4 0.03581555676843929 0.002687125592468184
39.43333333333333 0.04372242831426627 0.002696725129988642
39.46666666666667 0.03835520822424406 0.002692123566130203
39.5 0.04078573590046696 0.0026748236811823256
39.53333333333333 0.024339126969551546 0.002639637362548467
39.56666666666667 0.009464326119793087 0.0026397744002585617
39.6 -0.015093478121343972 0.002623942122281101
39.63333333333333 -0.02778477107137228 0.002678082203270281
39.666666666666664 -0.03327518489740377 0.0026785932946883084
39.7 -0.051267908152166856 0.002696679692260097
39.733333333333334 -0.061999743699470526 0.002737843263597904
39.766666666666666 -0.06349294070980584 0.0027447256674545117
39.8 -0.0538597738014843 0.0027883524757720338
39.833333333333336 -0.04331868161493281 0.002687251357951413
39.86666666666667 -0.019338182663817368 0.0026427207999951477
39.9 -0.014733042635662427 0.0026175158282789324
39.93333333333333 -0.004620254023355637 0.0026010451899716016
39.96666666666667 0.01286851122815648 0.0026047107449086154
40.0 0.027117830279292664 0.002632298467207927
40.03333333333333 0.03529454863701882 0.002683760995068514
40.06666666666667 0.034032102271120204 0.002676241773114811
40.1 0.03313029673979031 0.0026581315969615785
40.13333333333333 0.027726325774250323 0.0026347633761703605
40.166666666666664 0.007499166512726421 0.002569642788637861
40.2 0.006106569446262701 0.0025867363941896385
40.233333333333334 -0.0013772010150203688 0.0026325999364748705
40.266666666666666 -0.025356998208573612 0.00265169497463294
40.3 -0.039751425651844176 0.0026657248686797197
40.333333333333336 -0.051800976107427406 0.002682414101460244
40.36666666666667 -0.05055251755751834 0.002707321772810675
40.4 -0.05843923753516471 0.0027102703460745586
40.43333333333333 -0.054639896505424494 0.002692376924272738
40.46666666666667 -0.042355694785739285 0.0027024299518032327
40.5 -0.025397919915922454 0.0026428217705638177
40.53333333333333 -0.01353354765291844 0.00261756667276526
40.56666666666667 0.007165866825764961 0.0026097846608009933
40.6 0.019419529504157585 0.0026199564302542104
40.63333333333333 0.023662663341325593 0.0026762984616341585
40.666666666666664 0.029887765557699213 0.002664321961568055
40.7 0.0322193378798481 0.0026490830789108882
40.733333333333334 0.027124919180433624 0.0026326109859979296
40.766666666666666 0.05476275356927848 0.0027590861077302978
40.8 0.021628387522173744 0.0026646763656769552
40.833333333333336 -0.0025499233079560326 0.0025939957898802007
40.86666666666667 0.0023188040429471366 0.002545170562473707
40.9 -0.041306383526151215 0.0026788268516264244
40.93333333333333 -0.05080478212190113 0.0026967257331611053
40.96666666666667 -0.05650724989544844 0.0027146492349821166
41.0 -0.0570565673428154 0.0027191988217545454
41.03333333333333 -0.04136230886719224 0.0027080963973543926
41.06666666666667 -0.04530016680690228 0.002712629360176924
41.1 -0.0347885601428437 0.0026671184460881833
41.13333333333333 -0.02161718981712462 0.002620369329517501
41.166666666666664 -0.007544302914152438 0.0025744661998427813
41.2 0.01785702837303253 0.002665471995439865
41.233333333333334 0.018576340479027984 0.002644490235817136
41.266666666666666 0.02239097622270005 0.0026415146662765454
41.3 0.02274225514148358 0.002626409818489904
41.333333333333336 0.023925082967471582 0.0026274913517305605
41.36666666666667 0.02189817199873262 0.0026341692616761343
41.4 0.01010477466423338 0.002653382569877521
41.43333333333333 0.0017206241341877358 0.0025786588523787103
41.46666666666667 -0.021775672931628836 0.0026176679702183195
41.5 -0.033135813644636136 0.0026569639611019047
41.53333333333333 -0.03702686497024575 0.002653706399496407
41.56666666666667 -0.05283812547133473 0.002736344364919985
41.6 -0.05328462459830263 0.0027140727226332845
41.63333333333333 -0.050145586171488406 0.0026960021387416044
41.666666666666664 -0.04218929071838224 0.0026848944435751837
41.7 -0.038749815275962954 0.002662671819559044
41.733333333333334 -0.025560786313728812 0.0026387953114993846
41.766666666666666 -0.012924988727292235 0.002621103073664843
41.8 0.002212419089965842 0.002585429946796438
41.833333333333336 0.010599506640507749 0.002660200450056955
41.86666666666667 0.023445650771815728 0.0026703372253743633
41.9 0.03765470425022129 0.002718353501221897
41.93333333333333 0.03871112208954487 0.0027823042042092114
41.96666666666667 0.028163335092064336 0.0026854576537450048
42.0 0.010223051435581637 0.0025813320959467215
