0.0 -0.30098616254347926 0.002146994318225348
0.03333333333333333 -0.4077612400860777 0.002243652511480121
0.06666666666666667 -0.4634856798599899 0.0023263861904419536
0.1 -0.5111889107598753 0.002337205675897347
0.13333333333333333 -0.5123540355515724 0.0023369587907483558
0.16666666666666666 -0.48023379775884134 0.0023091687829113194
0.2 -0.4099519611223308 0.002264501467494684
0.23333333333333334 -0.30993654183591757 0.0021644942222307506
0.26666666666666666 -0.1884680281321338 0.0019960934648565187
0.3 -0.05659323807111667 0.0018118354241371815
0.3333333333333333 0.07933587795769781 0.0018490938465633017
0.36666666666666664 0.21087933249700236 0.002047475638433771
0.4 0.3137332038859437 0.0021866961130013185
0.43333333333333335 0.4026541553500777 0.0022507414998799713
0.4666666666666667 0.46068275316076224 0.0022906880686777153
0.5 0.5034059743524766 0.002339220876664494
0.5333333333333333 0.47866380899899785 0.0023308401706693127
0.5666666666666667 0.4215223729910579 0.002292157628966618
0.6 0.3435168894784382 0.0021814601037493664
0.6333333333333333 0.2475044386253778 0.0020745181890032827
0.6666666666666666 0.1354068739911148 0.0019469516391545372
0.7 0.002278718332184695 0.0017355880313667097
0.7333333333333333 -0.1439677790377698 0.0019420583588159734
0.7666666666666667 -0.27284967268047766 0.0021159454006941525
0.8 -0.3676859358725139 0.002234208393160575
0.8333333333333334 -0.44968532851806636 0.0023136607087475003
0.8666666666666667 -0.5032679492944944 0.0023945620155783054
0.9 -0.5114693362592047 0.002343232622946889
0.9333333333333333 -0.4873455279662259 0.0023112932693781785
0.9666666666666667 -0.42592333698587287 0.002266797716890201
1.0 -0.33902270037129156 0.0021987071514429912
1.0333333333333334 -0.21792998434643893 0.002074964837087606
1.0666666666666667 -0.0835199260864488 0.001859390747175227
1.1 0.04515543527247515 0.001800304950384593
1.1333333333333333 0.1735353943249367 0.0019929901982757015
1.1666666666666667 0.2922261676872446 0.0021336496945071337
1.2 0.4037410137079306 0.002248296517877002
1.2333333333333334 0.4621587751080577 0.002298299799510628
1.2666666666666666 0.5032998484611486 0.0023349931754232944
1.3 0.49697066552597874 0.00234999399353214
1.3333333333333333 0.4802730984391307 0.002334178241730933
1.3666666666666667 0.42159426427960706 0.002303300425845922
1.4 0.31907675451726225 0.0022071864007865982
1.4333333333333333 0.22246897210905564 0.0021002507495922196
1.4666666666666666 0.044362375769947095 0.0018195839292000013
1.5 -0.03327922423260209 0.001858442011752337
1.5333333333333334 -0.20734998070631372 0.002083026730619081
1.5666666666666667 -0.32518617239902875 0.0022243365101237145
1.6 -0.4089110085193834 0.0023628641429400132
1.6333333333333333 -0.46421685455666756 0.00239398709201899
1.6666666666666667 -0.47210225134084766 0.002410833354547004
1.7 -0.420069522131227 0.002438628336460691
1.7333333333333334 -0.36808905873990677 0.002387725831246912
1.7666666666666666 -0.31071750788546787 0.0022396347162325636
1.8 -0.2009970148202594 0.0020855648763556667
1.8333333333333333 -0.07677936865058632 0.0019159515179151682
1.8666666666666667 0.054465268308525334 0.0018617184534674494
1.9 0.14333838606997576 0.0019993944130714536
1.9333333333333333 0.27390167974884094 0.0021317518499922583
1.9666666666666666 0.37450934641489647 0.0022200082920719177
2.0 0.42079981337171807 0.0022666973286987746
2.033333333333333 0.45813736701170726 0.002292561017340322
2.066666666666667 0.46579800907315144 0.002292924364517779
2.1 0.4422682884912013 0.002282932186701503
2.1333333333333333 0.3830623167118346 0.0022424329598855763
2.1666666666666665 0.2914984734775843 0.0021403718451797338
2.2 0.17125528306999188 0.001973036381400395
2.2333333333333334 0.045494764695928204 0.0017953018402624768
2.2666666666666666 -0.08196362687134678 0.0018418290684018152
2.3 -0.20838603833565156 0.0020164678898080546
2.3333333333333335 -0.3198402409173224 0.0021454241090489434
2.3666666666666667 -0.41098298384439763 0.0022415479691133555
2.4 -0.4753851486702314 0.0022827635880793284
2.433333333333333 -0.5022085459859293 0.0023141324137235797
2.466666666666667 -0.4931806990027335 0.002300310910247516
2.5 -0.4560762839201689 0.0022931675421012376
2.533333333333333 -0.3877495696788375 0.0022362003197998193
2.566666666666667 -0.28293478743169664 0.0021246257883160147
2.6 -0.16489442334661858 0.0019712244345675978
2.6333333333333333 -0.03754579676346315 0.0017793552011116862
2.6666666666666665 0.08939906112701271 0.0018631883447481762
2.7 0.21545326084726882 0.0020530338774463752
2.7333333333333334 0.317330709007448 0.002159856476773525
2.7666666666666666 0.40176391271458994 0.002257157523979758
2.8 0.4523163000591848 0.002307850466157002
2.8333333333333335 0.472330522118943 0.0023340204742753334
2.8666666666666667 0.45099810744145075 0.0023077458845918164
2.9 0.4039696417399495 0.002279781170655748
2.933333333333333 0.3307022032915585 0.0021984200936346343
2.966666666666667 0.23595319632458647 0.002082978057747459
3.0 0.10379182273598637 0.0018755747765463182
3.033333333333333 -0.029155921606821032 0.001773187071280262
3.066666666666667 -0.1507934832962217 0.001970617417100612
3.1 -0.26887164614434855 0.0021305041152618887
3.1333333333333333 -0.3737372848830644 0.002231120675835807
3.1666666666666665 -0.44806017530825004 0.0023059031410388453
3.2 -0.4900650018685135 0.0023380008085103765
3.2333333333333334 -0.4959125005430302 0.002320169379862791
3.2666666666666666 -0.46302219400917277 0.002294003647611287
3.3 -0.39941504313336146 0.002259985774977269
3.3333333333333335 -0.30857543984389174 0.002173152916023935
3.3666666666666667 -0.1896205856036763 0.002021714068193098
3.4 -0.055592273616936264 0.0018139604460593248
3.433333333333333 0.0642254234523052 0.0018207714024921495
3.466666666666667 0.20135056728834072 0.0020303454528556586
3.5 0.3327675358858974 0.0021887174643975826
3.533333333333333 0.4154332188397927 0.0022713325529742368
3.566666666666667 0.43325527726772073 0.0022579667072810117
3.6 0.46152387909191767 0.00229810323137708
3.6333333333333333 0.44676116370863134 0.0022785788097027804
3.6666666666666665 0.41282623039368865 0.002255619482782467
3.7 0.3412865966885989 0.0022025986615885063
3.7333333333333334 0.24315191167208133 0.0020888748598725526
3.7666666666666666 0.13262637344142478 0.001922757955357457
3.8 -0.012430594892660046 0.0017273236191569334
3.8333333333333335 -0.14158335185091248 0.00192513055437607
3.8666666666666667 -0.26173541585637156 0.002096537837788348
3.9 -0.35130894010345515 0.0022119152022277433
3.933333333333333 -0.41516089899684816 0.002303281960487291
3.966666666666667 -0.460365970367662 0.002355872248482993
4.0 -0.48967074339252725 0.0023196933310522527
4.033333333333333 -0.46064969661234334 0.002330526748031636
4.066666666666666 -0.40734704787025 0.0022676218914737256
4.1 -0.31938977682495184 0.002168962987939449
4.133333333333334 -0.2110779088870572 0.0020342492595800954
4.166666666666667 -0.07661764730300208 0.0018489375077327674
4.2 0.05049696993493358 0.0018111669044872103
4.233333333333333 0.16499074774446632 0.001981657848744739
4.266666666666667 0.27502543586278255 0.0021128392594113587
4.3 0.3812967957372089 0.0022286301180865498
4.333333333333333 0.442327492200409 0.002290938543438148
4.366666666666666 0.48250565392838407 0.002333623472468016
4.4 0.44617560097100856 0.00231358567829143
4.433333333333334 0.40698118687817314 0.0022866804935787743
4.466666666666667 0.3447036285826518 0.002230075499175588
4.5 0.24911515602721337 0.002091986715258537
4.533333333333333 0.13649652681132635 0.001923521233266945
4.566666666666666 0.014788926858169316 0.0017356518155616212
4.6 -0.11287835606541696 0.001893658911148316
4.633333333333334 -0.2343902859214678 0.0020593045112828334
4.666666666666667 -0.3271286779055195 0.0021789977781699332
4.7 -0.40956165346724077 0.0022627118179857075
4.733333333333333 -0.46733860865001536 0.00231001637254169
4.766666666666667 -0.48350260668471085 0.002330786000020346
4.8 -0.4703275561042219 0.0022978947517094395
4.833333333333333 -0.4051078349234834 0.0022989693029712432
4.866666666666666 -0.31259843919207597 0.0022051080373277077
4.9 -0.21267260363400292 0.0020662375561120994
4.933333333333334 -0.09062378814622932 0.0018848598467029742
4.966666666666667 0.03971090616690665 0.0017972583821684457
5.0 0.12916970693846738 0.0019115918923978126
5.033333333333333 0.27305827540255995 0.002119620673878553
5.066666666666666 0.3497588579045155 0.0021863322971011345
5.1 0.41666004881515256 0.0022511016356194236
5.133333333333334 0.46163896698294327 0.0023171706742881604
5.166666666666667 0.483061149130825 0.002317293856400282
5.2 0.45180080175336057 0.002311060701710388
5.233333333333333 0.38999526716075683 0.002264727877594852
5.266666666666667 0.2818413511370946 0.0021474508630928146
5.3 0.176512280377646 0.002007211504691464
5.333333333333333 0.05176461789427809 0.0018253891550930532
5.366666666666666 -0.07301269206381762 0.001877908096495573
5.4 -0.1993919543448712 0.0020540531301717624
5.433333333333334 -0.3009995750763595 0.0021695716023471534
5.466666666666667 -0.38956031261319685 0.00226745899572689
5.5 -0.4405821148867772 0.002314219239793802
5.533333333333333 -0.4634706343345763 0.0023407099011826804
5.566666666666666 -0.46696477525099295 0.002312835258933721
5.6 -0.41773203079838295 0.0022964834658620314
5.633333333333334 -0.3483653606645072 0.002236691082709741
5.666666666666667 -0.247169658841007 0.002202879602652308
5.7 -0.13035715321930808 0.0019809483746746903
5.733333333333333 -0.011219065173388056 0.001775326941986637
5.766666666666667 0.09279600364297053 0.001865394487923
5.8 0.21063970600300766 0.002043082084747433
5.833333333333333 0.3127575258627985 0.0021792771200647154
5.866666666666666 0.4218508854523264 0.002282096854974547
5.9 0.4648215427320257 0.002310036408664562
5.933333333333334 0.47389457847852673 0.0023079991121085497
5.966666666666667 0.43258533900135815 0.002264032870834598
6.0 0.37309861004094264 0.0022372563102446286
6.033333333333333 0.2919700555730047 0.0021444198367959744
6.066666666666666 0.18644274811289618 0.002020488029566725
6.1 0.0680319442187305 0.0018308115980760487
6.133333333333334 -0.0546261476777435 0.0018275201581562303
6.166666666666667 -0.17413470067892664 0.001984966858402437
6.2 -0.282044878627927 0.0021525783521216257
6.233333333333333 -0.37460169605633464 0.00223465454309163
6.266666666666667 -0.43951013828067315 0.0022918966780929306
6.3 -0.4701061372018359 0.00235233777654964
6.333333333333333 -0.46045709154707665 0.0023300972736371994
6.366666666666666 -0.43660360625809713 0.0022987105176832667
6.4 -0.3723146208472765 0.002234808115357867
6.433333333333334 -0.2693480152561077 0.0021328590587493257
6.466666666666667 -0.16085356989432922 0.0019853978457583243
6.5 -0.04390746018367038 0.0018032486745649182
6.533333333333333 0.08564407280026633 0.0018744235396157688
6.566666666666666 0.2074402071397266 0.0020404300113595064
6.6 0.29235609621951664 0.0021324094264233984
6.633333333333334 0.37227257673993996 0.002207267758837561
6.666666666666667 0.4194338480242019 0.0022659768545850167
6.7 0.43957533214167777 0.0022754470180972874
6.733333333333333 0.4306017570474877 0.002269110154174969
6.766666666666667 0.3897365077758107 0.0022378473275567745
6.8 0.31272982637080543 0.002166742210407413
6.833333333333333 0.2135939469095391 0.00203143669901798
6.866666666666666 0.09742330005673906 0.0018654611181270347
6.9 -0.0250305757391075 0.0017480284315766377
6.933333333333334 -0.1426115768361151 0.001963168350522987
6.966666666666667 -0.2429656382068098 0.0021077978834591338
7.0 -0.34651744180049704 0.0022104979614971376
7.033333333333333 -0.4179919146377848 0.002296392323672014
7.066666666666666 -0.4592697929108476 0.002356820022842432
7.1 -0.46142328334244553 0.0023552210541105123
7.133333333333334 -0.42160567212587136 0.0023559584517144905
7.166666666666667 -0.35888443477717263 0.0022826686737862922
7.2 -0.27329811195375325 0.0021804578074142156
7.233333333333333 -0.16920186474038457 0.00203355910214173
7.266666666666667 -0.06454577816208354 0.0018448610849586544
7.3 0.06300135529162765 0.0018584282691721798
7.333333333333333 0.1778266588832994 0.0020277142198923126
7.366666666666666 0.2754231802308772 0.002156355938487897
7.4 0.35401890174966905 0.0022084273284302958
7.433333333333334 0.4207821029724719 0.0022875543044835744
7.466666666666667 0.4434140738549697 0.002292796036262146
7.5 0.43073235425235246 0.0023163291395317254
7.533333333333333 0.38993695635064646 0.0022496860335010083
7.566666666666666 0.3377786678643875 0.002219696403869431
7.6 0.24403401015368698 0.0021007710724044726
7.633333333333334 0.1337039510974769 0.001959266445289237
7.666666666666667 0.005785293980995321 0.0017466623405060647
7.7 -0.1133338123987908 0.0019097176495268264
7.733333333333333 -0.235823898915164 0.0020942912794945923
7.766666666666667 -0.33210249966017463 0.0022141795120732555
7.8 -0.4021939514397109 0.002312016372043535
7.833333333333333 -0.44447139311090256 0.0023470363954894435
7.866666666666666 -0.4622004593115151 0.002337641891013653
7.9 -0.44153760172422774 0.0023154326807466874
7.933333333333334 -0.3886774631836701 0.002258207762135034
7.966666666666667 -0.3127346772203949 0.002182468130048465
8.0 -0.2094544563161573 0.002038534242597506
8.033333333333333 -0.08787483406159127 0.0018764505541847554
8.066666666666666 0.02427226209878061 0.0017573324319783735
8.1 0.14436351829584604 0.0019644348564826497
8.133333333333333 0.25166180672531807 0.002085751211217457
8.166666666666666 0.34694848452963073 0.0022066915011072497
8.2 0.3983240318253525 0.0022495569141119387
8.233333333333333 0.4271194990428014 0.002263138956666355
8.266666666666667 0.42696489170336305 0.002316158240975974
8.3 0.40304729912422427 0.0022638305406417203
8.333333333333334 0.3362914336424301 0.002197567691531066
8.366666666666667 0.25450259909886275 0.0021340885378882124
8.4 0.1440314596218635 0.0019730861513369835
8.433333333333334 0.024390481649379372 0.001763007496168971
8.466666666666667 -0.09376132454138246 0.0018824872640728768
8.5 -0.21208620943046647 0.002052007228486419
8.533333333333333 -0.3097343686650045 0.0021568804197508173
8.566666666666666 -0.3885654688236364 0.0022358528460924565
8.6 -0.43931579094530954 0.0022897114404377694
8.633333333333333 -0.45772186476774557 0.0023272193815303543
8.666666666666666 -0.4389272224390813 0.0023302243605508033
8.7 -0.38853260638746073 0.00226834196697423
8.733333333333333 -0.3232228147372752 0.002170547374625187
8.766666666666667 -0.22833699931734933 0.0020592754210862207
8.8 -0.11370783644958941 0.001918034272857111
8.833333333333334 0.0021743838020033836 0.0017303102693455794
8.866666666666667 0.11728418034592179 0.0019168951589404876
8.9 0.23348771691982492 0.0020799459468187342
8.933333333333334 0.31504119602049785 0.002160223602627298
8.966666666666667 0.3834133760351876 0.002249320149981471
9.0 0.42423551865258474 0.00230916186022484
9.033333333333333 0.4283302115388746 0.0022998536003147607
9.066666666666666 0.40073743084251157 0.0022646053523229237
9.1 0.343404962610132 0.0021864851137122776
9.133333333333333 0.2659562993583216 0.0021156588476112237
9.166666666666666 0.18797300156816454 0.002035792267171599
9.2 0.05322109387069859 0.0018353489398536746
9.233333333333333 -0.06780274235578698 0.0018491647086339713
9.266666666666667 -0.18584161836493263 0.0020278845349630537
9.3 -0.2897607682599996 0.0021235553469781676
9.333333333333334 -0.36769058349893935 0.0022183553487146734
9.366666666666667 -0.42412948265074324 0.00228508372329822
9.4 -0.45419535685395973 0.002298112444887146
9.433333333333334 -0.4447834775599494 0.00230584881160506
9.466666666666667 -0.4055331565326367 0.0022495530583160894
9.5 -0.34246053965397244 0.0021781297380440434
9.533333333333333 -0.24857595539752403 0.0020829514445622754
9.566666666666666 -0.14073732148882961 0.0019427480197994063
9.6 -0.02226656935973521 0.0017616250472267565
9.633333333333333 0.0925278889318596 0.0018668069188678277
9.666666666666666 0.2002660848369893 0.0020534448005450345
9.7 0.30002894325544105 0.0021435432741144234
9.733333333333333 0.3664912090506412 0.002207564635728576
9.766666666666667 0.4248694675197361 0.0022969068907546797
9.8 0.434555376418973 0.0023051995303465245
9.833333333333334 0.40675206921517254 0.0022797227853096347
9.866666666666667 0.35628518680181126 0.0022117047968690517
9.9 0.2780203691317901 0.0021204820663352497
9.933333333333334 0.18411373440652287 0.00201416010363506
9.966666666666667 0.07123520536722681 0.001838289817425981
10.0 -0.029286634729365033 0.0017869700716824817
10.033333333333333 -0.16180140255833353 0.0019956024759015534
10.066666666666666 -0.26820788770338655 0.002148506511323034
10.1 -0.3506984861615019 0.0022444545019193463
10.133333333333333 -0.41367166502882335 0.0022844086423063348
10.166666666666666 -0.447457699121137 0.0022908634083594337
10.2 -0.44790832176031364 0.0022970364250471387
10.233333333333333 -0.41695974541464936 0.0022674647371142
10.266666666666667 -0.3542258950443691 0.0022081272706830912
10.3 -0.2657272544344404 0.0021070951316561892
10.333333333333334 -0.16054527465361812 0.0019644251544685687
10.366666666666667 -0.04701944997990212 0.0018006179454228624
10.4 0.07441113987390076 0.0018586501076454515
10.433333333333334 0.18113888149503785 0.002004690785510188
10.466666666666667 0.2742667565727201 0.0021129942328600992
10.5 0.351695139748023 0.0021972073710109785
10.533333333333333 0.39739473764999533 0.002242176730766321
10.566666666666666 0.4153912174612451 0.0022625866967789787
10.6 0.40303053942141276 0.002238213483021001
10.633333333333333 0.36376968834412104 0.002219773473016773
10.666666666666666 0.2967610897548883 0.0021485314895467456
10.7 0.20312702725085943 0.0020421298934497345
10.733333333333333 0.0904361951030833 0.0018712920583662945
10.766666666666667 -0.019550506988855902 0.0017632050485008252
10.8 -0.13077444023814913 0.0019377614697297652
10.833333333333334 -0.2401737793017968 0.00208428944099065
10.866666666666667 -0.32868742840248555 0.0021797844507919772
10.9 -0.3952943018918694 0.0022508626559122336
10.933333333333334 -0.4299196936373233 0.002296152700249632
10.966666666666667 -0.43291329557193503 0.002317790298208555
11.0 -0.41455570745989534 0.0022697827281536465
11.033333333333333 -0.3673117582168148 0.002228863795586733
11.066666666666666 -0.28300429247682085 0.002131410452985094
11.1 -0.1842952181015467 0.0020106457810122047
11.133333333333333 -0.0694545111725448 0.0018200663546116685
11.166666666666666 0.04882784038070839 0.001799309262015665
11.2 0.16603678000864516 0.0020112307677899455
11.233333333333333 0.2627089563262168 0.002160471950634124
11.266666666666667 0.33810525886220566 0.0021997035443372392
11.3 0.3921538860886119 0.002267650516379116
11.333333333333334 0.42021156593384895 0.0022903266177944914
11.366666666666667 0.4065785444411926 0.0022770804065994077
11.4 0.37344671696386306 0.002232034806882055
11.433333333333334 0.30927849939116925 0.0021477705071952236
11.466666666666667 0.2169776230429914 0.00204792934584494
11.5 0.11458499187301353 0.001924329058680438
11.533333333333333 0.0022820031737790093 0.0017388225008733008
11.566666666666666 -0.11339614444279719 0.0019096003590632349
11.6 -0.2214743748242113 0.002056032720333195
11.633333333333333 -0.3133360716052424 0.0021787527212834834
11.666666666666666 -0.38385466472119567 0.002241974871978525
11.7 -0.4307921105057323 0.002297374597608759
11.733333333333333 -0.43900142533439607 0.0023100195754429675
11.766666666666667 -0.4098575960580353 0.0023049281099566943
11.8 -0.3580812359979324 0.0022462027976880017
11.833333333333334 -0.2867643741122945 0.0021677355221103034
11.866666666666667 -0.18614766356901757 0.0020398878301297607
11.9 -0.08994195402237844 0.0018686767702978252
11.933333333333334 0.03311772858717539 0.0017862956866730034
11.966666666666667 0.1350055157303387 0.0019493255053575353
12.0 0.2382807451989323 0.0020920620664558742
12.033333333333333 0.31762061468067404 0.0021802566740963814
12.066666666666666 0.38272123461233387 0.002232326446109656
12.1 0.41939737177140607 0.002262201100635297
12.133333333333333 0.41213386107059263 0.002259224780134239
12.166666666666666 0.37752962876809587 0.002221398302823807
12.2 0.31843483801223565 0.0021512301980327053
12.233333333333333 0.24809902418034838 0.0021065361870676036
12.266666666666667 0.13744446009869965 0.0019330858260631634
12.3 0.024037862732811357 0.0017499923042226355
12.333333333333334 -0.0814910460921188 0.0018592223652285494
12.366666666666667 -0.19307518372376972 0.002014184029640209
12.4 -0.2833574856476308 0.0021425612589968668
12.433333333333334 -0.36498882678460964 0.002222602039557986
12.466666666666667 -0.41772178004629656 0.0022540761661095643
12.5 -0.43439976078174125 0.00228010862440714
12.533333333333333 -0.4245205372390827 0.002282681423687538
12.566666666666666 -0.38218672105683626 0.002258973182877433
12.6 -0.2989453880815349 0.002188001612309698
12.633333333333333 -0.21361282529983364 0.002075832051512516
12.666666666666666 -0.10748215331809285 0.0019127605718990692
12.7 0.008694245536001196 0.001747236693023858
12.733333333333333 0.12887726781690048 0.001958318232677697
12.766666666666667 0.22037134377608328 0.0020778844126113916
12.8 0.30537032745131115 0.002159905961744535
12.833333333333334 0.37194040979065335 0.002236000077136313
12.866666666666667 0.3975583664453796 0.002233358396263485
12.9 0.4013822169611098 0.0022374953154226107
12.933333333333334 0.37889081866324115 0.002224765291884534
12.966666666666667 0.326866799038553 0.002173996521677768
13.0 0.2503658494135851 0.0020992516173429787
13.033333333333333 0.16909752778682444 0.001996903690489271
13.066666666666666 0.050626134104993 0.00184061061400239
13.1 -0.06437779759633946 0.0018259419743212324
13.133333333333333 -0.18425885844406076 0.0019951348809841285
13.166666666666666 -0.27975942696458034 0.002118594253821937
13.2 -0.3578674735919057 0.0022144179957711008
13.233333333333333 -0.4077860452372908 0.0022711292934206595
13.266666666666667 -0.43364776977937575 0.002292472057120465
13.3 -0.42189556773552406 0.0022959471062334313
13.333333333333334 -0.38084050994224167 0.0022830149524644683
13.366666666666667 -0.30973727288287417 0.0022156850580660192
13.4 -0.2255800637009185 0.002084482220845313
13.433333333333334 -0.11422627784086811 0.0019276425659450064
13.466666666666667 -0.012261630819420784 0.0017532485610107385
13.5 0.09659689585945601 0.001880178002239316
13.533333333333333 0.1801557586161255 0.0020207142381825083
13.566666666666666 0.2873157575129954 0.0021376556656196866
13.6 0.35565443763106713 0.0021921763293806795
13.633333333333333 0.39689073212937737 0.0022444338864958113
13.666666666666666 0.3978253737486894 0.0022366441077082966
13.7 0.3807958377495159 0.002213846217996196
13.733333333333333 0.33535220280374345 0.0021987931174829445
13.766666666666667 0.259528405127724 0.002114552688318838
13.8 0.16908186807038658 0.001985136864865511
13.833333333333334 0.06037512031939375 0.0018311933298137614
13.866666666666667 -0.0490945528074945 0.0018176079822670235
13.9 -0.1561737352241104 0.0019781146839309427
13.933333333333334 -0.25810107244599495 0.0021008055834930706
13.966666666666667 -0.3320346947610663 0.0021971743174994396
14.0 -0.3975729302950811 0.0022551512600524903
14.033333333333333 -0.42654350800495244 0.002281606323256802
14.066666666666666 -0.42365200549103754 0.002271281936318481
14.1 -0.3859843065019947 0.0022384533879034607
14.133333333333333 -0.32083826424802797 0.0021778107705409666
14.166666666666666 -0.24640397088270824 0.0020870187256228356
14.2 -0.14565316563108657 0.0019440904998433706
14.233333333333333 -0.03977527019362835 0.001774242614834054
14.266666666666667 0.07033714032042415 0.0018279976007317678
14.3 0.17551912761945151 0.0019835961786954792
14.333333333333334 0.2678464647482874 0.002125998573900667
14.366666666666667 0.3362844482857717 0.002184100512073628
14.4 0.38127494239572024 0.0022401096227768758
14.433333333333334 0.3999257155122988 0.002282667517134851
14.466666666666667 0.3832929821120753 0.002242777645834193
14.5 0.33967847863125716 0.0021915332028056844
14.533333333333333 0.2729560687651441 0.002126045900277429
14.566666666666666 0.1850082018335182 0.002012194033761572
14.6 0.08378455354124101 0.0018676690883929342
14.633333333333333 -0.025396677779481142 0.0017750851792809955
14.666666666666666 -0.13246032491901108 0.0019704027904264287
14.7 -0.237173599263168 0.0021226749958426216
14.733333333333333 -0.32346962247795735 0.0021768336912793007
14.766666666666667 -0.38311164162136274 0.002233782724964495
14.8 -0.4181576469164299 0.0022773619477561846
14.833333333333334 -0.4237019781261214 0.002299160922812016
14.866666666666667 -0.3980825873890478 0.0022622923826460806
14.9 -0.3405178219215004 0.002195447740069967
14.933333333333334 -0.2600270042987307 0.0021131208939841883
14.966666666666667 -0.16005377920930108 0.001972516837408622
15.0 -0.051841620984752215 0.0018031034538487853
15.033333333333333 0.06195116048374183 0.001822545403218967
15.066666666666666 0.1750750636354292 0.002000760077644631
15.1 0.2687297860680428 0.0021375064802720556
15.133333333333333 0.32362910454760174 0.0021722385528019084
15.166666666666666 0.36955891277931746 0.002219665306814944
15.2 0.39632073124119566 0.0022740555860292777
15.233333333333333 0.39251065969247056 0.0022958711203309723
15.266666666666667 0.3504621966344307 0.00223318576261039
15.3 0.2918666857049501 0.0021741914478476954
15.333333333333334 0.20320578829127983 0.002033151738978084
15.366666666666667 0.09958739086696905 0.0018755341805228865
15.4 -0.0022819172582884627 0.0017255941356952172
15.433333333333334 -0.12299110869107484 0.0019156800401944896
15.466666666666667 -0.21707116653043396 0.002072619489887323
15.5 -0.299995649825775 0.002160610108210448
15.533333333333333 -0.3723040650424722 0.0022882025803352968
15.566666666666666 -0.41052469797204677 0.0022866372614436248
15.6 -0.4098244388044672 0.0022889483462735227
15.633333333333333 -0.3866713943671517 0.0022882680295020497
15.666666666666666 -0.33556084674093395 0.002233519235128878
15.7 -0.2640205474361695 0.002133258639719804
15.733333333333333 -0.1762765580823833 0.0020245320654517784
15.766666666666667 -0.06587212534864634 0.0018363832436363026
15.8 0.04101199464651172 0.0017871119483465134
15.833333333333334 0.14365454866378516 0.0019414462160949886
15.866666666666667 0.23530208178466092 0.0020551059056537757
15.9 0.3129944349528659 0.002154032412884699
15.933333333333334 0.3673803340701201 0.0022199384801293576
15.966666666666667 0.3866133825765635 0.002272941663697625
16.0 0.3745575771194772 0.0022216653558667088
16.033333333333335 0.35698862939019954 0.0022068304821276086
16.066666666666666 0.2907154062670095 0.0021358365526151224
16.1 0.21397071530963552 0.002053524330045048
16.133333333333333 0.12284524330138252 0.001919361781301518
16.166666666666668 0.016536718853506507 0.0017524031881591268
16.2 -0.08585002269496074 0.0018836722372141124
16.233333333333334 -0.1945478529229762 0.0020425765725498868
16.266666666666666 -0.2767472268738157 0.002165769084003011
16.3 -0.34452146287612306 0.0022354419150495963
16.333333333333332 -0.38432775941299474 0.0022810065660264223
16.366666666666667 -0.41457218762773346 0.0022663214505524443
16.4 -0.3934108467119004 0.0022531547958276055
16.433333333333334 -0.3450246440484062 0.002208898841942253
16.466666666666665 -0.27784037131925265 0.0021316788794734642
16.5 -0.19475898130720848 0.0020113986497375946
16.533333333333335 -0.09075084698462928 0.0018622128822039785
16.566666666666666 0.02005897222612138 0.0017374734984200516
16.6 0.12684712811850268 0.0019119366064183352
16.633333333333333 0.2192011044223347 0.0020368479440543152
16.666666666666668 0.2983548190135344 0.002148665954321116
16.7 0.35527573779767896 0.002202098088400384
16.733333333333334 0.3945240247673662 0.002246291030562231
16.766666666666666 0.39264281111691646 0.0022438912763166896
16.8 0.36874846852594195 0.0022208544250191253
16.833333333333332 0.3191512268936952 0.0021734235991903716
16.866666666666667 0.23265389235725487 0.002069188497541452
16.9 0.1515521304106999 0.001985600233593593
16.933333333333334 0.033918397440970326 0.001816422612510811
16.966666666666665 -0.07074340979873642 0.0018554260715298032
17.0 -0.1488419987425397 0.001993016979287665
17.033333333333335 -0.2593870571218263 0.002142106931035892
17.066666666666666 -0.34037929340950135 0.0022261856811273684
17.1 -0.3784639612394912 0.002284507269836533
17.133333333333333 -0.3911585566228479 0.0023093176217130473
17.166666666666668 -0.371927452740917 0.002283653158277721
17.2 -0.3511599735652618 0.002234494452591551
17.233333333333334 -0.28799483442509355 0.002164698117243735
17.266666666666666 -0.18371919760485594 0.0020483173732465942
17.3 -0.09644751516698977 0.0019099425717867546
17.333333333333332 0.008253094477885763 0.0017577363249705429
17.366666666666667 0.124876787929493 0.0019520088604886576
17.4 0.2160925601405582 0.0020663346462290177
17.433333333333334 0.2997825813829391 0.002160916308168226
17.466666666666665 0.3324563373103203 0.002205509404015038
17.5 0.38110530225391415 0.0022401490253072254
17.533333333333335 0.39018124544865296 0.002250311982097908
17.566666666666666 0.36796357168867727 0.002270753812278037
17.6 0.3257213781071494 0.0022403768349987807
17.633333333333333 0.2501722249074075 0.002127265141539325
17.666666666666668 0.16454502536173232 0.002007875240324225
17.7 0.06318638420839921 0.0018610054813802124
17.733333333333334 -0.05256980009503631 0.001825549760149002
17.766666666666666 -0.16060937339266537 0.0019988311441614115
17.8 -0.24588971226231315 0.002148636511677654
17.833333333333332 -0.3195833337524341 0.0022372316059936503
17.866666666666667 -0.3747724196860568 0.0022547060607783775
17.9 -0.4014499778745973 0.0022754266834209558
17.933333333333334 -0.39544387469598086 0.0022736822731801443
17.966666666666665 -0.36171939465371444 0.00223208939112568
18.0 -0.30684301128188185 0.002152605482855896
18.033333333333335 -0.21915710236046135 0.0020533963979154912
18.066666666666666 -0.12005471372773913 0.001932398880710201
18.1 -0.017217133999274874 0.001749459608152034
18.133333333333333 0.09628527279199633 0.0018781049947839135
18.166666666666668 0.189657114441915 0.0020009543557481246
18.2 0.26314145260267463 0.0020875065833445006
18.233333333333334 0.326236219019685 0.002167651539323967
18.266666666666666 0.3646953652189216 0.0022149812888279663
18.3 0.37302224925736066 0.002221401752492358
18.333333333333332 0.35792557378343093 0.0022204297139078455
18.366666666666667 0.31036979702949896 0.002153743589331125
18.4 0.2422971060616391 0.0020657336416761984
18.433333333333334 0.16015457062267982 0.0019571813623486256
18.466666666666665 0.062468321660243624 0.0018138704252877794
18.5 -0.04231983949294675 0.0017933450456495623
18.533333333333335 -0.14370546703405082 0.001944198190666463
18.566666666666666 -0.22863812103918757 0.002073518442998107
18.6 -0.3062320407451879 0.0021678598817683747
18.633333333333333 -0.36590332110440565 0.0022289950239223755
18.666666666666668 -0.3853421224266375 0.00227262167629394
18.7 -0.3876567528233344 0.0023065216884359807
18.733333333333334 -0.35722288601457897 0.002247992172388913
18.766666666666666 -0.2958618105330243 0.002165079256742586
18.8 -0.2252286945121058 0.002065311812132098
18.833333333333332 -0.13047249723130558 0.001919879083833037
18.866666666666667 -0.03412818176231324 0.0017661172297608885
18.9 0.0740304278127191 0.0018472105757133261
18.933333333333334 0.18153802033006206 0.00205243385098966
18.966666666666665 0.26631223787102604 0.0021392061637039994
19.0 0.3284499798663866 0.002169737963154339
19.033333333333335 0.3717317699853861 0.002225063865266441
19.066666666666666 0.384734848134909 0.0022330416041597134
19.1 0.3572610099900174 0.002207252250080338
19.133333333333333 0.3276398455490012 0.0021927415740113365
19.166666666666668 0.2646486824218016 0.0021185451986922565
19.2 0.18410619594414107 0.0020220802533828797
19.233333333333334 0.08779314998673698 0.0018912976086799815
19.266666666666666 -0.02592843248017102 0.0017865971178320887
19.3 -0.12349328737969725 0.0019165959073715877
19.333333333333332 -0.22369513846315248 0.0020595533180987335
19.366666666666667 -0.30450960655900206 0.0021407925199465327
19.4 -0.3455697792003893 0.002225512005196384
19.433333333333334 -0.3898615940286173 0.0022487576163603418
19.466666666666665 -0.37938995124239805 0.0022643648064510913
19.5 -0.36448452321171576 0.00224167009920323
19.533333333333335 -0.31056215587237396 0.002179569868618225
19.566666666666666 -0.23406065176919133 0.0020834435000795237
19.6 -0.13943454817661957 0.0019435046124782474
19.633333333333333 -0.0443059332516541 0.0017778261066164758
19.666666666666668 0.05733478353993615 0.001807413190684344
19.7 0.1522140230138563 0.001942731547002946
19.733333333333334 0.24500116955095572 0.002085908992427027
19.766666666666666 0.30611170799744036 0.0021501726555409606
19.8 0.3368307564415064 0.002169983799938824
19.833333333333332 0.3667051534085392 0.0022060610982718165
19.866666666666667 0.3591042255220816 0.0022049477446431376
19.9 0.3255371632682894 0.0021757131496361604
19.933333333333334 0.27232518345204965 0.002121045682927092
19.966666666666665 0.20771738349263968 0.0020689465383859906
20.0 0.09288543336124117 0.0018713668250337906
20.033333333333335 -0.011584947987544813 0.001755492300298006
20.066666666666666 -0.10542739203209715 0.0018746983288157326
20.1 -0.1979169950124481 0.0020275806881942526
20.133333333333333 -0.28003978422462344 0.0021656315310852325
20.166666666666668 -0.34859729008965856 0.002253171956156985
20.2 -0.38845552140142353 0.0022834204322443874
20.233333333333334 -0.39442407280209263 0.0023269332940435983
20.266666666666666 -0.35827983419212434 0.0023368219803312495
20.3 -0.3192953762863568 0.002228075280991393
20.333333333333332 -0.24503471317886483 0.0021034551323967643
20.366666666666667 -0.16148282661920643 0.0019815233007486888
20.4 -0.053459694611803193 0.0018161823177924724
20.433333333333334 0.04622602751121808 0.0018126928997016165
20.466666666666665 0.1496502089469886 0.001971063045786259
20.5 0.23565078566924105 0.0020885546696737256
20.533333333333335 0.30500127816743855 0.0021629493166991365
20.566666666666666 0.3524767017227188 0.002186481094340831
20.6 0.374745880774432 0.002212525282252298
20.633333333333333 0.37677565469779606 0.0022391776685155573
20.666666666666668 0.33797200459876214 0.002200983702231374
20.7 0.2815235628855817 0.0021529427306737903
20.733333333333334 0.2022654780632456 0.002041076183840973
20.766666666666666 0.10746655449901857 0.001885593982838954
20.8 0.0009936978601339265 0.001719500625860549
20.833333333333332 -0.09789100819977554 0.0019085728347101594
20.866666666666667 -0.18844483913637938 0.0020395731373384074
20.9 -0.276053477873609 0.002125953604821096
20.933333333333334 -0.33834420538004045 0.0021999647645278286
20.966666666666665 -0.3711655947049521 0.002288691714780744
21.0 -0.3787403377561177 0.002295500009141249
21.033333333333335 -0.3606136163434869 0.002297074224565321
21.066666666666666 -0.3224805477819465 0.0021754150664041183
21.1 -0.23938038035619408 0.0020978996663929272
21.133333333333333 -0.15868605115303314 0.0019759909170804224
21.166666666666668 -0.07123185378746887 0.0018514431820175342
21.2 0.0319732955118655 0.0017926918449037224
21.233333333333334 0.12201420444117823 0.0019190261554421634
21.266666666666666 0.2109916231108499 0.0020436901608586744
21.3 0.2845908132355069 0.0021291777076749008
21.333333333333332 0.3334789899713684 0.0021843433694739844
21.366666666666667 0.35849801334433506 0.0022066103433968087
21.4 0.35397069835342665 0.0021896992669275805
21.433333333333334 0.3256389903219556 0.0021963322971703114
21.466666666666665 0.28999383474498786 0.0021589448531681987
21.5 0.22386204988291186 0.002074166563512586
21.533333333333335 0.1352674776431889 0.0019636688234821453
21.566666666666666 0.028114254557144377 0.0017884883550916726
21.6 -0.07039689517453249 0.0018566631914175291
21.633333333333333 -0.17211605553451284 0.0020036776187456473
21.666666666666668 -0.25839143877276693 0.0021165985288617017
21.7 -0.32541144593824245 0.0021854713102730794
21.733333333333334 -0.36771079075670016 0.002239695522917917
21.766666666666666 -0.3818149712334102 0.002256970703997163
21.8 -0.3678480795315339 0.0022490786169154786
21.833333333333332 -0.3277567374581637 0.0022227995921588195
21.866666666666667 -0.2658081951162162 0.002129793680118286
21.9 -0.1824364881828985 0.002016177238291811
21.933333333333334 -0.08102663349348994 0.0018787021097961404
21.966666666666665 0.04539838102714985 0.0018479054978848691
22.0 0.14461318568323303 0.0019759434840562473
22.033333333333335 0.22114737189967446 0.0020585322384389926
22.066666666666666 0.29571917648602963 0.0021452629752384267
22.1 0.34786357843890886 0.002213825640067668
22.133333333333333 0.3643323659254522 0.002229825529490026
22.166666666666668 0.3696080353843952 0.0022279350664593522
22.2 0.3481034886054597 0.002222122596430731
22.233333333333334 0.2984624880903236 0.0021410234254081173
22.266666666666666 0.22558687800202315 0.002048616346591592
22.3 0.14139252810246955 0.0019308133043848819
22.333333333333332 0.0466366600010988 0.0017986854556585746
22.366666666666667 -0.055211862589403166 0.0018238390780670188
22.4 -0.15559326563604756 0.0019655795533485565
22.433333333333334 -0.24007493088421683 0.002067621066731029
22.466666666666665 -0.312203819768061 0.0021597879865051794
22.5 -0.35200269541479007 0.002238534013655036
22.533333333333335 -0.3745049100501006 0.002250049046243152
22.566666666666666 -0.36382355446960835 0.0022497165075509584
22.6 -0.33465119850714936 0.0022262892150295976
22.633333333333333 -0.28254298339208894 0.0021418179762309753
22.666666666666668 -0.20977561186367155 0.0020445159046546535
22.7 -0.10769372751927084 0.0019257765067837301
22.733333333333334 -0.009607052067258861 0.0017543751290146573
22.766666666666666 0.09020447881975063 0.001896394998510173
22.8 0.18856427623875469 0.0020242292332173506
22.833333333333332 0.2504759166942102 0.00212080740819931
22.866666666666667 0.30791866787150507 0.002165941336302657
22.9 0.34245680290017155 0.002218005527577338
22.933333333333334 0.35884648368077227 0.002236253785722675
22.966666666666665 0.3392457737886418 0.00222184490211641
23.0 0.2961573467099466 0.002154450514855466
23.033333333333335 0.23445445466539325 0.002071325731465151
23.066666666666666 0.16874536633444664 0.0019972553955928674
23.1 0.08455474091785559 0.0018728932671761567
23.133333333333333 -0.01912552722476918 0.0017594203027441226
23.166666666666668 -0.11142841810567133 0.001920786258861898
23.2 -0.20865749714474882 0.0020513119932239754
23.233333333333334 -0.2750460891394645 0.0021450660432079105
23.266666666666666 -0.33229048631289 0.0022100894231228962
23.3 -0.36724005757942496 0.0022364804006356764
23.333333333333332 -0.37093021307645074 0.0022401018592465016
23.366666666666667 -0.3371759414117475 0.0022010207453400654
23.4 -0.27609716259632483 0.0021408266674135534
23.433333333333334 -0.19873755387966416 0.0020440932398500533
23.466666666666665 -0.1053561505801695 0.0019163907477019876
23.5 -0.022835332915768943 0.001769398851801711
23.533333333333335 0.07385798291419084 0.0018379918321226457
23.566666666666666 0.1775313473672149 0.002005732370636032
23.6 0.2433300421213293 0.002093924423734267
23.633333333333333 0.30796004431751084 0.0021689419356636375
23.666666666666668 0.35543980730264396 0.0022365487524260708
23.7 0.3601203408796233 0.002236686271388788
23.733333333333334 0.35694915463573507 0.0022193720027769426
23.766666666666666 0.31781659429458303 0.0021824057200598435
23.8 0.25971708836410484 0.0021114657072250353
23.833333333333332 0.1715298809389082 0.002044185985094732
23.866666666666667 0.08259058973050869 0.001892207321802758
23.9 -0.007758507386167652 0.00175911284621521
23.933333333333334 -0.09814249238339981 0.001903123521323019
23.966666666666665 -0.14359719086940506 0.0020461576957998273
24.0 -0.23693986001586362 0.0021549093732056157
24.033333333333335 -0.1393510568332581 0.0022525006058719543
24.066666666666666 -0.2835257838517288 0.0022939762826623133
24.1 -0.2745224162219032 0.00232217316125638
24.133333333333333 -0.19641269535214728 0.0022589704307605374
24.166666666666668 -0.2149247337266131 0.002161146717575474
24.2 -0.18823744479218163 0.002066258677216992
24.233333333333334 -0.09792472099347116 0.0019229266805225603
24.266666666666666 -0.03602649235002189 0.001804056489837419
24.3 0.05214013490375199 0.0018334217243196615
24.333333333333332 0.16551850148295283 0.0020212359660392865
24.366666666666667 0.2529837722536204 0.0021236141234274863
24.4 0.28873669582484845 0.0021450045129721707
24.433333333333334 0.3394646661964676 0.0021935003170229783
24.466666666666665 0.3902257106513584 0.0022428466806516667
24.5 0.5005763006325198 0.0023457343126941366
24.533333333333335 0.32100360569665354 0.0022049146705537814
24.566666666666666 0.2807316577051437 0.0021529629018848806
24.6 0.18154771125671273 0.002025959430123736
24.633333333333333 0.2076834194017238 0.002143121763147182
24.666666666666668 0.019193093150807736 0.0018702326810179012
24.7 0.0012867254531591678 0.0018790641612751282
24.733333333333334 -0.09679275788687838 0.0020337582668529114
24.766666666666666 -0.21941651111785984 0.00216156886021332
24.8 -0.29057765945984676 0.0022385874511954285
24.833333333333332 -0.26932757640177535 0.00232278194025054
24.866666666666667 -0.30833970618043266 0.0022731004833361768
24.9 -0.33583059510560465 0.0022009109016976613
24.933333333333334 -0.3149175388713973 0.002142209502753345
24.966666666666665 -0.3069979614887962 0.002102227198856943
25.0 -0.1097759787045885 0.00197832438959894
25.033333333333335 -0.035737272789872876 0.0017986948653062676
25.066666666666666 0.04693065024387891 0.0017976067096243317
25.1 0.13925715696806468 0.0019363630718311209
25.133333333333333 0.22567783183134274 0.0020548651248606387
25.166666666666668 0.30509483160690853 0.002190288377318772
25.2 0.3784841351722498 0.002263657813783959
25.233333333333334 0.35554120743437834 0.002201039864391241
25.266666666666666 0.3674976863868918 0.0022471311693881835
25.3 0.36586384707638675 0.002244775799546239
25.333333333333332 0.33291761273752324 0.002208992644672836
25.366666666666667 0.2811832252975317 0.0021680170593209036
25.4 0.18950633737428862 0.002060314250253964
25.433333333333334 0.15279382097211247 0.0020706328138394847
25.466666666666665 -0.002913345814376539 0.001815294769775442
25.5 -0.07451914690346259 0.0019897802788834407
25.533333333333335 -0.12428380075153517 0.002112678030213283
25.566666666666666 -0.2544447642495357 0.0022771725507854113
25.6 -0.3076940498801469 0.0022837267128323346
25.633333333333333 -0.2956149440629923 0.002287380963275132
25.666666666666668 -0.28210313523774677 0.002277672215441784
25.7 -0.23801943673588508 0.0022163908493268436
25.733333333333334 -0.17758348542716576 0.0021075387900630627
25.766666666666666 -0.0993038074990718 0.0019485090424730678
25.8 0.011403505865798986 0.0018216140074858583
25.833333333333332 0.11610544429353026 0.0019962735338640847
25.866666666666667 0.18408758755648957 0.002054220060375922
25.9 0.24810199420916715 0.002119486946839416
25.933333333333334 0.2748534931638483 0.0021467642330093017
25.966666666666665 0.31737693326124794 0.0021672755122153498
26.0 0.3961246395340639 0.0022609686459323375
26.033333333333335 0.37087790231730344 0.0022411947756872386
26.066666666666666 0.33491561582808704 0.0022103586226294714
26.1 0.2911861579548461 0.002168269466243433
26.133333333333333 0.19408094043003646 0.002024890432392179
26.166666666666668 0.1421706636015054 0.0019581499245800438
26.2 0.04277022421204514 0.0018044458450000161
26.233333333333334 -0.07277034356793187 0.001847127366112658
26.266666666666666 -0.1402000178917545 0.001990371570637861
26.3 -0.15289749408247497 0.0020926576347125303
26.333333333333332 -0.22931784106419004 0.002198891500483857
26.366666666666667 -0.32248028531067596 0.002244731692549018
26.4 -0.3425038410743311 0.0022720015871764976
26.433333333333334 -0.3289496673803021 0.0022276287124683436
26.466666666666665 -0.30498623579928896 0.0021604775328615267
26.5 -0.2343875563681881 0.002090826287821562
26.533333333333335 -0.1482221501515407 0.0019711870450181967
26.566666666666666 -0.06448740538084023 0.0018305664210192113
26.6 0.07272373649833347 0.001884369109948894
26.633333333333333 0.1588617599059769 0.0020123755576923474
26.666666666666668 0.23675266593602828 0.0021156690003252265
26.7 0.2759437460705968 0.0021619092956763897
26.733333333333334 0.32784659696090673 0.0022003684215750052
26.766666666666666 0.35939533399760426 0.0022307097663389897
26.8 0.33997055747399596 0.0021872997844643582
26.833333333333332 0.3083072893068347 0.002147973677981807
26.866666666666667 0.25454720656695684 0.002100846730271333
26.9 0.18690723424625746 0.002008911247889378
26.933333333333334 0.1093097999103412 0.001908040959807275
26.966666666666665 0.01888614084952924 0.0017537012298913003
27.0 -0.014028821111854219 0.0018026592110098414
27.033333333333335 -0.14788447376117758 0.0019836316596268666
27.066666666666666 -0.23886748895395593 0.002074642681418687
27.1 -0.2992026482373358 0.0021431443023032792
27.133333333333333 -0.33697981831426915 0.002187826116821834
27.166666666666668 -0.355000700256259 0.0021984107602882608
27.2 -0.35245899379834045 0.002187098281101474
27.233333333333334 -0.3132120711015408 0.002184761922242262
27.266666666666666 -0.2482933520018063 0.002092801258892385
27.3 -0.17022750837913467 0.001994757245102924
27.333333333333332 -0.06551546082131554 0.0018581791413304627
27.366666666666667 0.014345519496988635 0.0017568080289469927
27.4 0.11276284068784934 0.0019139114551661174
27.433333333333334 0.1934710501348949 0.0020210467197031567
27.466666666666665 0.2754735644610698 0.0021258494040199416
27.5 0.34553145614318737 0.0022020661942744324
27.533333333333335 0.36153598944668336 0.0022197943246001772
27.566666666666666 0.3620062259880109 0.0022161880986017457
27.6 0.3240541715963871 0.0021882125006011943
27.633333333333333 0.2837228453857904 0.002128485669661506
27.666666666666668 0.2089722732338699 0.002041351865531671
27.7 0.1479975966586364 0.00196678267178535
27.733333333333334 0.05234458335256648 0.0018131351561418083
27.766666666666666 -0.0615643866567685 0.0018087367496783385
27.8 -0.15008596163122565 0.001947993758332045
27.833333333333332 -0.22342258474824803 0.0020560140706077923
27.866666666666667 -0.29295904190203725 0.00212593926047161
27.9 -0.3169289648289405 0.0022008859217247934
27.933333333333334 -0.32703876886288896 0.002223493788284403
27.966666666666665 -0.3251198036474276 0.00221284541178024
28.0 -0.3031841506893132 0.002166841097246963
28.033333333333335 -0.24881210516568827 0.0020976196111356094
28.066666666666666 -0.17324794760578907 0.002012560402933572
28.1 -0.09498988833278953 0.001884814357844669
28.133333333333333 0.01923355731806224 0.0017743560372835872
28.166666666666668 0.12400081672297983 0.0019618876887216308
28.2 0.2068733345635993 0.0020576131508071305
28.233333333333334 0.2981304397340987 0.002181576905577798
28.266666666666666 0.3249137415646458 0.0022244302019776563
28.3 0.35674868946318067 0.0022200412383671653
28.333333333333332 0.3556876749857685 0.002215361858803444
28.366666666666667 0.38287200762819706 0.0022381131744679816
28.4 0.3192771833120276 0.0021855575736138277
28.433333333333334 0.26492615315174683 0.002147029644725962
28.466666666666665 0.19639991503677537 0.0020964708358136297
28.5 0.08556125130029117 0.0019245635187563753
28.533333333333335 -0.005740748961720521 0.0017747471060105355
28.566666666666666 -0.09067818587784308 0.0019234489583320191
28.6 -0.15897946055548187 0.002054208439054961
28.633333333333333 -0.23090306504672833 0.0021621175706829088
28.666666666666668 -0.28377414960851477 0.0022098976538693083
28.7 -0.3129211090408969 0.00223242480395186
28.733333333333334 -0.30104635751491554 0.002241415602502572
28.766666666666666 -0.2674533258821598 0.0022075899179939684
28.8 -0.22334252004644087 0.0021324233801353065
28.833333333333332 -0.11942620694022558 0.0020170465950159755
28.866666666666667 -0.039311648270322457 0.0018791654026162133
28.9 0.030453189961164376 0.0018172271529140263
28.933333333333334 0.09404973666789423 0.0018729364677532168
28.966666666666665 0.184516802530471 0.002043057084975375
29.0 0.2624593216419785 0.002140190212218007
29.033333333333335 0.3220920267224132 0.002231247337027731
29.066666666666666 0.35106442630892953 0.0022470653054928458
29.1 0.39920837005337784 0.0022795081842144627
29.133333333333333 0.38906722032903535 0.0022396013122752967
29.166666666666668 0.3019345864638147 0.0021214600804713712
29.2 0.3007984247425815 0.002213071066410277
29.233333333333334 0.21141621226772908 0.0021107673537679172
29.266666666666666 0.11073583567398429 0.0019873155806461873
29.3 0.01977494914052646 0.00183472091468476
29.333333333333332 -0.06836041150779483 0.001927962356758725
29.366666666666667 -0.1331521075113551 0.001997244016709393
29.4 -0.2143641428397583 0.002125004156583954
29.433333333333334 -0.27944679973305536 0.00218362185129084
29.466666666666665 -0.29001544372059995 0.0022227621235802464
29.5 -0.30001644325080973 0.0022218523465777906
29.533333333333335 -0.29845579968874264 0.0021820967045551587
29.566666666666666 -0.23729726214656596 0.0021335159280118088
29.6 -0.183447959753533 0.0020511383518624082
29.633333333333333 -0.09335411006912615 0.0019260080551589676
29.666666666666668 -0.015708988730708865 0.0017573831041311806
29.7 0.0860403421545828 0.001877665378602858
29.733333333333334 0.1914162839889988 0.0020601807366199265
29.766666666666666 0.26939961238919496 0.0021569891175797218
29.8 0.3208781500677051 0.0022490605333679303
29.833333333333332 0.3580774462821585 0.002293589145415831
29.866666666666667 0.3856924681103749 0.002303974872698622
29.9 0.36949366456769117 0.0022663189513918436
29.933333333333334 0.3417932592483835 0.002211871289217515
29.966666666666665 0.2967063144436598 0.0022177147276540854
30.0 0.20886195663804996 0.002087898664342863
30.033333333333335 0.13310137834498692 0.0019897804440101308
30.066666666666666 0.0568727931133656 0.0018807549921221259
30.1 -0.052345278724857766 0.0018971042776352864
30.133333333333333 -0.14810795714163622 0.0020448582112887748
30.166666666666668 -0.20544659068268106 0.002149989797515961
30.2 -0.2759075927410552 0.0022331815411236744
30.233333333333334 -0.31159080996635036 0.0022559392890031393
30.266666666666666 -0.29250777650568244 0.0022583821571131035
30.3 -0.26072827602230736 0.002272188925013907
30.333333333333332 -0.19778163915858463 0.0021737390082183505
30.366666666666667 -0.13246672573827178 0.002046779459164927
30.4 -0.06458439940000194 0.001940172106453683
30.433333333333334 0.003051115611541675 0.0017729515629861282
30.466666666666665 0.11553782759149829 0.0019375039810117928
30.5 0.19519972234000468 0.0020668133052039184
30.533333333333335 0.2749030020122479 0.002218174116419336
30.566666666666666 0.2854181966086869 0.002174369413844579
30.6 0.3330963647304143 0.002198035055081482
30.633333333333333 0.3503846286293952 0.002212260238077468
30.666666666666668 0.3718770119596825 0.002243896655694022
30.7 0.3643393872462863 0.0022538773766899722
30.733333333333334 0.28055112991407877 0.0021640746905684516
30.766666666666666 0.20502654312123128 0.002085892130865602
30.8 0.11821647095417953 0.001955815694095961
30.833333333333332 0.02810451133339992 0.001792472919828373
30.866666666666667 -0.049593391318432795 0.0018378479491367589
30.9 -0.14579198591110695 0.001999597746401044
30.933333333333334 -0.22049267915066403 0.0021211159519485545
30.966666666666665 -0.23041472416674252 0.0022194719745836644
31.0 -0.2520827541393071 0.002231169264593602
31.033333333333335 -0.2861657624382135 0.0022493552841970077
31.066666666666666 -0.28274714166091053 0.0022125947831760917
31.1 -0.24281386007627445 0.0021505479199966093
31.133333333333333 -0.1581415753801581 0.0020679367949930916
31.166666666666668 -0.06321969746162913 0.001913586533874842
31.2 0.03573430506435605 0.0018937507209865756
31.233333333333334 0.0909140026091184 0.0019203899400612734
31.266666666666666 0.17845880764261288 0.0020415905494899356
31.3 0.2657819597058856 0.0021562029036967245
31.333333333333332 0.2966119936911152 0.0021802110276573083
31.366666666666667 0.3179949046133591 0.002183260086512484
31.4 0.3586618869421238 0.002233027027645218
31.433333333333334 0.38371496249079917 0.0022624366617018388
31.466666666666665 0.3266356956711442 0.002212015735416295
31.5 0.2953189486023266 0.002180713737787221
31.533333333333335 0.2068881994896555 0.0020810090327974262
31.566666666666666 0.159713897300472 0.0020607283183106118
31.6 0.07277897488032105 0.0019568582402769708
31.633333333333333 -0.03720183786605022 0.0018545905049234535
31.666666666666668 -0.13292723791006766 0.0019898521639874767
31.7 -0.19551422167270618 0.002086063713427261
31.733333333333334 -0.2326451857499593 0.00217757726954268
31.766666666666666 -0.2879873783873014 0.002206539855844014
31.8 -0.30039552208099574 0.002221623459769839
31.833333333333332 -0.26974426455133577 0.002214067199447445
31.866666666666667 -0.24629696877525445 0.002157223850688894
31.9 -0.15468973842014247 0.002085167009232891
31.933333333333334 -0.09278761942016198 0.0019535991694657195
31.966666666666665 -0.0032904658007130464 0.0017861159964471015
32.0 0.07573272370078911 0.0018803736980411434
32.03333333333333 0.14731233057063628 0.0019749415107437884
32.06666666666667 0.20684545411210553 0.0020421830175615108
32.1 0.2835631220696601 0.002149072099263516
32.13333333333333 0.3379898903611126 0.0022212638982033184
32.166666666666664 0.38206277545250994 0.0022776006315762265
32.2 0.3506987477263763 0.002230032104140911
32.233333333333334 0.33142501892618875 0.002205234413521995
32.266666666666666 0.28909608695841654 0.00216413197510984
32.3 0.22005595125859798 0.0020811689596970107
32.333333333333336 0.144606182643893 0.0020024468644239957
32.36666666666667 0.04886274773619924 0.001830440440800385
32.4 -0.05291912167915106 0.001822941545180909
32.43333333333333 -0.12427258137060528 0.0019765617802576657
32.46666666666667 -0.19829712473560873 0.002072640785873797
32.5 -0.2683211563271404 0.002177553920106823
32.53333333333333 -0.30289600794835675 0.00221157941933664
32.56666666666667 -0.31558692510021424 0.0022047509682541766
32.6 -0.28902157555189995 0.0022114029192155105
32.63333333333333 -0.2558599239623847 0.0021552712876251046
32.666666666666664 -0.18510578191305394 0.0020800669542142824
32.7 -0.10933929433917408 0.0019648308096471
32.733333333333334 -0.03597050439492491 0.001807871907522067
32.766666666666666 0.027193475341987076 0.0017626479659880769
32.8 0.13594673124026943 0.0019399411663547361
32.833333333333336 0.19357498883377258 0.002042670802089086
32.86666666666667 0.2828179083803382 0.0021690216043300237
32.9 0.32304553765721894 0.002198471072179964
32.93333333333333 0.3166792388136981 0.0021801503204528783
32.96666666666667 0.3185512814546919 0.0021694498183439936
33.0 0.3115078727416738 0.0021629810940367866
33.03333333333333 0.2586168158301596 0.0021195267789085315
33.06666666666667 0.2024433766803016 0.002041635113849638
33.1 0.14428175095538842 0.0019970404254379404
33.13333333333333 0.05228953361344932 0.0018685265142007884
33.166666666666664 -0.024613061643076216 0.0018156907639916772
33.2 -0.1090579008155736 0.0019466506190485705
33.233333333333334 -0.1927321198774727 0.002061813878728197
33.266666666666666 -0.24845928539053735 0.002162985014900143
33.3 -0.28021166216403065 0.0021817307216670523
33.333333333333336 -0.28691648825318966 0.002192794318659763
33.36666666666667 -0.2919322983235709 0.0021856682397473626
33.4 -0.25315989377158676 0.002167382428941489
33.43333333333333 -0.15615949604772303 0.0020879770520096097
33.46666666666667 -0.08255643259640934 0.0019465321872419866
33.5 -0.013634266611877756 0.0018089717645182364
33.53333333333333 0.07062566450854603 0.0018923220707571659
33.56666666666667 0.1318994626751398 0.0019583495622767233
33.6 0.2001084507088103 0.0020490455079334724
33.63333333333333 0.26864354603042173 0.0021328709092331977
33.666666666666664 0.35167375042521115 0.002239014863965716
33.7 0.36361407022943765 0.00223104991626466
33.733333333333334 0.32871757889604414 0.0022404823843255595
33.766666666666666 0.334564390990041 0.0022649944182495663
33.8 0.2705646187834539 0.0021728721926003725
33.833333333333336 0.20103541321138654 0.002062573254069361
33.86666666666667 0.13746832693786154 0.0019585266502819554
33.9 0.05726930824228053 0.0018352262842131137
33.93333333333333 -0.006128904529244943 0.0017825257184369099
33.96666666666667 -0.07463853550475727 0.0019213811627118577
34.0 -0.1523620930323764 0.0020811546955543103
34.03333333333333 -0.2241473600691337 0.0021515606560739142
34.06666666666667 -0.2602662490599121 0.0021865674257023904
34.1 -0.2774965051506855 0.002233430668803993
34.13333333333333 -0.24721425526184965 0.0022047772203801497
34.166666666666664 -0.21043397863538527 0.0021747392379289077
34.2 -0.2046925206598521 0.0020847587298005454
34.233333333333334 -0.134058384306218 0.001996489619072034
34.266666666666666 -0.04264271599516571 0.0018357259912629015
34.3 0.061699270861530875 0.0018799494826254037
34.333333333333336 0.15758905129903775 0.0020006230002132808
34.36666666666667 0.24617621769150744 0.002141132312612898
34.4 0.27108695485075324 0.002150693737175746
34.43333333333333 0.3210368036929217 0.0021930742831581806
34.46666666666667 0.32573235275177403 0.0021825455804383997
34.5 0.34684698965451105 0.0022078456104326905
34.53333333333333 0.31956722941876137 0.0021872348295897126
34.56666666666667 0.27704676302125053 0.002138049528240704
34.6 0.1989080933977189 0.0020277074457517863
34.63333333333333 0.13730257481598013 0.0019546488384351857
34.666666666666664 0.04264427539365443 0.0018154239527655575
34.7 -0.04032579591223642 0.0017951452891074166
34.733333333333334 -0.12875730593494691 0.0019380238859683374
34.766666666666666 -0.18611162153804697 0.0020404672462666917
34.8 -0.2628445643248044 0.0021167436648022453
34.833333333333336 -0.28228662052296394 0.002188069957059169
34.86666666666667 -0.30688599052138726 0.0021736682805216234
34.9 -0.3048103353404208 0.0021623828679811496
34.93333333333333 -0.2771053626224591 0.002137406443550538
34.96666666666667 -0.2261300399039573 0.00212426173717023
35.0 -0.17335216019937982 0.001973773710364224
35.03333333333333 -0.08332498584148094 0.0018696795992293458
35.06666666666667 -0.002905816630149299 0.0017228603972061413
35.1 0.08475554925641066 0.0018564968230241063
35.13333333333333 0.17362675532193264 0.0019989401680957086
35.166666666666664 0.24181591515280507 0.0020894218991795166
35.2 0.32709912531555285 0.0021957033869916542
35.233333333333334 0.36805841797570166 0.0022435564385345774
35.266666666666666 0.33892235687388955 0.002191082135733824
35.3 0.32016988903036225 0.0021830237314203194
35.333333333333336 0.27887706917603183 0.002153932231324873
35.36666666666667 0.2052193222740276 0.002073850140571737
35.4 0.15973238150346725 0.00204491144667468
35.43333333333333 0.06530164733258506 0.001865318611614375
35.46666666666667 0.000878888802550045 0.0017706405902087733
35.5 -0.09797302109865037 0.0019186366870762583
35.53333333333333 -0.15962666526337382 0.002030630920845794
35.56666666666667 -0.226906261039426 0.0021090261349156203
35.6 -0.2383689962906565 0.0021986214334627774
35.63333333333333 -0.2849652331004449 0.0022114251121903017
35.666666666666664 -0.28630667646085506 0.002205228442142604
35.7 -0.23451532379648068 0.0021657101444233495
35.733333333333334 -0.19287185100090423 0.0020964195579888933
35.766666666666666 -0.11017236119299428 0.0019936844571868673
35.8 -0.03686412324521034 0.0018506049080137393
35.833333333333336 0.032526846921271224 0.0018219817149554979
35.86666666666667 0.09487275847804545 0.0018898880228134934
35.9 0.16986500042672564 0.0020275183412564457
35.93333333333333 0.2344106002059685 0.002087570319616344
35.96666666666667 0.31520922306775095 0.0022153286257152183
36.0 0.3188769157535907 0.0021783851608462856
36.03333333333333 0.3351928248296393 0.0021966712700898783
36.06666666666667 0.3161713958898728 0.002174143808674589
36.1 0.3304197206866341 0.002221900978902347
36.13333333333333 0.3084576370358456 0.0022360214360094832
36.166666666666664 0.18440110084958222 0.002050449201359078
36.2 0.1043081024276305 0.0019343036712147904
36.233333333333334 0.010901903626639417 0.001778870030542357
36.266666666666666 -0.09610965132576754 0.001890747480265409
36.3 -0.15558756146627017 0.0020320596683266468
36.333333333333336 -0.22051989100184566 0.0021208706278852962
36.36666666666667 -0.2677145485183445 0.002177536260864754
36.4 -0.2951739610657718 0.0021880802486607953
36.43333333333333 -0.2666833260761228 0.002194163279507999
36.46666666666667 -0.2635861157782575 0.002154503916888706
36.5 -0.20832811155216968 0.0020922594420422214
36.53333333333333 -0.11544329371663792 0.0020363317344126997
36.56666666666667 -0.046439568808128696 0.0018769008182384014
36.6 0.02850328094811893 0.0018286669952415763
36.63333333333333 0.10385051392222737 0.001936823214938696
36.666666666666664 0.2007644437014128 0.002085566610133982
36.7 0.25368638357306506 0.0021559402652844284
36.733333333333334 0.3438938319231145 0.002253400837300412
36.766666666666666 0.35675019461088997 0.0022549374648437315
36.8 0.3429990870081574 0.002232948632704679
36.833333333333336 0.32626457779629797 0.002207285937572079
36.86666666666667 0.2723716543915203 0.002124249069336781
36.9 0.24736466406874863 0.0021303862177246835
36.93333333333333 0.17741479101436178 0.002044393929634819
36.96666666666667 0.10987485356385061 0.0019476576871303997
37.0 0.025070915599246443 0.0018086076559504956
37.03333333333333 -0.06337535429352852 0.0018817296903302777
37.06666666666667 -0.11923634973949888 0.001993092110585848
37.1 -0.18988341992379112 0.002106499455083871
37.13333333333333 -0.22804534940010426 0.002220557464545192
37.166666666666664 -0.2402405093257476 0.002227313897693567
37.2 -0.26157613443130007 0.0021926335032708133
37.233333333333334 -0.2624509550007945 0.0021772167017397592
37.266666666666666 -0.21321793209711734 0.002108785112725775
37.3 -0.13915926759510241 0.002042326284552448
37.333333333333336 -0.06196676239197603 0.001907650492462401
37.36666666666667 0.07925338817247132 0.0019478812382187488
37.4 0.10512142028923231 0.0019487700954729792
37.43333333333333 0.17761626089204693 0.002061013219570751
37.46666666666667 0.23689501639171667 0.0021237396046365487
37.5 0.2613048430126218 0.0021138204570146923
37.53333333333333 0.2990428550751631 0.002170127502183261
37.56666666666667 0.31483194511198354 0.002187194902619094
37.6 0.31341098123428573 0.0021784395769282594
37.63333333333333 0.28567392216827636 0.002165093830918896
37.666666666666664 0.23437295667494681 0.002094507571510029
37.7 0.17056129091114525 0.0020070081840531107
37.733333333333334 0.09878977164656577 0.001900998542186616
37.766666666666666 0.016789732145846666 0.0017725700541743154
37.8 -0.04491441310716314 0.0018205282580734741
37.833333333333336 -0.1407222112657479 0.0019955560740090306
37.86666666666667 -0.1968816383816927 0.0020954191335749717
37.9 -0.24783134668480222 0.002146714254935983
37.93333333333333 -0.28184720789888446 0.0022092459533294417
37.96666666666667 -0.29134894967682806 0.0021845184434144405
38.0 -0.26848807576083644 0.0021789178336841797
38.03333333333333 -0.21827841421010277 0.002110783188862403
38.06666666666667 -0.1667692286319184 0.0020492830307910215
38.1 -0.07470397921621412 0.001904559100828096
38.13333333333333 -0.008534070137317109 0.0017788063019558032
38.166666666666664 0.07730214988149085 0.0018839975954855065
38.2 0.1571484545526019 0.0020255084439824433
38.233333333333334 0.23745078487499613 0.002127727046985217
38.266666666666666 0.3066538527254122 0.0022255654214517473
38.3 0.30215711523235894 0.0021939218351291756
38.333333333333336 0.3157578700385783 0.0021931488998102044
38.36666666666667 0.3011728727521443 0.0021593513665121855
38.4 0.2805054327318405 0.0021342389124880956
38.43333333333333 0.24228142226012944 0.0021175064566445467
38.46666666666667 0.17916435950981047 0.002050088860760857
38.5 0.12376550508744336 0.0019906567443819523
38.53333333333333 0.049688558004538565 0.0018592627696228034
38.56666666666667 -0.03466333571232312 0.0018442382759691622
38.6 -0.11031195269622764 0.001953066919538865
38.63333333333333 -0.18324666581273744 0.002056183986024085
38.666666666666664 -0.24788164503467006 0.00211924645778519
38.7 -0.2736696502493583 0.0021631650609551523
38.733333333333334 -0.2676514515038571 0.002182327112028981
38.766666666666666 -0.25730088159222636 0.002151991990611779
38.8 -0.18388914781601973 0.002125743912800071
38.833333333333336 -0.13836786579475555 0.002028617012572176
38.86666666666667 -0.06762828440180792 0.0019336028417160644
38.9 0.01659456993926217 0.0018736386716476892
38.93333333333333 0.09130670423008565 0.0019189386074657255
38.96666666666667 0.16240742407562253 0.00201397924249197
39.0 0.22101992413854366 0.0020967221914653944
39.03333333333333 0.26884235035223747 0.002141920752504467
39.06666666666667 0.28660489540066 0.0021478843902395517
39.1 0.290318337952405 0.0021430893435305798
39.13333333333333 0.3038095697766273 0.00218477405948464
39.166666666666664 0.28421741317839644 0.002148030291620806
39.2 0.2325909414522327 0.002085928719413349
39.233333333333334 0.15855292704616844 0.0019877411735770845
39.266666666666666 0.09470981805726371 0.0018903864505095541
39.3 0.022718885356584482 0.0018031796900306075
39.333333333333336 -0.07093507212592048 0.0018422877627203155
39.36666666666667 -0.10318613764298197 0.0019237084807930682
39.4 -0.1756468293186181 0.0020622076057060235
39.43333333333333 -0.21518191803859674 0.0021295889800302947
39.46666666666667 -0.2689054888551255 0.002151968090475298
39.5 -0.28811896447142366 0.002159559141426237
39.53333333333333 -0.2613640229512287 0.0021918612928653047
39.56666666666667 -0.21823041518746472 0.0021330737699760682
39.6 -0.18445797821183874 0.0020424990369359297
39.63333333333333 -0.10129129433280648 0.0019403646655845042
39.666666666666664 -0.0334649279618723 0.001813132201718283
39.7 0.03418926172509342 0.0017873628037325048
39.733333333333334 0.11409345508672296 0.0019289326171909454
39.766666666666666 0.1913331836845929 0.0020591847514934147
39.8 0.2265271107652572 0.002073739766318944
39.833333333333336 0.265738054156322 0.0021166564137841126
39.86666666666667 0.28521211597183727 0.0021331734203324237
39.9 0.28231761751099826 0.0021233528302802562
39.93333333333333 0.28968095673389044 0.002148514156380177
39.96666666666667 0.24548891206612466 0.0021090674627077255
40.0 0.18460040598865962 0.0020028983510632925
40.03333333333333 0.12018037300001483 0.001944349811994997
40.06666666666667 0.044422488214067954 0.0018749765764144166
40.1 -0.02789413224713945 0.0018377260316195104
40.13333333333333 -0.10380319544948648 0.0019524668314024468
40.166666666666664 -0.16888119219609782 0.002047958896829072
40.2 -0.2329459831978532 0.002122673448979706
40.233333333333334 -0.2672524716094744 0.0021602640618253455
40.266666666666666 -0.27379117040623846 0.0022022727657170504
40.3 -0.2329744155765118 0.002179155482884776
40.333333333333336 -0.2006754303054436 0.002134929295130622
40.36666666666667 -0.15803312090274818 0.0020405939286962382
40.4 -0.08435322039860035 0.0019574834707408173
40.43333333333333 -0.04090947979047003 0.0018160232512567168
40.46666666666667 0.029048526043498547 0.001771649542062284
40.5 0.103082927855885 0.0019097879640630755
40.53333333333333 0.17557819880431513 0.0020358167564888674
40.56666666666667 0.21483438341174554 0.0020831185166970967
40.6 0.2580851414514594 0.0021256399041567065
40.63333333333333 0.2891252575181655 0.002183710153699059
40.666666666666664 0.2789043210845704 0.0021682279414159678
40.7 0.25782925360348785 0.0021224400127490273
40.733333333333334 0.2083219016463181 0.0020414973219392285
40.766666666666666 0.16171040399913925 0.001984727146495169
40.8 0.09428439480636833 0.00188840450830291
40.833333333333336 0.014509844553083054 0.0017380973280047129
40.86666666666667 -0.052026262455751024 0.001804821301539826
40.9 -0.117933499183298 0.0019194566483505815
40.93333333333333 -0.18506298774545865 0.002034336765009831
40.96666666666667 -0.23989162820545953 0.0021143685494881825
41.0 -0.28235952372743334 0.002112486459277252
41.03333333333333 -0.28513285156683316 0.0021419750518869574
41.06666666666667 -0.2769872443350263 0.002161792915189198
41.1 -0.2387308265868065 0.002106905655997582
41.13333333333333 -0.1886914910776825 0.002026331054513747
41.166666666666664 -0.11480576203899437 0.0019393103462339717
41.2 -0.058968088733216434 0.0018280016204959629
41.233333333333334 0.025797610589681767 0.0017746155806345788
41.266666666666666 0.09809906432525937 0.00188460678218845
41.3 0.15984391768702402 0.001971706994260164
41.333333333333336 0.21101616581632116 0.0020419777178792564
41.36666666666667 0.2419599746219802 0.0020602865220908095
41.4 0.2659404895991953 0.0021101705597847964
41.43333333333333 0.27403937692154295 0.0021001905848269664
41.46666666666667 0.24947021726474367 0.002071792646734627
41.5 0.24775928247060525 0.0021116969236004146
41.53333333333333 0.16539992965791359 0.0019750497682768098
41.56666666666667 0.0956859022740405 0.0018803520123918255
41.6 0.026948400021862405 0.0017655995589009044
41.63333333333333 -0.054059278321582624 0.0018033416621254725
41.666666666666664 -0.12006703698229713 0.001919402274942139
41.7 -0.15743971153392702 0.002014133527065226
41.733333333333334 -0.22196050935550718 0.0020994161035865766
41.766666666666666 -0.24563265745708035 0.0021419227607475666
41.8 -0.275284994581798 0.0021574909582737223
41.833333333333336 -0.2711303281909846 0.0021519292541701263
41.86666666666667 -0.2448657969625453 0.002123779600250203
41.9 -0.19748545122345823 0.0020453757167326336
41.93333333333333 -0.13805162982862076 0.0019521110704381894
41.96666666666667 -0.07200989128537327 0.001840128613331743
42.0 0.024783024265539827 0.0017779282285975036
