0.0 -0.4298622887915677 0.002353597564950183
0.03333333333333333 -0.5014399888834842 0.0024158381642198634
0.06666666666666667 -0.5407204660465622 0.002465511618827132
0.1 -0.4991356025267075 0.0024978406033919764
0.13333333333333333 -0.46782711255432957 0.0024410277785255063
0.16666666666666666 -0.382820166782763 0.002302944652293748
0.2 -0.2694266334884551 0.0021724293450544607
0.23333333333333334 -0.1483266363336232 0.0019911410828876708
0.26666666666666666 -1.423142371080419e-05 0.0017560991922758585
0.3 0.15070834373317635 0.001969447068539465
0.3333333333333333 0.2906978484382258 0.0021747131731430502
0.36666666666666664 0.4007073243908313 0.0022803952567330144
0.4 0.47876683673554665 0.0023546020932695977
0.43333333333333335 0.5189282861672864 0.002373847698863396
0.4666666666666667 0.5315256091920911 0.0024130567602608233
0.5 0.5000484899891807 0.0023607726163987763
0.5333333333333333 0.4484519236998066 0.002323200144197346
0.5666666666666667 0.3532117600301963 0.002235013470855751
0.6 0.23295504017282284 0.002105846312101478
0.6333333333333333 0.14097580788775757 0.001999890250564601
0.6666666666666666 -0.03377661781289077 0.0018319398629530956
0.7 -0.16325289584401229 0.0020600467210546425
0.7333333333333333 -0.2945455133607617 0.002240025862986439
0.7666666666666667 -0.3920088078524545 0.002360493047054879
0.8 -0.47812473694035457 0.0023817561129779175
0.8333333333333334 -0.5122062047872139 0.0024482301143805563
0.8666666666666667 -0.5138279232089633 0.0024549011365839757
0.9 -0.4822527151364249 0.0024220287773211724
0.9333333333333333 -0.4071578605707267 0.0023224700542597287
0.9666666666666667 -0.309734822922236 0.0022113820263752193
1.0 -0.18397109790077967 0.0020910683451511036
1.0333333333333334 -0.029774390804553203 0.0018390641093505265
1.0666666666666667 0.1031398884421331 0.001931139312952912
1.1 0.2288402701970906 0.0020733261423362404
1.1333333333333333 0.343351328973994 0.0022104405921945514
1.1666666666666667 0.4500831070667208 0.0023065084126823177
1.2 0.4846508615376909 0.0023145353081139297
1.2333333333333334 0.520040123466023 0.0023416545737124927
1.2666666666666666 0.5162915494936043 0.00233772309481306
1.3 0.47406477659212276 0.0023021150693349757
1.3333333333333333 0.37727552262311304 0.0022490614848630908
1.3666666666666667 0.26383083425315634 0.0021247346659263866
1.4 0.14397460180579702 0.0019778696696549636
1.4333333333333333 0.029927244635590575 0.001827821943924158
1.4666666666666666 -0.1265081747887119 0.002002317632993522
1.5 -0.2653261654441391 0.0021393682003489345
1.5333333333333334 -0.3794497265365664 0.002280646923098928
1.5666666666666667 -0.44724213897605475 0.0023821751031427585
1.6 -0.5102829544121824 0.002408595955635362
1.6333333333333333 -0.5110135692829306 0.0024487272093789425
1.6666666666666667 -0.48639872955183405 0.002388648084563294
1.7 -0.4421553814940319 0.0023073943534241415
1.7333333333333334 -0.3433049595387701 0.002227548254216838
1.7666666666666666 -0.22695277623036902 0.0020881193582618085
1.8 -0.10759734309496222 0.0019089018310740613
1.8333333333333333 0.0447655321255569 0.0018259941812873229
1.8666666666666667 0.16869651845276926 0.0020029595433584124
1.9 0.3197605123388308 0.0022080738938031197
1.9333333333333333 0.4137690367831341 0.0023185175824360083
1.9666666666666666 0.46791843373248915 0.0023475260021489364
2.0 0.5385838614004328 0.0023768020116748945
2.033333333333333 0.5282781257538965 0.002369618352693781
2.066666666666667 0.49103408861560416 0.002323883756535694
2.1 0.40046842517259734 0.002240428927349769
2.1333333333333333 0.31581540997724067 0.0021780517441363223
2.1666666666666665 0.18913105554604082 0.0020254908855798226
2.2 0.056681605286295574 0.001831893029486678
2.2333333333333334 -0.09958463687904019 0.0019054381091562905
2.2666666666666666 -0.23664299851637885 0.0021000400579331002
2.3 -0.3386504976821432 0.002230577167616765
2.3333333333333335 -0.43062003642728935 0.0023136180348336532
2.3666666666666667 -0.4828106789569145 0.0024129183346272565
2.4 -0.5060000276752399 0.0024628747323174327
2.433333333333333 -0.5183895836114383 0.002344145551642085
2.466666666666667 -0.46731735677823605 0.0023092634414024205
2.5 -0.36800049548759417 0.0022696694330874845
2.533333333333333 -0.2449333751522383 0.002141876093546796
2.566666666666667 -0.1096184835528983 0.0019474666114431133
2.6 0.03709757286074104 0.0018211247795603472
2.6333333333333333 0.15278648180111248 0.0019709740947977117
2.6666666666666665 0.26961829397376236 0.002110491512621493
2.7 0.38565389799695 0.002279024475107694
2.7333333333333334 0.46600070345887273 0.0023348304401712427
2.7666666666666666 0.49689552037242696 0.0023306001158180933
2.8 0.4994637371548669 0.002317646791580863
2.8333333333333335 0.47746535140056245 0.0023182101599457106
2.8666666666666667 0.4342510253860633 0.0022891860236872175
2.9 0.35432409891314004 0.0022165172144634204
2.933333333333333 0.23812217388979492 0.0020905966388907737
2.966666666666667 0.07943592939798742 0.0018565321370710153
3.0 -0.05879094185933911 0.0018099856552515614
3.033333333333333 -0.19666439800459326 0.0020156954127534543
3.066666666666667 -0.3079691537899514 0.0021660120827250995
3.1 -0.40679539792184854 0.002291249866960443
3.1333333333333333 -0.47522577597025306 0.0023621587080500106
3.1666666666666665 -0.5117033668392873 0.002393411640961407
3.2 -0.5209458203885607 0.0023438827713615495
3.2333333333333334 -0.45950499220659585 0.0023290958377228943
3.2666666666666666 -0.34459458658558395 0.002337963025662304
3.3 -0.25123862140435854 0.002177953253186926
3.3333333333333335 -0.13589014558101456 0.001997303746874568
3.3666666666666667 0.0016797036985822646 0.0017674371959208537
3.4 0.12120820240310609 0.001955050423659857
3.433333333333333 0.23047795037601873 0.0020878264707811234
3.466666666666667 0.35589184875368013 0.0022316545705289292
3.5 0.4346324147126146 0.0022849782851527833
3.533333333333333 0.4759706076114283 0.002339813829923598
3.566666666666667 0.4963226313427875 0.0023378373104747108
3.6 0.5010168208103093 0.0023510229242735825
3.6333333333333333 0.47450415712813737 0.0023458593496659685
3.6666666666666665 0.3468383612784154 0.002201156025693707
3.7 0.24937626690043874 0.0021057598649866227
3.7333333333333334 0.1339035369726779 0.002000660282996586
3.7666666666666666 -0.01103607922184616 0.0017650063603836287
3.8 -0.1340622088239188 0.0019548898083599775
3.8333333333333335 -0.2734267100357051 0.0021579859030276816
3.8666666666666667 -0.38396439134984783 0.0022485122375980326
3.9 -0.4589705226353242 0.002329632262664416
3.933333333333333 -0.48134886928132686 0.0024087648616805124
3.966666666666667 -0.48603736775954337 0.002422922270973904
4.0 -0.46628603041599376 0.0023966351670797748
4.033333333333333 -0.4073671467608443 0.0023105946065038463
4.066666666666666 -0.3212585358096763 0.0022163136319341414
4.1 -0.20199292260901774 0.002046005151583319
4.133333333333334 -0.06505822142747879 0.001841804168970923
4.166666666666667 0.05967151686445978 0.0018442449843497424
4.2 0.1961065374779552 0.002046429232915037
4.233333333333333 0.33220433855948533 0.00221764155294496
4.266666666666667 0.44993143671482494 0.0023291436032512047
4.3 0.4871857593320708 0.0023176741389968614
4.333333333333333 0.5066468063751747 0.002363064498891232
4.366666666666666 0.49425737118071095 0.0023310244792014156
4.4 0.5022501001945794 0.0023501019906196907
4.433333333333334 0.41478806551379716 0.002282875448868349
4.466666666666667 0.2898868049891466 0.0021725842588870004
4.5 0.16602317826683605 0.0020351718726781265
4.533333333333333 0.05014808917289281 0.0018835907290535164
4.566666666666666 -0.11739318362955808 0.0019407536919594515
4.6 -0.24394487301087867 0.0020807326749326116
4.633333333333334 -0.32541084819466976 0.002267403363642728
4.666666666666667 -0.4356918094411692 0.0023263702384198615
4.7 -0.4668495037913182 0.0024067179030264896
4.733333333333333 -0.48872364185821743 0.0024482278151056747
4.766666666666667 -0.4802920967721048 0.002412790397639808
4.8 -0.42390693873275453 0.002371982930565064
4.833333333333333 -0.34375125006221535 0.0022338421071943504
4.866666666666666 -0.23593546761000095 0.0020694095633649323
4.9 -0.10424554923587989 0.0019317369298050557
4.933333333333334 0.023799508006411094 0.001775416432890281
4.966666666666667 0.15796267044550028 0.0020000204442438274
5.0 0.2848485019744346 0.002145661187567538
5.033333333333333 0.3815234654780672 0.0022394881825050783
5.066666666666666 0.4492693205714302 0.002332088825902745
5.1 0.49137036137790213 0.0023266572761670434
5.133333333333334 0.511102134660721 0.0023377481500547193
5.166666666666667 0.4628396826184713 0.002292145727288808
5.2 0.3982125581567806 0.0022514074053874844
5.233333333333333 0.29695201876682464 0.002148894935298573
5.266666666666667 0.21296250247181756 0.002085815750271919
5.3 0.0657840802301467 0.001856864815612147
5.333333333333333 -0.06297989159542655 0.0018420842405628135
5.366666666666666 -0.20862895337078677 0.002071661877006553
5.4 -0.32584270600860327 0.002234513247858838
5.433333333333334 -0.4172000648276478 0.002277490827486406
5.466666666666667 -0.4587294522425221 0.002432366103067851
5.5 -0.495080479631352 0.0023927459792112415
5.533333333333333 -0.4793511257044525 0.0023920135217241345
5.566666666666666 -0.44995108407261875 0.002334884758331768
5.6 -0.36298569841365386 0.002287516290537417
5.633333333333334 -0.25671469520489665 0.002147723219850961
5.666666666666667 -0.09047597171585847 0.0019363999368241236
5.7 0.015115996739546061 0.0017918617697182237
5.733333333333333 0.13463167970397152 0.0019431501618293323
5.766666666666667 0.27311896172905736 0.002165963479745736
5.8 0.3736960531666792 0.0022563962711484864
5.833333333333333 0.4322919659314376 0.0022778522396653678
5.866666666666666 0.4713735600680034 0.0023217011326366332
5.9 0.4878332190781027 0.00232323364424597
5.933333333333334 0.4554210750630891 0.0022823376314187738
5.966666666666667 0.409974554932228 0.0022645131358061676
6.0 0.336283195867362 0.0022268496400300597
6.033333333333333 0.21811401099718072 0.002084906657901675
6.066666666666666 0.08638909242404237 0.001894416332113208
6.1 -0.04767022089955967 0.0018281656878332414
6.133333333333334 -0.16768619550571057 0.0020360976614557658
6.166666666666667 -0.2874769083171474 0.0022116324540859544
6.2 -0.38669905073199023 0.0022720980498322496
6.233333333333333 -0.45088809847590977 0.0023828131735321723
6.266666666666667 -0.47913274109288084 0.0023805234128168595
6.3 -0.4769830403714521 0.002377798172826351
6.333333333333333 -0.44849083596026657 0.0023635062900798642
6.366666666666666 -0.37155953984169987 0.0023055582963674714
6.4 -0.2720852979279731 0.002216124625922744
6.433333333333334 -0.17362097838369792 0.0020100966794400765
6.466666666666667 -0.04487297367504091 0.0018077297718721783
6.5 0.10536770437706035 0.0019171308634382822
6.533333333333333 0.21059950168799993 0.0020389174439827407
6.566666666666666 0.3177877279758999 0.0021616471880109844
6.6 0.4045749749778515 0.002249486594404715
6.633333333333334 0.4670143515592835 0.0023248445517990435
6.666666666666667 0.4849118934805978 0.00234567944556352
6.7 0.47737348329876417 0.0023349768384258174
6.733333333333333 0.43869569573670997 0.0022992201906923415
6.766666666666667 0.41243149379019195 0.002320625561656575
6.8 0.29410287959779335 0.002181600173334186
6.833333333333333 0.14875228719855207 0.001986705169026548
6.866666666666666 0.004597989591668265 0.0018148414363879138
6.9 -0.13381499090055304 0.0019835753883569174
6.933333333333334 -0.2619109122217481 0.002124846269869196
6.966666666666667 -0.3638841806213656 0.0022345116281036193
7.0 -0.4218517800056713 0.0023115296252643747
7.033333333333333 -0.4847425042594949 0.0023236023324303967
7.066666666666666 -0.470968459425344 0.0023518676043655096
7.1 -0.4418488241287164 0.002342655802341276
7.133333333333334 -0.39892566706716726 0.0023068906132467926
7.166666666666667 -0.31425538761546307 0.0021859358593068756
7.2 -0.20442615101083167 0.0020393458382122753
7.233333333333333 -0.08317967110412593 0.0018400126751082074
7.266666666666667 0.06291938311574614 0.0018292649541481604
7.3 0.1837387123803789 0.0020192673813118622
7.333333333333333 0.3031703924527788 0.002179466639855576
7.366666666666666 0.38486668894713644 0.0022506261042641307
7.4 0.44165508242605983 0.0022935572023589645
7.433333333333334 0.48018204722601376 0.0023540725216243397
7.466666666666667 0.47526091773204526 0.0023567151336189585
7.5 0.43170846347869984 0.0023424753398370024
7.533333333333333 0.35797269749709715 0.0022413514802310797
7.566666666666666 0.2604741434634465 0.0021021864322933737
7.6 0.14587320495731101 0.00197432184247201
7.633333333333334 0.028377526376099197 0.0017961588128993233
7.666666666666667 -0.09746339183179842 0.0019022020966058123
7.7 -0.21731622144633383 0.00209792225044933
7.733333333333333 -0.32586778205549766 0.0022070285190854966
7.766666666666667 -0.40574881695150516 0.0023053326116351802
7.8 -0.46717249644270886 0.002332576337710557
7.833333333333333 -0.48960050485656126 0.0023760979375595515
7.866666666666666 -0.47638208525195824 0.002336738167270813
7.9 -0.42141663637272253 0.002295840901986812
7.933333333333334 -0.3397302309465829 0.0022118283476053047
7.966666666666667 -0.23504993071133226 0.0020714127207759336
8.0 -0.08278215635869449 0.0019079982618016716
8.033333333333333 0.05115869476647983 0.001811343021943003
8.066666666666666 0.14358732890276385 0.001973830972296975
8.1 0.2662071081248741 0.0021196328645500806
8.133333333333333 0.38358321957223346 0.0022505660326738175
8.166666666666666 0.4386094904473337 0.0022923627369684785
8.2 0.46907626304951583 0.0022892620589629598
8.233333333333333 0.459730506111119 0.002284904113776076
8.266666666666667 0.43442227663521993 0.0023059720626386615
8.3 0.37008857628669267 0.0022210929839112104
8.333333333333334 0.28337392322644234 0.0021417515197443837
8.366666666666667 0.16988172795415118 0.0019958960720812824
8.4 0.049418107971275015 0.001804320896109532
8.433333333333334 -0.07241920725582685 0.0018432314051389925
8.466666666666667 -0.20165518003700167 0.002034411566304517
8.5 -0.29665251560576333 0.0021761257692728964
8.533333333333333 -0.4011788643727244 0.002297454621216777
8.566666666666666 -0.45844106634811604 0.0023175562518252812
8.6 -0.4810552505171444 0.002329990935678483
8.633333333333333 -0.47147312372944905 0.002368050251735865
8.666666666666666 -0.4298168338151021 0.002324694973572905
8.7 -0.3580799364263516 0.002226005730588898
8.733333333333333 -0.253846992297559 0.002130901828045817
8.766666666666667 -0.12982263342894507 0.0019486938318518665
8.8 -0.008987428710922889 0.0017396147154508362
8.833333333333334 0.1207262422521308 0.0019284704016252485
8.866666666666667 0.24907042647690802 0.0021247241656249805
8.9 0.3467166607330684 0.00222797033023453
8.933333333333334 0.4262686547990205 0.0023211273728363513
8.966666666666667 0.47007323797852424 0.0023105450655365734
9.0 0.49082295512345575 0.0023216302860794014
9.033333333333333 0.46504451981650213 0.0023211882013032814
9.066666666666666 0.39960914050436175 0.0022468152539498187
9.1 0.3250889635960964 0.0022203738578306376
9.133333333333333 0.21260197434911146 0.0020694916542782493
9.166666666666666 0.10126669471569845 0.001912194562502717
9.2 -0.02605993362640219 0.0018499350721894459
9.233333333333333 -0.16597736091837287 0.001983151200374872
9.266666666666667 -0.24039201708166602 0.00218599594382507
9.3 -0.3569854254667063 0.002292385908953587
9.333333333333334 -0.4000692505348049 0.0024261867797703007
9.366666666666667 -0.44089782716781467 0.002411776055044168
9.4 -0.4487969035780419 0.0023998210646624663
9.433333333333334 -0.4129719348891283 0.0024308599457690816
9.466666666666667 -0.36114620587074536 0.002327173270619154
9.5 -0.29307774387702956 0.0022077640365695816
9.533333333333333 -0.15167646133184554 0.0020362213923518224
9.566666666666666 -0.020159187322439032 0.0017745856211222079
9.6 0.10873447366613453 0.0019259012163008876
9.633333333333333 0.21777623089744866 0.002064248788529871
9.666666666666666 0.3126548654663239 0.0022061988368563545
9.7 0.398773750389563 0.0023101125904064213
9.733333333333333 0.4406596323264489 0.0023363833352827434
9.766666666666667 0.46302218193374056 0.0023336985217076167
9.8 0.47246489993121177 0.002331341285382149
9.833333333333334 0.41060492506185614 0.002283246951381157
9.866666666666667 0.3415413605364004 0.0022226019705272604
9.9 0.2364993480529816 0.0020833019543569364
9.933333333333334 0.11684518906997053 0.0019382179965724833
9.966666666666667 -0.01194172915973134 0.00175666099148487
10.0 -0.1274910924593037 0.0019415866790276903
10.033333333333333 -0.20291501592240788 0.0021327885235539745
10.066666666666666 -0.3145948479215422 0.0022712811162946545
10.1 -0.4190492075688265 0.002320843827486152
10.133333333333333 -0.46341072592230237 0.002373557692946504
10.166666666666666 -0.47556502449696036 0.0023500080674199175
10.2 -0.43594376558932557 0.0023430612969813636
10.233333333333333 -0.3542971920478384 0.002292155137901819
10.266666666666667 -0.26187041306143666 0.002211078168167624
10.3 -0.17828389663287827 0.00204235122762772
10.333333333333334 -0.07045553966665923 0.0018345959135865758
10.366666666666667 0.057455349288418285 0.0018245740414417552
10.4 0.19032833943885277 0.002025733826835824
10.433333333333334 0.28456492925721016 0.002162959587081459
10.466666666666667 0.3690759280261675 0.0022358902188691077
10.5 0.4313140228977883 0.002267848478954282
10.533333333333333 0.4772196360166202 0.0023215578991112595
10.566666666666666 0.4886905179959757 0.0023519016133773385
10.6 0.4335847843878197 0.0023158401259656403
10.633333333333333 0.3855156729554495 0.002273137261810998
10.666666666666666 0.2851131483049437 0.002192987429182447
10.7 0.17762760972460834 0.0020580519673332742
10.733333333333333 0.028452847735267923 0.001831607800439422
10.766666666666667 -0.10177429569567083 0.0019292299319759593
10.8 -0.21572602993832715 0.002083412818854574
10.833333333333334 -0.3235809346075841 0.002230234327260272
10.866666666666667 -0.4077079897439617 0.0023300999002958678
10.9 -0.45277080779278905 0.0023286738773842797
10.933333333333334 -0.4706706602344285 0.002346517718822605
10.966666666666667 -0.4380629747759596 0.002353727454332488
11.0 -0.37658944639636266 0.0023249824189974233
11.033333333333333 -0.3032009667379561 0.002250515096745398
11.066666666666666 -0.194356173973608 0.0020693709713145436
11.1 -0.09296058128353438 0.0019100037046941992
11.133333333333333 0.028722939074954518 0.0017809112928277582
11.166666666666666 0.15216203588933636 0.001965136076649554
11.2 0.27903771604658445 0.0021365570445694426
11.233333333333333 0.3572170337550052 0.002195573598334888
11.266666666666667 0.4208649488804663 0.002271119487274764
11.3 0.4521315613088078 0.0022963919730056293
11.333333333333334 0.47322564629418895 0.0023264255337248074
11.366666666666667 0.45375553210090946 0.002319919511457158
11.4 0.3811694166727624 0.0022160428379152664
11.433333333333334 0.2813282874864361 0.0021097295151081275
11.466666666666667 0.16740305020369886 0.0019854361601987225
11.5 0.04335764696571485 0.001838197349343755
11.533333333333333 -0.08630384470938325 0.001890212789887602
11.566666666666666 -0.201279813819447 0.002027582701486008
11.6 -0.30717563643803736 0.0021664082160083864
11.633333333333333 -0.3799307631650723 0.0022691188388797023
11.666666666666666 -0.4330891801521889 0.0023595391776810026
11.7 -0.454747238431099 0.0023432237448038906
11.733333333333333 -0.45403086265373915 0.002359061358656378
11.766666666666667 -0.40273240283951367 0.0023361137475273464
11.8 -0.3309779011325215 0.0022488765697055713
11.833333333333334 -0.2273724205580177 0.002111527693934634
11.866666666666667 -0.10635933316974244 0.0019351934591218672
11.9 0.01113516305377869 0.001773614031735574
11.933333333333334 0.13824247478561133 0.001956894999657288
11.966666666666667 0.24748442252203123 0.0021418344989756755
12.0 0.33278124583788643 0.0022180823051955456
12.033333333333333 0.3988560906392734 0.0022571068954394535
12.066666666666666 0.43259175406447514 0.002265878323256698
12.1 0.45030731623238357 0.002313785784731348
12.133333333333333 0.42755391718771796 0.002292993498693996
12.166666666666666 0.3669520506143315 0.0022247736213573677
12.2 0.31543230592457205 0.0021876946144947507
12.233333333333333 0.20742069907683758 0.0020693816826699296
12.266666666666667 0.07662441304926325 0.0018549982868466958
12.3 -0.047593014513086826 0.001833597229340754
12.333333333333334 -0.16614653645121757 0.001979530327742729
12.366666666666667 -0.2730753517780017 0.0021279438050381128
12.4 -0.3340624775869837 0.0022686941855971643
12.433333333333334 -0.38623512668306687 0.0023623170440905117
12.466666666666667 -0.4679554964366763 0.002305684380914663
12.5 -0.4655119629846977 0.0023347023738211625
12.533333333333333 -0.4238978130967379 0.0022913806078849186
12.566666666666666 -0.34844134100706764 0.002242179594234839
12.6 -0.24923755045746368 0.002124725895485763
12.633333333333333 -0.1328560139193962 0.0019937092617175467
12.666666666666666 -0.025058337488986823 0.0018054518383368266
12.7 0.10284127838951744 0.0019050835121668247
12.733333333333333 0.21415733776271903 0.0020732393014644412
12.766666666666667 0.3028896497282335 0.002155795738256694
12.8 0.3822238720615357 0.002242135263169298
12.833333333333334 0.42735612089278135 0.002290518651424267
12.866666666666667 0.43866557847170123 0.002288706448985822
12.9 0.4202041911606358 0.0022832451293964273
12.933333333333334 0.3774863641231242 0.0022304833855690265
12.966666666666667 0.31083673502857717 0.002188484865867313
13.0 0.20836065077141336 0.0020446224533726964
13.033333333333333 0.09695962451476871 0.0018754918303911655
13.066666666666666 -0.027374192111325073 0.0017600946123446266
13.1 -0.13591919879063336 0.001975093791154181
13.133333333333333 -0.2532551032741417 0.00212997226647621
13.166666666666666 -0.350289736877589 0.002225336873923678
13.2 -0.4090126650166212 0.0023096564899016125
13.233333333333333 -0.4354739211940093 0.0023244373241405047
13.266666666666667 -0.44663456942121615 0.0023356217800815093
13.3 -0.4114995943578948 0.002313929302542761
13.333333333333334 -0.35274824267027693 0.002249370694442976
13.366666666666667 -0.26790841393824966 0.0021501351581621475
13.4 -0.16185634945916907 0.0019943807202640884
13.433333333333334 -0.03588844932170262 0.001806251966949092
13.466666666666667 0.06513074658493002 0.0018727383711203277
13.5 0.1959819659687876 0.0020445613424858455
13.533333333333333 0.28753697550151314 0.002160942280638123
13.566666666666666 0.3597573560179082 0.0022356015791979433
13.6 0.40996293337516704 0.002294324626098132
13.633333333333333 0.44130757717660485 0.002289124013887811
13.666666666666666 0.4336835523469015 0.002309476732569815
13.7 0.40935606757598064 0.00230904404987764
13.733333333333333 0.32344165614588105 0.002215868812362909
13.766666666666667 0.23671953398256243 0.002166659130910936
13.8 0.1231431439134449 0.0019604451661343197
13.833333333333334 -0.005410466637632076 0.001788271022578427
13.866666666666667 -0.12274096267389122 0.0019688543645507706
13.9 -0.21436994868884227 0.0021632751192917354
13.933333333333334 -0.31133975465913954 0.0022231469923328917
13.966666666666667 -0.3931010134095124 0.0023029063269222605
14.0 -0.44150360533493577 0.002281582447939967
14.033333333333333 -0.45552155248696213 0.002336262463641825
14.066666666666666 -0.4244797521891603 0.0023050696200558884
14.1 -0.3770277353972206 0.002231791406257122
14.133333333333333 -0.30112132588560037 0.002153135005531104
14.166666666666666 -0.1903661046562212 0.0020233354607217258
14.2 -0.0745914162763134 0.0018700572132266668
14.233333333333333 0.07712167100067958 0.001887805332478329
14.266666666666667 0.18750640943883592 0.0020597085772999513
14.3 0.28014430101981835 0.0021499136103082517
14.333333333333334 0.3672128253321999 0.002249231463184287
14.366666666666667 0.4166231562040812 0.002292016463235791
14.4 0.4412805622157953 0.0022932142086309892
14.433333333333334 0.43973977888612104 0.0022776369263860508
14.466666666666667 0.4076323367422369 0.0022653115580632543
14.5 0.35816269339313855 0.0022175372707073926
14.533333333333333 0.2508240058271163 0.0020843406551074306
14.566666666666666 0.150476628337971 0.001965504513055688
14.6 0.04445259883474585 0.001811888131325927
14.633333333333333 -0.06958791340384705 0.0018658702683852085
14.666666666666666 -0.1646653103828788 0.0020612015713746823
14.7 -0.26646105694990746 0.0022183728856065565
14.733333333333333 -0.35556306475753974 0.002291364549042607
14.766666666666667 -0.4007399740875997 0.0024311947321325467
14.8 -0.42963891700772083 0.002422546044432927
14.833333333333334 -0.4111542629289696 0.0023945473752920443
14.866666666666667 -0.3771917474343241 0.002328660533053195
14.9 -0.31206954403033826 0.0021935435180714946
14.933333333333334 -0.16640671908279686 0.002086086758860517
14.966666666666667 -0.06592590239823204 0.0018682282542161338
15.0 0.04602212130549418 0.00183149298622607
15.033333333333333 0.14721850809464979 0.0019634979786288254
15.066666666666666 0.27822312832099005 0.0021694247962973368
15.1 0.3581137504839219 0.002216656666120087
15.133333333333333 0.4323297906470784 0.0022834450882201485
15.166666666666666 0.4535543829740334 0.0023347816361237173
15.2 0.45379374943623346 0.0023260436262134143
15.233333333333333 0.40156053890367277 0.0022433843397742237
15.266666666666667 0.35158258786077173 0.002234532554564017
15.3 0.27291001122525205 0.0021574215335106173
15.333333333333334 0.1689460057638684 0.002043898915597392
15.366666666666667 0.046183344377766965 0.0018149286800398928
15.4 -0.06991953658239936 0.001852375866119499
15.433333333333334 -0.18245232221765523 0.0020092717888336165
15.466666666666667 -0.282292098380585 0.002138662055464924
15.5 -0.36389255286998573 0.002218181861551316
15.533333333333333 -0.41769367058644474 0.002268436750541114
15.566666666666666 -0.44540992018989123 0.002293672655355572
15.6 -0.42626060698117524 0.0023111919487737165
15.633333333333333 -0.38750759219497477 0.002267640119787806
15.666666666666666 -0.3162310168108854 0.002223906365829642
15.7 -0.2215370845928704 0.0020884639912991942
15.733333333333333 -0.09221422028080453 0.0019120485258637132
15.766666666666667 -0.0015341324741725386 0.001731955005101329
15.8 0.11324299309564648 0.001926715931433412
15.833333333333334 0.2217567105561735 0.0020877853768255517
15.866666666666667 0.30394058413699143 0.0021761798812954813
15.9 0.3759005782178553 0.0022380370508168768
15.933333333333334 0.41582394564193204 0.0022576063383718536
15.966666666666667 0.43236787548855105 0.002308106530398313
16.0 0.4204511165938212 0.0023127790264466097
16.033333333333335 0.3818790325174482 0.0022770755472263926
16.066666666666666 0.29667508092775413 0.0021737360371962278
16.1 0.1977452996615946 0.0020438982746311396
16.133333333333333 0.09107404581570415 0.001907463496248929
16.166666666666668 -0.049136405863606694 0.001805425916642761
16.2 -0.15661944091128205 0.001981887991443332
16.233333333333334 -0.26157304224260564 0.0021260055367953723
16.266666666666666 -0.33154933932706615 0.0022315276331958955
16.3 -0.4002370571267984 0.0023294323856276056
16.333333333333332 -0.4408615924682855 0.0023571909425110227
16.366666666666667 -0.4263675569964874 0.0023792014598073563
16.4 -0.3866160695306787 0.0023073983729425263
16.433333333333334 -0.3159129225878916 0.002256814595843759
16.466666666666665 -0.23910346667719448 0.002108715174522574
16.5 -0.13885669929944458 0.0019681405899073523
16.533333333333335 -0.023841042582382916 0.001780188360030948
16.566666666666666 0.12198285947647806 0.0019732822241367437
16.6 0.2071736589019064 0.00210590748633957
16.633333333333333 0.31029526676282937 0.0022370312344914267
16.666666666666668 0.3610612480796018 0.0022509382187052007
16.7 0.40477872128604525 0.0022827204229415865
16.733333333333334 0.44171390693412066 0.002340364248701876
16.766666666666666 0.40512481259664374 0.0023005341222769315
16.8 0.36315543222030866 0.0022634910609963255
16.833333333333332 0.30999469490330306 0.002237590750420959
16.866666666666667 0.21202736552466755 0.0020840563152907388
16.9 0.0881459268345461 0.0018716647078087095
16.933333333333334 -0.025438692049512282 0.0017951381600177542
16.966666666666665 -0.11203182581698153 0.001971006472636344
17.0 -0.20881098461995282 0.0021307247763259762
17.033333333333335 -0.30086393531646 0.0022133588392410086
17.066666666666666 -0.3779054071136197 0.002279923024999908
17.1 -0.42519004211441136 0.002314491706563726
17.133333333333333 -0.4215231956021333 0.002304616562478823
17.166666666666668 -0.39876421912319676 0.0022526849008381866
17.2 -0.3465115924785075 0.0022240053913331614
17.233333333333334 -0.2665780330086898 0.00211028819116299
17.266666666666666 -0.16748205195956506 0.001960945314303464
17.3 -0.05715670067368754 0.001802047328879397
17.333333333333332 0.07088361342530866 0.0018569122181820302
17.366666666666667 0.1796905999552953 0.002052904839436931
17.4 0.2684852014170246 0.002147407341733132
17.433333333333334 0.3482625915451851 0.0022134153702287884
17.466666666666665 0.40553171646451375 0.0022942145352258247
17.5 0.40590931290483845 0.0022576858592593396
17.533333333333335 0.40225585900389865 0.0022362140768563132
17.566666666666666 0.3609465195103457 0.0022118711629137144
17.6 0.30065170678263775 0.0021547508935571558
17.633333333333333 0.21587314357576226 0.002043639978380779
17.666666666666668 0.1141045953241971 0.0019071499637821898
17.7 -0.0008449764742160446 0.0017233843248795485
17.733333333333334 -0.11288476976846014 0.0019197340586521033
17.766666666666666 -0.21470857885370115 0.002079149038355571
17.8 -0.30763728533147167 0.002206772742393781
17.833333333333332 -0.3808873280337003 0.002278873437221496
17.866666666666667 -0.39790307254744794 0.002353179930540128
17.9 -0.41616380978210316 0.0023599787075221923
17.933333333333334 -0.4041486478256721 0.0022889870830468118
17.966666666666665 -0.3555466008601459 0.002273596930753796
18.0 -0.28260249635680457 0.0021565994511810738
18.033333333333335 -0.18054096832866734 0.002049257948196076
18.066666666666666 -0.06877912562461949 0.0018635697240977217
18.1 0.03471296333065881 0.0017930760985015587
18.133333333333333 0.16147920973748003 0.001989092877243498
18.166666666666668 0.2569669446324228 0.002120290928269486
18.2 0.35017726538080624 0.002229192040295702
18.233333333333334 0.3987052845783628 0.0023011228136906037
18.266666666666666 0.4190699935341642 0.002309741223031181
18.3 0.4165073919678198 0.002300006343679828
18.333333333333332 0.3864582096199239 0.002257977864862981
18.366666666666667 0.3236590210392685 0.0021823351166626037
18.4 0.24621491900808534 0.0020874212078945964
18.433333333333334 0.13612749246849082 0.0019759485107968267
18.466666666666665 0.024344344852715628 0.0017748025525322723
18.5 -0.09707283358481075 0.0018841940644763466
18.533333333333335 -0.20539825425861857 0.002080910237910266
18.566666666666666 -0.266333236420101 0.0021685991987044906
18.6 -0.36597031672305125 0.0022597395440270285
18.633333333333333 -0.40399592658434125 0.002336167464743688
18.666666666666668 -0.4214777263420625 0.0023648780679827452
18.7 -0.4093991326308288 0.0022955787948092943
18.733333333333334 -0.3589555633998441 0.0022502795585703783
18.766666666666666 -0.27761190465961366 0.0021781565664899527
18.8 -0.19156018728410526 0.002051337354774252
18.833333333333332 -0.08511369359847115 0.0019141292253619657
18.866666666666667 0.0443855522909299 0.0018648819268924782
18.9 0.1410685031157899 0.00197022358356827
18.933333333333334 0.23437908290671874 0.002084091020086498
18.966666666666665 0.3195580494578074 0.002213205331250856
19.0 0.3739980030077587 0.002236741001395759
19.033333333333335 0.42225055005857054 0.002272527538876301
19.066666666666666 0.4217747027520369 0.002272852117087887
19.1 0.3965637134639946 0.0022379620579132675
19.133333333333333 0.3453258123986186 0.0022011172778389487
19.166666666666668 0.24635736175600892 0.0021008054622313754
19.2 0.14502146196346719 0.0019552460746274924
19.233333333333334 0.0434543443762837 0.0018198739921858054
19.266666666666666 -0.05433182747493093 0.0018580059753874265
19.3 -0.1656774807098786 0.002011077271456413
19.333333333333332 -0.2555758372878677 0.002148704567759785
19.366666666666667 -0.334777381703073 0.002216237842230462
19.4 -0.3909940497099109 0.002265410925847533
19.433333333333334 -0.4029772110053717 0.002287822447637089
19.466666666666665 -0.39091148542763804 0.0023417953972311167
19.5 -0.3713199740186504 0.0022465916880355374
19.533333333333335 -0.2944782297006232 0.00216546271665341
19.566666666666666 -0.2116078143860054 0.002052465404491416
19.6 -0.10756349981928148 0.0019002397560235335
19.633333333333333 0.0011458358935388128 0.0017253130818668315
19.666666666666668 0.10170269607294656 0.001868140215367478
19.7 0.21073548741420414 0.0020398433566066743
19.733333333333334 0.29793601759180566 0.0021475374757297105
19.766666666666666 0.37841142991281373 0.0022491638793251667
19.8 0.4121183859244428 0.002285886028053352
19.833333333333332 0.4101648141358892 0.0022871692946561106
19.866666666666667 0.43122882290905146 0.0023316545865130767
19.9 0.3863741409247727 0.0022943210250403467
19.933333333333334 0.27100887527648737 0.0021604135529166846
19.966666666666665 0.21334738447631643 0.002100826584412574
20.0 0.07264953887943887 0.0018859732880635305
20.033333333333335 -0.03410557070451092 0.0018146921199172356
20.066666666666666 -0.10637454844678686 0.001977374013254457
20.1 -0.15013262564848281 0.0021225052032732283
20.133333333333333 -0.31009417832891634 0.0022223393264105273
20.166666666666668 -0.3814223082372954 0.002285268193467249
20.2 -0.41173489624578263 0.002313500134848878
20.233333333333334 -0.3644368637762036 0.002351075513346512
20.266666666666666 -0.3475878440567756 0.002315679057095399
20.3 -0.21872396588937512 0.0022714672402672498
20.333333333333332 -0.1535060047415423 0.002139067973982528
20.366666666666667 -0.0636418928194138 0.0019249238073411612
20.4 0.06787290797596306 0.0019199424952258959
20.433333333333334 0.23100672726349128 0.002145636969275888
20.466666666666665 0.26312405844379555 0.002143294514476979
20.5 0.37728624116534903 0.0022494178616846994
20.533333333333335 0.5511887812923801 0.002352920066437947
20.566666666666666 0.5000369632945592 0.002319260296126502
20.6 0.44022079244442036 0.0023466961148617127
20.633333333333333 0.4271138295187317 0.002312413838464422
20.666666666666668 0.3715484332725351 0.0022512067332994823
20.7 0.303147153238902 0.00216687103425256
20.733333333333334 0.20172511469061344 0.0020451571042616745
20.766666666666666 0.07680975841821001 0.0018437596339443835
20.8 -0.030462130632015593 0.0017760118528438278
20.833333333333332 -0.1392827763622024 0.0019452251038210855
20.866666666666667 -0.2309119622747759 0.0021196981455895714
20.9 -0.31407540904573333 0.0021769468933369174
20.933333333333334 -0.37163862993353397 0.002240411386829233
20.966666666666665 -0.40726059785415913 0.002272636667066341
21.0 -0.40884247995006 0.0023131705894835486
21.033333333333335 -0.37895519763983504 0.0022673185291395836
21.066666666666666 -0.319646143539818 0.00217730999313015
21.1 -0.2353436833466441 0.0020801310641405946
21.133333333333333 -0.13639382930038427 0.0019532989957332103
21.166666666666668 -0.020273521330469044 0.0017563457035119946
21.2 0.10963563680967539 0.0019146841860115948
21.233333333333334 0.19742140488130652 0.0020487134473716473
21.266666666666666 0.2767323721873569 0.0021573155814141876
21.3 0.3366673373320717 0.0022172704904924734
21.333333333333332 0.38601303479917853 0.0022634668121976897
21.366666666666667 0.39541792816791865 0.002263546024230012
21.4 0.3906694261695651 0.002258887542230803
21.433333333333334 0.3537965196595284 0.002230747280104306
21.466666666666665 0.29398282082865773 0.0021777096761661507
21.5 0.2101180656002556 0.0020790093827887934
21.533333333333335 0.10381257329924516 0.0018844761647701658
21.566666666666666 0.010540365416830526 0.0017814465271256963
21.6 -0.10616928314714699 0.00194914672083972
21.633333333333333 -0.20831644084226938 0.0020900240099056278
21.666666666666668 -0.2863224662148176 0.0021946955380210964
21.7 -0.3323982934944842 0.0022682618658528275
21.733333333333334 -0.36482889904512 0.00230605919504967
21.766666666666666 -0.3798972799401592 0.0023237055302421372
21.8 -0.369955126495907 0.0023319750153976138
21.833333333333332 -0.31659771448189317 0.0022335936967114445
21.866666666666667 -0.2395943636476351 0.00211419761580825
21.9 -0.13936596666343776 0.001979702314124171
21.933333333333334 -0.03177382129182462 0.0017998970329990774
21.966666666666665 0.08114729029619948 0.0018852212500446164
22.0 0.18312601416351526 0.0020136026238503912
22.033333333333335 0.26934358978148326 0.0021386117014130512
22.066666666666666 0.32983732403503707 0.0021965560908751014
22.1 0.3858497080063537 0.002249936238292005
22.133333333333333 0.4244518650452085 0.002268674201681642
22.166666666666668 0.42315847905894655 0.002277691557040218
22.2 0.38173635067364287 0.002232081471130465
22.233333333333334 0.2846704848611827 0.002117096380506611
22.266666666666666 0.18546711460655457 0.002004742197711157
22.3 0.10801068087820614 0.001897379660062773
22.333333333333332 0.010586541258144016 0.001744560099681958
22.366666666666667 -0.08201237705081947 0.0018770476283808818
22.4 -0.1874502724554156 0.0020492679519096835
22.433333333333334 -0.2467328564824047 0.0021879862855350707
22.466666666666665 -0.2976152004076499 0.002384707571074285
22.5 -0.379251527282381 0.0023330644087951047
22.533333333333335 -0.393777996833272 0.002283514060171077
22.566666666666666 -0.3406805155195763 0.002293232656065569
22.6 -0.3119206307656872 0.00222915172077498
22.633333333333333 -0.25446755224845125 0.002141318265325043
22.666666666666668 -0.158498385168977 0.002008574465695273
22.7 -0.04319197368659567 0.0018366026654956236
22.733333333333334 0.08340950256624799 0.0019043869473510389
22.766666666666666 0.16218089839977903 0.002008563833879401
22.8 0.25796894904646006 0.002127558060628143
22.833333333333332 0.33181988938306967 0.0022365080117177083
22.866666666666667 0.3790758772113966 0.0022688038165047386
22.9 0.40692512501901956 0.0022840238607615415
22.933333333333334 0.4049253267339732 0.002285893719397414
22.966666666666665 0.36745878836629003 0.0022379421939426325
23.0 0.32910254766061536 0.0022017953844001292
23.033333333333335 0.21935566472780765 0.002058187204783901
23.066666666666666 0.13386281203175732 0.0019585581437571165
23.1 0.035398652200113734 0.00184065976002519
23.133333333333333 -0.07299691849387442 0.0018813318412151808
23.166666666666668 -0.18711870563364302 0.002017587317026698
23.2 -0.28075304613150115 0.0021339366836807816
23.233333333333334 -0.32604455834805646 0.0022240922149973086
23.266666666666666 -0.38922422815186564 0.0022362430667821065
23.3 -0.40233532756162455 0.0022618582168152934
23.333333333333332 -0.3756050682713695 0.0022771786972262675
23.366666666666667 -0.3397847839781193 0.002236220480585527
23.4 -0.27200117595275547 0.0021476103601453245
23.433333333333334 -0.18916577263201156 0.0020498684941011036
23.466666666666665 -0.0749185004608214 0.0019021977375322102
23.5 0.06028657394872567 0.001878515933457947
23.533333333333335 0.12672402898620178 0.0019273701108501462
23.566666666666666 0.21287167002106505 0.002032416320182584
23.6 0.30155825104479156 0.0021729658605952884
23.633333333333333 0.3810898914588063 0.0022578248391305067
23.666666666666668 0.403855461334196 0.002243445525128618
23.7 0.4113387875271555 0.002278846675357382
23.733333333333334 0.3811270398338653 0.002237366065814539
23.766666666666666 0.29998990994165425 0.002150828139668215
23.8 0.22770372492537097 0.002047646510173917
23.833333333333332 0.13844502173811696 0.00193280764495668
23.866666666666667 0.031937690413438385 0.0017680364742265198
23.9 -0.0680564475314041 0.0018414380811433706
23.933333333333334 -0.16605697557543528 0.0019999488682913846
23.966666666666665 -0.2497403341241779 0.00213119347113111
24.0 -0.32318835283680086 0.0022305733078013534
24.033333333333335 -0.3685447983426844 0.002309982522994136
24.066666666666666 -0.3966588128528329 0.0023030881611696974
24.1 -0.3914731738205977 0.002282183526563397
24.133333333333333 -0.3448023887630215 0.0022507937368956843
24.166666666666668 -0.2895949365190582 0.002180063078854544
24.2 -0.20740623883142115 0.0020579281617703893
24.233333333333334 -0.0924024926334156 0.0019025026425738695
24.266666666666666 0.01773578676040826 0.001759409520520637
24.3 0.12315272030805402 0.0019250939651174748
24.333333333333332 0.23855604575922804 0.002095028696949053
24.366666666666667 0.3188422254907987 0.002208267479232029
24.4 0.3799755682637596 0.002270030223351205
24.433333333333334 0.3906505519539022 0.0022684961416143956
24.466666666666665 0.380792281089725 0.002283988073896792
24.5 0.36327377856196585 0.002284895784212815
24.533333333333335 0.32267083360907933 0.0022385165406922924
24.566666666666666 0.2462756817845124 0.0021323855640989486
24.6 0.15205068853891804 0.0020380714346646123
24.633333333333333 0.04740579309953433 0.0018491499829475927
24.666666666666668 -0.0400917703632715 0.0018222304059100497
24.7 -0.1601223407819182 0.0019895429642935447
24.733333333333334 -0.2433839172756303 0.0020961748727250373
24.766666666666666 -0.29694692893050106 0.002187247494139677
24.8 -0.34581045963423057 0.0022561338989607327
24.833333333333332 -0.38341422061537017 0.0022884164637111404
24.866666666666667 -0.3882999496616906 0.0022678263294546586
24.9 -0.3623743253842506 0.0022806952445254547
24.933333333333334 -0.29846848140460425 0.0021713583394282754
24.966666666666665 -0.21988447443632653 0.002067799706783058
25.0 -0.10994114030574247 0.001928259645177094
25.033333333333335 0.0037606648127158793 0.0017523310912819648
25.066666666666666 0.07838945858014527 0.001847565111529878
25.1 0.20448613400360527 0.0020746379882333466
25.133333333333333 0.2586499212122795 0.0021145003618308067
25.166666666666668 0.3351091897371354 0.0022009555239017597
25.2 0.3648034365138887 0.002224825632144045
25.233333333333334 0.3883798046886433 0.002239124966600503
25.266666666666666 0.38085569115567997 0.002246636313703476
25.3 0.32428018556246446 0.0022039253800504865
25.333333333333332 0.27486337608696493 0.002153454132712729
25.366666666666667 0.2001134839718114 0.002066209444778172
25.4 0.11335107025587747 0.0019491419892173484
25.433333333333334 0.017889495657151058 0.0018164729866118265
25.466666666666665 -0.09549850739912051 0.0019319307025739002
25.5 -0.17135882494687193 0.0020877371060400163
25.533333333333335 -0.27892333822309745 0.002200347662136337
25.566666666666666 -0.33840263574567275 0.0022640980141811484
25.6 -0.3795344352708384 0.0023167135892769863
25.633333333333333 -0.3763811276291499 0.0023349851210678896
25.666666666666668 -0.34256416424284863 0.0023073979972141334
25.7 -0.2950386891471301 0.002166374554030792
25.733333333333334 -0.19530998981666375 0.002071051337209695
25.766666666666666 -0.13022301783968454 0.0019553918269788473
25.8 0.014440866830488489 0.0017813947330031863
25.833333333333332 0.07275075038969919 0.0018500060369416454
25.866666666666667 0.16472241579878755 0.001962719234298166
25.9 0.2517491112866634 0.002084849421632118
25.933333333333334 0.3205302066473473 0.002182056721231229
25.966666666666665 0.3551148973812616 0.002213434212704646
26.0 0.3708845504748973 0.002284245662977691
26.033333333333335 0.36629243434150544 0.0022577107392197093
26.066666666666666 0.3245428065759103 0.002218903896450075
26.1 0.27185450767692443 0.002190006808308498
26.133333333333333 0.18108738637563954 0.0020738346918339756
26.166666666666668 0.0914198417386197 0.0019145538225421171
26.2 -0.006131835442677033 0.001763826772127195
26.233333333333334 -0.10929133654668574 0.0019220137787575586
26.266666666666666 -0.1966648839942355 0.002061549167214821
26.3 -0.27715904723330553 0.002160523337921272
26.333333333333332 -0.3265267854341248 0.0022915859999383947
26.366666666666667 -0.37077383043615414 0.002324119811039027
26.4 -0.3612144002109505 0.002294032512209665
26.433333333333334 -0.343647815327286 0.0022612469222150766
26.466666666666665 -0.30759424322190687 0.002174662471870814
26.5 -0.23258559196665457 0.002098304499933701
26.533333333333335 -0.13630850913979786 0.0019852396949503748
26.566666666666666 -0.03650971293984434 0.001827988347036326
26.6 0.0761512118456441 0.0019028874406672447
26.633333333333333 0.172639882205314 0.0020186888533731684
26.666666666666668 0.23487749400381044 0.0020798082812858443
26.7 0.29469688398056604 0.002193101601866587
26.733333333333334 0.3393327512641522 0.0022081456860688076
26.766666666666666 0.37821059257205286 0.002272879534307104
26.8 0.362829426205617 0.0022153367087415776
26.833333333333332 0.33306980472487846 0.002210028606130232
26.866666666666667 0.2773943170300214 0.002154551408093064
26.9 0.18723684058589937 0.002027842813444869
26.933333333333334 0.10728585607022592 0.0018957573922985527
26.966666666666665 0.015349233046711899 0.0017638477024672257
27.0 -0.08835363730256168 0.0018880929247975659
27.033333333333335 -0.14988000048919575 0.002036317326170628
27.066666666666666 -0.25249563225208177 0.002140410071213461
27.1 -0.317199882127698 0.00221076449917329
27.133333333333333 -0.35977814473486996 0.0022363842034239245
27.166666666666668 -0.3868969447782498 0.002239262493404781
27.2 -0.34429981106347757 0.002265605604166998
27.233333333333334 -0.294788529431007 0.0022296371773057877
27.266666666666666 -0.22991275028688676 0.0021122725384231378
27.3 -0.16011111310445644 0.0019722775715494134
27.333333333333332 -0.05599455752425331 0.0018179269706149123
27.366666666666667 0.048678879440014824 0.0018142266654858838
27.4 0.1509416757378044 0.0019670912998127343
27.433333333333334 0.23391492311690204 0.002084999575756308
27.466666666666665 0.30409447155091346 0.0021718949449402447
27.5 0.352126891965566 0.0022115935451348934
27.533333333333335 0.3727394026856657 0.002227288852434006
27.566666666666666 0.3776713045807661 0.002233564495545459
27.6 0.33486960958725726 0.002189497879041491
27.633333333333333 0.3049533965601619 0.0022265597025242223
27.666666666666668 0.22994542960801317 0.002134961468840041
27.7 0.11943160822346094 0.0019509034640238787
27.733333333333334 0.029060679929932862 0.0018121671534869557
27.766666666666666 -0.07100612847568914 0.0019077748281134121
27.8 -0.16321654252204962 0.002070252571725245
27.833333333333332 -0.2602060267809528 0.0021309229585443346
27.866666666666667 -0.3290681966873596 0.0021806383709567223
27.9 -0.36038280603616113 0.002241481432716297
27.933333333333334 -0.3698119805922363 0.0022496593121090758
27.966666666666665 -0.3481144346490605 0.002244523107253038
28.0 -0.29329254613744793 0.0022010389016968723
28.033333333333335 -0.23617362682727822 0.002157451725121051
28.066666666666666 -0.16524121942604877 0.0020318259648360038
28.1 -0.08613363936756069 0.00191455710515262
28.133333333333333 0.025432322503348453 0.0018013277180644535
28.166666666666668 0.11849792678117956 0.0020114733824564135
28.2 0.20339545670129558 0.00207828428661061
28.233333333333334 0.29022640133581995 0.00215751754897181
28.266666666666666 0.3553054612699366 0.002248153027732458
28.3 0.3517149815208232 0.002211742591044008
28.333333333333332 0.35492086671205986 0.002230210794553489
28.366666666666667 0.33827971224678344 0.002201771163134414
28.4 0.2783771411673018 0.0021498334432743516
28.433333333333334 0.2088891044038427 0.002099225218196582
28.466666666666665 0.11963037045280335 0.0019554247183378726
28.5 0.02421950027161427 0.0017911949228659567
28.533333333333335 -0.06463356431705075 0.0018568315363204357
28.566666666666666 -0.1596766223422754 0.002021929207638634
28.6 -0.24264641913537738 0.0021384062722019093
28.633333333333333 -0.3069848417627338 0.0022012418424527946
28.666666666666668 -0.3356550465466526 0.002230537393981491
28.7 -0.35172499555999676 0.002262458796957467
28.733333333333334 -0.358224499649221 0.0022644434411957515
28.766666666666666 -0.318443016770673 0.002208993595462616
28.8 -0.2629850818944112 0.0021216368950542353
28.833333333333332 -0.18879810362287297 0.002061642485257642
28.866666666666667 -0.09120443952782442 0.0018990999006076315
28.9 0.014455202927737214 0.0017694835698548288
28.933333333333334 0.11632179863689594 0.0019447008246857717
28.966666666666665 0.20536620344580428 0.002044877971435932
29.0 0.27387001073101297 0.0021201299275649954
29.033333333333335 0.3280911468817882 0.0021902685631489116
29.066666666666666 0.3677610855211102 0.002271265199522976
29.1 0.3721856570361412 0.0022621338025043958
29.133333333333333 0.3553404690940603 0.0022516313906757457
29.166666666666668 0.2990220677911865 0.0021548216337321513
29.2 0.23203746542928752 0.002067583075039875
29.233333333333334 0.14243343875460374 0.0019622684241088484
29.266666666666666 0.05213283439706348 0.0018224746793914157
29.3 -0.03400498674959814 0.0018177339232013506
29.333333333333332 -0.13046711207481304 0.0020131240273636164
29.366666666666667 -0.22579506910927136 0.002131178706997333
29.4 -0.29935273018311853 0.0022287582270249517
29.433333333333334 -0.35203482612214043 0.0022667242527657505
29.466666666666665 -0.370410888789559 0.0022932179014512055
29.5 -0.3562420129224874 0.0022621980892298388
29.533333333333335 -0.31890023327010636 0.002207124429925489
29.566666666666666 -0.23674641401142824 0.0021542054786082288
29.6 -0.1654907958412724 0.0020325037867645057
29.633333333333333 -0.08753048623233757 0.00188572865058656
29.666666666666668 -0.003261927701848863 0.0017796613777783907
29.7 0.10871392451491384 0.0019073992585886962
29.733333333333334 0.18758337604834682 0.002051668759666836
29.766666666666666 0.2579477058372999 0.002149272561975335
29.8 0.3202203654458762 0.0022050800844390372
29.833333333333332 0.3583164462612583 0.0022079036396002727
29.866666666666667 0.35815018735367204 0.002250976293419027
29.9 0.35168120417202625 0.0021996291205499396
29.933333333333334 0.2983727988387442 0.0021581666794690535
29.966666666666665 0.2317354594334626 0.002087424197333404
30.0 0.1454069707172695 0.001955903745483184
30.033333333333335 0.05308140101022678 0.0018142000589602275
30.066666666666666 -0.022149504907492536 0.00179115916887777
30.1 -0.12973881283223176 0.0019964213924715812
30.133333333333333 -0.19788299301633724 0.0020827369404667895
30.166666666666668 -0.2824335928231903 0.002226705153560715
30.2 -0.3443956629491154 0.0022346361281306293
30.233333333333334 -0.3705246359606859 0.0022941432880264623
30.266666666666666 -0.36592307959137393 0.002278282043574442
30.3 -0.3360939944463388 0.0022467533738160794
30.333333333333332 -0.27165706160891673 0.0021559375764507727
30.366666666666667 -0.2002321867258097 0.0020521415493698347
30.4 -0.09607354509303165 0.0019017380539400192
30.433333333333334 -0.009026150134026967 0.0017414020652212325
30.466666666666665 0.07627437879955003 0.001866944600744616
30.5 0.1930007781526077 0.0020417686414796743
30.533333333333335 0.263649786793701 0.0021379537184587627
30.566666666666666 0.336723525146797 0.0021939172243773397
30.6 0.3639802381779689 0.00228371620309481
30.633333333333333 0.37778327212439355 0.00232220199604094
30.666666666666668 0.37220813843103084 0.0022970863002823583
30.7 0.316211790385966 0.0022140450282419066
30.733333333333334 0.24798853394173792 0.002145354541623734
30.766666666666666 0.17026960068897684 0.0020243653879823964
30.8 0.09178969795236783 0.00191886570394377
30.833333333333332 -0.012933347912436128 0.0017525060188305474
30.866666666666667 -0.10210082100645784 0.001924400045319713
30.9 -0.19425238468899647 0.0020555116264862616
30.933333333333334 -0.2677521064294014 0.0021733162121947425
30.966666666666665 -0.3262644742032617 0.0022305628746805972
31.0 -0.36358337022614856 0.0022709389772325728
31.033333333333335 -0.3568621351046001 0.002254538592194766
31.066666666666666 -0.3302037398495555 0.0022023250855233156
31.1 -0.2795005055321787 0.002154428533758135
31.133333333333333 -0.21738937238096206 0.0020844997125380182
31.166666666666668 -0.13173356223017643 0.001945418972306795
31.2 -0.033350398870318036 0.0017737991417687907
31.233333333333334 0.07267540651358169 0.0018995834644305182
31.266666666666666 0.16377315976227516 0.002049307624122587
31.3 0.2603156544776852 0.0022348138294885356
31.333333333333332 0.30435373587582826 0.002154107820220408
31.366666666666667 0.3402779085223921 0.0021805556741638643
31.4 0.3482491087550278 0.002233889990655158
31.433333333333334 0.33857211783748486 0.0022082631419317322
31.466666666666665 0.309607518717449 0.002164951657438352
31.5 0.2527717011843259 0.002106224627548503
31.533333333333335 0.17810600786592196 0.0020267708878984048
31.566666666666666 0.08435672130700979 0.0019173546516668555
31.6 0.007377318296681052 0.001771060693872709
31.633333333333333 -0.10219054978112 0.001908255369666198
31.666666666666668 -0.18047429487918723 0.0020425024273205417
31.7 -0.26490838045120607 0.0021555521670186817
31.733333333333334 -0.32166954788299984 0.002247549902343937
31.766666666666666 -0.3627698486601393 0.0022731498930932403
31.8 -0.3556761540777376 0.0023329344684014375
31.833333333333332 -0.33620835242307656 0.0023430088163822194
31.866666666666667 -0.26759026704543093 0.002165513068458802
31.9 -0.21180668317061624 0.0020621080345829823
31.933333333333334 -0.13063105298671818 0.0019398036872800561
31.966666666666665 -0.03648089843649339 0.0018041819514611826
32.0 0.04937522691341577 0.001810199066358785
32.03333333333333 0.15863883924997602 0.00198940040387921
32.06666666666667 0.22591000130593863 0.0020626747717781557
32.1 0.30830876422906 0.0021631674295534142
32.13333333333333 0.31742923170742987 0.0021614079276273124
32.166666666666664 0.3480009642372223 0.0021961857214978786
32.2 0.3291565857913811 0.002180520703503941
32.233333333333334 0.3050568812064969 0.0021955668521187466
32.266666666666666 0.246226860972041 0.0021213488081240905
32.3 0.17723956621048317 0.0021012689455821854
32.333333333333336 0.08760997772458762 0.0018871381388623765
32.36666666666667 -0.007406594573912407 0.0017655241579799886
32.4 -0.09602519734452016 0.001907160746249345
32.43333333333333 -0.1825729549560952 0.002022183926490506
32.46666666666667 -0.24503633777672415 0.0021211203993853067
32.5 -0.31337624568939587 0.002183304088130278
32.53333333333333 -0.3398499851792824 0.0022351858607585484
32.56666666666667 -0.3467581765176115 0.0022624438828932614
32.6 -0.3296204518653692 0.002254003332126553
32.63333333333333 -0.2912642510365336 0.0021827424987683197
32.666666666666664 -0.22860695511778045 0.0021048549667936345
32.7 -0.15061406872775096 0.001994278248280995
32.733333333333334 -0.05137754879923455 0.0018158712490538367
32.766666666666666 0.05212963709073003 0.00180914293734305
32.8 0.13760945978473715 0.0019721501517056816
32.833333333333336 0.22059723497961356 0.0020843412859275767
32.86666666666667 0.2878725066865053 0.0021419134842514675
32.9 0.3361845701187926 0.0021949598013139004
32.93333333333333 0.3493805397772009 0.0022163894969609577
32.96666666666667 0.33351678507851024 0.0022072265818525727
33.0 0.3041927516240811 0.002193280072129933
33.03333333333333 0.25250369501918246 0.002144445015247687
33.06666666666667 0.18456277965261345 0.0020665465472777256
33.1 0.12206613270568853 0.0020055289163843915
33.13333333333333 0.032289477166265505 0.0018751800574487096
33.166666666666664 -0.06537414365737645 0.0018895010307412446
33.2 -0.16173455971963385 0.002020258239003453
33.233333333333334 -0.2366678895727952 0.002105544218075406
33.266666666666666 -0.28279031551952766 0.0022074311461738327
33.3 -0.34161110669498507 0.0022169617862626834
33.333333333333336 -0.35496752892602007 0.002221150028967167
33.36666666666667 -0.3369074056536117 0.0022037435539679073
33.4 -0.2827497900662548 0.0021632432222363773
33.43333333333333 -0.2247686743447587 0.0021029843122969405
33.46666666666667 -0.14351920322549633 0.001973724500690194
33.5 -0.06494149881834262 0.001834938108364964
33.53333333333333 0.029985545267848614 0.0017837522840273984
33.56666666666667 0.12038292945659448 0.0019401611725353013
33.6 0.19224517819471632 0.002012769859239788
33.63333333333333 0.25902526133947046 0.0021261906709528766
33.666666666666664 0.30791289408220857 0.002154833922674848
33.7 0.33581141110776225 0.0021825135188381917
33.733333333333334 0.3491292947926929 0.0022130162939903997
33.766666666666666 0.30112839604653735 0.002170348613307227
33.8 0.2593651438844739 0.0021351501491836955
33.833333333333336 0.1913927602667654 0.0020576692822877884
33.86666666666667 0.12062110712838209 0.0019446492757496103
33.9 0.015440750548671788 0.0017849000374852396
33.93333333333333 -0.06737532273577851 0.0018664246273048662
33.96666666666667 -0.15290012743773182 0.0020179170308964878
34.0 -0.225067121153017 0.0021194969486537374
34.03333333333333 -0.24281982566491164 0.00223728520268332
34.06666666666667 -0.3198509031496171 0.002296975818118996
34.1 -0.3389349894300142 0.0023144899942284525
34.13333333333333 -0.3286467509496454 0.002302101657171318
34.166666666666664 -0.30270565823681855 0.0022521085437864907
34.2 -0.24341060586471555 0.0021177558994983914
34.233333333333334 -0.16810924855957113 0.001980031123523185
34.266666666666666 -0.05993153653932659 0.001858811916692578
34.3 0.020121145722864935 0.0017556101882179875
34.333333333333336 0.09953084795311429 0.0018915947062755761
34.36666666666667 0.18171911540012278 0.002020879586277946
34.4 0.23177395199864734 0.0020723170837342875
34.43333333333333 0.2962308242194445 0.0021329640764065627
34.46666666666667 0.3427707996989108 0.002189539946501007
34.5 0.3314484249483017 0.0021888427515765474
34.53333333333333 0.3148157270880272 0.002158757708576431
34.56666666666667 0.2790952122009191 0.0021362281069504663
34.6 0.20786126961052923 0.0020316015355176242
34.63333333333333 0.12030362284036325 0.0019183942853883557
34.666666666666664 0.030559983181742533 0.001778425473652593
34.7 -0.05859951421001803 0.001826544182085714
34.733333333333334 -0.15117689771210555 0.001974695391967707
34.766666666666666 -0.20504980546011592 0.002151173870187123
34.8 -0.28124794652519064 0.00216094359015806
34.833333333333336 -0.3311109821231975 0.0022393377814927673
34.86666666666667 -0.32232170520117154 0.0022906019380265485
34.9 -0.3214987738848098 0.0022137900600584515
34.93333333333333 -0.28502423682810674 0.0021823211130045927
34.96666666666667 -0.242211715517154 0.002166086721025251
35.0 -0.12648955847199037 0.00200798936860222
35.03333333333333 -0.037805280407617325 0.0019134530832027388
35.06666666666667 0.04820077079594273 0.0018887647472787539
35.1 0.11557161929209732 0.0019426265617746574
35.13333333333333 0.1737065840381035 0.001995633099555999
35.166666666666664 0.259725722048082 0.0021205150743678347
35.2 0.3128235013453489 0.002175445060004111
35.233333333333334 0.35408375475118 0.002224981385847258
35.266666666666666 0.34588387977958673 0.002225296581022995
35.3 0.32004140395640235 0.00219853630812733
35.333333333333336 0.26719436950150205 0.002145977962996315
35.36666666666667 0.20817894273935922 0.002042579829784119
35.4 0.1317282194133958 0.0019766059075412012
35.43333333333333 0.04327694608444807 0.0018339283350438731
35.46666666666667 -0.0513632455843088 0.0018391764741376437
35.5 -0.13282852873344728 0.0019595639218774052
35.53333333333333 -0.20405439634261252 0.002054990823437103
35.56666666666667 -0.2744365675932326 0.0021389898484230896
35.6 -0.3194056600503046 0.0021915332187908976
35.63333333333333 -0.3387285707001934 0.0022146886313176295
35.666666666666664 -0.317942949673543 0.0021989186713360365
35.7 -0.2946400613005901 0.002171735254774876
35.733333333333334 -0.24669299320164534 0.002107772824820525
35.766666666666666 -0.18052843695905224 0.002024733132031775
35.8 -0.09050701400150245 0.0019222764190306857
35.833333333333336 -0.012925647792944143 0.0017807882432241563
35.86666666666667 0.07968188540250944 0.0019051695140881314
35.9 0.16885661856931855 0.00203316581728466
35.93333333333333 0.24975211189095337 0.00211692681640413
35.96666666666667 0.29563359815159024 0.0021589036743162593
36.0 0.3239386958574307 0.0021741105277754413
36.03333333333333 0.3277728030773612 0.002187220404825496
36.06666666666667 0.31650169577389214 0.0021670667897032425
36.1 0.2873012679693622 0.0021483947133915104
36.13333333333333 0.22314683496788953 0.0020870511941924186
36.166666666666664 0.14288959482396255 0.001969553747647901
36.2 0.058970031290564315 0.0018620079100107947
36.233333333333334 -0.019024003359658082 0.0017812642187856435
36.266666666666666 -0.10805381656268111 0.001938473731003837
36.3 -0.170616390891972 0.002058604806184111
36.333333333333336 -0.2339895436911327 0.002158322761638909
36.36666666666667 -0.2981861806134718 0.0022169755188748974
36.4 -0.3174176712276242 0.0022557565063915375
36.43333333333333 -0.3196799973186352 0.0022637419459956565
36.46666666666667 -0.2955352664585661 0.0022197482962411086
36.5 -0.24653186012736786 0.002218563557960268
36.53333333333333 -0.16874256894609652 0.002046425042599276
36.56666666666667 -0.06130672513800615 0.0019092760762328895
36.6 -0.011610870481206742 0.0017722306583874328
36.63333333333333 0.09602512406202152 0.0019324309631684466
36.666666666666664 0.1559402074791096 0.001983363737442706
36.7 0.23032598713551475 0.0021335084753962286
36.733333333333334 0.2914273759388173 0.0021866740497284987
36.766666666666666 0.3158499441798334 0.0021760471444636775
36.8 0.32857580915931595 0.0021977219004747917
36.833333333333336 0.32293029654281047 0.0021774388332305716
36.86666666666667 0.2833722537833105 0.0021910431718539236
36.9 0.22699340121519807 0.0020643729065391303
36.93333333333333 0.16704985614211995 0.0019922765139600562
36.96666666666667 0.0996385989354556 0.0019174428611466593
37.0 0.013855392020475846 0.0017727650352353814
37.03333333333333 -0.07858103254184347 0.0019104623424409939
37.06666666666667 -0.1742846130138781 0.002049126277289537
37.1 -0.24635108179685808 0.0021316036186092846
37.13333333333333 -0.28651718821070293 0.0021904599179703443
37.166666666666664 -0.3226196828406504 0.002196937072535876
37.2 -0.3202165565533469 0.0022072179127835545
37.233333333333334 -0.29990818702495387 0.002202295243720731
37.266666666666666 -0.26224411815756854 0.0021310419008173653
37.3 -0.19834285504810784 0.002026744899668337
37.333333333333336 -0.10963618556650985 0.0019188764613486259
37.36666666666667 -0.02256854595213141 0.0017823192074401598
37.4 0.06079331603168368 0.0018450332966849295
37.43333333333333 0.15655991507470426 0.0019870010827623685
37.46666666666667 0.235099334948369 0.002105355968352457
37.5 0.29508994094975544 0.0021723092309317016
37.53333333333333 0.318603397335302 0.0022093710109701847
37.56666666666667 0.33301619834012347 0.0022034213463671404
37.6 0.3381251771543363 0.0021976384288271422
37.63333333333333 0.29338964615740065 0.002148584536419418
37.666666666666664 0.24337613469108296 0.002094403357730784
37.7 0.16656378484078274 0.002009193817045535
37.733333333333334 0.10384190940131131 0.0019278206299004619
37.766666666666666 0.024340944670085598 0.0018129675498173327
37.8 -0.052281655693720334 0.0018863293928770355
37.833333333333336 -0.17589165618298458 0.0020373986800119037
37.86666666666667 -0.2253102856346526 0.0020986468169763017
37.9 -0.2547115577822376 0.002203853740800954
37.93333333333333 -0.3074224365464333 0.002240717816161808
37.96666666666667 -0.3095627065161111 0.0022303452655413336
38.0 -0.30357335177737577 0.002222742119832588
38.03333333333333 -0.2548879738148001 0.0021678522760870678
38.06666666666667 -0.19716970926186056 0.0020502796480734997
38.1 -0.10361704379733215 0.001906742758797611
38.13333333333333 -0.027393015374684505 0.0017933177706247264
38.166666666666664 0.0628568227530174 0.0018865266641038547
38.2 0.15036464620466236 0.001999651778041872
38.233333333333334 0.206010893283296 0.0020404675662988314
38.266666666666666 0.2646077850457839 0.002102235347534731
38.3 0.3071625354084172 0.0022191039848144523
38.333333333333336 0.31315457380091144 0.002154562656113246
38.36666666666667 0.30471935985401777 0.0021356443406392867
38.4 0.29443392883522096 0.0021749445389357414
38.43333333333333 0.2365138836330221 0.0020810613474250006
38.46666666666667 0.17403459783746153 0.0019942770156654577
38.5 0.08716080760469574 0.001872384484027545
38.53333333333333 0.015508970802623815 0.0017697487566490054
38.56666666666667 -0.07680046900436986 0.001854446167752738
38.6 -0.15789711294434 0.0019938615419366756
38.63333333333333 -0.22455887157748852 0.002146287261032248
38.666666666666664 -0.2742769990541464 0.0021731709795965726
38.7 -0.30632163874677204 0.0022095982827766703
38.733333333333334 -0.31578315644577465 0.002203269242665451
38.766666666666666 -0.3032393765313385 0.002187045680446642
38.8 -0.2531660970844479 0.002133245504920056
38.833333333333336 -0.20506432248507522 0.0020670639604762897
38.86666666666667 -0.13452771308864592 0.001969581395147163
38.9 -0.04097812219424276 0.0018073755289324533
38.93333333333333 0.03822483406705474 0.0018055921106857331
38.96666666666667 0.11611924553764741 0.0019307854456390716
39.0 0.19277069459438803 0.002024907329580078
39.03333333333333 0.2531979601662699 0.002092605949399806
39.06666666666667 0.2894431003814066 0.002128295526383772
39.1 0.31148227976777687 0.002192753590223251
39.13333333333333 0.3116272634946904 0.0021693374823599787
39.166666666666664 0.2829314004145007 0.002110413282770285
39.2 0.23342026827713835 0.0020681419449656846
39.233333333333334 0.16463200693737923 0.001963308667299102
39.266666666666666 0.08629830007034907 0.0018531435575372401
39.3 0.021315705549102754 0.0017690124735891995
39.333333333333336 -0.058252628946156626 0.001807167029065096
39.36666666666667 -0.14937169279196033 0.0019693840991950595
39.4 -0.21686116567039504 0.0020845871533163862
39.43333333333333 -0.26678742732403143 0.0021822580879455322
39.46666666666667 -0.3120644958845297 0.0022847677882660844
39.5 -0.33879505529588855 0.002241837483489828
39.53333333333333 -0.3156891540563559 0.00219296423382781
39.56666666666667 -0.2646926040283193 0.0021254738778616056
39.6 -0.20337299177094556 0.0020691671067892548
39.63333333333333 -0.14773236522836036 0.001973009635118622
39.666666666666664 -0.05587710266949952 0.0018276990532048176
39.7 0.03597887347288242 0.0018262971631809247
39.733333333333334 0.1212513042781724 0.0019465701010696057
39.766666666666666 0.20488362030484586 0.002066872843533074
39.8 0.2565443937482906 0.002115804183157377
39.833333333333336 0.28847478293991424 0.002137650273885794
39.86666666666667 0.3078987753855299 0.0021471540338326434
39.9 0.3205022496672949 0.0021590840577725423
39.93333333333333 0.2850793876238304 0.002137283060519468
39.96666666666667 0.2388698913749573 0.002096629200605965
40.0 0.18252395039569405 0.0020264794954768794
40.03333333333333 0.10610646715364322 0.0018986255449164463
40.06666666666667 0.024558817768547514 0.0017907045233361216
40.1 -0.05734388155658379 0.0018447175242914879
40.13333333333333 -0.13679296221776327 0.00196033175294541
40.166666666666664 -0.21263167411966477 0.0020782137933089417
40.2 -0.26347018783804205 0.0021450279225190827
40.233333333333334 -0.2677183885091059 0.0021953665902234576
40.266666666666666 -0.26546120339747636 0.0022016930508684807
40.3 -0.24712446330665672 0.002224550027557448
40.333333333333336 -0.08118052793428993 0.0021144763900255853
40.36666666666667 -0.12136364854267907 0.0020590316890588822
40.4 -0.1405589618984751 0.001977648433129392
40.43333333333333 0.031821975281135756 0.0018743824443261253
40.46666666666667 0.10293754220315388 0.001957998012034376
40.5 0.21935734916235708 0.0021406485855738344
40.53333333333333 0.22796668415969099 0.002129357520464531
40.56666666666667 0.2646397797523166 0.0021522231491957755
40.6 0.3458842716516559 0.002284301012319967
40.63333333333333 0.5504937715087812 0.0024190524259287693
40.666666666666664 0.5135439976753614 0.00240077448664211
40.7 0.40793579132670127 0.0023391814432448532
40.733333333333334 0.47057038503227056 0.002375897634552704
40.766666666666666 0.3058689178669385 0.0022603585537958604
40.8 0.1997211301740009 0.0020947623476065547
40.833333333333336 0.10535773415636117 0.001958803313932417
40.86666666666667 0.09366045035593488 0.0020483299473567917
40.9 0.01435792934121247 0.0019425891407237848
40.93333333333333 -0.17786077811522466 0.002058720036712064
40.96666666666667 -0.23210280712550976 0.0021374251014791568
41.0 -0.22553004969475135 0.002224803548807913
41.03333333333333 -0.3000883654789292 0.00218086904062631
41.06666666666667 -0.26228104833301746 0.002222286133126028
41.1 -0.26919011994231506 0.002180175761133274
41.13333333333333 -0.16212121079505373 0.002114704901087866
41.166666666666664 -0.1382285393493791 0.0019920268050544754
41.2 -0.051977322984692216 0.0018411278372241352
41.233333333333334 0.020454605534591754 0.0017730663356268564
41.266666666666666 0.09868231557006191 0.0018905868448059887
41.3 0.19267878958256884 0.0020532792168892477
41.333333333333336 0.29514499139596656 0.002200035979062709
41.36666666666667 0.3128545652186938 0.0021908799514473998
41.4 0.32578703685346116 0.002191068964516707
41.43333333333333 0.3023981955404302 0.0021904379093601323
41.46666666666667 0.27065441389575146 0.0021332126889732628
41.5 0.2543944839660435 0.0021401614241056133
41.53333333333333 0.18895483392938417 0.0020470133890471975
41.56666666666667 0.11790672172626904 0.0019263478024969527
41.6 0.03758895806233573 0.0017824711537641827
41.63333333333333 -0.04971568560275959 0.0017965720195078846
41.666666666666664 -0.12518019914542594 0.0019348960129191295
41.7 -0.18099718681413743 0.0020256954132858995
41.733333333333334 -0.25572404766607454 0.002119821679994416
41.766666666666666 -0.29573784766989536 0.0022704716756050125
41.8 -0.31830736060249093 0.0022246309446404267
41.833333333333336 -0.32456138262080564 0.00222732579619378
41.86666666666667 -0.2853847873686668 0.0021989151933604623
41.9 -0.23718592984512804 0.002176630847843336
41.93333333333333 -0.16843098373885387 0.002006723841250835
41.96666666666667 -0.08923767595515655 0.0018884647362057
42.0 -0.0010004156735428863 0.0017258780651653106
