0.0 -0.20481650092356418 0.0015525038872858943
0.03333333333333333 -0.3056232790648546 0.0016391584870842912
0.06666666666666667 -0.38272615965733603 0.0017369304874496616
0.1 -0.46681824310772446 0.0017651470642830458
0.13333333333333333 -0.5028984104411078 0.0018036450678780014
0.16666666666666666 -0.5279156710053584 0.0017917023058487969
0.2 -0.5228211262816775 0.00177027370583549
0.23333333333333334 -0.4830016084033689 0.0017469384036610802
0.26666666666666666 -0.41484735414311036 0.0017205752637285965
0.3 -0.3135952760572408 0.0016517454044454594
0.3333333333333333 -0.22173919847435755 0.0015611898508515187
0.36666666666666664 -0.07618104960604366 0.0014233496240699112
0.4 0.020788072035712167 0.001326943174492612
0.43333333333333335 0.1501624884573471 0.0015063039790247923
0.4666666666666667 0.2628033637449156 0.0016029392957862543
0.5 0.3596963622591704 0.0016664550717747084
0.5333333333333333 0.4613609908947893 0.0017684572743164595
0.5666666666666667 0.49995604089084894 0.0017688614216999077
0.6 0.5453796321087776 0.0018190054697000413
0.6333333333333333 0.5356610460231767 0.0017929100956247668
0.6666666666666666 0.5058332687906678 0.0018139490486172027
0.7 0.45402249265059696 0.0017801987541623543
0.7333333333333333 0.35752393784430536 0.001676723432339433
0.7666666666666667 0.2712096252103012 0.0016085495126990645
0.8 0.15790844030458187 0.0015101230218949602
0.8333333333333334 0.02928146109750141 0.001353780676687455
0.8666666666666667 -0.09819685542792671 0.0014319992832372425
0.9 -0.2011797126874599 0.0015673097317167872
0.9333333333333333 -0.3212130255761987 0.001643776643256989
0.9666666666666667 -0.4134669720288675 0.0017285147778806076
1.0 -0.4571896534379969 0.0018171329450084595
1.0333333333333334 -0.5130795720545295 0.0018139574613407206
1.0666666666666667 -0.5252246388131704 0.0018161476850233615
1.1 -0.5028238459121622 0.0018225762608402585
1.1333333333333333 -0.46316026399682875 0.0018006324703687127
1.1666666666666667 -0.3862962577715046 0.001754635465030463
1.2 -0.31253977294713625 0.001664348026014506
1.2333333333333334 -0.2088978153374212 0.0015713098901884714
1.2666666666666666 -0.09282740887955832 0.0014286423496803063
1.3 0.027422147863549812 0.0013366510433149119
1.3333333333333333 0.1500720667629543 0.0014709123937565738
1.3666666666666667 0.27033228312816565 0.001612606525401794
1.4 0.3566051379292671 0.0016678233433332634
1.4333333333333333 0.4223551336147694 0.00170636294112958
1.4666666666666666 0.4758654304301499 0.0017525323443216
1.5 0.495755759681429 0.0017416969735062349
1.5333333333333334 0.49528160482765593 0.0017503367081326826
1.5666666666666667 0.4684511772127957 0.0017444589957848478
1.6 0.4079246271933109 0.0016985342494626465
1.6333333333333333 0.33041819401199307 0.00163843315155493
1.6666666666666667 0.22995400943059305 0.001548181799261833
1.7 0.11805685392937797 0.0014312673425882216
1.7333333333333334 0.026254397029112975 0.001323782916744655
1.7666666666666666 -0.10601930514654374 0.0014300545917142055
1.8 -0.22049536810569675 0.001551401018676929
1.8333333333333333 -0.3221374084700824 0.0016592628950883315
1.8666666666666667 -0.40416411870686914 0.001722236064716165
1.9 -0.4801171387674671 0.0017507895284873398
1.9333333333333333 -0.512150559539055 0.0017695744425495485
1.9666666666666666 -0.5262253867278399 0.0017737269065100092
2.0 -0.5108600044220085 0.0017495235648176122
2.033333333333333 -0.4597771271791403 0.001751155456182596
2.066666666666667 -0.39282826545254806 0.00169208681291666
2.1 -0.2956178660034363 0.0016178687735128872
2.1333333333333333 -0.19402993857386927 0.0015182593110677212
2.1666666666666665 -0.07344657509745893 0.001377404480410807
2.2 0.047382138735509345 0.0013527376768300223
2.2333333333333334 0.16409582865013952 0.0014858799577341097
2.2666666666666666 0.3711403182406001 0.0017260837186162115
2.3 0.4285893151863018 0.0017339779982266101
2.3333333333333335 0.4449717801904872 0.0017262808601249402
2.3666666666666667 0.49472026392721624 0.0017733890686211229
2.4 0.4963905690225287 0.0017639783579925794
2.433333333333333 0.4927360737650998 0.0017575017937151438
2.466666666666667 0.45106661932480135 0.0017115441381900243
2.5 0.3963556275552032 0.0016803291131248232
2.533333333333333 0.3187308741639281 0.00163459366373353
2.566666666666667 0.2161978825004286 0.001537624581810615
2.6 0.10396556856159284 0.0014175942725730417
2.6333333333333333 -0.01495825964330689 0.0013065786382330993
2.6666666666666665 -0.1314019848479053 0.0014463389776958602
2.7 -0.24407980265855853 0.0015621733351093847
2.7333333333333334 -0.34162660039129156 0.001641527509404106
2.7666666666666666 -0.4210484157792191 0.0017051848147979776
2.8 -0.48000072130585925 0.0017505846782506773
2.8333333333333335 -0.5114981575620892 0.0017742636912198018
2.8666666666666667 -0.5205014821119842 0.0017771842467894094
2.9 -0.5002223850718356 0.0017705914348120633
2.933333333333333 -0.44768989934117864 0.0017813616535052867
2.966666666666667 -0.37534856615603607 0.001713717623879174
3.0 -0.2830695596363394 0.0016150441662474702
3.033333333333333 -0.17328712173965793 0.0014999616948856709
3.066666666666667 -0.05854701781406052 0.0013592244367334055
3.1 0.05762211421154347 0.0013555048701092073
3.1333333333333333 0.16930627704052556 0.0014839202441320476
3.1666666666666665 0.27463329384379903 0.001587139272762883
3.2 0.3604146968514281 0.0016530280164304134
3.2333333333333334 0.42839723483077824 0.0016986845818817708
3.2666666666666666 0.4728522658133161 0.0017273076011806165
3.3 0.5011381931922043 0.0017500138217374506
3.3333333333333335 0.48409681924136017 0.0017376776844548192
3.3666666666666667 0.4573633246086834 0.001739957313704188
3.4 0.3894004547760223 0.0017070058363193863
3.433333333333333 0.3044036714857103 0.0016105534486330897
3.466666666666667 0.21062276651309433 0.0015370781967816716
3.5 0.08690108166664055 0.001402718689197141
3.533333333333333 -0.02974956928521775 0.0013699266341683815
3.566666666666667 -0.1425944131879536 0.001494956530175534
3.6 -0.2522394219860858 0.001588160488882162
3.6333333333333333 -0.34819104796760497 0.0016650623612100013
3.6666666666666665 -0.4220660487362374 0.0017361578290949198
3.7 -0.48380702236924195 0.0017493170793448365
3.7333333333333334 -0.51161574724126 0.0017570880029129654
3.7666666666666666 -0.5134996931874658 0.0017571065574955025
3.8 -0.4899272374904717 0.0017413965210880122
3.8333333333333335 -0.43023978640389154 0.0017397565247964653
3.8666666666666667 -0.3564751841210025 0.0016839699147891407
3.9 -0.2625230171158864 0.001601616060128097
3.933333333333333 -0.15587179511917812 0.0014821989770207045
3.966666666666667 -0.04538336366556101 0.0013455840450901646
4.0 0.08231639304687587 0.001406401842068819
4.033333333333333 0.19700866535980072 0.001525079752763503
4.066666666666666 0.2913690528810387 0.0016344484101729617
4.1 0.38003301111494703 0.0016877790377836654
4.133333333333334 0.44626351028155 0.0017354375903272379
4.166666666666667 0.4788544153291835 0.001741481454358318
4.2 0.4876188711713466 0.00174524161898304
4.233333333333333 0.4746232203099895 0.001743744969515848
4.266666666666667 0.4328976961318192 0.0017109223461100331
4.3 0.36700512290246934 0.0016736436355090367
4.333333333333333 0.28107763316809536 0.001607340226631615
4.366666666666666 0.1972224584895906 0.001533332425986439
4.4 0.0880491041886187 0.001415909950917657
4.433333333333334 -0.04476497252353067 0.0013644255585323894
4.466666666666667 -0.1642461931270684 0.0014892773987284502
4.5 -0.26181533027069154 0.0015897070353213527
4.533333333333333 -0.3580326674771498 0.0016757566254915757
4.566666666666666 -0.4324842176131342 0.0017384185622653647
4.6 -0.4806506987185688 0.001779325906129614
4.633333333333334 -0.508669939991824 0.001774291448555787
4.666666666666667 -0.5031648245766055 0.0017800523300429694
4.7 -0.4756717284322325 0.0017734311356928933
4.733333333333333 -0.42803095607462593 0.0017130527573286924
4.766666666666667 -0.34821320872890343 0.00165556020521479
4.8 -0.24332333858798244 0.0015896482169141801
4.833333333333333 -0.13308891364116307 0.0014551522372407144
4.866666666666666 -0.015097135682817469 0.0013245768313138468
4.9 0.10163614790942095 0.0014179702716296122
4.933333333333334 0.213867738008435 0.001541995865873086
4.966666666666667 0.30069409118346124 0.001610294440650084
5.0 0.37874755544164296 0.0016717474948454991
5.033333333333333 0.43841856270998975 0.0017092660812146887
5.066666666666666 0.4732106395265363 0.001736877936275305
5.1 0.477135685089156 0.001738999786335016
5.133333333333334 0.45983801311355404 0.0017265222303297634
5.166666666666667 0.41567757897095103 0.0017006399115390702
5.2 0.3502488385701495 0.001659027125782253
5.233333333333333 0.2698241068917797 0.0015969906032798908
5.266666666666667 0.17294628588721153 0.0015166389653199497
5.3 0.05486531906412201 0.0013722376624414473
5.333333333333333 -0.06173913853690355 0.0013725671925254729
5.366666666666666 -0.17011606237918267 0.001512546307264634
5.4 -0.2769850692192024 0.001601497340769087
5.433333333333334 -0.37157501720441555 0.0016975254134871665
5.466666666666667 -0.4401812779612122 0.0017400913141786267
5.5 -0.4871084726332368 0.0017524166208591763
5.533333333333333 -0.5050820385310761 0.0017733890596625113
5.566666666666666 -0.49923538449533494 0.0017478648297820087
5.6 -0.4674551049043496 0.0017285065824900747
5.633333333333334 -0.4112975446497045 0.0016895265286440142
5.666666666666667 -0.32688886899582476 0.0016336174963476058
5.7 -0.22394308800106405 0.0015486648096970645
5.733333333333333 -0.10838438039499305 0.001438668667372689
5.766666666666667 0.007108653747378796 0.0013096034247706773
5.8 0.12392832179087125 0.0014499858491980738
5.833333333333333 0.219245527616767 0.0015365544126486053
5.866666666666666 0.31594668266435433 0.0016226858427854096
5.9 0.39045305028796284 0.0016819555805461794
5.933333333333334 0.4358054353731261 0.0017022367753037893
5.966666666666667 0.4742864541083051 0.001757483912073865
6.0 0.4863155617018222 0.0017508400681038871
6.033333333333333 0.46049352190435866 0.0017527363445829502
6.066666666666666 0.4196496918062712 0.0017252487823078977
6.1 0.3436523991527142 0.0016623768762671354
6.133333333333334 0.260905251281099 0.001590623023654536
6.166666666666667 0.14852205833297968 0.0014709606890921656
6.2 0.03155456716724023 0.0013314179469735288
6.233333333333333 -0.07411863221306549 0.001390694813512422
6.266666666666667 -0.17494103979030515 0.0015157107857551033
6.3 -0.2805898133685122 0.0016175769149825991
6.333333333333333 -0.3779281282167091 0.0016907376121458317
6.366666666666666 -0.4466099509115011 0.0017216861234407022
6.4 -0.48671033992304247 0.0017435503328439017
6.433333333333334 -0.5026867147111077 0.0017517439738257146
6.466666666666667 -0.4877632445280217 0.0017615329375982869
6.5 -0.445631720654867 0.001770874669914213
6.533333333333333 -0.38089893685507303 0.0017057819086350179
6.566666666666666 -0.299313752212436 0.0016409375724993347
6.6 -0.21077642284986842 0.0015376247426615863
6.633333333333334 -0.09560257344219639 0.0014216129028107732
6.666666666666667 0.015313591683863514 0.0013204018300604758
6.7 0.11841993583699706 0.0014456003292581954
6.733333333333333 0.2295038314589194 0.001559545371583676
6.766666666666667 0.3221448070972085 0.001645815278690399
6.8 0.3965859143832933 0.0016961629558776004
6.833333333333333 0.46277074992962897 0.0017636493313802348
6.866666666666666 0.4803091911006091 0.0017805544547559449
6.9 0.47286881848722156 0.0017623275205542188
6.933333333333334 0.44995191778698357 0.0017425126048863926
6.966666666666667 0.4029040696238003 0.001710150298261215
7.0 0.3211269620825809 0.0016307059927622714
7.033333333333333 0.2379292467671508 0.0015800154176688341
7.066666666666666 0.13483633978653062 0.001498419008750862
7.1 0.017981796629042937 0.001331475098947297
7.133333333333334 -0.09258396050287926 0.0014264608136458357
7.166666666666667 -0.2076283983717506 0.0015422692687941109
7.2 -0.300430103241227 0.0016438045613707541
7.233333333333333 -0.3841041594103431 0.0017143426322484556
7.266666666666667 -0.44829327609508585 0.0017402651697026594
7.3 -0.4860222498459399 0.001756151908783199
7.333333333333333 -0.5030409330825638 0.001771142905783063
7.366666666666666 -0.4841024150367993 0.0018182796982101346
7.4 -0.4419878064889381 0.001767508020010078
7.433333333333334 -0.3803140532305833 0.0017100944909319016
7.466666666666667 -0.28984026263128065 0.0016210259806672123
7.5 -0.17976950732005836 0.0015230916199301947
7.533333333333333 -0.07179957012287508 0.0013859539111671232
7.566666666666666 0.038511211915466775 0.0013434574518960685
7.6 0.14200528383535124 0.0014631318907136204
7.633333333333334 0.24066904458526983 0.0015659546028277405
7.666666666666667 0.32795848068255623 0.0016427438924039306
7.7 0.39335402048518897 0.0016782342560181518
7.733333333333333 0.44041119587940264 0.0017378526973688135
7.766666666666667 0.47051312906909837 0.0017397324782757462
7.8 0.4812041489540143 0.0017704857430628218
7.833333333333333 0.4419011399413471 0.0017252712831549721
7.866666666666666 0.4007601105782944 0.0017077892257636451
7.9 0.3133951542964973 0.0016358689431721918
7.933333333333334 0.2351432982797278 0.0015709741299428925
7.966666666666667 0.10913687972158333 0.0014198615570572004
8.0 0.005396982869227707 0.0012987769643651751
8.033333333333333 -0.1111922766865084 0.0014326999421398479
8.066666666666666 -0.2152640483539974 0.0015441479704227379
8.1 -0.31024287136967993 0.00163605997462829
8.133333333333333 -0.3906121470781946 0.001709011557770368
8.166666666666666 -0.44907493680019855 0.0017439227612171537
8.2 -0.47061410008256993 0.0018074825714563536
8.233333333333333 -0.47228201848525275 0.0018268614976593156
8.266666666666667 -0.4706365560132496 0.0017986151811937856
8.3 -0.4229547130071685 0.0017559857470985651
8.333333333333334 -0.3599006801899147 0.0016992753526700044
8.366666666666667 -0.27441721408497344 0.0016150341251497946
8.4 -0.17029128890204906 0.0015087536624099895
8.433333333333334 -0.06738169340741347 0.0013806886492583048
8.466666666666667 0.05505175060351018 0.0013673217485098907
8.5 0.1609651179497743 0.0014876854600846257
8.533333333333333 0.2605896072699356 0.0016071631003075626
8.566666666666666 0.34480475975442765 0.0016620056193288324
8.6 0.4043628128991285 0.0017234681885250902
8.633333333333333 0.4516608255678536 0.0017597018404953424
8.666666666666666 0.4676904077572012 0.0017465016209858852
8.7 0.46291780338750554 0.0017478169358233209
8.733333333333333 0.42128594599973856 0.001705737482156966
8.766666666666667 0.3671479494704094 0.0016822028480975026
8.8 0.29022927721639724 0.0016261224254383033
8.833333333333334 0.19810743974017217 0.0015331261650226302
8.866666666666667 0.09167446009278388 0.0014131887789618075
8.9 -0.024925783155569724 0.0013343068410447655
8.933333333333334 -0.13668823386488396 0.0014537693349768177
8.966666666666667 -0.24138989344346432 0.001565786477915998
9.0 -0.32793374322790886 0.0016745614403153586
9.033333333333333 -0.4004820132229488 0.001716495011093333
9.066666666666666 -0.4535573598761285 0.0017404511442938309
9.1 -0.4804006477899199 0.0017515725614621336
9.133333333333333 -0.4832580556203043 0.0017694564238215915
9.166666666666666 -0.46202970902425416 0.0017643599396060528
9.2 -0.4118829553670663 0.0017296359577611553
9.233333333333333 -0.3446102723007611 0.0016524390307520176
9.266666666666667 -0.257355565132091 0.0016022393097003262
9.3 -0.1355307642860379 0.0014895044786076006
9.333333333333334 -0.034246260727922875 0.0013493202101242316
9.366666666666667 0.08371748610832454 0.0014212183003710355
9.4 0.17790493226457177 0.0015431960035875436
9.433333333333334 0.26991432251130276 0.0016283402991922324
9.466666666666667 0.35199295368675865 0.0016956792510688934
9.5 0.42999538343980076 0.0017377797690921182
9.533333333333333 0.44868927208810455 0.0017283505411856415
9.566666666666666 0.4623965325943803 0.0017430576524930519
9.6 0.4521262234620289 0.0017181170684594793
9.633333333333333 0.4072908689681616 0.001689904698851552
9.666666666666666 0.3455413759882283 0.001645222770731647
9.7 0.2706385029005876 0.001581305951949774
9.733333333333333 0.17087165053130426 0.0014779467430201254
9.766666666666667 0.061541654710359946 0.0013706958757041185
9.8 -0.04955848092257204 0.001358766865383755
9.833333333333334 -0.15458562472896883 0.001479873048206598
9.866666666666667 -0.2568145381866257 0.0015929804313916662
9.9 -0.3368183122516847 0.001686677457623853
9.933333333333334 -0.40348317016922497 0.0017032086579548134
9.966666666666667 -0.45989087342790463 0.001742881033460153
10.0 -0.4819776326358088 0.001777326369987342
10.033333333333333 -0.48014334711665607 0.0017499538554927585
10.066666666666666 -0.4569315037171056 0.0017178807490095815
10.1 -0.4032994909021397 0.0017018896518275484
10.133333333333333 -0.32591536472433075 0.0016787786611388023
10.166666666666666 -0.23669092496906294 0.001576397654591194
10.2 -0.13589214980556819 0.0014582579979821875
10.233333333333333 -0.005158229842225521 0.0013093023920220694
10.266666666666667 0.10278215472507617 0.0014469599877874328
10.3 0.19119826733096015 0.0015202966365049364
10.333333333333334 0.2823340323865555 0.0016060540749650576
10.366666666666667 0.3589341788752215 0.0016722885335226922
10.4 0.410478198248458 0.0017058618104058842
10.433333333333334 0.44128988958127957 0.001719379406369903
10.466666666666667 0.4507003524872757 0.001722851423875238
10.5 0.43506800907728355 0.0017132671417243173
10.533333333333333 0.3956642267647673 0.001715958302390963
10.566666666666666 0.34816768034803647 0.001683265881663898
10.6 0.2610333270497207 0.0016012087113685403
10.633333333333333 0.16768369884563825 0.0015192471480821867
10.666666666666666 0.04459652693125001 0.0013438488334209936
10.7 -0.06524926901848817 0.0013656032243347105
10.733333333333333 -0.16675630150393161 0.0014821613880370565
10.766666666666667 -0.2680305528268083 0.0015999933846251868
10.8 -0.3393673565529509 0.0016905895925348746
10.833333333333334 -0.4223098143486009 0.0017387397051900622
10.866666666666667 -0.46504354576490786 0.0017474848415484079
10.9 -0.48163992061825267 0.0017449587086506013
10.933333333333334 -0.4745736226816385 0.0017364086023640701
10.966666666666667 -0.43746260537536014 0.0017250420311001324
11.0 -0.38710048836747085 0.0017024749235727832
11.033333333333333 -0.30756421802206113 0.0016253997876918835
11.066666666666666 -0.16545589546460315 0.0015696194861719581
11.1 -0.0946527108314424 0.0014282018704080135
11.133333333333333 0.01245168551711412 0.001324487536484429
11.166666666666666 0.10812134068993721 0.0014305513841918471
11.2 0.2155764853240562 0.0015464290571835793
11.233333333333333 0.29903040281521526 0.001637345027049375
11.266666666666667 0.36715929026550015 0.0016916268625566389
11.3 0.4186585768419301 0.0017291611220296987
11.333333333333334 0.44495059818493576 0.0017272091291339886
11.366666666666667 0.44502906971678774 0.001719175902530179
11.4 0.4297629049873516 0.0017082881951905882
11.433333333333334 0.38674100462034544 0.0016978784335282548
11.466666666666667 0.3266624815723855 0.0016572763710636096
11.5 0.2392810560942253 0.0015839360815079473
11.533333333333333 0.14245730713393806 0.0014891254372254858
11.566666666666666 0.023099881493785456 0.0013343113221194712
11.6 -0.08404642722961154 0.0013975699873368802
11.633333333333333 -0.18893785905865687 0.0015225644579149877
11.666666666666666 -0.28573873391434956 0.0016003246000261262
11.7 -0.3585950728037183 0.0016712009455385202
11.733333333333333 -0.4262013925842152 0.0017043617209673845
11.766666666666667 -0.4662416416982433 0.0017527049853675591
11.8 -0.48329371463447685 0.0017322654153660855
11.833333333333334 -0.4706207428543038 0.0017359662823305255
11.866666666666667 -0.4299866031076512 0.001721429441645772
11.9 -0.3663594049210436 0.001672217244006291
11.933333333333334 -0.28784840173210263 0.0016178958373839203
11.966666666666667 -0.19314445340035055 0.001512976188130316
12.0 -0.08720153324699784 0.001392029421873539
12.033333333333333 0.019879903486405903 0.0013097738626027013
12.066666666666666 0.13601115509026765 0.0014630020000405974
12.1 0.23867842303404938 0.0015677789518626917
12.133333333333333 0.3234537866418515 0.001659839593974255
12.166666666666666 0.37969061435433027 0.0016860159333429436
12.2 0.42381226650831844 0.0017140951747772748
12.233333333333333 0.44262061977793027 0.001727328707810838
12.266666666666667 0.4488940805630626 0.0017529274227861547
12.3 0.41462749208412075 0.0017152154192341396
12.333333333333334 0.36202107811091694 0.0016549533307597675
12.366666666666667 0.2905893472367744 0.0016024125331154382
12.4 0.22091235740264675 0.001549328112014442
12.433333333333334 0.11217645317777868 0.0014350685609307162
12.466666666666667 0.017786874633042554 0.001345886592830501
12.5 -0.10680256503128598 0.0014247322469756185
12.533333333333333 -0.20406619820241215 0.001535647825556874
12.566666666666666 -0.2993887725603621 0.0016234428411057156
12.6 -0.36824775515215097 0.0016980610026491316
12.633333333333333 -0.4163264090626202 0.0017518994932486098
12.666666666666666 -0.4542760285803544 0.0017706069066980579
12.7 -0.4723747427971715 0.0017686674715178818
12.733333333333333 -0.4561404093507994 0.0017494929303865092
12.766666666666667 -0.4166018137861646 0.0017095333621194864
12.8 -0.3468964236446002 0.0016699921926054961
12.833333333333334 -0.26338752712522756 0.0015842610360435883
12.866666666666667 -0.16851125620871701 0.001486076867135283
12.9 -0.053398627152085716 0.0013741086638195399
12.933333333333334 0.06823933107670362 0.001407366849433725
12.966666666666667 0.1465926506438859 0.0014813802384287256
13.0 0.2459047300738094 0.0015758676501061442
13.033333333333333 0.3256985640917424 0.001652281809543965
13.066666666666666 0.3826561625335042 0.001690288168103793
13.1 0.424398846873243 0.001727383209790767
13.133333333333333 0.4429541756309708 0.0017416183621731807
13.166666666666666 0.4330642257013262 0.0017191545154467414
13.2 0.40271405815419536 0.0017031756638691276
13.233333333333333 0.3445806680129013 0.0016656360320007613
13.266666666666667 0.275301305924154 0.0016240313131045125
13.3 0.18187060235242491 0.001520956980799848
13.333333333333334 0.08278683951064136 0.0014121240198706891
13.366666666666667 -0.01789564015878699 0.0013307272952010549
13.4 -0.1243412368149207 0.001448931357626207
13.433333333333334 -0.22649071512533464 0.0015482357906921596
13.466666666666667 -0.30996651446341983 0.0016204910856127408
13.5 -0.38656725586345053 0.0016773338639993196
13.533333333333333 -0.43912374889581846 0.001714297203737225
13.566666666666666 -0.4613295889012724 0.0017187974100364989
13.6 -0.4678798614336227 0.0017296299218024225
13.633333333333333 -0.4370460432900068 0.0017518426896503403
13.666666666666666 -0.3960640670014374 0.0017333873605683836
13.7 -0.3250917940707733 0.0016890423579106195
13.733333333333333 -0.24365401223004465 0.0016151221073519018
13.766666666666667 -0.14795747889617847 0.0015144050549018018
13.8 -0.04429043076903338 0.0013723708027458884
13.833333333333334 0.07161529448128709 0.0014055461453249124
13.866666666666667 0.16836840353780877 0.0014978988150725348
13.9 0.25762014923742793 0.0015806196604934986
13.933333333333334 0.3326633532927595 0.0016368334818089303
13.966666666666667 0.38738749374107895 0.0016800659062771728
14.0 0.4215332754011095 0.0016923918580972752
14.033333333333333 0.44035491280701633 0.0017065677111193223
14.066666666666666 0.4338957653486313 0.0017115740450999173
14.1 0.39182681531011504 0.0016882799732420017
14.133333333333333 0.3347032440303841 0.0016575213964731272
14.166666666666666 0.25363475928005946 0.0015917397126484212
14.2 0.16627785652102206 0.001487264422842055
14.233333333333333 0.0739950485508152 0.001397761359965749
14.266666666666667 -0.04305351094125134 0.001354000717224628
14.3 -0.14782672317071113 0.0014825451834253878
14.333333333333334 -0.24218790544857605 0.001568215083585095
14.366666666666667 -0.3262748407652881 0.0016471611197348413
14.4 -0.38805948755408914 0.0016973253661731746
14.433333333333334 -0.4306793185170549 0.0017505379323554116
14.466666666666667 -0.4622836025023291 0.0017491623353294572
14.5 -0.4571971887065749 0.001730326959354489
14.533333333333333 -0.4332143474712445 0.0017067263587871584
14.566666666666666 -0.38390076996942485 0.0016899600522283231
14.6 -0.3133556240554581 0.0016184405722441397
14.633333333333333 -0.23129306209196207 0.0015472352972628611
14.666666666666666 -0.12458271291159659 0.0014412309311804816
14.7 -0.010995568136278973 0.0013192694664802378
14.733333333333333 0.0882496961130112 0.0014231926630727393
14.766666666666667 0.1907259105636713 0.0015275277645210306
14.8 0.27694969691485377 0.0016078032565481903
14.833333333333334 0.3447769461580509 0.0016641217906545047
14.866666666666667 0.40151800102391283 0.0017256859870509733
14.9 0.42307052839781883 0.0017286889836217734
14.933333333333334 0.4330092688691962 0.0017455376912088316
14.966666666666667 0.41659099611612027 0.0017347327429222958
15.0 0.37314696309174333 0.0016684298943757114
15.033333333333333 0.3196284215997703 0.0016479129053300068
15.066666666666666 0.242913612769817 0.00157639049439523
15.1 0.1450978942098641 0.00147136458951444
15.133333333333333 0.04087344847555904 0.001345766520151892
15.166666666666666 -0.06763274989110288 0.0013723460715857894
15.2 -0.15778526717914904 0.0014918557978693958
15.233333333333333 -0.24403784462633388 0.0015913460323553896
15.266666666666667 -0.30848313865944627 0.001693960381628501
15.3 -0.3811783284273918 0.001719959406883631
15.333333333333334 -0.42998103129785864 0.00175236416674307
15.366666666666667 -0.44533750986376003 0.0017769376727628239
15.4 -0.4455182371318321 0.0017444228180695243
15.433333333333334 -0.41413153853278356 0.0017128551606541143
15.466666666666667 -0.3586381230361957 0.001692061772792297
15.5 -0.2819533917625344 0.0016535823011833428
15.533333333333333 -0.19124376386537972 0.0015659621136641377
15.566666666666666 -0.08877934535556016 0.0014318573633384374
15.6 0.010552520458988203 0.0013312872565367333
15.633333333333333 0.10819656585777315 0.0014360143239637163
15.666666666666666 0.20606664343657413 0.001541675603751319
15.7 0.28492580121474137 0.0016124368937062705
15.733333333333333 0.3535720928560932 0.0016660553581993587
15.766666666666667 0.40430720358224226 0.0017223401756231715
15.8 0.42497228073819526 0.0017103723309240815
15.833333333333334 0.42643256894400056 0.0017288670837542486
15.866666666666667 0.40211215170865966 0.0016871059144175637
15.9 0.3588354670992854 0.001660504283359232
15.933333333333334 0.3074433471808157 0.001624089899982084
15.966666666666667 0.2157298030696789 0.0015389483329127096
16.0 0.12224429027361641 0.0014405290062382836
16.033333333333335 0.02544903286572314 0.0013236108015387063
16.066666666666666 -0.07701896183844155 0.0013906961479940444
16.1 -0.17227694172896282 0.0015085192801903846
16.133333333333333 -0.2746577563986766 0.001603679624739951
16.166666666666668 -0.3396073933064068 0.0017094401413787486
16.2 -0.3981282973910888 0.001739863481812709
16.233333333333334 -0.4260978059350131 0.0017821683092456575
16.266666666666666 -0.4511904924716919 0.0017402250013051068
16.3 -0.44220630021961 0.0017111210576312152
16.333333333333332 -0.4079779373234748 0.0017005416651511007
16.366666666666667 -0.34581267896224527 0.0016758569736062268
16.4 -0.2683227748213894 0.0016108871487727772
16.433333333333334 -0.16886589078039102 0.001573187162453471
16.466666666666665 -0.06636392702944202 0.001438995753252445
16.5 0.035444592205438115 0.001359996564240705
16.533333333333335 0.13669578299125604 0.0014720619100828392
16.566666666666666 0.23143191319510392 0.0015878747012939842
16.6 0.309341396374829 0.0016633934050510057
16.633333333333333 0.3529734567308282 0.0016900038880493518
16.666666666666668 0.4099981222579933 0.0017178027722421496
16.7 0.42592343916201875 0.0017201231568529929
16.733333333333334 0.4228215880156091 0.0017260624652024048
16.766666666666666 0.3976245152022082 0.0017063329138825023
16.8 0.3499677679748758 0.0016641509493099949
16.833333333333332 0.27475243399314325 0.0015942512243716789
16.866666666666667 0.19672376569221003 0.0015305341697142705
16.9 0.10228152978027837 0.0014296844982705087
16.933333333333334 0.0014037129584168445 0.0013018229836570321
16.966666666666665 -0.1070181675296649 0.001418637599443856
17.0 -0.18990924238533163 0.0015326704888947995
17.033333333333335 -0.284846653758794 0.001619380825946648
17.066666666666666 -0.35421376305788005 0.0016712918966644286
17.1 -0.4110080105257286 0.0017002335148202374
17.133333333333333 -0.439306384492479 0.0017271340485821018
17.166666666666668 -0.43274377101280664 0.0017606593933920944
17.2 -0.4286297835563227 0.0017242405801637939
17.233333333333334 -0.38642608946493257 0.0017195617864667057
17.266666666666666 -0.32244673265707857 0.0016670481026497264
17.3 -0.24145997336280933 0.0015606109678397428
17.333333333333332 -0.14766935088094427 0.0014726220985281646
17.366666666666667 -0.047287476446080445 0.0013557701741540584
17.4 0.059644564459009515 0.0013796088406655
17.433333333333334 0.15195993248066864 0.0014973050329406545
17.466666666666665 0.24866555238201807 0.0015792356044769529
17.5 0.31615614695059424 0.001636162559353671
17.533333333333335 0.3790235110062843 0.001684123076540367
17.566666666666666 0.41342787817117865 0.001712268099639147
17.6 0.4212347211442775 0.0017146030491163589
17.633333333333333 0.425784971390488 0.001725433589680303
17.666666666666668 0.3917400291489749 0.0016957224430030893
17.7 0.33780998526707745 0.0016905843221113326
17.733333333333334 0.25550077699409973 0.0016048494291137083
17.766666666666666 0.17159615122506436 0.0015091188102118736
17.8 0.06915997445249564 0.00138594382962412
17.833333333333332 -0.026120109594642206 0.0013812628250888144
17.866666666666667 -0.12781807931680297 0.001476469150445442
17.9 -0.21900077592814093 0.0015691098883474641
17.933333333333334 -0.30871148000642407 0.0016234705580269737
17.966666666666665 -0.37598755563149494 0.0016845374367398525
18.0 -0.4210112781953601 0.0017243157122329156
18.033333333333335 -0.4486562239293749 0.0017430366722071544
18.066666666666666 -0.44725028946314505 0.0017237075967935223
18.1 -0.42365327558417526 0.0017064840398850478
18.133333333333333 -0.37361386141731917 0.0016859780408849945
18.166666666666668 -0.30439115059218746 0.0016410328032993027
18.2 -0.21205596335531585 0.0015459377750417502
18.233333333333334 -0.11570036554679825 0.0014411639526290404
18.266666666666666 -0.021827637425515523 0.0013351584855184444
18.3 0.07240143460962674 0.0013834763258569055
18.333333333333332 0.17448519466667772 0.0015083518222197556
18.366666666666667 0.2591246944784737 0.0015871490794158727
18.4 0.3335612256672209 0.001646668464652501
18.433333333333334 0.3882983222569046 0.0016813963333037196
18.466666666666665 0.40944770263806846 0.0016911837757218606
18.5 0.4171456675126586 0.0017174000713998105
18.533333333333335 0.4039294514296135 0.001698586099122601
18.566666666666666 0.3674814768545705 0.0016757529712605468
18.6 0.3091985469167322 0.001623935709146762
18.633333333333333 0.23980373067962932 0.0015623254372987283
18.666666666666668 0.15425214401497778 0.0014900276682352498
18.7 0.050210029867259615 0.0013678522847442726
18.733333333333334 -0.044742031990936626 0.0013540068890172327
18.766666666666666 -0.14345054736409205 0.0014795081281949174
18.8 -0.23878307478632085 0.0015775879526679082
18.833333333333332 -0.32145034507744874 0.001661770300277643
18.866666666666667 -0.3815431352164279 0.0017037195123324467
18.9 -0.41719928780297455 0.0017245797284083375
18.933333333333334 -0.42514125661329594 0.0017480396521219466
18.966666666666665 -0.4260373739199282 0.0017426628370204589
19.0 -0.39011722423096273 0.001720420943536971
19.033333333333335 -0.3430087183595003 0.0016865931932728562
19.066666666666666 -0.2726342874895229 0.0016213433700162927
19.1 -0.19903461615553983 0.0015374411349691197
19.133333333333333 -0.09997624187433679 0.0014236669730871288
19.166666666666668 0.013266523469064309 0.0013264809932728508
19.2 0.10991587403108324 0.0014399703334610214
19.233333333333334 0.20041614866441276 0.0015377233051118433
19.266666666666666 0.2714038594129975 0.0016298226386171066
19.3 0.3359702698793714 0.001655351207623612
19.333333333333332 0.38617066584159787 0.0017054718347867537
19.366666666666667 0.41396270627103887 0.0017706453594097393
19.4 0.42610412620282145 0.0017677640050346444
19.433333333333334 0.40102568341570666 0.0017209274659169549
19.466666666666665 0.351804548674431 0.0016665435626009306
19.5 0.2930035412899448 0.001625458181523154
19.533333333333335 0.21036176859556793 0.00153111760305083
19.566666666666666 0.13062187788132407 0.001460228231290439
19.6 0.022652569873571286 0.0013144845135173201
19.633333333333333 -0.0797711166844029 0.0013918112618626216
19.666666666666668 -0.16990555875129104 0.0014860940214074803
19.7 -0.25941748406489873 0.0015910697766089998
19.733333333333334 -0.3308134592909258 0.0016514899738228062
19.766666666666666 -0.3930340229925431 0.001691911381335398
19.8 -0.42529096558290086 0.0017208576495413852
19.833333333333332 -0.4353242705041299 0.0017302200879563134
19.866666666666667 -0.4285696563720834 0.0017254328756904358
19.9 -0.3907341149245496 0.0017044217566961617
19.933333333333334 -0.33994127831322346 0.0016365646498617825
19.966666666666665 -0.2607070120988643 0.0015962293006946404
20.0 -0.16909437471260752 0.001542272338874412
20.033333333333335 -0.07423786615496973 0.001414129486755955
20.066666666666666 0.03160969259237641 0.0013649826234897952
20.1 0.12997114154112666 0.0014772133949777777
20.133333333333333 0.21530792437543778 0.0015552141823122756
20.166666666666668 0.3148819889009983 0.001652216297986231
20.2 0.37354349504516515 0.0016926519687935904
20.233333333333334 0.3988227837295991 0.0016915973419410202
20.266666666666666 0.41444172533732343 0.0017009493076208249
20.3 0.4190604532504321 0.0017083199332761367
20.333333333333332 0.3895619759119126 0.001678794486305868
20.366666666666667 0.34430985512902984 0.0016617372553116572
20.4 0.2809538935995943 0.0016106642565159035
20.433333333333334 0.19685625025395467 0.0015270391518962256
20.466666666666665 0.10195837812494192 0.0014181976232471583
20.5 -0.006078969873950152 0.0012962695163779275
20.533333333333335 -0.10264402370224641 0.0014132870547441667
20.566666666666666 -0.1980962293847018 0.0015190484581933117
20.6 -0.2786732259095934 0.0015914733361210298
20.633333333333333 -0.35173799118808885 0.001654214385462982
20.666666666666668 -0.402240770647855 0.00169529208835284
20.7 -0.4270679839839904 0.0017066238848276738
20.733333333333334 -0.436783059390978 0.0017061485302760082
20.766666666666666 -0.4208392471978928 0.0017203682422238797
20.8 -0.3769015011022863 0.0016993108884453823
20.833333333333332 -0.3054709748576253 0.0016578425141564601
20.866666666666667 -0.22379560057375866 0.0015734427753608116
20.9 -0.14775126349461276 0.0014705442633446975
20.933333333333334 -0.04170951717285502 0.0013467819999590375
20.966666666666665 0.05097174805484772 0.0013691227166141157
21.0 0.13876374258936428 0.001452850643742204
21.033333333333335 0.22826774019312443 0.0015674613692570338
21.066666666666666 0.3086868650911534 0.0016480488111785818
21.1 0.3640009153853743 0.0016928316715140168
21.133333333333333 0.393648860238661 0.0016984388647892645
21.166666666666668 0.40713504403735645 0.0017028724500265935
21.2 0.3979117322854204 0.0017012213078998473
21.233333333333334 0.36724765417795485 0.0016664301207486854
21.266666666666666 0.32258444817754756 0.001631731184965235
21.3 0.2504502739121383 0.001566659654352709
21.333333333333332 0.17433508080294471 0.0015019443262991872
21.366666666666667 0.07788908117466055 0.001393270842086819
21.4 -0.02331840217336304 0.0013227830182577609
21.433333333333334 -0.09648744896155612 0.0014493107935555777
21.466666666666665 -0.1867988036369914 0.0015539285822765425
21.5 -0.2951596585504403 0.0016242585465415238
21.533333333333335 -0.3467764441093711 0.0016728827410381064
21.566666666666666 -0.40419982748847816 0.001702739010305765
21.6 -0.4305548308834916 0.001705359183747479
21.633333333333333 -0.427049494569276 0.0017159138446242173
21.666666666666668 -0.4031573966502587 0.0017031707588744394
21.7 -0.35521514689004186 0.0016749961973866467
21.733333333333334 -0.2863867725941283 0.001628209352451726
21.766666666666666 -0.2097102261124539 0.0015506316328458003
21.8 -0.12123255595255186 0.0014526031532581668
21.833333333333332 -0.02135739636172147 0.001326522909846712
21.866666666666667 0.072748618247739 0.0013784303118590246
21.9 0.16176679102598973 0.0014758522056181056
21.933333333333334 0.2467018207015963 0.0015690123986268067
21.966666666666665 0.3214095648637756 0.001631719007842758
22.0 0.3669430519359554 0.001663968476605493
22.033333333333335 0.3964208467182027 0.0016829748334822314
22.066666666666666 0.4019691596235761 0.0016856095921791714
22.1 0.3891609736816552 0.0016781656545016288
22.133333333333333 0.35428174893090686 0.0016758711724300657
22.166666666666668 0.30205652013883155 0.0016421546081308303
22.2 0.23454844068751154 0.0015686745091985088
22.233333333333334 0.14927082545385367 0.0014825872661607675
22.266666666666666 0.055982208978313686 0.0013810872717331113
22.3 -0.04208169909489271 0.0013679728336790098
22.333333333333332 -0.1442833544504507 0.0014667895671988673
22.366666666666667 -0.22959217305760946 0.0015620885525604311
22.4 -0.3036140792999052 0.0016344641231437196
22.433333333333334 -0.3637174842254519 0.0016880721227398587
22.466666666666665 -0.4032114908438143 0.0017335675255692462
22.5 -0.42434859860308394 0.0017274093549763947
22.533333333333335 -0.41709797211614463 0.0017128755138578478
22.566666666666666 -0.3894269438393396 0.0017209626039778603
22.6 -0.3358251675661351 0.0016638485661985558
22.633333333333333 -0.2645844396545584 0.0016016528176744371
22.666666666666668 -0.19414595421490163 0.0015336564085279558
22.7 -0.10004228988886812 0.0014298772736148074
22.733333333333334 0.0003309536596242938 0.001312688991452651
22.766666666666666 0.09793493001407191 0.0014426037515360701
22.8 0.1816092319258292 0.0015078643683018034
22.833333333333332 0.26935620896681084 0.0015978099323988304
22.866666666666667 0.34129478912401073 0.0016569087366631319
22.9 0.3759886544376814 0.0016826678021854558
22.933333333333334 0.39497088396489344 0.0016802409689264386
22.966666666666665 0.39592869639299727 0.0016959617844529151
23.0 0.37914601388280456 0.0017024593683241385
23.033333333333335 0.35925842889593185 0.0017267461564149933
23.066666666666666 0.3031989402725922 0.0016770021315117845
23.1 0.2211298964702877 0.0015623766839414077
23.133333333333333 0.12584463796583698 0.0014587811306211174
23.166666666666668 0.03253151815369975 0.0013611311474189605
23.2 -0.06952423900648479 0.0014063429940343875
23.233333333333334 -0.16110211487729956 0.0015085740774478107
23.266666666666666 -0.25720563477697517 0.0015779882800467937
23.3 -0.3280125616235604 0.0016593072182937707
23.333333333333332 -0.365091047427626 0.0017097177481448789
23.366666666666667 -0.40440662585405485 0.0017356685651069848
23.4 -0.4241850828277568 0.0017293109714763832
23.433333333333334 -0.4063206226964002 0.0017243873358714357
23.466666666666665 -0.3807451660094739 0.001678615572953901
23.5 -0.32437964373062855 0.0016413564464481945
23.533333333333335 -0.251069424602772 0.0015757910364104788
23.566666666666666 -0.15136530183746397 0.001495558405972791
23.6 -0.06007994760711716 0.0013801463815750759
23.633333333333333 0.029319816765986977 0.0013295087225130425
23.666666666666668 0.13257825081918664 0.0014677821972153837
23.7 0.2072548981197781 0.0015550100184040794
23.733333333333334 0.28672597755717183 0.0016321065231315601
23.766666666666666 0.3345532692947532 0.0016597440156269072
23.8 0.38459748949387784 0.0016988080098228608
23.833333333333332 0.40086779597732075 0.001695119914783605
23.866666666666667 0.397052902661828 0.0016854013093521858
23.9 0.37506272732164664 0.0016709730564854475
23.933333333333334 0.3239152755505148 0.0016264143922696817
23.966666666666665 0.2570379990090647 0.0015640403607056208
24.0 0.18889574508822451 0.0015245042460612368
24.033333333333335 0.09576667156876548 0.0014176652465213851
24.066666666666666 -0.0013199906337342622 0.001302752949722802
24.1 -0.09534092820422879 0.0014241614743073228
24.133333333333333 -0.1895902785683999 0.0015261946803225013
24.166666666666668 -0.2714403705546709 0.0015985108367688738
24.2 -0.3290669112627673 0.0016543015142151951
24.233333333333334 -0.37735019418437377 0.0017009504484579718
24.266666666666666 -0.39985339712142676 0.0017413633018515395
24.3 -0.4089513957978748 0.0017423707364748187
24.333333333333332 -0.39727355061457303 0.0016995576913851895
24.366666666666667 -0.35663549386735094 0.0017005895884833477
24.4 -0.2938119011163136 0.001639660266948062
24.433333333333334 -0.22823538792395104 0.00157725910659276
24.466666666666665 -0.14450924209690882 0.0015050920511283095
24.5 -0.030953219494875894 0.001361685564859022
24.533333333333335 0.06448536873890948 0.0014159842716962995
24.566666666666666 0.1573606531780159 0.0015170692974430522
24.6 0.2340530999725069 0.0015684364019780406
24.633333333333333 0.29807858618036903 0.0016277248607096118
24.666666666666668 0.3686076711747179 0.0016767108302306322
24.7 0.39111917195678503 0.0016858477962445884
24.733333333333334 0.41197794869513726 0.0017046603997983856
24.766666666666666 0.4020620899627317 0.0017032214101568854
24.8 0.38212106766513665 0.0016842115896596455
24.833333333333332 0.3121517331647926 0.0016185112824885772
24.866666666666667 0.2478294845434937 0.0015843633340128227
24.9 0.16595285009836153 0.0015023210970691592
24.933333333333334 0.08132854550240935 0.0014319559987637231
24.966666666666665 -0.02548882273978766 0.001343158457339292
25.0 -0.10751676967587664 0.0014493767106940891
25.033333333333335 -0.20372333222158184 0.0015545759380928836
25.066666666666666 -0.28403350370015484 0.0016083875983339269
25.1 -0.3359109212635743 0.0016728582891335497
25.133333333333333 -0.39442031237650443 0.0016875587128429848
25.166666666666668 -0.4159991047211158 0.0017010724107185404
25.2 -0.4149407317253847 0.0017750380633884122
25.233333333333334 -0.3789502595877717 0.0017213285495978337
25.266666666666666 -0.33223828865012905 0.0016655598375461822
25.3 -0.2675742433581226 0.0016105642956429356
25.333333333333332 -0.19515517997425286 0.0015366942707117082
25.366666666666667 -0.10544416025846087 0.00145040092750022
25.4 -0.005829804213125874 0.0013172419535066688
25.433333333333334 0.07863117463614933 0.0013981177964818292
25.466666666666665 0.15879734589607417 0.00148194422323078
25.5 0.2576202632087671 0.0015956529033788747
25.533333333333335 0.31200654296889113 0.001651647127926703
25.566666666666666 0.36044177596954163 0.0016822945651447374
25.6 0.38451509800619693 0.0016930069781054269
25.633333333333333 0.39418477779371436 0.001690704609057625
25.666666666666668 0.3756126876282895 0.0016865378811570242
25.7 0.33617797933979 0.00166132013741227
25.733333333333334 0.28780369634353736 0.0016280557606279666
25.766666666666666 0.2197528115923255 0.0015668979685237172
25.8 0.1324764619095956 0.0014756057524147048
25.833333333333332 0.04317056533346608 0.0013728536374663022
25.866666666666667 -0.04644585342873513 0.0013669974730125337
25.9 -0.1391190155158196 0.0014871806848810454
25.933333333333334 -0.22780319901648868 0.0015794183376793558
25.966666666666665 -0.29710354936231326 0.0016400565050014304
26.0 -0.3581581283969617 0.001671486756601226
26.033333333333335 -0.39504771539467975 0.0017157407038539407
26.066666666666666 -0.41215152737017324 0.0017339804692240168
26.1 -0.4065096845265556 0.00170594858598061
26.133333333333333 -0.3750170703210258 0.0016843662737576759
26.166666666666668 -0.3269572635596918 0.0016443644230096366
26.2 -0.2574214196417578 0.0015786941788245579
26.233333333333334 -0.17156392826030475 0.0015073990793744718
26.266666666666666 -0.07822697347137006 0.0014005554563150113
26.3 0.014190368194783582 0.0013172173706440405
26.333333333333332 0.10745149068423988 0.0014332333992476687
26.366666666666667 0.1919486262812787 0.0015142867650763392
26.4 0.264022982482875 0.001583915518307999
26.433333333333334 0.3237842387849833 0.001658910935175395
26.466666666666665 0.37711270626019033 0.0017012718873150035
26.5 0.3953358011570147 0.0017223692121522416
26.533333333333335 0.3909585842090341 0.0016991063419117824
26.566666666666666 0.37037238347599855 0.0016839409910622827
26.6 0.3251585418818197 0.0016473545048194538
26.633333333333333 0.26537414448679353 0.001594246753111317
26.666666666666668 0.2048208940884596 0.0015570381458116511
26.7 0.11622910921822979 0.0014907461300007752
26.733333333333334 0.017565633363338384 0.0013640278545143103
26.766666666666666 -0.07231262011445662 0.0014171512086733895
26.8 -0.1663795958202258 0.0014979378786759978
26.833333333333332 -0.23809629542467295 0.0016055049253122788
26.866666666666667 -0.30521734430835645 0.0016572787089248475
26.9 -0.3665955993778355 0.0016975332576364965
26.933333333333334 -0.39440197546767175 0.0017087450382455294
26.966666666666665 -0.4060785487966667 0.0017238167565413187
27.0 -0.3913262439352165 0.001719397921167043
27.033333333333335 -0.35777669721958266 0.001681508675790977
27.066666666666666 -0.3056618884559608 0.0016371359717527456
27.1 -0.23176846354979197 0.0015881329695938418
27.133333333333333 -0.1481689785749664 0.0014933477006002227
27.166666666666668 -0.06439972145745877 0.001370053319904238
27.2 0.028804540037022996 0.0013206616320400356
27.233333333333334 0.12879096119880723 0.0014487466939956117
27.266666666666666 0.21790395914807112 0.001554512571388833
27.3 0.2823639659315405 0.0016102590449040832
27.333333333333332 0.34376191436727555 0.0016723731492966354
27.366666666666667 0.37978439525518465 0.001698360986028269
27.4 0.39634036279811524 0.001725810431598751
27.433333333333334 0.3897644918670934 0.001708918665701109
27.466666666666665 0.3463223141789108 0.001664374547010794
27.5 0.3165823074174916 0.001642464465521909
27.533333333333335 0.2688368630567346 0.0016129311633321652
27.566666666666666 0.17670934245239994 0.00151251633842156
27.6 0.09201599827684341 0.0014275383814708192
27.633333333333333 0.00017219766667688017 0.0013098687867081796
27.666666666666668 -0.07218057696022445 0.0014178631501429728
27.7 -0.16662878164768233 0.0015412162707152954
27.733333333333334 -0.24748838381430688 0.001633358500682358
27.766666666666666 -0.31795264355241765 0.0016720128107418075
27.8 -0.37747955257066934 0.0017168136766051445
27.833333333333332 -0.40549096367641635 0.001745143834162799
27.866666666666667 -0.4067471037530592 0.0017382325337563231
27.9 -0.38552958421638944 0.0017292337560518845
27.933333333333334 -0.32467851433822026 0.0016982062176831292
27.966666666666665 -0.2818232989965696 0.0016273740701352457
28.0 -0.2060806829412838 0.0015367745869497573
28.033333333333335 -0.1298517850312999 0.0014436980057470628
28.066666666666666 -0.0415129090169533 0.001335266846168373
28.1 0.054537583171291246 0.0013568167173751006
28.133333333333333 0.14479116232962347 0.0014609083178280247
28.166666666666668 0.22628961659261834 0.0015410616354747664
28.2 0.2906588134077963 0.0016012670053014433
28.233333333333334 0.34781448466646603 0.0016521050173598506
28.266666666666666 0.37049506720911457 0.0016819041985325356
28.3 0.38041436707058385 0.001685565168638825
28.333333333333332 0.3754355932873337 0.001676947350141511
28.366666666666667 0.38853925735155126 0.0016906819703791376
28.4 0.32167403172413733 0.0016525030823488773
28.433333333333334 0.2351650239316491 0.0015694187609552324
28.466666666666665 0.14546320649084532 0.0014783694794685276
28.5 0.05540161912186532 0.0013768569922832444
28.533333333333335 -0.0353753696703267 0.0013489474953769648
28.566666666666666 -0.1263485802283168 0.00144412517868317
28.6 -0.21748229596725505 0.0015359476695744056
28.633333333333333 -0.2917164761594529 0.0016148433572867327
28.666666666666668 -0.3490441032910597 0.0016637099411203615
28.7 -0.386098695087841 0.0016937481695369905
28.733333333333334 -0.40307422793117414 0.0016987788520387848
28.766666666666666 -0.40230561995758646 0.001684255237190846
28.8 -0.37470662145184885 0.0016632383809427886
28.833333333333332 -0.3320090507929496 0.0016376407926395609
28.866666666666667 -0.267282394534762 0.0015929273537153565
28.9 -0.19014187046599904 0.0015160856958336133
28.933333333333334 -0.08927920723732499 0.001420363878720965
28.966666666666665 -0.006333945009196522 0.0013071883732143708
29.0 0.07831407009337528 0.0013849023369313096
29.033333333333335 0.16743405917117127 0.001486479587449907
29.066666666666666 0.24267486432056784 0.001566730485821427
29.1 0.30350410633728436 0.0016347595064946097
29.133333333333333 0.3483347159264691 0.0016694095376092455
29.166666666666668 0.3768982429836509 0.0016988745063093447
29.2 0.39744555674312904 0.0017258793158506092
29.233333333333334 0.36932962102984146 0.0016845849428479553
29.266666666666666 0.33124845289934285 0.0016398666681912144
29.3 0.2827271349485284 0.0016076484891857645
29.333333333333332 0.20736452105060293 0.0015695623174636908
29.366666666666667 0.1250626976726881 0.0014517593960592934
29.4 0.036214481596443 0.0013422516743011176
29.433333333333334 -0.051538413736194534 0.0013636719005281905
29.466666666666665 -0.1487480317038135 0.001475120174133121
29.5 -0.22629752738840578 0.0015647677452979014
29.533333333333335 -0.2951570209557517 0.0016316025408865675
29.566666666666666 -0.34029462740469646 0.001689140921455723
29.6 -0.3811055066794169 0.001693581514804976
29.633333333333333 -0.3940905700924419 0.0017027521805092483
29.666666666666668 -0.39609543538303094 0.0016948888852165722
29.7 -0.36346176140614456 0.0016805766996234595
29.733333333333334 -0.3196831460361016 0.0016484989318814591
29.766666666666666 -0.2564244225528305 0.0015846659450112766
29.8 -0.17520997270698865 0.0014921075994722144
29.833333333333332 -0.07021967005127401 0.0013987341423337268
29.866666666666667 0.011590003861787192 0.001316704675728404
29.9 0.11062792884211017 0.0014611965917587372
29.933333333333334 0.19420341740382868 0.001546361037383398
29.966666666666665 0.2570921556145977 0.0015891261807470247
30.0 0.30961300014841975 0.0016195177799033789
30.033333333333335 0.35130295839904996 0.001662236736466094
30.066666666666666 0.37062302944883213 0.001674156389146031
30.1 0.37089761615710715 0.0016591139046636116
30.133333333333333 0.3576450801470317 0.0016535178465106881
30.166666666666668 0.3235662089652418 0.0016404638083492573
30.2 0.2670528748307778 0.0015872829361798235
30.233333333333334 0.20524816048344918 0.0015340476221412935
30.266666666666666 0.11280503006953091 0.0014318881009054707
30.3 0.038130124651435095 0.001359711604197976
30.333333333333332 -0.06018001411591839 0.0013815940293051485
30.366666666666667 -0.13320397504517464 0.0014822905108596296
30.4 -0.12879156077622606 0.0015734921113798594
30.433333333333334 -0.2705636142036364 0.0016453071318725532
30.466666666666665 -0.32312305540521413 0.0016949181765789079
30.5 -0.36481407778311803 0.0017087996648273984
30.533333333333335 -0.35816565992682686 0.001733265355815583
30.566666666666666 -0.34231512698740946 0.001721832516354993
30.6 -0.3405360647635033 0.0016622263002880056
30.633333333333333 -0.28093393665380806 0.0016382932375180737
30.666666666666668 -0.1902091779860866 0.0015761259883345924
30.7 -0.06557146887335334 0.0014714658362111471
30.733333333333334 0.004776924964354618 0.0013672408596184299
30.766666666666666 0.10363829359462715 0.001477917626753797
30.8 0.15043796043299562 0.0015042334674139068
30.833333333333332 0.2578306134918623 0.001609753754700849
30.866666666666667 0.39545201142621383 0.0017597156044023565
30.9 0.4970932441375253 0.0018425368182330426
30.933333333333334 0.48060894540385596 0.0018131744503318559
30.966666666666665 0.589590106947905 0.001897967409410839
31.0 0.5752618265561351 0.0018664306726676738
31.033333333333335 0.4602254042626796 0.001808710275615022
31.066666666666666 0.39808432724417026 0.0017622330965876287
31.1 0.39991277630301036 0.0018032046265368251
31.133333333333333 0.29632011300042993 0.001709586391844431
31.166666666666668 0.1469257845591394 0.0015256894487320205
31.2 0.07984434641491617 0.001460256003844737
31.233333333333334 0.020833310417258187 0.0014206062315086365
31.266666666666666 -0.13463270488703616 0.0015107370236172035
31.3 -0.18655019388051408 0.0016199545327340026
31.333333333333332 -0.2729504115699465 0.0016829812973960245
31.366666666666667 -0.33162340060427264 0.0017102141898228118
31.4 -0.33990497934309155 0.001753020201696931
31.433333333333334 -0.37402516169895844 0.0017244853742303112
31.466666666666665 -0.3763484345730292 0.0017460876370268275
31.5 -0.31354271904827385 0.0017053039005672233
31.533333333333335 -0.23345219993766592 0.0016318375715221878
31.566666666666666 -0.18980173229823405 0.0015553148360017421
31.6 -0.09925874749514242 0.0014475405939063934
31.633333333333333 -0.004294365180196558 0.001314886858880343
31.666666666666668 0.07724275008907595 0.001389270041129806
31.7 0.15326763499992416 0.001468541962057035
31.733333333333334 0.22943570276559058 0.0015492453835441178
31.766666666666666 0.29137105544111336 0.0016049081085146577
31.8 0.33174166011725653 0.0016489024546903486
31.833333333333332 0.36216331893270926 0.0016756781181082592
31.866666666666667 0.3683892187345227 0.0016623261340262263
31.9 0.3556433722331316 0.0016585152231942124
31.933333333333334 0.3189735171070034 0.0016399031212688264
31.966666666666665 0.27006251352222277 0.001593143616250292
32.0 0.20225225025066773 0.0015365144927830254
32.03333333333333 0.12788481125657034 0.0014649375382343177
32.06666666666667 0.03646075696350636 0.0013471256725378217
32.1 -0.045045413966127726 0.0013639564143897373
32.13333333333333 -0.13466627679768264 0.0014605024303962488
32.166666666666664 -0.21929061951067552 0.0015433631697860939
32.2 -0.2879689284087478 0.0016127644375196204
32.233333333333334 -0.34043996829850254 0.0016556357672644628
32.266666666666666 -0.37685364873174093 0.0016722781681271504
32.3 -0.3756663967040175 0.0017006535023682545
32.333333333333336 -0.35743432025212024 0.0017205533998112532
32.36666666666667 -0.3519123179231376 0.001689846498794445
32.4 -0.3138442780933078 0.0016341798155617426
32.43333333333333 -0.2590445721365442 0.0015988175222222956
32.46666666666667 -0.1828661975730782 0.0015009924089833537
32.5 -0.09176250516831583 0.0014021157983031413
32.53333333333333 0.026901339261499634 0.0013492177349104968
32.56666666666667 0.07506418997029543 0.0013872347337722801
32.6 0.1584707600565236 0.0014874186338142692
32.63333333333333 0.26111854904649656 0.0016000272421572426
32.666666666666664 0.3106076555018796 0.00163228817929989
32.7 0.3419668409169617 0.0016549777780944241
32.733333333333334 0.3708771334966176 0.0016724297109690922
32.766666666666666 0.3925817910388642 0.0017006946307621673
32.8 0.3467859672315422 0.001656730558924624
32.833333333333336 0.3321703698110921 0.0016712437404769465
32.86666666666667 0.2585953866523586 0.001600589040343603
32.9 0.23274328878893127 0.001597652722561571
32.93333333333333 0.1285971199452757 0.0015026317337981654
32.96666666666667 0.029140800545629297 0.0013697817792508588
33.0 -0.06587292240790901 0.0014143677463212129
33.03333333333333 -0.1360313592064496 0.001507047353521973
33.06666666666667 -0.21814096082891865 0.001580545019242846
33.1 -0.2671372779132453 0.0016468624159327039
33.13333333333333 -0.3479533129057761 0.0016569872604084712
33.166666666666664 -0.3809917271628308 0.0016763865072411677
33.2 -0.3926604402404944 0.001687316939223471
33.233333333333334 -0.3808808815773249 0.0016850871238007215
33.266666666666666 -0.3484311512345768 0.001662349462196011
33.3 -0.2932988096603814 0.001620001906620483
33.333333333333336 -0.21987120806140367 0.0015625279752060073
33.36666666666667 -0.15822201087948362 0.0014837126615774021
33.4 -0.06618270544590886 0.0014020945652130634
33.43333333333333 0.028559330415358353 0.001343864211585135
33.46666666666667 0.12042134647736127 0.0014531043306993258
33.5 0.2068059200798467 0.0015507336172947417
33.53333333333333 0.2578782207366853 0.001574107304929906
33.56666666666667 0.31323884035217264 0.0016170000887933411
33.6 0.34912967288002195 0.0016446660536109103
33.63333333333333 0.3650939335497292 0.0016568986647989559
33.666666666666664 0.3634427979202707 0.0016551976142942237
33.7 0.3418943045376757 0.0016438855553017606
33.733333333333334 0.29732185777738523 0.0016160231958376459
33.766666666666666 0.24556967880313527 0.0015679976255738859
33.8 0.16954825997041778 0.001498869790847679
33.833333333333336 0.08402033426826054 0.0013865687177032904
33.86666666666667 -0.0035913292250890215 0.0012952781865476167
33.9 -0.08925707721153585 0.0013921481126074609
33.93333333333333 -0.17524730659994758 0.001503036086043824
33.96666666666667 -0.24881063369401982 0.001568493367707563
34.0 -0.310640907857676 0.0016135575368709243
34.03333333333333 -0.35309206366575524 0.0016536293351803177
34.06666666666667 -0.38177993865120013 0.0016688685264806824
34.1 -0.38122976346757487 0.0016821479268294692
34.13333333333333 -0.37101129358502577 0.0016634146922103743
34.166666666666664 -0.33280134638618936 0.0016487623241761007
34.2 -0.26901973416376057 0.0015988897069319497
34.233333333333334 -0.19282118944422766 0.0015337037446235824
34.266666666666666 -0.1207569159391652 0.0014395871651309289
34.3 -0.018234267575554894 0.0013395855640797802
34.333333333333336 0.04401216305009433 0.0013438572256367076
34.36666666666667 0.12524560375824997 0.0014537232256230936
34.4 0.21048115805472675 0.0015373960998598668
34.43333333333333 0.2719528896268019 0.0015901493145373813
34.46666666666667 0.31975062788379616 0.001629767128633608
34.5 0.347979023307755 0.0016513360235469454
34.53333333333333 0.35407188179186916 0.001660123130340807
34.56666666666667 0.37340280652048563 0.0016832248959161022
34.6 0.3211777338379945 0.0016457302744501967
34.63333333333333 0.28367816990384065 0.0016199746901249257
34.666666666666664 0.21484775871913925 0.0015367188186097558
34.7 0.15106134249276135 0.0014930738763737073
34.733333333333334 0.07447864023240473 0.0014050333557568684
34.766666666666666 -8.345443101077716e-05 0.0013212225086033148
34.8 -0.08068085205664038 0.001432338790939125
34.833333333333336 -0.15069295389732404 0.0015252779984083753
34.86666666666667 -0.2540117335540058 0.001598853185686755
34.9 -0.2996338818227914 0.0016814778939547859
34.93333333333333 -0.3288189569458926 0.001712134506314078
34.96666666666667 -0.31080267417151297 0.0017551511785048324
35.0 -0.30986803017056663 0.0017611983353916782
35.03333333333333 -0.28037318975634473 0.0017319227266660575
35.06666666666667 -0.28244254795370227 0.0016637874397940622
35.1 -0.20048208883940033 0.0016056823305932721
35.13333333333333 -0.09216306742892216 0.0015420072677411883
35.166666666666664 -0.05270751327255925 0.0014267878512443447
35.2 0.045588052607921085 0.0014067364720864867
35.233333333333334 0.10897342580917067 0.0014551648725421584
35.266666666666666 0.18970507510288198 0.0015391094451709664
35.3 0.25035057748365047 0.0015840420138520384
35.333333333333336 0.28920068238980234 0.0016125507953690943
35.36666666666667 0.34929892330390805 0.0016767481579305077
35.4 0.3662456504788246 0.0016691470876714631
35.43333333333333 0.3832486390398189 0.0016893844810009218
35.46666666666667 0.35805437250335936 0.001663571933557484
35.5 0.3505556392264158 0.0016777155596887638
35.53333333333333 0.2880566948767831 0.0016264725966138593
35.56666666666667 0.20005342569595927 0.0015407326280452438
35.6 0.1473714678429657 0.0015068987779809084
35.63333333333333 0.056349286071829666 0.0014017269614252856
35.666666666666664 -0.030008505573287072 0.001371951333073957
35.7 -0.12162095832930614 0.0014620491490936333
35.733333333333334 -0.1929672194582533 0.0015464419474533198
35.766666666666666 -0.2773772658754677 0.0016094415620572788
35.8 -0.3148720014089847 0.0016596529488288603
35.833333333333336 -0.35831141222196766 0.001686201610172855
35.86666666666667 -0.3707790132130655 0.0016932605500196152
35.9 -0.35625788593061997 0.0017018790311074672
35.93333333333333 -0.3202918073193775 0.0016822317311760981
35.96666666666667 -0.29529938072278 0.0016166725883428046
36.0 -0.19976018030224432 0.0015667298452251566
36.03333333333333 -0.13845551879720605 0.0014777768832054672
36.06666666666667 -0.05898927767146952 0.0013879686500205546
36.1 0.024654791110337512 0.0013443277194274614
36.13333333333333 0.12393038987490983 0.0014804290267035752
36.166666666666664 0.1746083664164335 0.001504319320205172
36.2 0.24522631772173237 0.0015757102194469685
36.233333333333334 0.29813096883511525 0.0016385255012328903
36.266666666666666 0.3345537945679635 0.0016467382300981437
36.3 0.3572232222341555 0.001670595839661948
36.333333333333336 0.3546677125758386 0.0016817722274417024
36.36666666666667 0.32753979057592847 0.0016723424921150087
36.4 0.2909612410547528 0.0016255958737743659
36.43333333333333 0.23786955876243257 0.0015741592780368074
36.46666666666667 0.18382770611616622 0.0015255961178973765
36.5 0.09502228862752886 0.0014076581918176234
36.53333333333333 0.014585994729408606 0.001314020604130604
36.56666666666667 -0.0783973881253651 0.0013930674273490706
36.6 -0.15559624438132483 0.0014861859949117096
36.63333333333333 -0.23033999536699443 0.0015520072004052143
36.666666666666664 -0.29518760807306965 0.0016165559505956217
36.7 -0.3410311189559148 0.0016600988307454156
36.733333333333334 -0.3666277454920087 0.001687739288027179
36.766666666666666 -0.3718574461977636 0.001675533857729894
36.8 -0.35315973329693995 0.0016732837967577407
36.833333333333336 -0.3169725668575679 0.0016700990855462172
36.86666666666667 -0.2712262596566708 0.0016191654493658003
36.9 -0.20109031253366655 0.0015473029275779038
36.93333333333333 -0.11547775539960438 0.0014605058523874392
36.96666666666667 -0.03251068371798101 0.001340941486823316
37.0 0.03716196759493123 0.001348252534917417
37.03333333333333 0.12640745908767198 0.0014539062732076558
37.06666666666667 0.2001884742431894 0.0015252288167195704
37.1 0.2638010977521284 0.0015792649163348105
37.13333333333333 0.31204655090773714 0.0016220008307530898
37.166666666666664 0.33538649984579255 0.0016302045686901745
37.2 0.35273350201372816 0.0016562848077727454
37.233333333333334 0.3441644357651041 0.001652421777459001
37.266666666666666 0.32852968545036726 0.0016481884237835032
37.3 0.28938679387673527 0.0016140239622263741
37.333333333333336 0.2355851933403462 0.0015649077190697247
37.36666666666667 0.16029086484231303 0.0014825558719843979
37.4 0.07091339852726102 0.001376783808477916
37.43333333333333 -0.011613998656930961 0.001314455357124265
37.46666666666667 -0.10080050885455662 0.0014184061454085989
37.5 -0.18077167737285893 0.0015099439280184257
37.53333333333333 -0.2506787101225137 0.001584589911936718
37.56666666666667 -0.30094452850047204 0.0016450263373464225
37.6 -0.33696514324176974 0.001702196595196881
37.63333333333333 -0.36408628363457485 0.0016949593793129103
37.666666666666664 -0.3628922137639696 0.0017007743012870669
37.7 -0.3476608369410932 0.0016743696851000411
37.733333333333334 -0.3015857404275076 0.0016413374928522795
37.766666666666666 -0.24061771852867306 0.0015919138278417955
37.8 -0.16814129014948795 0.0015235072714140652
37.833333333333336 -0.08748080541527005 0.0014441097527243957
37.86666666666667 -0.004636988879123876 0.0013258793852876935
37.9 0.07062671886777303 0.001388793200345781
37.93333333333333 0.15420526321959335 0.0015104318855918564
37.96666666666667 0.22455673165081935 0.0015982553657135357
38.0 0.2742805065835637 0.001604845980022418
38.03333333333333 0.31280947991334723 0.001637803665374471
38.06666666666667 0.3519420947554062 0.0016819033323713373
38.1 0.3780077286495272 0.0017029395376869094
38.13333333333333 0.33944012593276335 0.0016523298270208486
38.166666666666664 0.3132828081537855 0.0016372128159933275
38.2 0.2600874191149408 0.001573365654012615
38.233333333333334 0.2158859356063008 0.0015455002622576375
38.266666666666666 0.15403641581345182 0.0014980713513133848
38.3 0.025624227581597228 0.0013206965628209215
38.333333333333336 -0.02777199923026435 0.0013461298949638163
38.36666666666667 -0.11665374257871274 0.001449068451709501
38.4 -0.1864149660437197 0.0015416224719878024
38.43333333333333 -0.2212322110803295 0.0016224637633651118
38.46666666666667 -0.2809138459615424 0.0016881674895406484
38.5 -0.3057650364994345 0.0017230186459024632
38.53333333333333 -0.3598140929694623 0.0017054007516552616
38.56666666666667 -0.3604000020664676 0.0016873138032083568
38.6 -0.341732686048532 0.0016590967349641716
38.63333333333333 -0.2977225630975845 0.001625690521244394
38.666666666666664 -0.25944614087873735 0.0015691165923673034
38.7 -0.15192228182235756 0.00149260022606168
38.733333333333334 -0.06987149081158198 0.0014003626659218893
38.766666666666666 -0.056623703972037 0.0013606289328364357
38.8 0.015461242305981393 0.0013210087890378232
38.833333333333336 0.15137507382928897 0.0015102854224220419
38.86666666666667 0.17940975623741076 0.0015234358660333458
38.9 0.24089027631237026 0.0016026849924822562
38.93333333333333 0.31189021775979353 0.0016482166841764179
38.96666666666667 0.33538433686403674 0.0016627480879194412
39.0 0.39826662715149497 0.0017216426599028223
39.03333333333333 0.3400274317181073 0.001677403397703614
39.06666666666667 0.3076331075175092 0.0016428202117256263
39.1 0.23790505474333556 0.0015721158473146757
39.13333333333333 0.19592660885322577 0.0015527863470877479
39.166666666666664 0.1260231992575336 0.0014836904699992437
39.2 0.020856816028111017 0.0013335330402525665
39.233333333333334 -0.062449592575026115 0.0013870464074977815
39.266666666666666 -0.14657403800086022 0.0014782171281660927
39.3 -0.21776791041371413 0.0015511018808005705
39.333333333333336 -0.2773211954514521 0.0016121508167713516
39.36666666666667 -0.3191023315761049 0.0016738817379631232
39.4 -0.366071799421578 0.0016960492336960953
39.43333333333333 -0.37454882332515066 0.0016893818472796807
39.46666666666667 -0.3488460203514463 0.0016753240020349058
39.5 -0.32014772308565254 0.001649461543477504
39.53333333333333 -0.26802183433728244 0.0016013294054966765
39.56666666666667 -0.19972666021270916 0.001542393357840094
39.6 -0.15059169417619345 0.0014631982229560136
39.63333333333333 -0.05820885865423662 0.0013785884069167018
39.666666666666664 0.02994566306264364 0.001336675661649845
39.7 0.1197537749386781 0.001436783333559677
39.733333333333334 0.19555942269993415 0.001522636954453177
39.766666666666666 0.2508676173331826 0.0015848253520180378
39.8 0.3090555683759516 0.001629410918477403
39.833333333333336 0.3362495109018508 0.0016491216425795763
39.86666666666667 0.34961921290169806 0.001662407154934764
39.9 0.34166813387428907 0.0016520703592854402
39.93333333333333 0.3105359763950999 0.0016260505650341206
39.96666666666667 0.2696074351731549 0.001581149733206444
40.0 0.21564841751444044 0.0015553015365346035
40.03333333333333 0.15276469785943617 0.0014921951684321588
40.06666666666667 0.07025085108531795 0.0013768218426430945
40.1 0.008803844285631563 0.0013173608071917666
40.13333333333333 -0.08591761612982686 0.0014139211906375182
40.166666666666664 -0.16703373964598903 0.001499638477987647
40.2 -0.22487887703416004 0.0015990808122843536
40.233333333333334 -0.28165560700456416 0.001650334860344549
40.266666666666666 -0.3127133734904106 0.0016896665422045931
40.3 -0.33963031499689855 0.0016978628197016898
40.333333333333336 -0.34725364223414157 0.0017080193428595236
40.36666666666667 -0.35550644800510867 0.0016702932082230948
40.4 -0.30099087553689075 0.0016450217086840246
40.43333333333333 -0.23574099166499776 0.001590560205189273
40.46666666666667 -0.18434275362725344 0.0015175840163265397
40.5 -0.07455093381051071 0.0014122048568313422
40.53333333333333 -0.0060464789143459385 0.0013204048706590083
40.56666666666667 0.06824219688359122 0.0013804985376828782
40.6 0.22700970657003658 0.0016061170107274925
40.63333333333333 0.23013611908081136 0.0015679085935264292
40.666666666666664 0.2798110866681814 0.0016043995789083998
40.7 0.38838957596704526 0.0017217780867624932
40.733333333333334 0.37797879431576953 0.001690955165646879
40.766666666666666 0.33755851484150284 0.0016550797475373136
40.8 0.3461991796255373 0.0016644914888468976
40.833333333333336 0.33890556579707204 0.0016737844879358699
40.86666666666667 0.2643183242940009 0.0015924879664543923
40.9 0.21593095242019994 0.0015614427672947795
40.93333333333333 0.14878437302341263 0.0014995597961055818
40.96666666666667 0.06962032413171128 0.001400843406775265
41.0 -0.007132910068817138 0.001340367534195335
41.03333333333333 -0.12000637756575615 0.00144795720376438
41.06666666666667 -0.17606894016806318 0.0015261241368581813
41.1 -0.22892773692726728 0.001606423924827488
41.13333333333333 -0.2772834504725189 0.001658631112614939
41.166666666666664 -0.3178581876155842 0.0016862159811363298
41.2 -0.33770704867457 0.0016987902950853506
41.233333333333334 -0.3514702304904865 0.0016687727766933613
41.266666666666666 -0.26291500282182984 0.0016925917083422393
41.3 -0.22875993693344052 0.0016454969716613588
41.333333333333336 -0.20182386168157584 0.0015743384254771065
41.36666666666667 -0.16133984130506124 0.0014954787404098668
41.4 -0.06911098625368738 0.0014267148696399806
41.43333333333333 0.02688154601918674 0.0013740897842628788
41.46666666666667 0.1395060806423136 0.0015125199170506753
41.5 0.18806475720262852 0.0015201554916973448
41.53333333333333 0.26244526904067356 0.0016042794143186212
41.56666666666667 0.28144000286770543 0.001599787111085882
41.6 0.31302364781026615 0.0016231835850592513
41.63333333333333 0.34552952704391926 0.001654563035511536
41.666666666666664 0.3411498357378359 0.001649861242197903
41.7 0.3604243881054081 0.0016846447248111684
41.733333333333334 0.33318271458455667 0.0016754830263905895
41.766666666666666 0.26135120229455844 0.0015995135074731714
41.8 0.19708414500012564 0.0015494807925644227
41.833333333333336 0.10905923357294268 0.0014439074060642876
41.86666666666667 0.021405023242280736 0.00132460640187013
41.9 -0.06380986454948932 0.0013768577820025413
41.93333333333333 -0.1405689817679342 0.0014773049461041243
41.96666666666667 -0.18716072842762385 0.0015579753582907196
42.0 -0.26981877450269987 0.001602715438523472
