0.0 -0.5142446678748764 0.00179452884463982
0.03333333333333333 -0.47209426438267815 0.0017973120467021375
0.06666666666666667 -0.407729393965302 0.001733252890121384
0.1 -0.31669236999253986 0.0016550034018396054
0.13333333333333333 -0.20424866155743596 0.00156888028810509
0.16666666666666666 -0.08142711036870628 0.001459272024254124
0.2 0.03959469863035899 0.0013721811087174171
0.23333333333333334 0.141265755975258 0.0014994892526099257
0.26666666666666666 0.2539910746594316 0.0016024058439563227
0.3 0.3504119949041759 0.0016777704309289265
0.3333333333333333 0.4316345210945827 0.0017333877912120155
0.36666666666666664 0.4782787967385332 0.0017493927546641808
0.4 0.5045401400594951 0.0017751614259791104
0.43333333333333335 0.501891988111604 0.0017664819822988953
0.4666666666666667 0.4766141489325814 0.0017602598028543803
0.5 0.44003885954040317 0.0017284532828813481
0.5333333333333333 0.34839824554899407 0.001663148555149263
0.5666666666666667 0.2820238431511722 0.0016350986164795356
0.6 0.1323457249365864 0.0014626154461174212
0.6333333333333333 0.024552456044613525 0.0013322005246923854
0.6666666666666666 -0.09501088372441856 0.001418923926670826
0.7 -0.21988282098378933 0.0015622127799002905
0.7333333333333333 -0.3151228441545474 0.0016761289563006487
0.7666666666666667 -0.41672627283280667 0.0017580707387361838
0.8 -0.47386321179498947 0.0017963021105140142
0.8333333333333334 -0.49829210765943055 0.0018376824574452
0.8666666666666667 -0.5091468936525528 0.0018345160878548983
0.9 -0.5034181802722236 0.001814446450063012
0.9333333333333333 -0.46857564277493696 0.001754448439296341
0.9666666666666667 -0.35499608243867325 0.0017398976894367202
1.0 -0.27445882529001914 0.0016408243651757637
1.0333333333333334 -0.182940465369345 0.0015374916320844145
1.0666666666666667 0.08056069217490718 0.0015378743181188315
1.1 0.12597389585995714 0.001529537976429185
1.1333333333333333 0.28155531723063704 0.0016758247143967009
1.1666666666666667 0.4853801411506798 0.0018224075005821572
1.2 0.43474220178516576 0.0017310551457909717
1.2333333333333334 0.64095927825488 0.0018101993017795026
1.2666666666666666 0.7050565992337612 0.0018115792615679416
1.3 0.6537220520795758 0.00180963458029193
1.3333333333333333 0.7170373107124013 0.0017926217484459661
1.3666666666666667 0.48716852354421203 0.0017606713785821015
1.4 0.4090204309374332 0.001715517794666721
1.4333333333333333 0.3307092125943056 0.0016611584206646102
1.4666666666666666 0.24149854864806042 0.0015871262290639565
1.5 0.14303554906817656 0.001497387151690982
1.5333333333333334 0.005550931982843124 0.0013268866111638862
1.5666666666666667 -0.10776144943352392 0.0014514052454664694
1.6 -0.22939457792586537 0.0015888573636100578
1.6333333333333333 -0.32602883621849726 0.0016718934634385452
1.6666666666666667 -0.41942965039354646 0.0017416716798739906
1.7 -0.47871619682353334 0.001767621628827598
1.7333333333333334 -0.5147059356105176 0.0017957633893279645
1.7666666666666666 -0.5007952496739442 0.0018271170687789162
1.8 -0.4855971769517649 0.0018032303036406572
1.8333333333333333 -0.44348994947237413 0.0017696379372198479
1.8666666666666667 -0.36636702121476517 0.0017419128243024162
1.9 -0.2846615303190728 0.001646565727578042
1.9333333333333333 -0.18377688414900187 0.0015411978006664995
1.9666666666666666 -0.06013610059673614 0.0013912254420406223
2.0 0.07977381152192671 0.0014332697780277959
2.033333333333333 0.20277680847701815 0.001564094187048115
2.066666666666667 0.30788765153398917 0.0016380121028643502
2.1 0.3766152503142421 0.0016764831143930015
2.1333333333333333 0.442606178346534 0.0017230572776096298
2.1666666666666665 0.48629966421409576 0.0017424302171549222
2.2 0.5271429583198262 0.001781923590560397
2.2333333333333334 0.519537153861516 0.0017885104925241535
2.2666666666666666 0.49376557610122096 0.0017780558721687822
2.3 0.4396044096503634 0.0017505041272445343
2.3333333333333335 0.341717722287242 0.0016658545572968975
2.3666666666666667 0.24495265692700452 0.001584829173659208
2.4 0.1273473626876909 0.0014697162658238172
2.433333333333333 0.00412076568915129 0.0013025816525274849
2.466666666666667 -0.12026665347487404 0.0014336661791359978
2.5 -0.22157632526798696 0.0015649877149959968
2.533333333333333 -0.31641727786363355 0.0016768276362310597
2.566666666666667 -0.40571856961433006 0.0017524550967388253
2.6 -0.4639972305534109 0.0017935285544005142
2.6333333333333333 -0.5091819967199245 0.0017862880011483284
2.6666666666666665 -0.502385761956072 0.0018014219384061558
2.7 -0.4902157405653352 0.001789812359741183
2.7333333333333334 -0.44640288227886 0.001741798863080568
2.7666666666666666 -0.3767671555926413 0.0017033350197112052
2.8 -0.2849142616120628 0.0016194808304343944
2.8333333333333335 -0.16277365935621085 0.0015098488661713372
2.8666666666666667 -0.055268598677570085 0.0013673936364101483
2.9 0.06222962508153868 0.0013992483932124058
2.933333333333333 0.1721627387566056 0.0015179768390982395
2.966666666666667 0.282819903564753 0.001589232557031528
3.0 0.38002675258703916 0.0016655846567767973
3.033333333333333 0.4504337757462737 0.0017237564723877052
3.066666666666667 0.493294956876618 0.001774043803850267
3.1 0.4962234115025572 0.0017631356416087374
3.1333333333333333 0.4844002683457717 0.0017614306936242774
3.1666666666666665 0.45386574334742413 0.001742887127660242
3.2 0.39035405320667177 0.0016994445237715206
3.2333333333333334 0.2966880400583541 0.0016224509715737079
3.2666666666666666 0.19505889808843924 0.0015326465970192937
3.3 0.08488043938063092 0.0013919898793493257
3.3333333333333335 -0.03372365684289024 0.0013372290290347005
3.3666666666666667 -0.15194241819590196 0.0014709519331485843
3.4 -0.23834032473995312 0.0015985665667867521
3.433333333333333 -0.33700185438385455 0.00170583559783144
3.466666666666667 -0.41821725905284535 0.001774976218333002
3.5 -0.48740930927620607 0.0017542161684511726
3.533333333333333 -0.5072879762366334 0.0017932746655640042
3.566666666666667 -0.5089657116171991 0.0018056557312037258
3.6 -0.4865507128551952 0.0017618557977532867
3.6333333333333333 -0.4273338148522438 0.0017338844303778633
3.6666666666666665 -0.3479290128261396 0.001667160256162925
3.7 -0.249179682459769 0.0015854878628284441
3.7333333333333334 -0.14860571806432854 0.0014733581570111898
3.7666666666666666 -0.025264255036908052 0.0013297000731600193
3.8 0.08194959062393088 0.0013953604564604788
3.8333333333333335 0.19589101043208332 0.0015252443254325787
3.8666666666666667 0.2900330993262382 0.0016294437192302946
3.9 0.3825768417641403 0.0016875735933271074
3.933333333333333 0.43909888512012696 0.0017468267314800778
3.966666666666667 0.47306879825933423 0.0017662533277530423
4.0 0.49130007832917794 0.001749166377722211
4.033333333333333 0.47086888935445076 0.0017453795621539814
4.066666666666666 0.4281693016703186 0.001730271422004881
4.1 0.36620220502522405 0.0016881686427278053
4.133333333333334 0.28026829743709025 0.001630386979152465
4.166666666666667 0.17169659215718552 0.0015076134033011335
4.2 0.06297454928179914 0.0014003836202857167
4.233333333333333 -0.058065400083737936 0.0013733456806604635
4.266666666666667 -0.17202279734144849 0.0014976533368503686
4.3 -0.2425654369643767 0.0016175278179145214
4.333333333333333 -0.35920326555283877 0.0016724205294484373
4.366666666666666 -0.4299566946351128 0.0017249296374270418
4.4 -0.47684610966629754 0.001759772947188376
4.433333333333334 -0.505238273007739 0.0018291679910269476
4.466666666666667 -0.5055788093192952 0.0017933953901535515
4.5 -0.46784375178506993 0.0017853931887661934
4.533333333333333 -0.40991751428263606 0.001723648488610452
4.566666666666666 -0.33467641116096314 0.001644248558332173
4.6 -0.2414769945282868 0.0015656310753681402
4.633333333333334 -0.11581581314320974 0.0014562833390384666
4.666666666666667 -0.010418483604877939 0.001309618888271363
4.7 0.10444887244065401 0.0014234581111228217
4.733333333333333 0.21084915907842955 0.001541914345568468
4.766666666666667 0.31826208842271897 0.001637904240344823
4.8 0.38865839579415395 0.0016884298332872083
4.833333333333333 0.4683445170657941 0.001743013928850512
4.866666666666666 0.48051773686622345 0.0017477126882574079
4.9 0.47761537522109604 0.0017553978909661816
4.933333333333334 0.45857570713964885 0.0017266317805668674
4.966666666666667 0.42382759001844117 0.0017650213413982763
5.0 0.34716763280525814 0.0016570622079494224
5.033333333333333 0.26227918682080176 0.001596897703240896
5.066666666666666 0.16048167682320855 0.0014885246510087102
5.1 0.0411201881345792 0.00134284601401026
5.133333333333334 -0.06622266361731202 0.0013846581659382323
5.166666666666667 -0.17299452279874958 0.0015282280833425477
5.2 -0.28496037253769974 0.0016149901177102688
5.233333333333333 -0.37203391365771865 0.0016894612888379568
5.266666666666667 -0.4445059281526407 0.0017273416293581145
5.3 -0.48876139288254833 0.0017530286128449313
5.333333333333333 -0.5057517990207839 0.0017758086984174248
5.366666666666666 -0.5006165026385223 0.001760498965159063
5.4 -0.4633117715433714 0.0017520387678678362
5.433333333333334 -0.3940495474515283 0.0017040127158672314
5.466666666666667 -0.30577242314492364 0.001643965269112757
5.5 -0.20242138840167656 0.0015559984607346478
5.533333333333333 -0.10275148154966351 0.001427194618582206
5.566666666666666 0.018770425490736663 0.0013375122476822036
5.6 0.14102719408166584 0.0014818450914074466
5.633333333333334 0.22836175608171058 0.0015580999715072152
5.666666666666667 0.317045748449958 0.0016461782102923928
5.7 0.39200852738903247 0.0016991306209178103
5.733333333333333 0.4495166134309195 0.0017268647644608226
5.766666666666667 0.4752150506621401 0.0017390453994791666
5.8 0.4720552712032015 0.0017319316929055306
5.833333333333333 0.46521704271939474 0.00177382404580817
5.866666666666666 0.4122223137952794 0.0017975762246390525
5.9 0.35420096089091024 0.001781564389907453
5.933333333333334 0.25539998573273454 0.0016098681512825563
5.966666666666667 0.1483013194429303 0.0014880041402462463
6.0 0.03280388396968171 0.0013350561783244466
6.033333333333333 -0.07893087111634442 0.0013988419157552334
6.066666666666666 -0.19745197214819427 0.001560695239291171
6.1 -0.29229164322667633 0.0016412028317654426
6.133333333333334 -0.37726236035472827 0.0017003954243971497
6.166666666666667 -0.4425846140521653 0.0017423739703634755
6.2 -0.48420583345563967 0.0017861554779860511
6.233333333333333 -0.5005660712333936 0.0017768115677634366
6.266666666666667 -0.4782882820379699 0.0017949606754529834
6.3 -0.4380223613254415 0.0017566078480402703
6.333333333333333 -0.35244497465033503 0.0017366175388084937
6.366666666666666 -0.27347600734739486 0.0016569653403176732
6.4 -0.17590842262521322 0.0015548986780220542
6.433333333333334 -0.07795114504223372 0.0014186298564695526
6.466666666666667 0.04048715055648231 0.0013686153516372368
6.5 0.13942669421104864 0.0014746729619456167
6.533333333333333 0.2472614330620557 0.0015951736705188402
6.566666666666666 0.33111645082326735 0.0016488124962067974
6.6 0.4036733249659534 0.0017056416417914888
6.633333333333334 0.45182320154077665 0.0017510221266649473
6.666666666666667 0.4695013112178932 0.0017605950089840117
6.7 0.4695186481408433 0.0017477853084814088
6.733333333333333 0.44334557701638505 0.001713728418729188
6.766666666666667 0.3981635973726853 0.0016870222564314141
6.8 0.31991996064841166 0.001636952291242888
6.833333333333333 0.2376024072876761 0.0015715650364071798
6.866666666666666 0.12702226305455772 0.001497538525767922
6.9 0.013628858130774277 0.0013581774917088146
6.933333333333334 -0.09664647986363555 0.0014473903062598714
6.966666666666667 -0.20813091086547725 0.0015813247643179928
7.0 -0.30392684340486853 0.0016497395801391979
7.033333333333333 -0.38704560960864604 0.0017694526769302943
7.066666666666666 -0.4525498167045056 0.0018078658175419982
7.1 -0.48467108434721107 0.0017788117959265937
7.133333333333334 -0.4978533747759357 0.0017667341931435487
7.166666666666667 -0.48173313054206135 0.0017976915486336287
7.2 -0.4281853344579035 0.0017693165591552984
7.233333333333333 -0.3638071545898518 0.001703500956588555
7.266666666666667 -0.2777532868054103 0.001618701915468257
7.3 -0.17841020318577963 0.001521640229422666
7.333333333333333 -0.07185271138908406 0.0014094367045786177
7.366666666666666 0.04202113284330131 0.0013628840499202502
7.4 0.1499899075467671 0.0014772700530430172
7.433333333333334 0.2529849239492713 0.0015774094796615068
7.466666666666667 0.33504643205038936 0.00164907495326444
7.5 0.3923611263888574 0.001686868359114524
7.533333333333333 0.4533123579950551 0.0017316679641862232
7.566666666666666 0.4922754622299953 0.0017667941912298257
7.6 0.4689079927357186 0.0017477542277141156
7.633333333333334 0.44907593076133756 0.001752462737785343
7.666666666666667 0.38018957913537615 0.0016840322040284628
7.7 0.31080042013694364 0.0016256675221552608
7.733333333333333 0.22659874634495578 0.001597567070146605
7.766666666666667 0.10338437158089228 0.0014602427110300825
7.8 -0.01288656022936977 0.00132090047370138
7.833333333333333 -0.12001969326852176 0.0014699565134614484
7.866666666666666 -0.22169803870160693 0.0015944939522603285
7.9 -0.30577835445403273 0.0016814209047701367
7.933333333333334 -0.39536256591413416 0.0017324321086968353
7.966666666666667 -0.44564095470257276 0.0017578427978450217
8.0 -0.48297328142524626 0.0017708347893684584
8.033333333333333 -0.4879916457731264 0.0017714427419384116
8.066666666666666 -0.46247222563718376 0.0017995148704242903
8.1 -0.41845263292906043 0.0017302529083582097
8.133333333333333 -0.3489253591112438 0.0016669967034755317
8.166666666666666 -0.26007686159478344 0.0015833743644790843
8.2 -0.15189403500792148 0.001512816485482793
8.233333333333333 -0.03923235723082294 0.0013795950258604292
8.266666666666667 0.0659478358497099 0.001383310639406471
8.3 0.17601757295227105 0.0015129305018726225
8.333333333333334 0.27156395818409895 0.0016055259708468994
8.366666666666667 0.3544591358521128 0.001698584510474832
8.4 0.41843373914729315 0.0017180037059625897
8.433333333333334 0.4561835555198574 0.0017410106329265318
8.466666666666667 0.4798112405567965 0.0017538052438617613
8.5 0.46497135291372005 0.001765049168085453
8.533333333333333 0.42019456902669705 0.0017126147192165764
8.566666666666666 0.3568513502107953 0.0016614490350585487
8.6 0.27819168625283386 0.0015977033542786123
8.633333333333333 0.19197892019883572 0.0015258002252005742
8.666666666666666 0.08479658574948042 0.0014066886958990638
8.7 -0.01800868460647468 0.0013393449890538901
8.733333333333333 -0.13232762107629245 0.0014781483127604966
8.766666666666667 -0.23992013461221942 0.0015794169579896322
8.8 -0.3335658405378778 0.0016603572120502674
8.833333333333334 -0.41242318048559173 0.0017053295558506765
8.866666666666667 -0.4578162534137348 0.0017624866809036188
8.9 -0.48885774561764167 0.0017611377158989194
8.933333333333334 -0.4829924346941074 0.0017583439601356887
8.966666666666667 -0.4566790912875396 0.001757239385789422
9.0 -0.41204699916021786 0.0017051522099849614
9.033333333333333 -0.3337612881288147 0.0016518374286175197
9.066666666666666 -0.24061940958003564 0.0015623689454470069
9.1 -0.1347302761151929 0.0014771663915016109
9.133333333333333 -0.019632608540471764 0.0013312678282892433
9.166666666666666 0.08821504554323518 0.0014148455791718056
9.2 0.19310958638766654 0.0015456030886475403
9.233333333333333 0.28451537452411924 0.001628380662275386
9.266666666666667 0.3533339079128633 0.001677699914100328
9.3 0.43006073577902626 0.0017289696575758517
9.333333333333334 0.4563088619541259 0.0017529229766280463
9.366666666666667 0.4600607199782808 0.001729736421237471
9.4 0.4435600437890429 0.0017283377689114587
9.433333333333334 0.406627089524062 0.0017099421099325274
9.466666666666667 0.34324685708235986 0.001648273377890086
9.5 0.2602753412497931 0.0015896679364705846
9.533333333333333 0.17002956798155597 0.0015002402088833133
9.566666666666666 0.07435928115204815 0.0014021195753463195
9.6 -0.053109106292023714 0.0013659320519375795
9.633333333333333 -0.16179031678160316 0.0015076116662381955
9.666666666666666 -0.2605485333270446 0.001589438635163698
9.7 -0.3473473704350408 0.0016577579412473953
9.733333333333333 -0.4194204001629531 0.0017177431575712832
9.766666666666667 -0.4585885937684474 0.0017496485544810092
9.8 -0.4802928143481271 0.001778186860368458
9.833333333333334 -0.47873027528953555 0.001775372586719115
9.866666666666667 -0.4524988798143885 0.001763992142145121
9.9 -0.39328653509622263 0.0017287578882418386
9.933333333333334 -0.3139241756298122 0.0016484572232285943
9.966666666666667 -0.2214215451819526 0.0015608251020180208
10.0 -0.12314768186870445 0.00144634156744064
10.033333333333333 -0.012306695700858966 0.0013121725787677736
10.066666666666666 0.09774352915189839 0.0014246943930456418
10.1 0.20355109566907717 0.001559355105377247
10.133333333333333 0.2880369606800285 0.0016147243176540815
10.166666666666666 0.36387136437254936 0.0016888360690129334
10.2 0.4198743689419532 0.0017326584046121196
10.233333333333333 0.46132785908540225 0.0017511894206482803
10.266666666666667 0.52057416814629 0.001835440127430088
10.3 0.48736621737367447 0.0017724046138349325
10.333333333333334 0.4127426050264635 0.0017166091551266693
10.366666666666667 0.35517091427791697 0.0016938206800860556
10.4 0.2649383043066419 0.001635202330574237
10.433333333333334 0.17390250587338593 0.0015271960077380131
10.466666666666667 0.05666232246701958 0.0013810748378523044
10.5 -0.058001711546339034 0.0013825942768787153
10.533333333333333 -0.17133856965946412 0.0015258718832910356
10.566666666666666 -0.2789158016099807 0.0016019479885128196
10.6 -0.3416812138301096 0.0016900212717272378
10.633333333333333 -0.4154970363216597 0.0017157216610765302
10.666666666666666 -0.4522304785337894 0.0017669898444684917
10.7 -0.47758808202059766 0.0017743976610254397
10.733333333333333 -0.4707701592944572 0.0017613459930702624
10.766666666666667 -0.42653703701124945 0.001745497757234371
10.8 -0.3613412809562242 0.0017174280003257603
10.833333333333334 -0.270454666155584 0.0016457046984349466
10.866666666666667 -0.19651599137033005 0.001522900927403259
10.9 -0.09761033198704097 0.001422609833974714
10.933333333333334 0.013236982498174992 0.0013061826091712511
10.966666666666667 0.11821002705545125 0.0014312564022621738
11.0 0.21604604309873549 0.0015512587666200173
11.033333333333333 0.30353743084045426 0.0016219353665071212
11.066666666666666 0.3749317307301493 0.0016672436968255822
11.1 0.42797893157237593 0.001713424826808696
11.133333333333333 0.4612604541914572 0.0017423897974079838
11.166666666666666 0.4595017069327469 0.0017310543645557286
11.2 0.4376960236005217 0.0017120666115263972
11.233333333333333 0.3890276274740152 0.0016940149585287778
11.266666666666667 0.3158503236686253 0.0016510389661045788
11.3 0.23162071006906654 0.0015748370794993471
11.333333333333334 0.12463657847046018 0.0014554988377209616
11.366666666666667 0.02460990344392475 0.0013249341121028824
11.4 -0.08799701717370309 0.0013986890341388114
11.433333333333334 -0.186144225154566 0.0015182007846258894
11.466666666666667 -0.27432263231523596 0.001625706682653938
11.5 -0.35295998063130307 0.0016918639770707733
11.533333333333333 -0.42538679220114756 0.0017169786143837462
11.566666666666666 -0.4508404577727401 0.0017758554855970554
11.6 -0.46971509342346895 0.0017580152945628758
11.633333333333333 -0.46208156058624267 0.0017373698241824331
11.666666666666666 -0.4213938650513834 0.0017366732838384191
11.7 -0.35891453111281857 0.001704593744240146
11.733333333333333 -0.2768601944301345 0.0016644505951712296
11.766666666666667 -0.1754213594838121 0.001564776090320047
11.8 -0.06348198986226292 0.0014142020404976224
11.833333333333334 0.028828551630289145 0.0013815290834007683
11.866666666666667 0.14086841777230705 0.001491944788512195
11.9 0.23594414931965213 0.0015894598387402592
11.933333333333334 0.32002070910425073 0.0016518460870725837
11.966666666666667 0.3858890394288824 0.0017355118078731246
12.0 0.433792603714097 0.0017518695075356416
12.033333333333333 0.45226768096879844 0.0017354921490672082
12.066666666666666 0.4504012820365019 0.0017242049414969984
12.1 0.4203497838064858 0.0017087437242052639
12.133333333333333 0.3735967689728443 0.0016797512486885213
12.166666666666666 0.3060193616189795 0.001631663767002467
12.2 0.20978134813096044 0.001549001203153294
12.233333333333333 0.11287858030190133 0.0014504833182381605
12.266666666666667 0.00021467143992361887 0.0013120814154310078
12.3 -0.10373979120784764 0.0014403227807487234
12.333333333333334 -0.2074467578441962 0.0015523304070321209
12.366666666666667 -0.29470674084690895 0.0016557242047608445
12.4 -0.3679912895855703 0.0017175871072344084
12.433333333333334 -0.4261110785807761 0.0017485039178403716
12.466666666666667 -0.454065157688791 0.0017606535574989923
12.5 -0.4597975188932436 0.0017600322652860934
12.533333333333333 -0.4459811775548636 0.0017347349327199169
12.566666666666666 -0.40854303021603033 0.0017183258693470038
12.6 -0.34485416234564326 0.0016548756422733457
12.633333333333333 -0.2559092944703103 0.0015851089136382224
12.666666666666666 -0.15468898215045943 0.0014871885979817756
12.7 -0.04359679032434984 0.0013720226913847139
12.733333333333333 0.05868021413225055 0.0013738646393484377
12.766666666666667 0.16196061267996212 0.001494379953014574
12.8 0.2575992950601273 0.001578347412128922
12.833333333333334 0.33159522307532285 0.0016466523149175072
12.866666666666667 0.39214918752791544 0.0016954464910327038
12.9 0.4379224247441423 0.001725893347205243
12.933333333333334 0.45111008905928807 0.001736183442107797
12.966666666666667 0.44169528077208586 0.0017245956778750848
13.0 0.40505368425682403 0.0016926010055010043
13.033333333333333 0.3525971159688949 0.0016487011448486633
13.066666666666666 0.2706964013355891 0.0015864731240773366
13.1 0.18375329540501295 0.001514890816917941
13.133333333333333 0.0855184348566445 0.0014093124230158682
13.166666666666666 -0.029200658551352805 0.0013343957504408123
13.2 -0.13501313155355318 0.001492997375787758
13.233333333333333 -0.23290487093655846 0.0015695028520989751
13.266666666666667 -0.3143982099287328 0.001663707787908919
13.3 -0.38393531685345267 0.0017084305890699425
13.333333333333334 -0.4291400699144686 0.0017555702742462764
13.366666666666667 -0.4574859003054032 0.0017556084595720112
13.4 -0.46350581166243543 0.0017530718123959788
13.433333333333334 -0.432120626974371 0.0017433638515856331
13.466666666666667 -0.3931732353784957 0.0017119837864185694
13.5 -0.3126888107694332 0.0016428471937549038
13.533333333333333 -0.2269198828409191 0.0015601858061414509
13.566666666666666 -0.12995385822988761 0.0014583330834158081
13.6 -0.029283390917492935 0.0013274644035103055
13.633333333333333 0.07941379867910422 0.0013930596308597276
13.666666666666666 0.19271902428322388 0.0015336234901577317
13.7 0.27558940579258245 0.0015951654850043795
13.733333333333333 0.3412062836658472 0.0016528070500543834
13.766666666666667 0.39623524300773394 0.0016843755134952065
13.8 0.4390428021131524 0.0017262162307030704
13.833333333333334 0.44985474122069646 0.0017242582484086055
13.866666666666667 0.43938260687817027 0.0017138192741865677
13.9 0.4034253912263702 0.0017071315185105962
13.933333333333334 0.3295108669193554 0.0016446728232267227
13.966666666666667 0.24833033585307482 0.0015641989865586292
14.0 0.15851363611775016 0.0014956759744530201
14.033333333333333 0.06090709814888664 0.0013851952163239714
14.066666666666666 -0.05386487682172012 0.0013609553005218822
14.1 -0.15277790986929493 0.0014916511199553062
14.133333333333333 -0.24271310192545548 0.0015836833273574213
14.166666666666666 -0.3324390550572287 0.0016528896230089685
14.2 -0.39969372935349684 0.001701499943862983
14.233333333333333 -0.4433602016542621 0.00171921357888849
14.266666666666667 -0.4607392215452922 0.0017342203156606728
14.3 -0.4589572760524363 0.001741293718754422
14.333333333333334 -0.4258073010726104 0.0017277304046002806
14.366666666666667 -0.3755538139815278 0.0016957117260903987
14.4 -0.2993083859121673 0.0016421934733963917
14.433333333333334 -0.20067571594291944 0.0015513740911874407
14.466666666666667 -0.10260746060335715 0.0014353095687482942
14.5 0.0037236091427155452 0.0013083366661351395
14.533333333333333 0.10471116804805591 0.0014351919574256133
14.566666666666666 0.19427691032705957 0.001530410928591075
14.6 0.29679727449569254 0.0016230196464369073
14.633333333333333 0.35461685805730375 0.001660915420568454
14.666666666666666 0.4071623723835223 0.0017004302369604263
14.7 0.4365085266223835 0.0017176251573657875
14.733333333333333 0.4385759182723028 0.001720693414267671
14.766666666666667 0.41951846100715157 0.0017028676852736124
14.8 0.37287426318863975 0.001677972558521923
14.833333333333334 0.3097304015798206 0.001625684507431835
14.866666666666667 0.22822105230411924 0.0015522157518436386
14.9 0.1383452093039059 0.0014669275315764563
14.933333333333334 0.03087721796586194 0.0013332840529032448
14.966666666666667 -0.07448496671959828 0.0014305550610026613
15.0 -0.1737657074261675 0.0015034875905085843
15.033333333333333 -0.2693961348400383 0.0015921409982223578
15.066666666666666 -0.3482825158349517 0.001659643260050081
15.1 -0.4088614429998533 0.0016991402668410927
15.133333333333333 -0.44838566855576556 0.0017311593701521688
15.166666666666666 -0.46263340538945014 0.0017469614288063706
15.2 -0.4505359000294725 0.0017393233176788425
15.233333333333333 -0.4149291441556667 0.0017163220365781218
15.266666666666667 -0.3573298711809597 0.0016687513347997118
15.3 -0.2754939447140446 0.0016178780072514387
15.333333333333334 -0.1907881602299066 0.0015124949241649699
15.366666666666667 -0.0852548840173951 0.001401661517587624
15.4 0.02087188152903783 0.0013337178485853737
15.433333333333334 0.1260243086703811 0.0014729158369642392
15.466666666666667 0.2268599289980577 0.0015775685919787452
15.5 0.33597888452977653 0.0016681756213058896
15.533333333333333 0.3788007506471473 0.0017215016235757608
15.566666666666666 0.46217511571886666 0.0017832578515494246
15.6 0.45532518997881316 0.0017797316209856584
15.633333333333333 0.48976436611113855 0.0017664672425346528
15.666666666666666 0.49803812458523367 0.0017886207559464906
15.7 0.3967132638652937 0.0017238008534125049
15.733333333333333 0.31704982331748144 0.0016367643328618064
15.766666666666667 0.3384554266911983 0.0017155782554991172
15.8 0.15263189278358208 0.001492051705991121
15.833333333333334 0.08676227732976512 0.001453014419296933
15.866666666666667 -0.05296183264965614 0.0013992927406800762
15.9 -0.15404778272290828 0.0015234146649094615
15.933333333333334 -0.2696751556776542 0.0016164059279074605
15.966666666666667 -0.3451213815614169 0.0017013653290228747
16.0 -0.3669197949250746 0.0017583855699638828
16.033333333333335 -0.3917886424865562 0.0018177834841129892
16.066666666666666 -0.4516743018875019 0.0017450385250679656
16.1 -0.38640273536189285 0.0018017649764213717
16.133333333333333 -0.3719417934233152 0.0017293926940614712
16.166666666666668 -0.30556059445101774 0.0016726666781808897
16.2 -0.25170134854936976 0.001570744909725419
16.233333333333334 -0.14821954472113769 0.0014921937336167257
16.266666666666666 -0.05351028589149665 0.0013729773145456162
16.3 0.04705972083548969 0.0013603518127530342
16.333333333333332 0.15037435060960966 0.0014818990443946356
16.366666666666667 0.232505844864056 0.0015521355654488922
16.4 0.3208602335923711 0.001636473783572956
16.433333333333334 0.3890426096597225 0.0017045537145435885
16.466666666666665 0.42639068370995975 0.0017143873369074303
16.5 0.4484128743521334 0.0017552338416877977
16.533333333333335 0.43012011958359175 0.0017180054461057304
16.566666666666666 0.4036646466090733 0.0017032983953154113
16.6 0.34655755715780007 0.0016682093628444528
16.633333333333333 0.27609012426426455 0.0016155677369780186
16.666666666666668 0.1850447799990529 0.001537638065340463
16.7 0.09317043173650556 0.0014306381681653269
16.733333333333334 -0.005141870680986103 0.0013410074803462436
16.766666666666666 -0.1029088966314934 0.0014386557133984623
16.8 -0.2116012636452759 0.001549830907092542
16.833333333333332 -0.2981242768258563 0.001622565614839977
16.866666666666667 -0.37007641146928255 0.001679960172108086
16.9 -0.4149169404001393 0.0017458264610168417
16.933333333333334 -0.44349005362584837 0.001766090503460438
16.966666666666665 -0.4424340715938015 0.001759154212507552
17.0 -0.43176497091406746 0.001742650026863135
17.033333333333335 -0.3912825003766612 0.0016997140860913196
17.066666666666666 -0.3200200677337416 0.0016589503329256239
17.1 -0.2230391544092049 0.0015776320376529596
17.133333333333333 -0.1401194812721583 0.0014808074623498535
17.166666666666668 -0.03707351294672879 0.0013524575682642911
17.2 0.06479019963203876 0.0013837201373902291
17.233333333333334 0.16661948831302698 0.0015123998914526593
17.266666666666666 0.25022352116694946 0.0015868168884441425
17.3 0.3353976247042047 0.0016787630252092511
17.333333333333332 0.3903128305752171 0.001715436217387345
17.366666666666667 0.42747293928942376 0.0017267564602893026
17.4 0.44852419915973446 0.0017386732609127598
17.433333333333334 0.42538640805345873 0.0017195392760642192
17.466666666666665 0.40381858937869014 0.0017302604571941549
17.5 0.3869786609895974 0.001735968022865908
17.533333333333335 0.2896941016592938 0.0016680694083461844
17.566666666666666 0.17181169778179342 0.0015354038986654384
17.6 0.10904675599712618 0.0014914170178362968
17.633333333333333 -0.03295996142910468 0.001359501866501349
17.666666666666668 -0.13992419662584027 0.0014792417334513197
17.7 -0.22198098291869414 0.001585767494668322
17.733333333333334 -0.2930790414552771 0.0016797313232448374
17.766666666666666 -0.3773346234553393 0.0016872291834410524
17.8 -0.4003217611370592 0.0017547879364371854
17.833333333333332 -0.43253128244519673 0.0017744676968718398
17.866666666666667 -0.427845855044315 0.0017549096626892635
17.9 -0.40250891908151537 0.0017723711330225878
17.933333333333334 -0.3475049693300788 0.0017343320653678274
17.966666666666665 -0.2616291441523059 0.001676538124347704
18.0 -0.20929576641776176 0.0015726881101777723
18.033333333333335 -0.10943405230537306 0.0014589085026062848
18.066666666666666 -0.018310956481834506 0.0013213490676301197
18.1 0.08410268819441831 0.001389694679734571
18.133333333333333 0.18787584033538737 0.0015150573418710178
18.166666666666668 0.31002921991018406 0.001650585486660916
18.2 0.3713446481494791 0.0017119285816091234
18.233333333333334 0.4321804009010741 0.0017433756227761554
18.266666666666666 0.45644347715609834 0.0017549813168412642
18.3 0.43895023547709877 0.0017465752525320233
18.333333333333332 0.40839390201146664 0.0017078858045759815
18.366666666666667 0.36863204616420014 0.0016798617497912893
18.4 0.3072303942635031 0.0016296550982595193
18.433333333333334 0.21989142082592353 0.0015604345053482627
18.466666666666665 0.15336745005783284 0.0015023352642952736
18.5 0.05776126671697577 0.0013889660282829439
18.533333333333335 -0.051058990926781775 0.001369576773813705
18.566666666666666 -0.1408072820604933 0.0015109608059488688
18.6 -0.2501066917221627 0.001615491142003822
18.633333333333333 -0.3250965049711398 0.0016955602905337486
18.666666666666668 -0.3688750349569356 0.0017604802529732066
18.7 -0.3987950696615146 0.0017803984598788736
18.733333333333334 -0.4273927104131684 0.001763361235033789
18.766666666666666 -0.3983171419223738 0.0017800886256255644
18.8 -0.393843840194472 0.0017249051588986708
18.833333333333332 -0.3255838713766926 0.0017001118220628664
18.866666666666667 -0.2504576370902625 0.0016525537951532776
18.9 -0.1831940786174506 0.00153079204409029
18.933333333333334 -0.04706870401800154 0.001432578617839672
18.966666666666665 0.03273630277691211 0.0014056399664703345
19.0 0.15052691034135537 0.0015245499490322556
19.033333333333335 0.20688377828411364 0.0015479065791520752
19.066666666666666 0.29842501375905023 0.001655562031855462
19.1 0.36177903221858876 0.001692390289233403
19.133333333333333 0.4149894038497699 0.0017313457738316052
19.166666666666668 0.42356342636374433 0.0017518060972301908
19.2 0.4290760951848759 0.0017445040395647204
19.233333333333334 0.43668348727628936 0.0017524191497083619
19.266666666666666 0.35983122421609737 0.0017083391682927718
19.3 0.3050513260897914 0.0016605835727522278
19.333333333333332 0.2032457438049804 0.0015764953363457401
19.366666666666667 0.14512273927941394 0.00151458737125032
19.4 0.0697259682274861 0.00143527510492443
19.433333333333334 -0.018252043371339354 0.0013961218452317563
19.466666666666665 -0.1334527802185067 0.0015326073457486433
19.5 -0.24629843905750953 0.0016329274629728052
19.533333333333335 -0.27415044779399267 0.0017214686175609506
19.566666666666666 -0.3752796065490097 0.0017503664267563002
19.6 -0.38707093867026987 0.0017992614794478667
19.633333333333333 -0.39110643390760597 0.0018329684996097328
19.666666666666668 -0.37734442121632633 0.0018341087596085992
19.7 -0.3716270332678397 0.0017555125964066054
19.733333333333334 -0.31194195935575597 0.0017049740285943193
19.766666666666666 -0.24865172420880038 0.001626993443828384
19.8 -0.11740210331842167 0.0014830260942753776
19.833333333333332 -0.040942214091980046 0.001385607218973725
19.866666666666667 0.07156989987115117 0.0014571008392146728
19.9 0.23830277799746596 0.0016525196530018937
19.933333333333334 0.28246908812998783 0.0016591000064259953
19.966666666666665 0.3116429872134786 0.001647179527426046
20.0 0.40032877011918067 0.001758332295639875
20.033333333333335 0.48097047950501237 0.0017954960161455924
20.066666666666666 0.46326954350059574 0.0017597879705054664
20.1 0.493528216395159 0.0017714176371698143
20.133333333333333 0.4084621803928185 0.0017237651888362127
20.166666666666668 0.45153413931035924 0.0017990678044882968
20.2 0.25467756934584246 0.0016139595453083522
20.233333333333334 0.21503303557685532 0.0015711458594676042
20.266666666666666 0.0641182838000493 0.0014048387621877212
20.3 0.01234637590028803 0.001336127675688973
20.333333333333332 -0.07788956813504384 0.0014280375003468404
20.366666666666667 -0.17945608275392944 0.001553479069148933
20.4 -0.24628913810299422 0.001650286327475492
20.433333333333334 -0.28750182761859694 0.0017370465300479143
20.466666666666665 -0.3602129612373187 0.0017837737864874748
20.5 -0.3961668715230702 0.0018418603119490506
20.533333333333335 -0.43189291369647026 0.0018098281565380736
20.566666666666666 -0.35802093364539234 0.0018250243449393078
20.6 -0.33481902362274757 0.001734060483276012
20.633333333333333 -0.2818286686820017 0.0016853504239362493
20.666666666666668 -0.22363742351606167 0.0015960966138570398
20.7 -0.12052486827217522 0.001497974649481204
20.733333333333334 -0.04012681280810759 0.0013812655202083551
20.766666666666666 0.07980281455316761 0.0014582012745136819
20.8 0.16512894162581507 0.0015315013986042236
20.833333333333332 0.22230114730267514 0.0015689264282505722
20.866666666666667 0.3063748917695451 0.0016473492213937568
20.9 0.3437327436704758 0.001659626784036805
20.933333333333334 0.3933725177486689 0.0017084567188691002
20.966666666666665 0.40393723915862084 0.0017344578208460248
21.0 0.3865431863244439 0.0016956476085679961
21.033333333333335 0.37282664889345557 0.001700016705098173
21.066666666666666 0.3225080947238558 0.0016534695198274219
21.1 0.2622021435105547 0.0015910951971738752
21.133333333333333 0.17567076218011926 0.0015278152354225027
21.166666666666668 0.07783805331738812 0.0014255205791939285
21.2 -0.031419280886408614 0.0013435501393960492
21.233333333333334 -0.1308715917410361 0.0014598345769273047
21.266666666666666 -0.20882550644665943 0.0015666728732514623
21.3 -0.3006152451606194 0.001635287751155845
21.333333333333332 -0.37613921888160917 0.00170222988365204
21.366666666666667 -0.37816844206356726 0.0017762661500630439
21.4 -0.43293203297744165 0.0017608399430911192
21.433333333333334 -0.42864319608535423 0.001757374010846191
21.466666666666665 -0.3940811421044783 0.00174137726310164
21.5 -0.3663058881801601 0.0016764874391535511
21.533333333333335 -0.2916289248236693 0.001626383092975081
21.566666666666666 -0.2106995550916851 0.0015620224818035933
21.6 -0.12464837023759918 0.0014755016508942592
21.633333333333333 -0.031571134605056325 0.001352374502827318
21.666666666666668 0.09317368028553952 0.0014281357386339427
21.7 0.15822275798742277 0.0015161202903692383
21.733333333333334 0.23534446812885298 0.001576551646962493
21.766666666666666 0.3120001740231832 0.0016475316307601462
21.8 0.36981362007219215 0.0016866243991860985
21.833333333333332 0.37716110952484894 0.001696817958024066
21.866666666666667 0.37334904225377913 0.0017023050978627885
21.9 0.3814862037898968 0.0017091424792289311
21.933333333333334 0.34952011899305135 0.0016663729790077353
21.966666666666665 0.30683664757620294 0.001645351517326199
22.0 0.24058151217182092 0.0015916498853675298
22.033333333333335 0.15766049345547387 0.0015092187512752153
22.066666666666666 0.030055022100215507 0.0013449612996997116
22.1 -0.058596001644800014 0.0013899299544084115
22.133333333333333 -0.1425626761360924 0.0015072317127783341
22.166666666666668 -0.1833769001419418 0.0015962868015488019
22.2 -0.29740719756864753 0.0016753723182647562
22.233333333333334 -0.34300080359351354 0.001727599556854753
22.266666666666666 -0.4145746237715684 0.001720093717649418
22.3 -0.42390561286342515 0.0017644711522256107
22.333333333333332 -0.41770805071058775 0.0017685506632373893
22.366666666666667 -0.38958438263872064 0.0017389333520944072
22.4 -0.3413662907317913 0.001676970660898891
22.433333333333334 -0.2703593371095469 0.001635485738124609
22.466666666666665 -0.15294479861551513 0.0015374763147809056
22.5 -0.07192437208513124 0.0014147422645819363
22.533333333333335 0.016761224165381908 0.0013432668259287517
22.566666666666666 0.11723762895526947 0.0014597665674477428
22.6 0.2171529061810544 0.0015795904247447312
22.633333333333333 0.2962266960991826 0.0016392952687574458
22.666666666666668 0.34527198015394256 0.0016805509628452509
22.7 0.40237635847196357 0.0017218820658709277
22.733333333333334 0.4183242944280727 0.0017355509308003003
22.766666666666666 0.41561106091342204 0.001740802813490816
22.8 0.4119162485975289 0.0017509930099071092
22.833333333333332 0.37188163023869847 0.0017048855832821341
22.866666666666667 0.3009464025734795 0.001652258735563128
22.9 0.1987997058493856 0.0015406117278939369
22.933333333333334 0.1079654536078144 0.0014488419861224122
22.966666666666665 0.04245313157563774 0.0013719035025021586
23.0 -0.07390756908213704 0.0014127803982473819
23.033333333333335 -0.1399074736961549 0.0015209335083061215
23.066666666666666 -0.25690787442663326 0.001602986414772356
23.1 -0.32211554539678894 0.0016634375521388245
23.133333333333333 -0.37057480552051736 0.0017288491204450196
23.166666666666668 -0.41518863983559834 0.0017499806557659814
23.2 -0.4294596232091279 0.001743178516871391
23.233333333333334 -0.39843206192250386 0.0017418482779059663
23.266666666666666 -0.3623895975795831 0.0017023034551532645
23.3 -0.29923973604154924 0.0016431880095958973
23.333333333333332 -0.24510509191390673 0.0015913605406472076
23.366666666666667 -0.1320620883692024 0.001527339459549193
23.4 -0.07080494219065277 0.0014496402203724307
23.433333333333334 0.02458815721583873 0.0013679221012197623
23.466666666666665 0.14569193992585566 0.0015220957642992083
23.5 0.22631350924814075 0.0015799237458552218
23.533333333333335 0.2912763297854424 0.0016726241726470192
23.566666666666666 0.3334313349730913 0.001688198389472817
23.6 0.3780033772217217 0.0017109371428961628
23.633333333333333 0.40383564137271305 0.0017281893035604456
23.666666666666668 0.42324345976655103 0.0017423699971710893
23.7 0.39110214002616067 0.0017144416991779488
23.733333333333334 0.34959358851778444 0.0016943466915471106
23.766666666666666 0.24334293338966073 0.001593906969690112
23.8 0.16204481558433118 0.0015143661931776298
23.833333333333332 0.07551060783403477 0.0014164545480837148
23.866666666666667 -0.056502229213640495 0.0013732741823964112
23.9 -0.12187916913327423 0.0015118754150682812
23.933333333333334 -0.17962756734430982 0.0015782220737112773
23.966666666666665 -0.29982651011858996 0.0016649055373953447
24.0 -0.37924732532815125 0.0017151939296549679
24.033333333333335 -0.40445072403719395 0.0017196643554614477
24.066666666666666 -0.4474678392337323 0.0017160642157052486
24.1 -0.45105716937911655 0.0017044883306160385
24.133333333333333 -0.4173857433175649 0.0017206925938699213
24.166666666666668 -0.36052175611145043 0.0016993861432467172
24.2 -0.2918293817130548 0.0016442258873403115
24.233333333333334 -0.22305262394832234 0.0015791334283053182
24.266666666666666 -0.13593295664748756 0.0014962169011286663
24.3 -0.06731739687070118 0.0013974841165937668
24.333333333333332 0.025236260247030743 0.001315060091562282
24.366666666666667 0.14392124765339226 0.0014987930395854443
24.4 0.252426344833797 0.001632776876698494
24.433333333333334 0.36284901966512406 0.0017131413568144405
24.466666666666665 0.3620871589399867 0.0017019854034863724
24.5 0.36978541298107664 0.0017061935766990444
24.533333333333335 0.3851103808107952 0.0017129125147639646
24.566666666666666 0.38105938388501176 0.0016976671859026404
24.6 0.32630819923009596 0.00165954777177435
24.633333333333333 0.29613668370456414 0.001644897449020688
24.666666666666668 0.21215510047126884 0.0015532060788659985
24.7 0.1407341834088251 0.001473445192198719
24.733333333333334 0.08263893337203462 0.0014240841684119016
24.766666666666666 -0.03993906260290056 0.0013674389204036963
24.8 -0.1084301431420292 0.0014676653626161384
24.833333333333332 -0.20144866226955246 0.0015701302974290288
24.866666666666667 -0.28688404326408556 0.0016327048524243382
24.9 -0.3390897504475916 0.001680997528682171
24.933333333333334 -0.38774113133186977 0.0017041653225123854
24.966666666666665 -0.38268330381220184 0.0017585658981350005
25.0 -0.3946430941360503 0.0017323838630872168
25.033333333333335 -0.36476934994758275 0.0017067371111854635
25.066666666666666 -0.32838341927546244 0.0016574047986984142
25.1 -0.27519715809767964 0.0016306012301371409
25.133333333333333 -0.19786976344269563 0.001534540143381502
25.166666666666668 -0.10643487908978408 0.0014421903515205031
25.2 -0.013046465221443418 0.001332986367064604
25.233333333333334 0.11118236922053454 0.0014546577923913312
25.266666666666666 0.18545503469846317 0.0015260383222293616
25.3 0.2627609170367576 0.0015966722959521729
25.333333333333332 0.32498194941499253 0.0016526840925306652
25.366666666666667 0.36397985122092547 0.0016764672181036055
25.4 0.4220879803493396 0.0017319496458318984
25.433333333333334 0.41975869720181536 0.001743689698548656
25.466666666666665 0.3973716483872144 0.001738705626078807
25.5 0.35230286497212426 0.0017080512983582152
25.533333333333335 0.32731109630251864 0.0016884182655204638
25.566666666666666 0.2614068653831341 0.0016344132972264114
25.6 0.16890758400980105 0.0015262233103204015
25.633333333333333 0.07744088927624977 0.001426874974521597
25.666666666666668 -0.011008624988939057 0.0013491206348957962
25.7 -0.1370437276236191 0.0014793678134761845
25.733333333333334 -0.22653501712241023 0.0015648274220752545
25.766666666666666 -0.29720606738575395 0.0016473876644259589
25.8 -0.3407573130008067 0.0017079240412980479
25.833333333333332 -0.39717781215953535 0.0017478690018925547
25.866666666666667 -0.42022758256629017 0.0017232617883466972
25.9 -0.38667627364695567 0.0017266611381103192
25.933333333333334 -0.36391264688477293 0.0016916942539508262
25.966666666666665 -0.31281703151140944 0.0016575421772966337
26.0 -0.2217286460840017 0.0015983819961886692
26.033333333333335 -0.1392051188536504 0.001495952666516559
26.066666666666666 0.0011239959691436577 0.001369460011364113
26.1 0.04451236557111977 0.001380061963325796
26.133333333333333 0.12665234156411823 0.0014789581452891165
26.166666666666668 0.2538895682083313 0.0016085474500119878
26.2 0.28830105609210394 0.0016606505551909345
26.233333333333334 0.3669807827574161 0.0016993351986946958
26.266666666666666 0.3838470562412355 0.0016898616107088316
26.3 0.4255746223290116 0.0017323551212569122
26.333333333333332 0.4060768942356232 0.0017057295383221538
26.366666666666667 0.42079342193769115 0.0017429183436311613
26.4 0.36952355371070666 0.0016949468724482553
26.433333333333334 0.27800517607290054 0.0016158940941834454
26.466666666666665 0.21642016947081247 0.0015616478043822546
26.5 0.13445934340868188 0.0014754138295751118
26.533333333333335 0.05588156917982506 0.0014155162161712323
26.566666666666666 -0.019196841833374143 0.0013942677402401966
26.6 -0.13965321410145892 0.0015286678774345253
26.633333333333333 -0.23045703482487356 0.0016018791784291886
26.666666666666668 -0.3019383937172305 0.0016516843634391543
26.7 -0.359496084594352 0.0016886926957558335
26.733333333333334 -0.3590922047306073 0.0017750007542449153
26.766666666666666 -0.3755054903516801 0.0017894385327061335
26.8 -0.3552326463899313 0.0018055199207985817
26.833333333333332 -0.3282865942913881 0.0017410144414614082
26.866666666666667 -0.277143751191116 0.0016579607194882051
26.9 -0.2173576471917647 0.0015872657330225914
26.933333333333334 -0.11996864198953613 0.0014773364190758531
26.966666666666665 -0.018428077967381596 0.0013569060255075802
27.0 0.04206344471463054 0.001355454203239001
27.033333333333335 0.15117594454318137 0.0014928129158754688
27.066666666666666 0.21236270741584673 0.0015305096074840763
27.1 0.2953942013107567 0.0016271369188564089
27.133333333333333 0.3358662534797195 0.0016415012589248712
27.166666666666668 0.3822597759243843 0.001687564779262296
27.2 0.3804284610437252 0.0016967944979493499
27.233333333333334 0.3835146330467572 0.0016963353894479116
27.266666666666666 0.3745197475014886 0.0016939847134538333
27.3 0.3142099817558281 0.0016419329806045546
27.333333333333332 0.25653142945475843 0.0015871653859941826
27.366666666666667 0.20568014571850987 0.0015736635674072907
27.4 0.10198489203438614 0.0014666405275478717
27.433333333333334 0.016506442748021086 0.0013507195618261726
27.466666666666665 -0.08276914906862236 0.0014383136158948595
27.5 -0.19236765739903045 0.0015381874011038132
27.533333333333335 -0.24363589782217107 0.0016167789883112516
27.566666666666666 -0.313871636469139 0.0017052604446803898
27.6 -0.36951662564640814 0.0017256913872359392
27.633333333333333 -0.36204510863634326 0.0017778935371121074
27.666666666666668 -0.3871769425941662 0.0017501678565705059
27.7 -0.380113179649417 0.001712960650316342
27.733333333333334 -0.34644103338146853 0.0016670675820057435
27.766666666666666 -0.27798927662228073 0.001615072301291376
27.8 -0.1962435240742196 0.0015642233872064093
27.833333333333332 -0.12403099258997649 0.0014682287127190663
27.866666666666667 -0.025985868156833895 0.0013471056688350337
27.9 0.07776500625174647 0.0014169112296903985
27.933333333333334 0.16166426952964275 0.0014946272287121587
27.966666666666665 0.26049072137241264 0.0016214499082551903
28.0 0.3275004452130779 0.0016651170600832654
28.033333333333335 0.3746673110572831 0.0016996119241484142
28.066666666666666 0.38152221419991295 0.0016882165486313827
28.1 0.3902766817983205 0.0016943728097570943
28.133333333333333 0.38491112271107053 0.0016945107967968887
28.166666666666668 0.339778565826493 0.0016477591271779612
28.2 0.29835896864250977 0.001647121190744394
28.233333333333334 0.2511877280047663 0.0016027954465610006
28.266666666666666 0.16878388985396137 0.0015202729211065413
28.3 0.05508873287420351 0.0013860968403689791
28.333333333333332 -0.04161777987051544 0.0013611772799801067
28.366666666666667 -0.12289616710942246 0.0014715151794440218
28.4 -0.21521916839114794 0.001569462618539741
28.433333333333334 -0.28241351517809415 0.0016307959099496339
28.466666666666665 -0.3440551149658568 0.0016774432556304064
28.5 -0.37233561386899294 0.0017505321112739058
28.533333333333335 -0.4032684403793863 0.0017389910032564182
28.566666666666666 -0.3943678131584689 0.0017420435238098553
28.6 -0.37407335134364866 0.001700923648174757
28.633333333333333 -0.3188004870426586 0.0016650712580495441
28.666666666666668 -0.2686889116998825 0.0015970362273168281
28.7 -0.1831094624421834 0.0015294907644195221
28.733333333333334 -0.07647503750709889 0.0014207663564326373
28.766666666666666 0.006031294149913596 0.0013126339955701954
28.8 0.08196813801683099 0.0013973485972671451
28.833333333333332 0.18896802938269716 0.0015282891759502704
28.866666666666667 0.25039502089175103 0.0015841182709454005
28.9 0.308375303256853 0.0016386888073802175
28.933333333333334 0.3481387997314744 0.0017015858611612589
28.966666666666665 0.37743221253479253 0.0016997049531877195
29.0 0.41189218237958103 0.0017192396027382872
29.033333333333335 0.3747494940990199 0.0016769531579641783
29.066666666666666 0.3431458412234387 0.0016598352940483951
29.1 0.2684699441147732 0.0016295765226000403
29.133333333333333 0.19553214964017585 0.001528138124549161
29.166666666666668 0.16549026661711055 0.0015072671431361484
29.2 0.02555628756702336 0.0013309926925448023
29.233333333333334 -0.059083976114732165 0.0014006022771476806
29.266666666666666 -0.15630893576324392 0.0014989200128272262
29.3 -0.21270105637287173 0.0015934380253335712
29.333333333333332 -0.25526494584524745 0.0016624608423710385
29.366666666666667 -0.29614314884928467 0.0017367101410550312
29.4 -0.3731340158795314 0.001722956001907583
29.433333333333334 -0.3924111550966212 0.0017274931945810978
29.466666666666665 -0.3581877558275414 0.0017323678760681194
29.5 -0.326565201782871 0.0017038042191952485
29.533333333333335 -0.28661889778423183 0.0016628403369036704
29.566666666666666 -0.2238319853560904 0.0015853894252802203
29.6 -0.08967347362102163 0.001495271679008578
29.633333333333333 -0.050097198509974426 0.001382127115216715
29.666666666666668 0.05857309833622675 0.0013995991016146347
29.7 0.13317072087333262 0.001462065175875521
29.733333333333334 0.23894846519275553 0.001598765815420844
29.766666666666666 0.33108043254894504 0.0016840764061101243
29.8 0.38221502757734954 0.0017413689739084748
29.833333333333332 0.3908811289980691 0.001732422532388811
29.866666666666667 0.384878069551973 0.0016968894446725558
29.9 0.3865156544084263 0.0016921414377135124
29.933333333333334 0.36130301676403526 0.0017025100904416446
29.966666666666665 0.35021455020889897 0.0016962195235458166
30.0 0.2828245564189554 0.0016372548262018616
30.033333333333335 0.19982694466170517 0.0015507534499356324
30.066666666666666 0.1257418388303548 0.0014889729184527078
30.1 0.022927947632918968 0.0013458885480054604
30.133333333333333 -0.07561567418376981 0.001413222737818312
30.166666666666668 -0.16008970119714622 0.0015068191831543731
30.2 -0.2591066416655788 0.0015825466280632305
30.233333333333334 -0.3081772323954511 0.0016475744039420315
30.266666666666666 -0.35257988076843094 0.0016914647680815187
30.3 -0.3769891160498755 0.001702217805132522
30.333333333333332 -0.37233414605748755 0.0017327524183922693
30.366666666666667 -0.3454950106511054 0.0017369312451663288
30.4 -0.29788775631340547 0.001720835542753374
30.433333333333334 -0.2722328541351388 0.0016522764357694286
30.466666666666665 -0.1931547443210307 0.0015707072674036315
30.5 -0.0802417928118919 0.001454451924732758
30.533333333333335 0.0180522551615848 0.0013845618427185367
30.566666666666666 0.0906132004934595 0.0014532966887250282
30.6 0.16345841086617302 0.001541210092855183
30.633333333333333 0.21893583594504248 0.0016055664245071821
30.666666666666668 0.3100512081365083 0.0016654420045432716
30.7 0.3508029332596392 0.0016822138407759923
30.733333333333334 0.37056502371683425 0.0017003712272263272
30.766666666666666 0.38923425494456765 0.0017284279899945632
30.8 0.4206645584582206 0.0017466262839468394
30.833333333333332 0.3939728251940114 0.0017248962718141025
30.866666666666667 0.3067434882126672 0.001643986077208448
30.9 0.2584961530361212 0.0016171419853127644
30.933333333333334 0.1665291865002625 0.0015216919255456596
30.966666666666665 0.08230407428235496 0.0014170538271024158
31.0 -0.019993829169444203 0.0013427902157307561
31.033333333333335 -0.11798975725035628 0.0014448590321897714
31.066666666666666 -0.19577275598752675 0.001577828122206526
31.1 -0.24994234337125854 0.0016467743451378247
31.133333333333333 -0.2865241584328376 0.001710971990034782
31.166666666666668 -0.32345905678854703 0.0017321447123991307
31.2 -0.39166360497821545 0.001696619181300263
31.233333333333334 -0.3774462835656978 0.0017112440318244326
31.266666666666666 -0.36262056750958394 0.0016982565347601342
31.3 -0.30599276964053335 0.0016924516278267188
31.333333333333332 -0.2644235543679502 0.0016043127324109063
31.366666666666667 -0.19519693358483348 0.0015468083891049256
31.4 -0.10929170816092951 0.0014360707590689858
31.433333333333334 0.0005323858483684894 0.001319562416221981
31.466666666666665 0.08965091324207611 0.0014246535930418774
31.5 0.1888451073928696 0.001540260310881364
31.533333333333335 0.2335425072233648 0.0015721261280981502
31.566666666666666 0.29946013499373836 0.0016277950153585352
31.6 0.3576959079322747 0.0016648651905654122
31.633333333333333 0.40705829364229085 0.0017273670930144092
31.666666666666668 0.3852564774855312 0.0017142717049224987
31.7 0.37906085269772527 0.0016981079969407564
31.733333333333334 0.33587460524942414 0.0016758971999334404
31.766666666666666 0.3179586540489274 0.0016594083764530643
31.8 0.2410814632969165 0.0015975826431603446
31.833333333333332 0.15390772280378817 0.001523456212609603
31.866666666666667 0.0242806673981342 0.0013767691302791797
31.9 -0.040357256155188675 0.0013808294491130801
31.933333333333334 -0.12680181457616518 0.0014785376098415404
31.966666666666665 -0.20730938334907167 0.0015709888681311734
32.0 -0.2827083461124164 0.0016293713273711208
32.03333333333333 -0.342067016081321 0.0016939963103502764
32.06666666666667 -0.3771547674542533 0.001690245557754877
32.1 -0.3814233675211908 0.0017261960634940565
32.13333333333333 -0.37527304617934204 0.0017335319168924612
32.166666666666664 -0.3492371372857305 0.001706041022674687
32.2 -0.3090742199475211 0.001643828590589036
32.233333333333334 -0.23589238832712667 0.0015900506359906308
32.266666666666666 -0.12995433260043363 0.001504737066070655
32.3 -0.06499392759443486 0.0014205500243517077
32.333333333333336 0.013347505496134547 0.0013367893966908535
32.36666666666667 0.09623059329598764 0.0014249195869711212
32.4 0.18721696210491806 0.0015427508873470108
32.43333333333333 0.2589222133926487 0.0016314912157797123
32.46666666666667 0.321010446649338 0.0016898727721520457
32.5 0.3556343567502897 0.001689819876547205
32.53333333333333 0.4066128869371446 0.001731627319804363
32.56666666666667 0.39110623881677153 0.0017433175062863127
32.6 0.3897404838231453 0.001739554832955792
32.63333333333333 0.35102247607810294 0.0017228717183069842
32.666666666666664 0.29641462573093846 0.0016707820017557995
32.7 0.21279058910488396 0.0015808774758762079
32.733333333333334 0.1012974999619637 0.0014404177206692181
32.766666666666666 0.01821493448941873 0.0013338833133415932
32.8 -0.07260243165848322 0.001390818459344273
32.833333333333336 -0.15965148145189687 0.0015322340507209486
32.86666666666667 -0.2316635714094574 0.001602903282692858
32.9 -0.29888541262784585 0.001656145928104702
32.93333333333333 -0.3447581650969511 0.0016822473193925935
32.96666666666667 -0.37306763357637457 0.001756792076034408
33.0 -0.3932492864825914 0.0017047077767334273
33.03333333333333 -0.37769973011265595 0.001669558806821736
33.06666666666667 -0.34410898791351935 0.0016550302141623008
33.1 -0.26624307368593925 0.001618151862395556
33.13333333333333 -0.18005939722866984 0.0015562760195585723
33.166666666666664 -0.12332982144345732 0.0014650732557073692
33.2 -0.04352181018511176 0.0013528252073541636
33.233333333333334 0.05905934726947818 0.0013832830983640729
33.266666666666666 0.13450776948989485 0.0014734551517674999
33.3 0.22087331678855335 0.0015578026397589373
33.333333333333336 0.2780304958807383 0.0016215418743388832
33.36666666666667 0.33357078768158943 0.0016876395702897229
33.4 0.36167518304600926 0.0016982190520626328
33.43333333333333 0.3626856552252007 0.0016794250135963584
33.46666666666667 0.3596104089030749 0.0016701968508589515
33.5 0.3400080166438218 0.0016400888474576436
33.53333333333333 0.29496402481772954 0.0016411733134421569
33.56666666666667 0.24867709689805856 0.0016061719770249505
33.6 0.17164056464282718 0.0015115145544160602
33.63333333333333 0.0872444765127911 0.0014279768631485223
33.666666666666664 -0.015066524919849882 0.0013333344675943541
33.7 -0.10259938858242347 0.001443918511306333
33.733333333333334 -0.18547839999193821 0.0015449767304697992
33.766666666666666 -0.24063048252104993 0.0016318433842253677
33.8 -0.31417062442610966 0.001660593760319462
33.833333333333336 -0.3490973860649556 0.0017061013588609009
33.86666666666667 -0.3693097546493196 0.0017454370849314116
33.9 -0.36769496233305154 0.0017193892624888796
33.93333333333333 -0.3506630424777573 0.00171697784107816
33.96666666666667 -0.2871398361482031 0.0016818187599241252
34.0 -0.24250288438023027 0.0016157887958324624
34.03333333333333 -0.18852223420670636 0.0015213204307432948
34.06666666666667 -0.10880779998828556 0.0014368821689180328
34.1 -0.02146647529378895 0.0013310110736908867
34.13333333333333 0.07050378116706608 0.0013950587202505582
34.166666666666664 0.1583573565777673 0.0015059906284004276
34.2 0.2275651424876141 0.001564762309706036
34.233333333333334 0.2922766047288471 0.001629720294036574
34.266666666666666 0.34404318284867813 0.001660467746628258
34.3 0.37181383133329243 0.0017053734650840369
34.333333333333336 0.3873742409239408 0.0017161909820465615
34.36666666666667 0.37346273020807913 0.0017159649266511035
34.4 0.32319534139095174 0.0016344846386421863
34.43333333333333 0.2705285479805067 0.0015879441854689813
34.46666666666667 0.20694578639359176 0.0015354788202359693
34.5 0.13984885839116398 0.0014867484488380878
34.53333333333333 0.05268758780972096 0.001379058537595762
34.56666666666667 -0.04451187357994742 0.0013681344050565855
34.6 -0.1243592711051325 0.0014611185582827507
34.63333333333333 -0.20654513411568018 0.001555142850650365
34.666666666666664 -0.2627185174253411 0.0016098419389612428
34.7 -0.32034184537270194 0.001668940807677377
34.733333333333334 -0.3617355136596476 0.0016913508793401366
34.766666666666666 -0.36789286283321737 0.0017132120969485798
34.8 -0.3760995359658527 0.0017096291088688487
34.833333333333336 -0.34177355200842685 0.0017133692194583605
34.86666666666667 -0.29526936793940756 0.0016759398581628338
34.9 -0.23948546981732893 0.0016213648159771887
34.93333333333333 -0.17175121164886487 0.0015073983714147254
34.96666666666667 -0.08855232863710231 0.0014374689953712272
35.0 -0.0003375227330701963 0.001296817745389494
35.03333333333333 0.08301873593554167 0.0014082520663902531
35.06666666666667 0.17254839294697397 0.0015141836512700402
35.1 0.24620305699656078 0.0016042665427481728
35.13333333333333 0.2979196335756302 0.0016582079232179137
35.166666666666664 0.3515720323280598 0.001714514294376912
35.2 0.37130156437340445 0.0017045426904259142
35.233333333333334 0.3845065306715515 0.001694500159153678
35.266666666666666 0.3502323984799691 0.001656245002058243
35.3 0.3122460364594778 0.0016330714732444296
35.333333333333336 0.2560398974835435 0.0015808719741037258
35.36666666666667 0.18437445828246793 0.001512216307543196
35.4 0.11794439652136066 0.0014533175582753105
35.43333333333333 0.03630328668392777 0.001392406036910869
35.46666666666667 -0.05565633225280201 0.00139386752185236
35.5 -0.12410309246228603 0.0014711937348355492
35.53333333333333 -0.2207148749967093 0.0015634403961681531
35.56666666666667 -0.2883440749550645 0.001620004985095791
35.6 -0.34007027562671743 0.0016598598854553615
35.63333333333333 -0.36557850611370046 0.0016931722254538428
35.666666666666664 -0.3711158376368072 0.0017071397851651793
35.7 -0.36586491238766805 0.0016963773557703843
35.733333333333334 -0.33231448947752185 0.0016754005500315694
35.766666666666666 -0.2868159779224448 0.0016076835263558187
35.8 -0.2131555977282556 0.0015460858373977093
35.833333333333336 -0.13931010971132202 0.0014739395734738592
35.86666666666667 -0.04391179401594324 0.0013838198111644495
35.9 0.04029334093102956 0.0013598119470742132
35.93333333333333 0.11258917700208264 0.001461694169264477
35.96666666666667 0.1872096125578674 0.001538835823444551
36.0 0.2649115672340125 0.0016151071290348984
36.03333333333333 0.30999325670538214 0.0016443997492076035
36.06666666666667 0.3452168011389944 0.0016907338815277395
36.1 0.3419680675204621 0.0016619699256913978
36.13333333333333 0.35556547329612126 0.001673815278677826
36.166666666666664 0.33376724986138584 0.0016726193229464892
36.2 0.2862064183048191 0.0016433804218071169
36.233333333333334 0.22643382274674223 0.0015778495512027424
36.266666666666666 0.16169061938188728 0.0015002258072716879
36.3 0.08700201949845851 0.001423183545327139
36.333333333333336 -0.01186748493546603 0.0013126937387179152
36.36666666666667 -0.09538820769435727 0.0014105297224491636
36.4 -0.17651994312220043 0.001512480734311955
36.43333333333333 -0.2493733828343116 0.001584810492302191
36.46666666666667 -0.3034996330150158 0.0016172816537219359
36.5 -0.34951994521845964 0.0016595413979817453
36.53333333333333 -0.371806020026623 0.0016728775399580398
36.56666666666667 -0.37704362548389114 0.0016871691169959568
36.6 -0.3637953661121422 0.0016671779980973467
36.63333333333333 -0.3251150742714477 0.0016381115334340723
36.666666666666664 -0.2409909713044179 0.0016180262770921494
36.7 -0.1706639311251775 0.001563425804224916
36.733333333333334 -0.09316070834923508 0.0014623043023012788
36.766666666666666 -0.024944912719453958 0.001355358068414074
36.8 0.0528347112416564 0.0013665959980833156
36.833333333333336 0.13167086613762372 0.0014961625068909967
36.86666666666667 0.21287152315076963 0.0015741225505527257
36.9 0.2724570963663642 0.0016120965069512105
36.93333333333333 0.3199426104315996 0.001635950134370956
36.96666666666667 0.33982125446838984 0.0016649493523785974
37.0 0.3580963478054931 0.0016607650385542794
37.03333333333333 0.34189918535244584 0.0016673822184540832
37.06666666666667 0.31385359846783123 0.0016496309343030924
37.1 0.2656762200114574 0.0015909980605151586
37.13333333333333 0.2031696526197378 0.0015281022201987515
37.166666666666664 0.1421005654478832 0.001481319579728052
37.2 0.055177260159827 0.0013762405296266628
37.233333333333334 -0.03735617839595058 0.0013378406163439965
37.266666666666666 -0.11710589234051048 0.0014347153182103084
37.3 -0.19801158615599307 0.0015308572541133936
37.333333333333336 -0.25781923498452397 0.001609060533699469
37.36666666666667 -0.3034137994563215 0.001665766828994386
37.4 -0.3462765116123244 0.0016963629092509591
37.43333333333333 -0.36501273647353955 0.0017148577058543335
37.46666666666667 -0.3698835082974813 0.0017242590281735803
37.5 -0.34474201014380473 0.0016887125524766011
37.53333333333333 -0.2796410663509679 0.0016927766727877214
37.56666666666667 -0.2315045244863124 0.0016420713833060763
37.6 -0.1603676764403693 0.0015228394744915552
37.63333333333333 -0.09096177616833297 0.001415355479408048
37.666666666666664 -0.009888143534699979 0.0013195288364883304
37.7 0.07618566596759467 0.0014029140713019833
37.733333333333334 0.16186570860946772 0.0015089297221126674
37.766666666666666 0.23056688471286518 0.0015679843136987281
37.8 0.28933296664576247 0.0016880702986133422
37.833333333333336 0.32661404686185236 0.0016379888893471861
37.86666666666667 0.34939622490992794 0.001669941509669759
37.9 0.3571278504561994 0.0016866016923921534
37.93333333333333 0.34404818201613696 0.0016726338928215734
37.96666666666667 0.3093776752958829 0.0016424623458589638
38.0 0.25320596130723116 0.0015908015954982924
38.03333333333333 0.18811579958031135 0.0015480509701207845
38.06666666666667 0.11010761935443494 0.0014513717585397101
38.1 0.02410444421620245 0.0013320577169397448
38.13333333333333 -0.05072353639089446 0.0013674195375842219
38.166666666666664 -0.14313293013938638 0.0014816267589055077
38.2 -0.22200243236004813 0.0015852529361298495
38.233333333333334 -0.2848981333058592 0.001633456161439395
38.266666666666666 -0.3273054587250863 0.0016638800571467938
38.3 -0.3617103453197529 0.0016746936542149649
38.333333333333336 -0.37529204440725833 0.0016800340230571087
38.36666666666667 -0.3654083915172218 0.0017005652462933618
38.4 -0.33233134508370005 0.0016532391785810674
38.43333333333333 -0.27824170296069417 0.0016089735294431695
38.46666666666667 -0.20541846596772279 0.0015484764662105632
38.5 -0.1381127026024621 0.0014735990366936957
38.53333333333333 -0.060502148046155654 0.0013718749342651604
38.56666666666667 0.01919812579272443 0.0013311614663332992
38.6 0.10154898342043088 0.0014549878764115731
38.63333333333333 0.1759781835683532 0.001581593744977211
38.666666666666664 0.2428444914638628 0.0016080040964451814
38.7 0.29821174575133524 0.0016238019757162658
38.733333333333334 0.3305320606523161 0.0016584044809941356
38.766666666666666 0.3496970724933616 0.0016575063751971264
38.8 0.3466500071757798 0.0016669224269615923
38.833333333333336 0.3229484249735314 0.001661235894130364
38.86666666666667 0.28430810582129645 0.001620722372643435
38.9 0.22793010053347912 0.00157449963956946
38.93333333333333 0.1664287576252323 0.0015375163191269359
38.96666666666667 0.08496945345431561 0.001453095569742463
39.0 0.000618838506562517 0.0013381234753834027
39.03333333333333 -0.07994780812933072 0.0014193801835885311
39.06666666666667 -0.16477848238546908 0.0015004110657708125
39.1 -0.24250578698718836 0.001603989205509193
39.13333333333333 -0.3010542241983487 0.00165440451587473
39.166666666666664 -0.34337665832515546 0.0016834538202123994
39.2 -0.35535617303725064 0.001678526085037324
39.233333333333334 -0.36793262053893055 0.0016730267291241718
39.266666666666666 -0.34991645046726766 0.00165800786518161
39.3 -0.314795078948866 0.0016560560066106733
39.333333333333336 -0.2683355796720911 0.0016004182927455424
39.36666666666667 -0.2015553132469176 0.0015333578297450356
39.4 -0.12490721610724298 0.0014631114292519842
39.43333333333333 -0.027615666627362617 0.001382730517236832
39.46666666666667 0.0536480683691474 0.0013963013843448294
39.5 0.13248006279362734 0.0014706690431189329
39.53333333333333 0.22573098434438282 0.001573542318674015
39.56666666666667 0.2897564125195529 0.0016412170706316398
39.6 0.31544349271323896 0.0016293186554696137
39.63333333333333 0.3335471918679152 0.0016452726409897367
39.666666666666664 0.3472567362490462 0.0016480385312188095
39.7 0.3377409294269696 0.0016451183167577321
39.733333333333334 0.31059095051960833 0.0016320476539135043
39.766666666666666 0.26692900770669936 0.0015961167460245007
39.8 0.210757489364605 0.001567561468591827
39.833333333333336 0.13522325696134418 0.0014893717952570162
39.86666666666667 0.058729736446256516 0.0013762917725156365
39.9 -0.02574445405018593 0.0013252085183087792
39.93333333333333 -0.11420865669824645 0.0014292939344866251
39.96666666666667 -0.19227043134798663 0.0015218202442197903
40.0 -0.2569182136670741 0.0015794337732634167
40.03333333333333 -0.30677416677346026 0.0016512036119329943
40.06666666666667 -0.3521006207460022 0.0017508608628319378
40.1 -0.36901986040568013 0.0017135906823358416
40.13333333333333 -0.3632943549580788 0.0017019773490863366
40.166666666666664 -0.3346251617962893 0.0016864517977988047
40.2 -0.28643669752273604 0.001661253625274528
40.233333333333334 -0.2282179490632279 0.0015753106443268383
40.266666666666666 -0.17255001876741968 0.0014986293155631603
40.3 -0.10727968159606165 0.001426270143129682
40.333333333333336 -0.012183789723039632 0.0013149635079578986
40.36666666666667 0.07404322920784251 0.0013931326043059578
40.4 0.17147337611563643 0.0015198971377754222
40.43333333333333 0.264974208086231 0.0016183841390538523
40.46666666666667 0.30753468701815184 0.0016513125412138674
40.5 0.32560478878904925 0.001649191209625256
40.53333333333333 0.35154358103950084 0.0016776728120083129
40.56666666666667 0.3434240114314517 0.0016727098347029679
40.6 0.32426261341513263 0.0016298944947940042
40.63333333333333 0.32103645410945725 0.0016468794116791807
40.666666666666664 0.2872428780613557 0.0016185944507065564
40.7 0.20763975023748668 0.0015447567094910575
40.733333333333334 0.12929836823822022 0.0014664944887152198
40.766666666666666 0.026709563481299946 0.001344856940382385
40.8 -0.04721041653134331 0.0013648127325759651
40.833333333333336 -0.1169637884946812 0.0014637518853249237
40.86666666666667 -0.207976552400953 0.0015431032658690391
40.9 -0.2654439742489205 0.0016069069056992569
40.93333333333333 -0.3194520633424014 0.0016500707157968142
40.96666666666667 -0.35395348024517204 0.0016776039765373785
41.0 -0.3630129449220044 0.0017260660038114217
41.03333333333333 -0.3566340001622257 0.001688259985675733
41.06666666666667 -0.3300218766954385 0.0016556500697038623
41.1 -0.28546622419864576 0.0016218289179654732
41.13333333333333 -0.2226907152431609 0.001571259238366235
41.166666666666664 -0.14170750544736294 0.0014777721350941742
41.2 -0.06932875064756107 0.0013793244885273448
41.233333333333334 0.011776738945028273 0.0013237145838562985
41.266666666666666 0.09164867349549381 0.00144028801309172
41.3 0.16827506975957718 0.001504946842236371
41.333333333333336 0.2368354528557866 0.0016244972723142848
41.36666666666667 0.28977120862108385 0.0016215751968015613
41.4 0.3180635253503353 0.0016437706415497466
41.43333333333333 0.3386981020169442 0.0016760048775416037
41.46666666666667 0.3409553194008844 0.0016700234925650648
41.5 0.3175834598644211 0.0016985759080535567
41.53333333333333 0.2849267756895556 0.001692625456376995
41.56666666666667 0.23731289450131518 0.0016031860691992639
41.6 0.1716996329227059 0.0015172391542545016
41.63333333333333 0.09834735023057738 0.0014642749929683202
41.666666666666664 0.0042445548765111295 0.0013473601339344552
41.7 -0.08289130662912779 0.0014260012953643403
41.733333333333334 -0.14726611121978375 0.0015196743253624578
41.766666666666666 -0.22389211420417734 0.0015711080733741556
41.8 -0.27898110411648946 0.0016275493371686323
41.833333333333336 -0.32347362618521036 0.0016868982928419651
41.86666666666667 -0.3600154876510601 0.0017159604976155207
41.9 -0.33957724362751557 0.0017327169881155569
41.93333333333333 -0.335261910652854 0.0016764331233494745
41.96666666666667 -0.2974955301954623 0.0016558355639139655
42.0 -0.2549408294268855 0.0015933127965851446
