0.0 0.21690495402384227 0.0015384101289287466
0.03333333333333333 0.1046348439537153 0.001445318653064076
0.06666666666666667 -0.01961677934814213 0.0013402734545638513
0.1 -0.15151964850776328 0.0014710731358723583
0.13333333333333333 -0.25760990671355377 0.0015954198654591356
0.16666666666666666 -0.361017975085279 0.0016879780651207765
0.2 -0.4431846648516436 0.0017494908547898702
0.23333333333333334 -0.5057547075935872 0.0017737053497657307
0.26666666666666666 -0.5400378386995534 0.001777288733009641
0.3 -0.542500309073193 0.0017879968545082559
0.3333333333333333 -0.5143240688941974 0.0017850694782199916
0.36666666666666664 -0.4654371944735483 0.0017435577517087575
0.4 -0.3872497343218995 0.001693232430642233
0.43333333333333335 -0.2889762637455714 0.0016110201871262775
0.4666666666666667 -0.16692988913863765 0.001509626431408423
0.5 -0.04591599232559972 0.0013775352326994422
0.5333333333333333 0.07853239135094865 0.0014056030078483245
0.5666666666666667 0.2010887554145913 0.001530780934694581
0.6 0.30892025193541706 0.001642819903452053
0.6333333333333333 0.3934314057839162 0.001686265219555283
0.6666666666666666 0.45870108062711484 0.0017790068701830641
0.7 0.49563833771280064 0.0017667438927457257
0.7333333333333333 0.5070029657452347 0.001757184940515355
0.7666666666666667 0.4942648101933697 0.0017557175152558835
0.8 0.45345835505818655 0.0017228473229021768
0.8333333333333334 0.3925979050892321 0.001681849219441811
0.8666666666666667 0.30416533690871866 0.0016151522506497318
0.9 0.20906207833931 0.0015450208407152277
0.9333333333333333 0.09744118660595683 0.0014250828181287534
0.9666666666666667 -0.03283239770735098 0.0013358669119660355
1.0 -0.15305367907454706 0.001483206375495233
1.0333333333333334 -0.2601319912178802 0.001597174143728286
1.0666666666666667 -0.3633254798876721 0.001675709937095482
1.1 -0.4536489134787392 0.0017227721733515389
1.1333333333333333 -0.5057988654579095 0.0017533161354098548
1.1666666666666667 -0.5277288092994636 0.0017776760903464028
1.2 -0.5320539242174083 0.0017742537919022139
1.2333333333333334 -0.5049374666774352 0.001758258566126325
1.2666666666666666 -0.4523575637373027 0.0017396183238280738
1.3 -0.343933800380684 0.0017350320038501121
1.3333333333333333 -0.25596341684296803 0.0016195076710225353
1.3666666666666667 -0.14754785670656703 0.0014828430275835858
1.4 -0.036262067574485 0.0013526539271837903
1.4333333333333333 0.08650962735197282 0.0014211898063538897
1.4666666666666666 0.20002441310323815 0.0015278973442646449
1.5 0.30068895303274523 0.0016074954145772202
1.5333333333333334 0.3936740647230467 0.001692242606336325
1.5666666666666667 0.45618355251422693 0.0017330514065385105
1.6 0.49176764608132945 0.0017558976739804888
1.6333333333333333 0.5043464210865203 0.0017579608496972599
1.6666666666666667 0.49386337285524706 0.0017647126114795353
1.7 0.4542790781917079 0.0017332120325492806
1.7333333333333334 0.38371228697727106 0.0016898214097223474
1.7666666666666666 0.31133745805036267 0.0016425467935685112
1.8 0.1918605036388507 0.0015260525541001269
1.8333333333333333 0.07025856800072346 0.0014008195215379077
1.8666666666666667 -0.049917415113541405 0.0013706230450050705
1.9 -0.16994784252830702 0.0015009443807425804
1.9333333333333333 -0.2828706210109571 0.0016027951880455693
1.9666666666666666 -0.3784869920470716 0.0016745043629834422
2.0 -0.45157552645920773 0.0017704077232005289
2.033333333333333 -0.5090515711093461 0.0017689360257961972
2.066666666666667 -0.5309473584857876 0.001786182336280806
2.1 -0.5280044552932306 0.0017669311999957138
2.1333333333333333 -0.49714524254003833 0.0017551018290950515
2.1666666666666665 -0.4133863324051342 0.0017720484813297244
2.2 -0.3392237514194754 0.0017010318399262592
2.2333333333333334 -0.25282357634942 0.001574115717473068
2.2666666666666666 -0.10640670419184084 0.001466442871384352
2.3 0.026019785130259918 0.001374055545630519
2.3333333333333335 0.1567072326097001 0.0015327551668049
2.3666666666666667 0.2263936598721685 0.0015659087045101217
2.4 0.32138243040794273 0.0016397777548969872
2.433333333333333 0.4645273385330083 0.0017583590552940898
2.466666666666667 0.5580423653094877 0.001789930088829883
2.5 0.530270293002004 0.0017701993680654393
2.533333333333333 0.6027018869715987 0.0018065903773138992
2.566666666666667 0.5306134322196824 0.001779144494749918
2.6 0.481194978221605 0.0017671704028705548
2.6333333333333333 0.4426694036873675 0.001782454437847969
2.6666666666666665 0.33215109886464983 0.0016597154263361946
2.7 0.21273520170636717 0.0015559393634879681
2.7333333333333334 0.21887243166872528 0.0016449290048015375
2.7666666666666666 0.0033710094622301802 0.0013585572466616297
2.8 -0.14889030765941133 0.0015179513038241776
2.8333333333333335 -0.26703732198583047 0.0016285652434646636
2.8666666666666667 -0.3809810687262811 0.0016850430995846155
2.9 -0.4502833312654019 0.00174055271525686
2.933333333333333 -0.4980774619871975 0.0017721345065590532
2.966666666666667 -0.5235462216259209 0.0017804695331790077
3.0 -0.521510426630163 0.0017873121657027147
3.033333333333333 -0.48693010058118696 0.0017512941284669736
3.066666666666667 -0.42595569608251516 0.0017082903092273116
3.1 -0.33126918140068123 0.0016629118108909546
3.1333333333333333 -0.2310343904869026 0.001581152089922877
3.1666666666666665 -0.12003247728067751 0.001462573642818557
3.2 -0.008413487004860647 0.0013194016259611592
3.2333333333333334 0.11556041462605499 0.0014423061147718769
3.2666666666666666 0.21693658458289192 0.0015397553756038296
3.3 0.3166457793484817 0.0016271159310305983
3.3333333333333335 0.4014603317726496 0.0016885960065584071
3.3666666666666667 0.45854373730723375 0.0017301514281362063
3.4 0.48839710605483955 0.0017438967485373658
3.433333333333333 0.5050038328110861 0.0017503684470001613
3.466666666666667 0.4889647272331843 0.001754724887262804
3.5 0.4323967470795249 0.0017152038164123806
3.533333333333333 0.37249895700980606 0.0016844573937308538
3.566666666666667 0.28517858846187494 0.001612535568318918
3.6 0.18941152022837976 0.0015279986785345367
3.6333333333333333 0.07613209944666202 0.001403221648382913
3.6666666666666665 -0.05879322978754499 0.0013722460603432657
3.7 -0.16724284305844872 0.0014961900659410388
3.7333333333333334 -0.278796711147355 0.001622448982625424
3.7666666666666666 -0.37766328033232427 0.0016928268786501888
3.8 -0.43572605387820595 0.001757967127328952
3.8333333333333335 -0.4876032786182138 0.0017991505358891935
3.8666666666666667 -0.5120879848495675 0.0018185783420798796
3.9 -0.5118312425136567 0.0018098744869892158
3.933333333333333 -0.47187209210174813 0.0017737098355373737
3.966666666666667 -0.4209839336043628 0.0017214603769836745
4.0 -0.336444059152515 0.001649221559644365
4.033333333333333 -0.23629971252240217 0.001566918782289789
4.066666666666666 -0.11895197076977311 0.0014401979155460876
4.1 0.0017215368201141663 0.0012951453622113405
4.133333333333334 0.11529958821886661 0.0014360793081270723
4.166666666666667 0.22784359104700597 0.0015473050327030335
4.2 0.3241268063125615 0.0016366117769190947
4.233333333333333 0.4260651589321748 0.001720124271035739
4.266666666666667 0.4577266808464823 0.0017196570103124031
4.3 0.48641817905848417 0.0017446199718304523
4.333333333333333 0.4878742747061677 0.0017448643667135055
4.366666666666666 0.481237403147092 0.0017504246635012821
4.4 0.432792831230342 0.0017425270777994828
4.433333333333334 0.3715194503062433 0.001715182088259437
4.466666666666667 0.27785042385468733 0.0016167558305688057
4.5 0.18226913028042355 0.0015323325811494592
4.533333333333333 0.06324975023140171 0.0013937975374521822
4.566666666666666 -0.05743762061943672 0.0013914962941248
4.6 -0.16833400081356042 0.0015274893910529885
4.633333333333334 -0.28527942731405664 0.0016151030865492744
4.666666666666667 -0.3738817330596268 0.0017040158094671076
4.7 -0.44563070306013153 0.0017510317209254445
4.733333333333333 -0.4896713775320304 0.0017829225562605577
4.766666666666667 -0.506086287590792 0.0018008257739884348
4.8 -0.5010452517785876 0.0017712036674302212
4.833333333333333 -0.45354518406825606 0.0017924833876017399
4.866666666666666 -0.3960800263853301 0.0017256778699755726
4.9 -0.30385488278241857 0.001662974328164868
4.933333333333334 -0.20662531171895523 0.001552914205655287
4.966666666666667 -0.10146306506535491 0.0014261650382064034
5.0 0.03386905468529873 0.0013537268907887964
5.033333333333333 0.15045872066545057 0.0015026294062192025
5.066666666666666 0.23658054727993033 0.0015709579357864878
5.1 0.33008915088355817 0.0016433424079475012
5.133333333333334 0.40838759345692277 0.0017179298170136859
5.166666666666667 0.4602132931681794 0.001764107158257866
5.2 0.4814712959642041 0.0017557269152155275
5.233333333333333 0.47826705821454485 0.0017349270553161933
5.266666666666667 0.4527110784092874 0.0017369964476721678
5.3 0.40007790987864017 0.001697591166993473
5.333333333333333 0.3271257409619847 0.0016387774900600283
5.366666666666666 0.2317044180087297 0.001549835614838957
5.4 0.12195047187354625 0.0014383691332750803
5.433333333333334 0.011353501402536277 0.001329750966417213
5.466666666666667 -0.10607825530955782 0.0014472125103397182
5.5 -0.2218682738849965 0.0015457107185184171
5.533333333333333 -0.32079967679239124 0.0016346671577142646
5.566666666666666 -0.40374843255932935 0.0017066000771994716
5.6 -0.46785206845865873 0.0017468914135124192
5.633333333333334 -0.5056140245899531 0.0017554049971473251
5.666666666666667 -0.5156394182070331 0.001753398862993083
5.7 -0.48544096295179795 0.0017666075816091253
5.733333333333333 -0.44508717291434285 0.0017334639498480797
5.766666666666667 -0.385766716691791 0.0016772179439699109
5.8 -0.29657684246095634 0.001610650237792055
5.833333333333333 -0.18811704894690343 0.0015190236630194531
5.866666666666666 -0.05827008444320185 0.001394762669406198
5.9 0.03350372246243585 0.0013312812838041366
5.933333333333334 0.1488840637818419 0.0014656847463380418
5.966666666666667 0.25368826537226974 0.0015719763511865548
6.0 0.34077937854117324 0.0016544565710862047
6.033333333333333 0.40806371431019456 0.0017022525541045552
6.066666666666666 0.45603970247833425 0.0017315967998761672
6.1 0.47836312537494535 0.0017344439115654087
6.133333333333334 0.47855820298192275 0.0017394236267287977
6.166666666666667 0.4428691419691354 0.0017147862167122274
6.2 0.3876729733710458 0.0016736058613863736
6.233333333333333 0.31049946887036933 0.0016194287770207039
6.266666666666667 0.21348891790640234 0.0015351912257551004
6.3 0.10384219894412974 0.0014082886915315063
6.333333333333333 -0.011767631011606591 0.0013083375268164946
6.366666666666666 -0.1264303088811019 0.0014476308079809652
6.4 -0.23137021802260122 0.0015507883514734588
6.433333333333334 -0.32113267527009043 0.0016475374394367415
6.466666666666667 -0.40990201992259245 0.0017121933698245884
6.5 -0.4706019889871724 0.0017547472533212538
6.533333333333333 -0.5012075176033316 0.0017574788990225576
6.566666666666666 -0.49423501354506266 0.0017794939304963675
6.6 -0.487370700004521 0.001749408498251781
6.633333333333334 -0.44378818948456755 0.0017170803238885646
6.666666666666667 -0.3711604666964941 0.001687645721919706
6.7 -0.276772582902164 0.0015970147819343583
6.733333333333333 -0.17531165598050846 0.001494762909692221
6.766666666666667 -0.05480333053419587 0.001369351291017784
6.8 0.05708053551735728 0.0013879475977248007
6.833333333333333 0.16672869049949599 0.0015127221469157515
6.866666666666666 0.2735704199121999 0.0016346301922613438
6.9 0.35360500577778814 0.0017346716455330369
6.933333333333334 0.41309354845537705 0.0017505243732151565
6.966666666666667 0.46126082557339465 0.0018142881476915784
7.0 0.4766239848592287 0.0017419263185601275
7.033333333333333 0.4648789747527223 0.0017332100775439563
7.066666666666666 0.43152119146446727 0.001702798883062906
7.1 0.3787238423273877 0.0016734773339400766
7.133333333333334 0.3018887165949713 0.0016461473218468692
7.166666666666667 0.20454595521045577 0.0015223850007271833
7.2 0.10069426936714677 0.0014242322660215079
7.233333333333333 0.0021971980887428417 0.0013310624799237852
7.266666666666667 -0.125115369058149 0.0014740044940285968
7.3 -0.23652368471379245 0.00156820577397912
7.333333333333333 -0.33549412840769033 0.0016555974317725153
7.366666666666666 -0.41548430968111644 0.001706087534402767
7.4 -0.47415318396499806 0.0017772091226064268
7.433333333333334 -0.5037372116452551 0.001779415827161679
7.466666666666667 -0.5043475230054614 0.0017691717880776725
7.5 -0.47890286490008843 0.001755140021094892
7.533333333333333 -0.42858339720843713 0.001720948464562888
7.566666666666666 -0.3529387984118585 0.0016734173294908339
7.6 -0.2584142878890272 0.0016010928270951963
7.633333333333334 -0.14365430037831584 0.0014819293421172441
7.666666666666667 -0.035274048801522684 0.0013389416379573221
7.7 0.0871968580040425 0.0014155275763445274
7.733333333333333 0.20536167870990601 0.0015328661030758473
7.766666666666667 0.2831126948533521 0.0015987486063757106
7.8 0.36291487928873156 0.0016661079392780165
7.833333333333333 0.4259510076585037 0.0017253325890751459
7.866666666666666 0.46645724702860203 0.0017314360367114423
7.9 0.47034062786174935 0.001733977524919883
7.933333333333334 0.4592514791421862 0.0017324851474079805
7.966666666666667 0.4314154699451968 0.001773802466013219
8.0 0.377551379440415 0.0016925441893201887
8.033333333333333 0.289712811049056 0.0016140517072961713
8.066666666666666 0.18878994114954617 0.0015173807644764947
8.1 0.06727500301736336 0.0013784242411148812
8.133333333333333 -0.04327292095888394 0.0013702059712517312
8.166666666666666 -0.15475875496318436 0.0014859334584993722
8.2 -0.24789204708914253 0.0015923091766198716
8.233333333333333 -0.35017086867751296 0.0016768249585141781
8.266666666666667 -0.4214429758114992 0.001726420938540696
8.3 -0.47040505308847913 0.0017424392810700406
8.333333333333334 -0.4929178565635699 0.001759280471005542
8.366666666666667 -0.4941026593048354 0.0017510394360578663
8.4 -0.4690007495072219 0.001731812038829883
8.433333333333334 -0.41071893018832517 0.0017250552542550923
8.466666666666667 -0.327888229713726 0.001662083509561929
8.5 -0.24019761535915504 0.0015671346978624878
8.533333333333333 -0.13320930618595542 0.0014577469871831228
8.566666666666666 -0.021305635959781966 0.0013182408253947196
8.6 0.08963611160954285 0.0014103092230084158
8.633333333333333 0.1939330399629032 0.001520044015936528
8.666666666666666 0.2899282311785386 0.0016311639525573574
8.7 0.36483290879150065 0.0016737008897088623
8.733333333333333 0.4261236809783627 0.0017170494976599948
8.766666666666667 0.4606005206520951 0.001761747991866347
8.8 0.4678333379066698 0.001763759855146041
8.833333333333334 0.44793715902682485 0.0017313365420245086
8.866666666666667 0.4065800097046657 0.0017057822252669053
8.9 0.347873404444997 0.001670443527225951
8.933333333333334 0.2596719219172808 0.0015881026440151547
8.966666666666667 0.1623406542066912 0.0015017415352512054
9.0 0.04837164143204317 0.0013527986244520201
9.033333333333333 -0.0639602092722797 0.0013813995254721434
9.066666666666666 -0.1748471905738322 0.0015159465890968449
9.1 -0.27657052347273325 0.0015998617318035424
9.133333333333333 -0.35674649654965856 0.0016676088392458266
9.166666666666666 -0.4267711769098992 0.001708434802580261
9.2 -0.4746613752324935 0.0017470185721211173
9.233333333333333 -0.4941907349521034 0.0017504263155405653
9.266666666666667 -0.48797191634552683 0.0017543538108854007
9.3 -0.4515072980796725 0.0017393724497885565
9.333333333333334 -0.3893735856079909 0.001703941186419422
9.366666666666667 -0.3114182189043137 0.0016339971685208066
9.4 -0.22575743487004196 0.0015643409905446437
9.433333333333334 -0.11780272076688592 0.0014399191512034365
9.466666666666667 0.008013993000269911 0.001352181415472123
9.5 0.11163331948044948 0.0014583960053787676
9.533333333333333 0.21486880829868973 0.001542970112461045
9.566666666666666 0.3054912920984404 0.0016281794379119363
9.6 0.374966070914635 0.0016693965884721496
9.633333333333333 0.42652587833150385 0.0017009982891554865
9.666666666666666 0.4568195302547243 0.001730240724205634
9.7 0.4639055640987678 0.0017624513106213047
9.733333333333333 0.44956200518096884 0.00172147900914843
9.766666666666667 0.39535066000257757 0.0016817118213249271
9.8 0.32746687765140053 0.0016399485548543868
9.833333333333334 0.24134824088592804 0.0015890330695101096
9.866666666666667 0.1427304474442878 0.0014785217010428453
9.9 0.029069427359080923 0.0013408771662725937
9.933333333333334 -0.07710650297366263 0.001397466720915383
9.966666666666667 -0.16851407634389085 0.001515866703986235
10.0 -0.2782247418150779 0.0016050316939504317
10.033333333333333 -0.3661389242530941 0.0016970216999195875
10.066666666666666 -0.4343004236644292 0.001724693392834764
10.1 -0.4750939477393996 0.0017558732644913921
10.133333333333333 -0.49165893230644436 0.001754011474534356
10.166666666666666 -0.47933768845892 0.0017408403689219143
10.2 -0.44323003805614725 0.001716591563477643
10.233333333333333 -0.3823029954614029 0.0016747672883645759
10.266666666666667 -0.300830531311796 0.0016179386239201787
10.3 -0.201861831128247 0.0015255372011558077
10.333333333333334 -0.09453635803732896 0.0014034043819143166
10.366666666666667 0.013737797973529595 0.0013195162937346561
10.4 0.12634497932106556 0.0014874680793116046
10.433333333333334 0.24076143500997063 0.0015866561585362038
10.466666666666667 0.31834532315367353 0.0016329625249503765
10.5 0.38900956842483925 0.0016947706629317216
10.533333333333333 0.4484875577623447 0.001747456437409256
10.566666666666666 0.46385860117321753 0.0017382539004303088
10.6 0.4586243712305152 0.0017192587244866941
10.633333333333333 0.4301840505926103 0.0017022467775336114
10.666666666666666 0.382284126017536 0.0016696156913267868
10.7 0.3095087592798868 0.001621652002850027
10.733333333333333 0.21942624152483625 0.001543732192804237
10.766666666666667 0.11542273462696397 0.0014291310624314352
10.8 0.008487346463823433 0.0012995229554071015
10.833333333333334 -0.094449251744811 0.0014101384650476168
10.866666666666667 -0.20152512238198875 0.001530887068690534
10.9 -0.3014972009629309 0.001617056504875647
10.933333333333334 -0.38105338676452766 0.0016740478307009643
10.966666666666667 -0.438353899721813 0.0017429127449930526
11.0 -0.4759612673470162 0.0017497321000273236
11.033333333333333 -0.4867280429570259 0.001737172341475357
11.066666666666666 -0.47063374365875016 0.0017463346600601337
11.1 -0.4294958528197397 0.0017118436314755292
11.133333333333333 -0.35971937643490126 0.0016687651508244805
11.166666666666666 -0.2808216558521363 0.0015975834451519844
11.2 -0.18250717818021814 0.0014990137168875428
11.233333333333333 -0.07385090276500232 0.0014004277494536754
11.266666666666667 0.03562802176311008 0.001334956177617877
11.3 0.1461412438136391 0.001460939603015493
11.333333333333334 0.2401641260506529 0.0015543551277176215
11.366666666666667 0.3250806436960003 0.0016277933591112848
11.4 0.392312335755097 0.0016754134048865277
11.433333333333334 0.4352762764335097 0.0017154134982169666
11.466666666666667 0.4514629055094391 0.001732019878930513
11.5 0.44910405696531325 0.0017339503667346268
11.533333333333333 0.4186273348521272 0.0017279401761786106
11.566666666666666 0.36428331273327563 0.0016853981929310091
11.6 0.2913002639311473 0.0016072203567984444
11.633333333333333 0.20360552780447372 0.0015582459693005146
11.666666666666666 0.10501267911904463 0.0014572528348244934
11.7 -0.005799877887417465 0.0013261875198485058
11.733333333333333 -0.11621190412073021 0.0014432158330142386
11.766666666666667 -0.22089154848150866 0.0015539218490702167
11.8 -0.31522661811789787 0.0016415983701684178
11.833333333333334 -0.3899157298102686 0.0016927944225077485
11.866666666666667 -0.43588848480144243 0.0017480514522224544
11.9 -0.47416874593998015 0.0017546294595044976
11.933333333333334 -0.48254877306662647 0.0017490460274016129
11.966666666666667 -0.4623759485676951 0.0017281564034431485
12.0 -0.4176038258077683 0.0016955855387756347
12.033333333333333 -0.3463047801561365 0.0016626401827084525
12.066666666666666 -0.25780595006675167 0.0015830995526126546
12.1 -0.15785585319833137 0.0015015287489555107
12.133333333333333 -0.04992368586072649 0.001354810988010248
12.166666666666666 0.05838579646277648 0.00136890422033651
12.2 0.16819251348956638 0.001487853407620865
12.233333333333333 0.25978837077978867 0.0015768676788872615
12.266666666666667 0.33982359149409413 0.0016516612314064205
12.3 0.4045350152050238 0.0016922788274423284
12.333333333333334 0.44027997761602405 0.0017289159101248064
12.366666666666667 0.4530295852319141 0.0017306968450816473
12.4 0.4447825450406553 0.0017247507042773003
12.433333333333334 0.4105514649549083 0.0017114822900302085
12.466666666666667 0.3512719905878298 0.0016629168436046449
12.5 0.2961157143605614 0.00162942155336393
12.533333333333333 0.1913094544874513 0.0015248295118153732
12.566666666666666 0.09216208820730301 0.0014343727717849586
12.6 -0.028231515418909194 0.001339278229124153
12.633333333333333 -0.13484278629273797 0.0014923441905037582
12.666666666666666 -0.23747616749788883 0.001577892195108288
12.7 -0.3271959231579523 0.0016464425433721508
12.733333333333333 -0.38315494557730345 0.0017306434773269874
12.766666666666667 -0.43891882334147164 0.0017601856986117492
12.8 -0.46652239930307426 0.001762844705622546
12.833333333333334 -0.46582334988082535 0.0017552807759722011
12.866666666666667 -0.44909906407118544 0.001743103760377951
12.9 -0.3994278418552104 0.0017016131421259684
12.933333333333334 -0.3297907549448396 0.001632109101533552
12.966666666666667 -0.23222450370171133 0.0015631568830383191
13.0 -0.13677886130255676 0.0014629740613049391
13.033333333333333 -0.032561926080440264 0.0013352529342006633
13.066666666666666 0.08338743467736001 0.0013954570483315498
13.1 0.1812240215065802 0.0015022413393081524
13.133333333333333 0.27150232265467605 0.001593528223554408
13.166666666666666 0.34527746145341487 0.0016569082893310716
13.2 0.40381049196908475 0.0016970491759177309
13.233333333333333 0.4408537750606191 0.0017078311308235672
13.266666666666667 0.4494159926746385 0.0017178212336941834
13.3 0.4340457769359831 0.0017233876536766335
13.333333333333334 0.3993391125997517 0.0016936929179729443
13.366666666666667 0.3342264686236967 0.0016555912675644269
13.4 0.2535202501145391 0.001585068330608841
13.433333333333334 0.15904632748268635 0.0014839407715741548
13.466666666666667 0.05430870503641192 0.0013781617968397844
13.5 -0.050283556886804144 0.001374297563520005
13.533333333333333 -0.16004123024169725 0.001517905378027401
13.566666666666666 -0.2547366547076317 0.001588164178584095
13.6 -0.33695126367711653 0.0016505940272800723
13.633333333333333 -0.40940624413577004 0.0016944038764831193
13.666666666666666 -0.4475506000151907 0.0017281109129111405
13.7 -0.458885169212454 0.001772653670749691
13.733333333333333 -0.4661132831517393 0.0017447610716616602
13.766666666666667 -0.4289195426612876 0.001729606617366819
13.8 -0.37340011961087893 0.0017043648682495416
13.833333333333334 -0.3015531949494591 0.001622449951215188
13.866666666666667 -0.2166374029064498 0.0015436333368243904
13.9 -0.10442568176611466 0.001429802076103187
13.933333333333334 -0.0006958994801920251 0.0013001290920890073
13.966666666666667 0.1024263854548515 0.0014331736659662087
14.0 0.20951180246289694 0.001553796845525729
14.033333333333333 0.2930688054415064 0.0016147406879955528
14.066666666666666 0.36254393356315 0.0016610933832238994
14.1 0.41589286602701614 0.0016982013042945443
14.133333333333333 0.4381957732355711 0.0017221181805949781
14.166666666666666 0.4389087056866186 0.0017154758410231619
14.2 0.42706010850982107 0.0017092245873851497
14.233333333333333 0.38450157094819915 0.0016788921664148693
14.266666666666667 0.3160786565941043 0.0016238275705504623
14.3 0.235024287868026 0.0015663991297493185
14.333333333333334 0.142211180418341 0.0014652883820507334
14.366666666666667 0.03418340447703432 0.0013642689369107036
14.4 -0.06667543140720392 0.0013924217340897938
14.433333333333334 -0.1817600413905691 0.0015104086923084792
14.466666666666667 -0.2640414602664146 0.001611792907548537
14.5 -0.35227647442378424 0.00166775489640697
14.533333333333333 -0.427669167576839 0.0016974720296991097
14.566666666666666 -0.45656782102941273 0.0017281685830889404
14.6 -0.4722334312390141 0.00173329295518454
14.633333333333333 -0.46121214956023066 0.001740290474320838
14.666666666666666 -0.4281982242189709 0.0017248205365101854
14.7 -0.3711434425094613 0.0016775680157717354
14.733333333333333 -0.2874416453837436 0.0016195334461247546
14.766666666666667 -0.19584416189462553 0.0015427938341792402
14.8 -0.0857659164503607 0.0014157587546704264
14.833333333333334 0.01956166531034416 0.0013196895629115322
14.866666666666667 0.11944090932294918 0.0014496224377248262
14.9 0.21607636950618242 0.0015436038694367216
14.933333333333334 0.2957890764467524 0.0016229736391755734
14.966666666666667 0.3639666005531069 0.0016882680561549068
15.0 0.41386893619062526 0.0017060049385789755
15.033333333333333 0.4383273288971477 0.0017168130838627338
15.066666666666666 0.44311224047659875 0.0017215617406753925
15.1 0.42388117119516094 0.0017138726968053963
15.133333333333333 0.37731900534547036 0.001678228487910105
15.166666666666666 0.3007760394887663 0.0016301589049632637
15.2 0.21249888519925286 0.0015545269763314884
15.233333333333333 0.11120628037364758 0.0014419239656825455
15.266666666666667 0.0158416974858061 0.0013262021435817284
15.3 -0.09192211799140601 0.0014124644756323135
15.333333333333334 -0.1942931709269901 0.0015127959254878087
15.366666666666667 -0.29033169093878886 0.001612106320666551
15.4 -0.36698934139429545 0.0016695776149069363
15.433333333333334 -0.4224579921368697 0.0017123946397786804
15.466666666666667 -0.45745523891474144 0.0017242393010615809
15.5 -0.4680784035909311 0.001754614908526908
15.533333333333333 -0.45183014853078374 0.0017398407387408943
15.566666666666666 -0.40963121618529186 0.001720718949297817
15.6 -0.3484763892434531 0.0016700981820940153
15.633333333333333 -0.2667391159222651 0.001585495520570246
15.666666666666666 -0.1745992335605454 0.0014882531732083315
15.7 -0.06659531511808586 0.0014209649315398976
15.733333333333333 0.039544679127364604 0.001371281983757397
15.766666666666667 0.14200885129570806 0.0014758258089768161
15.8 0.2380565659668736 0.0015667214090837045
15.833333333333334 0.32764603878355425 0.0016586475285065294
15.866666666666667 0.3832538484784024 0.0016794832902169987
15.9 0.4305415840320297 0.0017128506476279948
15.933333333333334 0.4420061932990915 0.001717262344757331
15.966666666666667 0.43202914541945364 0.0017229639967898391
16.0 0.43301846613058825 0.0017542529219282677
16.033333333333335 0.3517984671204306 0.0016571364788274257
16.066666666666666 0.2763444116914082 0.0015859767076619735
16.1 0.1868677885354349 0.001500489975245628
16.133333333333333 0.08672399341829241 0.0013912114333336778
16.166666666666668 -0.014269031621087553 0.0013004545213636098
16.2 -0.1071912927639587 0.0014481398888003677
16.233333333333334 -0.20256586181480585 0.0015612765509703252
16.266666666666666 -0.30218477636545926 0.0016226489306802039
16.3 -0.37419365524312276 0.0016747183698379575
16.333333333333332 -0.4280362749893911 0.0017056217670159413
16.366666666666667 -0.4571762615239853 0.0017189643982879477
16.4 -0.46249986468975435 0.0017258799566508554
16.433333333333334 -0.4301761163557071 0.0017343740838018928
16.466666666666665 -0.39074685983069346 0.0017047050012974352
16.5 -0.33001809581557545 0.0016438676304598165
16.533333333333335 -0.24627669002175018 0.0015797340106334656
16.566666666666666 -0.15033806355445348 0.001467730630843822
16.6 -0.049787496423764406 0.0013512898110959945
16.633333333333333 0.06598693740877372 0.00138162497335248
16.666666666666668 0.1516859151768084 0.00146522096563384
16.7 0.25243753052064943 0.0015858292355431791
16.733333333333334 0.3244981424787365 0.0016500796936652629
16.766666666666666 0.38477900804440396 0.0016782139072586966
16.8 0.42090070124014894 0.0017125797807402976
16.833333333333332 0.43040745034231154 0.0017034538432826873
16.866666666666667 0.43329392781116005 0.001760956379259604
16.9 0.3879658956602802 0.0016860059605339761
16.933333333333334 0.33192992625078077 0.0016348934512951385
16.966666666666665 0.263580877342387 0.0015903959717966099
17.0 0.16936717142751873 0.0014959061703229415
17.033333333333335 0.0780297573447928 0.001386370848486529
17.066666666666666 -0.03372699551995343 0.0013380707577990356
17.1 -0.12677875114876577 0.0014564022178021607
17.133333333333333 -0.21851014302145202 0.0015576620451289713
17.166666666666668 -0.3170577907435149 0.0016390149992550618
17.2 -0.38431439588884103 0.0016937947007591436
17.233333333333334 -0.42208099006042926 0.0017196893436701166
17.266666666666666 -0.4528386104692204 0.0017390875564842756
17.3 -0.4557982062733136 0.0017228978146362484
17.333333333333332 -0.4188300710264641 0.0017249841068717742
17.366666666666667 -0.3743470857199503 0.0016902873013508457
17.4 -0.3071689509529576 0.0016277094102945533
17.433333333333334 -0.21606848036463322 0.0015518985821134368
17.466666666666665 -0.11848326088512752 0.0014532861603531039
17.5 -0.015478060776302018 0.0013130731830986002
17.533333333333335 0.07733385382385681 0.0013853449743710111
17.566666666666666 0.17720390967350683 0.001501954029905772
17.6 0.26464481432200565 0.0015899653065385988
17.633333333333333 0.33678410948207643 0.0016492397420829197
17.666666666666668 0.38703478751219267 0.0016768223825610606
17.7 0.41764053144766183 0.0017025046288967616
17.733333333333334 0.4343693574608016 0.0017191961580472759
17.766666666666666 0.4158033445446982 0.0017196030715749822
17.8 0.375361401817764 0.0016777551559647441
17.833333333333332 0.3124624273079673 0.0016207462011479379
17.866666666666667 0.2397402567467127 0.0015813760249183129
17.9 0.1433616725389074 0.001466273052696393
17.933333333333334 0.04894943347965141 0.0013696619428529427
17.966666666666665 -0.04247884087603088 0.0013530312339722558
18.0 -0.1596304258845307 0.0014725370142139316
18.033333333333335 -0.252464765830922 0.0015897586682322995
18.066666666666666 -0.33130888748622067 0.0016501050460969169
18.1 -0.3953579944899945 0.001692182669037201
18.133333333333333 -0.43655722290300636 0.0017321632949918175
18.166666666666668 -0.4548200455112642 0.0017323948730609828
18.2 -0.4486229050684656 0.0017595713369432109
18.233333333333334 -0.41585689099942136 0.0017143256201959667
18.266666666666666 -0.3636812010857829 0.0016988039628881846
18.3 -0.28916433413097253 0.0016427014878530044
18.333333333333332 -0.18643866570290732 0.0015605451132184311
18.366666666666667 -0.09701742310462773 0.0014324634470409686
18.4 0.00019338339618507093 0.001292738333564248
18.433333333333334 0.10485915968993964 0.0014233321132317983
18.466666666666665 0.2007961015236596 0.0015181382406613542
18.5 0.27838007665036774 0.001588582836761332
18.533333333333335 0.3563548876147638 0.0016718171725477182
18.566666666666666 0.3990164447745106 0.001685561532073554
18.6 0.43129122715653695 0.0017188220848698976
18.633333333333333 0.42998557445300756 0.0017169226439956442
18.666666666666668 0.4070752210567739 0.001700703255848146
18.7 0.35891064854136157 0.0016665650444305236
18.733333333333334 0.29404558228127725 0.001622006373252216
18.766666666666666 0.21299685941869234 0.0015270342291585082
18.8 0.11895655048666719 0.0014262862278558164
18.833333333333332 0.03147814135768849 0.0013374246101467632
18.866666666666667 -0.07207261139696014 0.0013893981598827182
18.9 -0.1832940215181989 0.001500596083061606
18.933333333333334 -0.2717951826220275 0.001585582208560865
18.966666666666665 -0.34511237143465956 0.0016525492762863303
19.0 -0.40402407151137193 0.0016835837452591207
19.033333333333335 -0.4390742983671864 0.0017139709857957874
19.066666666666666 -0.4525740897229684 0.0017226734505594865
19.1 -0.439480192299857 0.0017175999955008625
19.133333333333333 -0.40442243899050834 0.0016979980514285065
19.166666666666668 -0.3458336831157119 0.0016423651132669304
19.2 -0.26714957677861145 0.0015872641814277388
19.233333333333334 -0.17273911021984562 0.0014970606669655329
19.266666666666666 -0.07239405306656149 0.0013943432675681405
19.3 0.026038437286675147 0.001335289975930038
19.333333333333332 0.1366125884070118 0.0014898268379971158
19.366666666666667 0.22024957619537472 0.0015511161186199662
19.4 0.29190776506437693 0.0016041562456549086
19.433333333333334 0.3575921478342159 0.0016561530903563826
19.466666666666665 0.40121984761153057 0.0017134999986996302
19.5 0.42227873807528116 0.001715998293368548
19.533333333333335 0.4257058092868027 0.0017061490441210303
19.566666666666666 0.3993072890801229 0.0016937997132477345
19.6 0.3468894835590123 0.0016489335996299759
19.633333333333333 0.27574294572617364 0.0015922280085228224
19.666666666666668 0.19292062510508037 0.001520562752241661
19.7 0.10261965195416634 0.0014249827224725592
19.733333333333334 0.00024677241584483814 0.001310280646107567
19.766666666666666 -0.0955034830186395 0.001422117461456679
19.8 -0.19758809093971624 0.0015368378643668135
19.833333333333332 -0.28556050653262616 0.0016240243710205493
19.866666666666667 -0.35524649023312954 0.0016800565494642372
19.9 -0.4116089584945702 0.001710804853344905
19.933333333333334 -0.4400547042913092 0.001725854197266008
19.966666666666665 -0.4461887537790515 0.0017389248948985192
20.0 -0.42563836455742704 0.0017285627494428857
20.033333333333335 -0.38367912017545397 0.00171605220471438
20.066666666666666 -0.3257937287530054 0.0016683716521390113
20.1 -0.24119557906662328 0.0015900271561235246
20.133333333333333 -0.14773825050423414 0.0014823694066977144
20.166666666666668 -0.05691724574712133 0.001357467606301281
20.2 0.04626765640444298 0.001344122308381046
20.233333333333334 0.1466677426396531 0.001460753210973026
20.266666666666666 0.23701630958332975 0.0015734737727289283
20.3 0.3080865657764631 0.0016357198308118992
20.333333333333332 0.3670813527744584 0.001691517711241708
20.366666666666667 0.41194945604322103 0.0017088395377353738
20.4 0.4255697180656263 0.0017079008335647572
20.433333333333334 0.40884080158426833 0.0016995336471756772
20.466666666666665 0.3771625421642462 0.0016680355939472924
20.5 0.326500119970715 0.001635604043038752
20.533333333333335 0.25801119507537995 0.0015904732708497682
20.566666666666666 0.1690236252331886 0.0014916513145682153
20.6 0.07436440503484124 0.001379919168097668
20.633333333333333 -0.011657028449979694 0.001316352637986913
20.666666666666668 -0.12385864857167267 0.001456545273733345
20.7 -0.22002439131300522 0.0015630421023922203
20.733333333333334 -0.30469265040750354 0.001647387500106512
20.766666666666666 -0.37368869404564226 0.0017002174172752738
20.8 -0.4148261668603891 0.0017128900433432404
20.833333333333332 -0.43499681298075743 0.0017294372844039452
20.866666666666667 -0.42518350958551604 0.0017310054533661856
20.9 -0.40752411948009754 0.0017281557106567091
20.933333333333334 -0.3713024175182488 0.0016817356233753133
20.966666666666665 -0.3036195968544594 0.001625380681798072
21.0 -0.22546999509564056 0.0015462928961567368
21.033333333333335 -0.1314198779087715 0.0014501246206114482
21.066666666666666 -0.03237569656437403 0.0013344613343749395
21.1 0.0730755717926511 0.0013817436740347355
21.133333333333333 0.16328655806664094 0.001475536182887205
21.166666666666668 0.24898537670191015 0.001579186944732941
21.2 0.31793147648692105 0.0016297032465741879
21.233333333333334 0.3856347151633412 0.0016913426882324
21.266666666666666 0.4143492280542559 0.0017135939213830387
21.3 0.413179230768142 0.001692464619016898
21.333333333333332 0.4007443142310852 0.001694702383079949
21.366666666666667 0.3695230838557956 0.001682058650669227
21.4 0.31406691369611306 0.0016250357465941723
21.433333333333334 0.23390888737326374 0.0015564464149032675
21.466666666666665 0.14550210215583373 0.0014694804086153312
21.5 0.049297128276537726 0.0013579074333303076
21.533333333333335 -0.045609938645604094 0.0013507435603033677
21.566666666666666 -0.1411103493393774 0.0014670723741111724
21.6 -0.23319605916844074 0.0015636282234003651
21.633333333333333 -0.3142095393655426 0.0016464154688309307
21.666666666666668 -0.3698143189861735 0.0017008525805118357
21.7 -0.4130836421118349 0.0017120168816114334
21.733333333333334 -0.4313038210448421 0.0017140796706826
21.766666666666666 -0.43014251862296254 0.0017250373301136435
21.8 -0.40413770257820525 0.001705371180005466
21.833333333333332 -0.35482910490493236 0.0016873166980356236
21.866666666666667 -0.28077002016693536 0.0016295779548820555
21.9 -0.1990431744291529 0.0015261133615749878
21.933333333333334 -0.09158211026132108 0.0014359730017995814
21.966666666666665 0.017367767210850732 0.0013573013123226903
22.0 0.12691633398547983 0.001478491263379872
22.033333333333335 0.21868628593936346 0.0015645073540484222
22.066666666666666 0.2771410473427476 0.0015931527866887008
22.1 0.33703742312949453 0.0016436788693027227
22.133333333333333 0.3907786573128144 0.001678411978706551
22.166666666666668 0.4160847967826395 0.0017249385461278743
22.2 0.420653154030044 0.0017309397113243197
22.233333333333334 0.429878215912254 0.0017418238587564305
22.266666666666666 0.37742835324095236 0.0017079099230268846
22.3 0.31409821841993163 0.0016430403987066633
22.333333333333332 0.22513555980809022 0.0015706678083095282
22.366666666666667 0.128464047305664 0.0014753956597434448
22.4 0.027412408320090606 0.001354463554396057
22.433333333333334 -0.07188756546453642 0.0014328190329198076
22.466666666666665 -0.16475178831527057 0.0015340161229771554
22.5 -0.2484889596194564 0.0015996867595453323
22.533333333333335 -0.3174982914855037 0.001653362712313311
22.566666666666666 -0.38664220715793857 0.0016972260726884625
22.6 -0.42447118958669355 0.0017152355702745314
22.633333333333333 -0.42923605065593096 0.00174373065163419
22.666666666666668 -0.42125296853909777 0.001721911917180352
22.7 -0.3803330162848742 0.0016967806873622315
22.733333333333334 -0.3294283002609982 0.001645559481673664
22.766666666666666 -0.2527728747192322 0.0015916822072408188
22.8 -0.16779777141722793 0.0015170870867999842
22.833333333333332 -0.07263115087654072 0.0014027485390421118
22.866666666666667 0.026666325740155882 0.001347953444641059
22.9 0.11550849066100606 0.0014369033444423668
22.933333333333334 0.20852743720542807 0.0015424007994176703
22.966666666666665 0.2817315870250047 0.0016128902967196823
23.0 0.343520718761262 0.0016482383220737251
23.033333333333335 0.38280178849163365 0.0016840601684297574
23.066666666666666 0.41526913039418195 0.0017038196556589669
23.1 0.4100715514334393 0.0017097976154257788
23.133333333333333 0.3787548880307923 0.0016750364173642729
23.166666666666668 0.33699899600538197 0.0016505597313393738
23.2 0.2741864527201576 0.0016005601392409252
23.233333333333334 0.19303403657255705 0.0015313078822101756
23.266666666666666 0.10049196748960984 0.0014200046972652758
23.3 0.0005176541709758947 0.001342321420479818
23.333333333333332 -0.09217005139800502 0.0014235113998383175
23.366666666666667 -0.17458114427001548 0.001528558193255758
23.4 -0.2723230447258465 0.0015961173794735717
23.433333333333334 -0.34139171399527096 0.0016654082452070562
23.466666666666665 -0.3971999438479396 0.0017113845686795859
23.5 -0.4194512147898666 0.001716896809458468
23.533333333333335 -0.4308627301304786 0.0017117330095566818
23.566666666666666 -0.40886569121775235 0.0017043037194586774
23.6 -0.36894118151128125 0.0016952043138681039
23.633333333333333 -0.3063051147508086 0.0016344056006792895
23.666666666666668 -0.23943795044791663 0.001566069149350896
23.7 -0.15060456648762766 0.0014680723302891718
23.733333333333334 -0.0414204092130842 0.0013707901178920123
23.766666666666666 0.052514111063059477 0.001397850314922705
23.8 0.14216167894389573 0.0014996902157991265
23.833333333333332 0.23175400748074168 0.00159103513197148
23.866666666666667 0.3023190508893503 0.001643894836316051
23.9 0.35499480672132977 0.0016687318383420413
23.933333333333334 0.4020935542814827 0.0017084885967202368
23.966666666666665 0.417534882042532 0.0017080749231148107
24.0 0.40810692190953857 0.0017133484277471744
24.033333333333335 0.37372238746553543 0.001690546497071621
24.066666666666666 0.3109508797834351 0.0016528115084679662
24.1 0.2575527876962064 0.0016200519956505732
24.133333333333333 0.16658865872922346 0.001497596756798919
24.166666666666668 0.07411297627819319 0.0013891423349461085
24.2 -0.021514459898116935 0.0013352765722332016
24.233333333333334 -0.11400951392604836 0.0014489782069651846
24.266666666666666 -0.2000032033762208 0.0015373257614168523
24.3 -0.2875089205960466 0.0016214467330869509
24.333333333333332 -0.35711094086562006 0.001667034725623906
24.366666666666667 -0.4025962967210158 0.001701914736902732
24.4 -0.4278096525002227 0.001734517910919442
24.433333333333334 -0.42246647942044113 0.001712257249815996
24.466666666666665 -0.39890005697799563 0.001691602442182416
24.5 -0.3470362182201512 0.0017293702389492016
24.533333333333335 -0.29108949510849425 0.001660536877595431
24.566666666666666 -0.2174066165380174 0.0015550460953762946
24.6 -0.11545867159510653 0.0014636615608225323
24.633333333333333 -0.01796156916386657 0.0013357760319715126
24.666666666666668 0.07233872727090437 0.0013941738107109275
24.7 0.1545965475096779 0.0014972620074526488
24.733333333333334 0.23565393687174213 0.0015697559848311116
24.766666666666666 0.3155844950937863 0.0016301304528162364
24.8 0.36023729557909717 0.0016588771751898101
24.833333333333332 0.38993266997716075 0.0016892132765720103
24.866666666666667 0.3980221912147477 0.0016912192102381263
24.9 0.39972361313945926 0.0017087140489016606
24.933333333333334 0.36732990182563807 0.0016915001890008274
24.966666666666665 0.3029715395853804 0.0016207645427890327
25.0 0.2286049820763881 0.00155102664840992
25.033333333333335 0.14248127692480198 0.001460625598746823
25.066666666666666 0.050442139271054454 0.0013597293508288907
25.1 -0.0460933868076059 0.0013625664943328342
25.133333333333333 -0.1358138142340712 0.0014731615330903225
25.166666666666668 -0.2272317066655708 0.0015586519872206606
25.2 -0.3062276062376872 0.0016425624615313272
25.233333333333334 -0.3636994412047591 0.0016746881866173124
25.266666666666666 -0.40647206934430413 0.0017399025546297464
25.3 -0.41822350051571816 0.0017275034369276798
25.333333333333332 -0.4207722548433034 0.0017104317168710192
25.366666666666667 -0.3856786809811776 0.0016898887268565477
25.4 -0.33997419897876674 0.0016446204981584445
25.433333333333334 -0.25973800111749473 0.0015959533637707746
25.466666666666665 -0.17899042871788717 0.0015142660302978062
25.5 -0.09136110820418021 0.001405902293478603
25.533333333333335 -0.00601920374421242 0.0012947839150748977
25.566666666666666 0.1049128909058059 0.00143409453900388
25.6 0.18507703000789216 0.001503601055702991
25.633333333333333 0.2599071183339413 0.0015677521170139874
25.666666666666668 0.32724623306410555 0.0016289279832008563
25.7 0.3682169126776036 0.0016716679696826553
25.733333333333334 0.41430122787609663 0.0017382589325598552
25.766666666666666 0.4019959907576153 0.0017276117648487577
25.8 0.38060460894339576 0.001688580347376456
25.833333333333332 0.33912503998813603 0.001645933562423485
25.866666666666667 0.2750113048859936 0.001585828397416833
25.9 0.20362205355261964 0.001529921451477595
25.933333333333334 0.1278370386852342 0.0014581622062103117
25.966666666666665 0.04572646126401158 0.0013636910146662407
26.0 -0.07387555523916003 0.0013979980611023846
26.033333333333335 -0.16077097935161452 0.001506582954282687
26.066666666666666 -0.2334178214953328 0.0015921972712207577
26.1 -0.3115957859525477 0.0016527308502388705
26.133333333333333 -0.36664896243136663 0.001704181068762467
26.166666666666668 -0.4118174044135445 0.001706434498199516
26.2 -0.41120657334147037 0.0017187592359443338
26.233333333333334 -0.40964601993196065 0.0017176487914798977
26.266666666666666 -0.36889625267435266 0.0016862919174426838
26.3 -0.32140016430222773 0.0016315229207387039
26.333333333333332 -0.25294518187514453 0.0015753932923679992
26.366666666666667 -0.16928605306573508 0.0014828292134979881
26.4 -0.05993732590063517 0.0013768814758094994
26.433333333333334 0.025466595381698324 0.0013225166961036532
26.466666666666665 0.11376189425732816 0.0014237482937995566
26.5 0.19904197685492697 0.0015111425300157189
26.533333333333335 0.2796677402176987 0.0016109708667988998
26.566666666666666 0.34115720268028504 0.00165989782118392
26.6 0.37392391359790617 0.001687027248868378
26.633333333333333 0.39851928641605866 0.001701824962955678
26.666666666666668 0.4064868652892073 0.0017057157221663233
26.7 0.37100177196318457 0.001683701769394641
26.733333333333334 0.32405388387863887 0.0016358643072399426
26.766666666666666 0.25521277266890424 0.0015842757800273444
26.8 0.17760584281794217 0.0014940711022674302
26.833333333333332 0.08304521491276816 0.00140382002792111
26.866666666666667 0.004164537440291483 0.001303123703631906
26.9 -0.09295623188966906 0.001402207553362858
26.933333333333334 -0.1780564855247047 0.0015150312789422027
26.966666666666665 -0.26939818335533067 0.0015863740286068406
27.0 -0.3321767610990507 0.0016538581624435111
27.033333333333335 -0.38121817971063193 0.0016826964463833582
27.066666666666666 -0.4075098287955828 0.0017019154343064224
27.1 -0.41799842032871454 0.00169699431383169
27.133333333333333 -0.40136026493339055 0.0016823528991640746
27.166666666666668 -0.3615947942669 0.0016564280417886157
27.2 -0.30342893703873425 0.0016082545254755831
27.233333333333334 -0.22737926353303806 0.001559861518841854
27.266666666666666 -0.14221714881114128 0.0014719740717258623
27.3 -0.050412720253917166 0.001346473339945052
27.333333333333332 0.04595769068614938 0.0013510587255028336
27.366666666666667 0.13872898356308355 0.0014673901921246346
27.4 0.22216098037354884 0.001540491018764828
27.433333333333334 0.2908413090963628 0.0015998862545613668
27.466666666666665 0.350496534939747 0.0016497634034063346
27.5 0.3753925275348726 0.0016637731493543417
27.533333333333335 0.387061627272273 0.0016846929084542994
27.566666666666666 0.3919225671299036 0.0017027333185703486
27.6 0.3526765747709569 0.0016689355732883993
27.633333333333333 0.30025612709780597 0.0016078919051865648
27.666666666666668 0.2328217646746336 0.0015574486251896391
27.7 0.15388700483656279 0.001473074657261625
27.733333333333334 0.065258612787286 0.001377891020046651
27.766666666666666 -0.02978023221136072 0.0013338574207079623
27.8 -0.12670998426020677 0.0014453043708750057
27.833333333333332 -0.21229918313440702 0.0015376560295888853
27.866666666666667 -0.2847903678575024 0.0016070696422599284
27.9 -0.34963066172192114 0.0016708199650144473
27.933333333333334 -0.3801160696296865 0.001715061750924618
27.966666666666665 -0.40721447736070104 0.001730259928115263
28.0 -0.41211419794246346 0.0017212958398590272
28.033333333333335 -0.3861295763685271 0.0016984169639430169
28.066666666666666 -0.34634745492306035 0.0016641252603982748
28.1 -0.2808749829205894 0.0015989036343496132
28.133333333333333 -0.20229763550500532 0.0015198240459174117
28.166666666666668 -0.11442013750743552 0.001434743301515995
28.2 -0.0213972798332869 0.0013238442499340572
28.233333333333334 0.07061087638268651 0.0013812318442089772
28.266666666666666 0.1601499369032833 0.0014814648258828222
28.3 0.23771587065184802 0.0015588758977823913
28.333333333333332 0.31349607679662345 0.0016380596464344865
28.366666666666667 0.3596098070088314 0.0016637998502628815
28.4 0.383429935794262 0.0016960560184028917
28.433333333333334 0.3883817803137237 0.0016915430896125572
28.466666666666665 0.373640623054529 0.0016884647902898897
28.5 0.33655290344760996 0.001644781577545218
28.533333333333335 0.2815186702983452 0.001602573778807903
28.566666666666666 0.2286377717809432 0.0015725982841801323
28.6 0.13738755111516648 0.0014697677798829467
28.633333333333333 0.048261529111257355 0.0013592686894571687
28.666666666666668 -0.04183659210301816 0.0013562430679928197
28.7 -0.13658386548135343 0.001476877814472477
28.733333333333334 -0.21205780463639154 0.0015871082142369097
28.766666666666666 -0.2914165892132243 0.0016302131829708522
28.8 -0.35085385772593597 0.0016716528837445455
28.833333333333332 -0.39367230332770525 0.0017133936827284924
28.866666666666667 -0.4114950353255712 0.001708646356126664
28.9 -0.3951691434792057 0.0017104631841067253
28.933333333333334 -0.3635749513764506 0.0016892715881441367
28.966666666666665 -0.3144854772570422 0.0016451075195886289
29.0 -0.2603581823842181 0.0015913978235452264
29.033333333333335 -0.17431385219659892 0.0015129059969911929
29.066666666666666 -0.0888137648904541 0.0014046004259877926
29.1 0.004430559756056116 0.0013002222462936948
29.133333333333333 0.0944354760191208 0.0014006572204651457
29.166666666666668 0.1855835136441224 0.0015169316448894188
29.2 0.2769375881286534 0.0016071097852294325
29.233333333333334 0.3338487408445526 0.0016504042719379108
29.266666666666666 0.37090482043502904 0.0016731463177774852
29.3 0.39066786942964926 0.0016909970124140417
29.333333333333332 0.39984877326250035 0.0017195561330529685
29.366666666666667 0.3651162746349311 0.0016682177866279568
29.4 0.3226860538915368 0.0016387080347854965
29.433333333333334 0.2592385202971315 0.0015746217430874787
29.466666666666665 0.19439403714273204 0.0015177037424926598
29.5 0.11486559746286093 0.0014466392646666076
29.533333333333335 0.01767344061668476 0.001327105027958922
29.566666666666666 -0.07539393004981847 0.0013953411400426524
29.6 -0.15675580912124448 0.001496662905046492
29.633333333333333 -0.24870877099991123 0.0015853538071856077
29.666666666666668 -0.297967433515465 0.0016688754603129685
29.7 -0.361272053798794 0.0016743837251894655
29.733333333333334 -0.39618187828543566 0.001686185288151898
29.766666666666666 -0.4064302514353487 0.0017006660096126613
29.8 -0.3899259527573546 0.0017051693459098627
29.833333333333332 -0.35498740701110393 0.001675896754541495
29.866666666666667 -0.3000821526631973 0.0016160475618985926
29.9 -0.2280726008844782 0.0015547107083323797
29.933333333333334 -0.14230784102198216 0.0014705322040742541
29.966666666666665 -0.05956326547198193 0.0013595875123786766
30.0 0.03389967825370013 0.0013430145104216529
30.033333333333335 0.12038431375990825 0.0014350109389572319
30.066666666666666 0.2135297246617492 0.001542758892363244
30.1 0.29159478706308695 0.0016275874580764516
30.133333333333333 0.3343868273269434 0.0016546238683469716
30.166666666666668 0.3753428892657842 0.0017053779990043871
30.2 0.3834172736414505 0.0017160095140432152
30.233333333333334 0.37469718912346717 0.0017133482268320566
30.266666666666666 0.351911871128484 0.0016803453348632758
30.3 0.31482425474980213 0.001645319034032644
30.333333333333332 0.24987747971184604 0.0015917297909205375
30.366666666666667 0.17010055533785795 0.0014977492870204001
30.4 0.08665239761223273 0.0014085090069187178
30.433333333333334 -0.0008806668845875767 0.0013292953939458515
30.466666666666665 -0.10336813545548935 0.0014325116784357772
30.5 -0.1893502905591999 0.0015205057269090383
30.533333333333335 -0.2669284254880774 0.0015968715068597206
30.566666666666666 -0.32254517147619377 0.0016760806034214482
30.6 -0.37572302171411803 0.0016905457520957623
30.633333333333333 -0.4025740269471894 0.0017233234429382405
30.666666666666668 -0.4017161967927943 0.0017141602960240032
30.7 -0.38430114782540414 0.0016933075376125428
30.733333333333334 -0.33914806514047 0.0016652496250089133
30.766666666666666 -0.2863516701379257 0.0016007154154194514
30.8 -0.2061503528801014 0.0015372298044439292
30.833333333333332 -0.12544463310798895 0.0014467813024138243
30.866666666666667 -0.030637825405774387 0.0013595880234903088
30.9 0.06012617853297692 0.0013801327783451584
30.933333333333334 0.14482128014263548 0.00147775129558389
30.966666666666665 0.22335629776136534 0.0015409876940315481
31.0 0.2908308013692766 0.0016057498005619397
31.033333333333335 0.3503311137835287 0.0016536138994512894
31.066666666666666 0.37785776909358393 0.0016862852790535676
31.1 0.3858589545506479 0.0016976976488172757
31.133333333333333 0.368977185967183 0.0016957316131823719
31.166666666666668 0.3322477292608958 0.0016450305847448554
31.2 0.28578197342654926 0.0015979072545178608
31.233333333333334 0.22106703054476898 0.001538516098510495
31.266666666666666 0.14896756127622818 0.0014967788979144137
31.3 0.057892176934741364 0.0014037960426106985
31.333333333333332 -0.03614513250904687 0.001391053084939295
31.366666666666667 -0.12263014318688453 0.0014731804344320643
31.4 -0.20952001638938145 0.0015510329544984047
31.433333333333334 -0.2850293808729935 0.0016144807123960603
31.466666666666665 -0.3434648862260746 0.0016705483460562331
31.5 -0.3691279881678962 0.0017112906537923855
31.533333333333335 -0.39704788398195795 0.001698291890024184
31.566666666666666 -0.38816545163782357 0.001714470431520787
31.6 -0.3649244791924214 0.0017025439241130647
31.633333333333333 -0.32239939775995174 0.0016494959611605964
31.666666666666668 -0.25043729547096005 0.0015983754523909988
31.7 -0.1806040179971531 0.001510110933585218
31.733333333333334 -0.09768289369846168 0.0014200151743258421
31.766666666666666 0.004466025436611781 0.0013219589891975093
31.8 0.09191121295958245 0.0014263825220610094
31.833333333333332 0.17668861181112785 0.0015135952413574405
31.866666666666667 0.24812028260975927 0.0015849827125741511
31.9 0.31037500230624643 0.001628558997741003
31.933333333333334 0.3515020701620653 0.0016621471988804148
31.966666666666665 0.366564281929438 0.0016589058969468384
32.0 0.37297675602573455 0.0016969666995936827
32.03333333333333 0.35561868491055143 0.0016652682372745309
32.06666666666667 0.3173539021751454 0.001632554653108076
32.1 0.2633633394207928 0.0015733712348537376
32.13333333333333 0.19137145289191698 0.0015158949759160323
32.166666666666664 0.11076845966448932 0.001441006691326574
32.2 0.022924008185177827 0.0013335404577459083
32.233333333333334 -0.06782430626638263 0.0013787042145387424
32.266666666666666 -0.15137494708482496 0.0014725120454175955
32.3 -0.2351284104309962 0.001555135371952343
32.333333333333336 -0.298795678150457 0.0016167885691695805
32.36666666666667 -0.3542326234791889 0.0016587297750235708
32.4 -0.3881387588279371 0.0016800668015169995
32.43333333333333 -0.39018459742243833 0.0017028459574291444
32.46666666666667 -0.38426370166120133 0.0016888228504610692
32.5 -0.354995533553014 0.0016803096668011053
32.53333333333333 -0.3032572818206794 0.001636739190625791
32.56666666666667 -0.23275998402573234 0.0015841463652838395
32.6 -0.15502764736146812 0.0015080470567114534
32.63333333333333 -0.07125891509415509 0.00140559399833097
32.666666666666664 0.018418827653788886 0.0013251791112232937
32.7 0.10266357797810974 0.0014273713057779414
32.733333333333334 0.18785022232694426 0.001525392989869645
32.766666666666666 0.25810950783179015 0.0015715661590779972
32.8 0.31410047860925755 0.0016318236303096145
32.833333333333336 0.3558402187479602 0.001672512486288802
32.86666666666667 0.3705464557679239 0.0016896055972625557
32.9 0.368561854939182 0.0016705232629314337
32.93333333333333 0.3775565222197953 0.0017187183391476069
32.96666666666667 0.3325945301317726 0.0016715004265060451
33.0 0.26870086896837686 0.0016173549675827514
33.03333333333333 0.18252459316075717 0.0015218701215402586
33.06666666666667 0.09973472799215055 0.0014245426469692568
33.1 -0.013595084825094061 0.0013017374664023515
33.13333333333333 -0.08981377013020972 0.0014116640876077752
33.166666666666664 -0.17158123316424453 0.0015006668662679856
33.2 -0.23877710054387788 0.0015804353283568606
33.233333333333334 -0.31198221427145917 0.0016348206110207708
33.266666666666666 -0.3616775694619171 0.0016668504303373743
33.3 -0.3689306960476641 0.0017194891098122334
33.333333333333336 -0.3848416087969652 0.0017030601989964644
33.36666666666667 -0.3747930005246604 0.0016866198115102482
33.4 -0.33890735549782475 0.0016556920660971697
33.43333333333333 -0.27510283138368363 0.0016145838535483459
33.46666666666667 -0.21356737101706869 0.001546009167262885
33.5 -0.12814102922216222 0.0014506227355605417
33.53333333333333 -0.044583172415235336 0.0013595658972120547
33.56666666666667 0.04520073463108526 0.0013612871720053363
33.6 0.1343051423548142 0.001493614412696631
33.63333333333333 0.21704391511577817 0.0015640124720670556
33.666666666666664 0.28173287750681253 0.0016064730348649414
33.7 0.32748693159462905 0.001635543659277816
33.733333333333334 0.3601764816942049 0.0016577820152096634
33.766666666666666 0.3707860068037394 0.0016658572321374687
33.8 0.3617411470894082 0.00168306355030029
33.833333333333336 0.3319704810914282 0.0016396814688117711
33.86666666666667 0.28203118192608295 0.001600230632071875
33.9 0.22233684697536668 0.0015493393086692397
33.93333333333333 0.14565557455009503 0.0014713607967356268
33.96666666666667 0.05845268222520986 0.0013658706291833494
34.0 -0.002458405929484249 0.0013187313655039158
34.03333333333333 -0.10485457163606042 0.0014269096229742456
34.06666666666667 -0.1914451444651191 0.0015213462201799643
34.1 -0.2695858153050515 0.0016150365473536765
34.13333333333333 -0.32629663270149917 0.0016479095651515951
34.166666666666664 -0.3647369189938408 0.001668761270117114
34.2 -0.39004653040286685 0.001685063657664354
34.233333333333334 -0.39064564782472005 0.0016835928663343491
34.266666666666666 -0.3692187108297721 0.0016623658366108351
34.3 -0.322097697452902 0.0016346533151249676
34.333333333333336 -0.2630979239612117 0.0015914251716074301
34.36666666666667 -0.18490551974044145 0.0015274099707239253
34.4 -0.09640770843933788 0.001443952454671077
34.43333333333333 -0.02087530344950118 0.0013626934712233675
34.46666666666667 0.06849101809633801 0.0013823695652844942
34.5 0.16411155524962476 0.0015157769745104133
34.53333333333333 0.22904598238491433 0.0015595102103769798
34.56666666666667 0.31674601407614017 0.0016529390432588054
34.6 0.3548333076714038 0.0016917727990792275
34.63333333333333 0.36168683424619114 0.0016663466312881736
34.666666666666664 0.36710134674860695 0.0016756590985669284
34.7 0.350176260679181 0.0016617333670043144
34.733333333333334 0.3219675574220897 0.0016694255002357439
34.766666666666666 0.2706983401411574 0.0016148565585396568
34.8 0.2086915018512009 0.0015521349681542063
34.833333333333336 0.12941804907039728 0.0014530454020827144
34.86666666666667 0.049998403964327205 0.001368993872172701
34.9 -0.05415582128366965 0.0013514804945471554
34.93333333333333 -0.1323914841242573 0.001485483716783892
34.96666666666667 -0.21089217441810487 0.0015603418718407036
35.0 -0.2700503096285606 0.0016229278837214811
35.03333333333333 -0.3351879828037019 0.0016791754873944353
35.06666666666667 -0.3632930783517008 0.001700025438520325
35.1 -0.37757350376706783 0.0017047668605198463
35.13333333333333 -0.37635219417249516 0.0016892024156721086
35.166666666666664 -0.3413170662840323 0.0016740918484982048
35.2 -0.2957983318312152 0.0016388098351439173
35.233333333333334 -0.24203914395147452 0.0015683557389613578
35.266666666666666 -0.15654548713210484 0.0014927014584250609
35.3 -0.07802035917984733 0.001389270013091179
35.333333333333336 -0.00159115446094627 0.0012924537627692172
35.36666666666667 0.09869521629911682 0.0014167812425602694
35.4 0.1713902325438346 0.0015177874822012716
35.43333333333333 0.2460871474530964 0.001583591477886226
35.46666666666667 0.3193515005438053 0.001661356408645509
35.5 0.3576106358551792 0.001676587810579
35.53333333333333 0.3612039278534821 0.0016626788084477262
35.56666666666667 0.36997914411587096 0.0016706614291741029
35.6 0.35045208630865105 0.0016599244488930687
35.63333333333333 0.31916357153269265 0.0016429284840389635
35.666666666666664 0.25332826781856926 0.00158464106677364
35.7 0.18497274591633456 0.0015192496689588886
35.733333333333334 0.09838031972079445 0.0014185570333806047
35.766666666666666 0.009320243675387764 0.0013235632529726843
35.8 -0.07234373272131729 0.0014107514031946877
35.833333333333336 -0.1626282622898041 0.0015110675279029206
35.86666666666667 -0.24175076905632542 0.0015749148188524964
35.9 -0.30434582618724826 0.0016597428421901705
35.93333333333333 -0.34684362462500823 0.001665788177054206
35.96666666666667 -0.3747571239528198 0.0016864752013822093
36.0 -0.38735190337496295 0.0016773613590397862
36.03333333333333 -0.37546967350600996 0.0016794415028938414
36.06666666666667 -0.3399884364585486 0.0016532300824811386
36.1 -0.2793720505745436 0.0016215861218136784
36.13333333333333 -0.2112491853213925 0.0015682655645034571
36.166666666666664 -0.12840408400175835 0.0014670647658966973
36.2 -0.05544063442227884 0.001361062760623491
36.233333333333334 0.03391783937575835 0.0013328314112111342
36.266666666666666 0.11667245825761018 0.0014323502896154972
36.3 0.19610355277015967 0.001530262094613516
36.333333333333336 0.26209938157693125 0.0015925781556130891
36.36666666666667 0.31128003718803077 0.0016435719953018513
36.4 0.34421199143508374 0.0016628943832855403
36.43333333333333 0.3561642671533814 0.0016705952012588954
36.46666666666667 0.35135436664173747 0.0016680377007954328
36.5 0.3263962950387278 0.0016397340023274198
36.53333333333333 0.2824310971454232 0.0016181806136467136
36.56666666666667 0.2243608154995104 0.0015557362555178866
36.6 0.152479470012341 0.0014647261555185143
36.63333333333333 0.07289223756585349 0.0014052092642143216
36.666666666666664 0.0002019682187117737 0.001311510327342624
36.7 -0.09968663761734166 0.0014334835443223781
36.733333333333334 -0.17867026048626455 0.0015118540049753049
36.766666666666666 -0.25558406281273927 0.0015768217887984215
36.8 -0.3152935456676233 0.0016370805367422192
36.833333333333336 -0.3600387077431662 0.0016727450133106614
36.86666666666667 -0.3827780409696487 0.0016746545751097353
36.9 -0.38249007680154107 0.0016725605471327176
36.93333333333333 -0.3505075263192763 0.0016889845931186698
36.96666666666667 -0.3211148540900544 0.0016500552425079973
37.0 -0.26932685372690174 0.0016030175330569718
37.03333333333333 -0.19868747994301955 0.0015324880525340867
37.06666666666667 -0.11904848588639026 0.001449401518076071
37.1 -0.03074811817493527 0.0013299746740262665
37.13333333333333 0.06191213119751307 0.0013902681403863415
37.166666666666664 0.1379061007988023 0.001466049274363751
37.2 0.2146384253281783 0.001540574802336353
37.233333333333334 0.27827832383183154 0.001588523182557089
37.266666666666666 0.32407310987037763 0.0016462050801553385
37.3 0.3549053629338427 0.0016784220994443544
37.333333333333336 0.35646803137731264 0.001668004293677805
37.36666666666667 0.3496516653659363 0.0016581439381084806
37.4 0.336838513433566 0.0016745482384223909
37.43333333333333 0.269068692529707 0.001592455409212823
37.46666666666667 0.2039288754919522 0.0015259295280420082
37.5 0.13417406438415658 0.0014479989401058324
37.53333333333333 0.048350662821986905 0.0013600370066045309
37.56666666666667 -0.04143433892224294 0.0013453863652838002
37.6 -0.1281602102215733 0.0014411477133460526
37.63333333333333 -0.20848558912254236 0.0015345469005060841
37.666666666666664 -0.2724806221213107 0.001595682105978935
37.7 -0.3276997683760959 0.0016304363445137082
37.733333333333334 -0.35220141586770976 0.001673332179319309
37.766666666666666 -0.3618735752389154 0.0016916062233530704
37.8 -0.3465824841078743 0.0017035086307340408
37.833333333333336 -0.32573701224598484 0.0016987471783297958
37.86666666666667 -0.2854359627946869 0.0016501889613730891
37.9 -0.24022439427291428 0.0015718713144175223
37.93333333333333 -0.17199854394599137 0.0015287552381814673
37.96666666666667 -0.08944161388637425 0.0014294452323482393
38.0 -1.079972275388862e-05 0.0012947510118287452
38.03333333333333 0.0820808260611996 0.0013915411737182998
38.06666666666667 0.16393142677277361 0.001483625723719656
38.1 0.23425743774835586 0.0015576047316903652
38.13333333333333 0.2939681562776118 0.0016220424887007368
38.166666666666664 0.33071421973898424 0.0016389220325416787
38.2 0.3278345151981059 0.0016364139457934468
38.233333333333334 0.3526005164171419 0.0016587088003776618
38.266666666666666 0.34412286550966087 0.001652354804688727
38.3 0.31108763989369365 0.001625758629296592
38.333333333333336 0.2643355005905811 0.0015969068725646962
38.36666666666667 0.19398878039052234 0.0015095162885039592
38.4 0.10932817616319725 0.0014348898599879645
38.43333333333333 0.022597563680849753 0.001325976972621403
38.46666666666667 -0.07097228495831805 0.0013803893418240787
38.5 -0.15476456689449578 0.0014776464755515972
38.53333333333333 -0.22806321601988822 0.0015512496671039322
38.56666666666667 -0.2846909506465956 0.0016167659489970676
38.6 -0.33191617094753284 0.0016593610153703975
38.63333333333333 -0.36237923796542015 0.0016756023837749545
38.666666666666664 -0.37370260155158963 0.0016987146657750363
38.7 -0.3695491283338009 0.0016910459996986593
38.733333333333334 -0.3237865843168886 0.001661831847890538
38.766666666666666 -0.28159856568805053 0.0016118191222553313
38.8 -0.2216711875112457 0.0015523474481453636
38.833333333333336 -0.14454745129903152 0.001468192144991276
38.86666666666667 -0.0626933802988872 0.0013631179418253925
38.9 0.03358075967459007 0.0013434363615771536
38.93333333333333 0.11347221408766334 0.0014407928273914988
38.96666666666667 0.19188313160165027 0.0015232565120303077
39.0 0.2594568913824369 0.001585742946905666
39.03333333333333 0.30847679466311595 0.0016312365472450074
39.06666666666667 0.35051550535953024 0.0016793911330105216
39.1 0.3623812161025298 0.0016890227966466775
39.13333333333333 0.3638186678797497 0.0017054342722381266
39.166666666666664 0.337375413353512 0.0016641020111440863
39.2 0.2913008170391832 0.0016281967904221983
39.233333333333334 0.24229204372631952 0.0015772234417399944
39.266666666666666 0.17626906006932744 0.0015125935013690917
39.3 0.09158414017299128 0.0014190715222536093
39.333333333333336 0.007903840747898313 0.0013440167277208315
39.36666666666667 -0.07746301071983865 0.001415096067654456
39.4 -0.15597359325726018 0.0014882728575342508
39.43333333333333 -0.233923642834019 0.001565094500594083
39.46666666666667 -0.295451094278458 0.0016091984642510049
39.5 -0.33943171313750864 0.0016519209137266233
39.53333333333333 -0.3679929182722039 0.0016690879470415698
39.56666666666667 -0.3731139694822472 0.0016757975975563721
39.6 -0.35630494952283565 0.001665711267222203
39.63333333333333 -0.32347346387016823 0.0016341443936313538
39.666666666666664 -0.2601066771268257 0.0015813365562636905
39.7 -0.1892255197081419 0.001533286589426891
39.733333333333334 -0.0970506834511802 0.0014477253559419812
39.766666666666666 -0.016717851908236124 0.0013400999480633995
39.8 0.062215011479194636 0.0013871110756370555
39.833333333333336 0.12465697114181283 0.0014427582385892895
39.86666666666667 0.20149629280912737 0.0015260161464208666
39.9 0.27131217623209913 0.0016106059260634353
39.93333333333333 0.3105397592077076 0.0016370177890561721
39.96666666666667 0.33936762317280206 0.001647786360712944
40.0 0.36149431241933366 0.0016639639158367303
40.03333333333333 0.39868275014551185 0.0017074705829031034
40.06666666666667 0.3238877105149442 0.0016395429989887744
40.1 0.26646931964254694 0.0015746179189125575
40.13333333333333 0.22669526958032069 0.0015482687784505456
40.166666666666664 0.20456172388470473 0.0015548363458300352
40.2 0.14323500776003556 0.001514901259895035
40.233333333333334 0.05050624530842174 0.0014191680749226984
40.266666666666666 -0.04678198803522941 0.0014069929661748373
40.3 -0.060564443722631846 0.0014985963757718351
40.333333333333336 -0.20622186908342954 0.0015988044887081665
40.36666666666667 -0.2692088983514497 0.0016590607321166906
40.4 -0.26890547694924105 0.001710729483755613
40.43333333333333 -0.36097758806364716 0.0016656155593966493
40.46666666666667 -0.35569649032096734 0.0016775813228853687
40.5 -0.34709884368392985 0.0016608719577062558
40.53333333333333 -0.22255310355732072 0.0016492022089486524
40.56666666666667 -0.20888340333203068 0.0015668384499553656
40.6 -0.1536870603325021 0.0014897439811167867
40.63333333333333 -0.08702134256122733 0.0014022806276918764
40.666666666666664 -0.0034885709944573544 0.001304861534923161
40.7 0.13875921985721593 0.001501557163522571
40.733333333333334 0.21704751077200438 0.0015726616068102717
40.766666666666666 0.26357748131484243 0.0016101617588447081
40.8 0.3217291156944589 0.0016611055044674639
40.833333333333336 0.32053215817576436 0.001633827416717415
40.86666666666667 0.37510988547202045 0.0016924213604335714
40.9 0.3804129408969297 0.0017024732910799756
40.93333333333333 0.3665299234211224 0.001690487061245749
40.96666666666667 0.3242824746901751 0.0016698720766645248
41.0 0.28732398794145464 0.0016293303027090644
41.03333333333333 0.18964337901482456 0.0015282152757535583
41.06666666666667 0.11888524009887955 0.0014503811367113928
41.1 0.0693989264240031 0.0014128266086553543
41.13333333333333 -0.038331178979138986 0.0013611414343859193
41.166666666666664 -0.11385314682720295 0.001460286202040223
41.2 -0.17153060430300734 0.0015555175381435915
41.233333333333334 -0.2728824505117611 0.0016069623421514634
41.266666666666666 -0.3208112170823154 0.0016400611890708405
41.3 -0.34989375252879756 0.0016676915690665983
41.333333333333336 -0.36986589529964925 0.0016697397091378074
41.36666666666667 -0.3490189626157145 0.0016717198842940428
41.4 -0.3211353565835197 0.0016541022154740181
41.43333333333333 -0.28082749825059106 0.001607149717095191
41.46666666666667 -0.21624046512777753 0.0015348296621152946
41.5 -0.14533240415366996 0.0014765497971171715
41.53333333333333 -0.0642561731913308 0.0013760559072682893
41.56666666666667 0.019570794134701298 0.0013200153840668312
41.6 0.10408077594281981 0.001427680680507984
41.63333333333333 0.17655607852678268 0.001493719244298114
41.666666666666664 0.24357841142378653 0.0015689948025676137
41.7 0.2960018048205689 0.0016163517567040486
41.733333333333334 0.32184500901608887 0.001631166167544662
41.766666666666666 0.33855733795919246 0.0016464085763180925
41.8 0.3446760594612739 0.001638253076518048
41.833333333333336 0.314710058949571 0.0016257976120833129
41.86666666666667 0.2756403872357518 0.0015957556587947175
41.9 0.22374442203013342 0.0015474607640487692
41.93333333333333 0.15400472313189795 0.001489266909492748
41.96666666666667 0.08203842050395055 0.00139408381576199
42.0 0.012048886453080844 0.0013147211904794443
