0.0 0.5037449228859742 0.0017411944066224594
0.03333333333333333 0.4683783731326146 0.001731528976772423
0.06666666666666667 0.40234492563369484 0.0016865041400542236
0.1 0.332324281809871 0.0016525722219261074
0.13333333333333333 0.21676912215112956 0.001544864594165779
0.16666666666666666 0.0968981622643093 0.0014325269524529255
0.2 -0.024260129660531066 0.001348271798355529
0.23333333333333334 -0.13627767205956476 0.0014848460279088538
0.26666666666666666 -0.2573050538585495 0.0015823262137646399
0.3 -0.3631528036394172 0.0016669875922714628
0.3333333333333333 -0.44605824238857006 0.0017178529869621983
0.36666666666666664 -0.5018835037661603 0.0017483826836394156
0.4 -0.5306605315717062 0.0017709773927159222
0.43333333333333335 -0.5300200419328535 0.0017736286944927127
0.4666666666666667 -0.5111646398790362 0.0017767544856732709
0.5 -0.45502925925088994 0.0017238414901341592
0.5333333333333333 -0.37916153407720327 0.0016776736519955038
0.5666666666666667 -0.26814660332381035 0.0015953415942467908
0.6 -0.16440025318136658 0.0014908656881640336
0.6333333333333333 -0.03352274393580946 0.0013476789342681608
0.6666666666666666 0.0833365724190901 0.001407184237857545
0.7 0.1989103213799817 0.001549583255808118
0.7333333333333333 0.29549390982269824 0.0016014223297368124
0.7666666666666667 0.37967771221331276 0.0016857191749701794
0.8 0.4430151609175524 0.0017160630932577803
0.8333333333333334 0.48862050271154955 0.0017396980894653913
0.8666666666666667 0.49934000936439804 0.0017388566355777124
0.9 0.48516516910858587 0.0017380299423833123
0.9333333333333333 0.44911965139392274 0.0017166623059171604
0.9666666666666667 0.3933487143060651 0.001683373874500238
1.0 0.2962887623372678 0.0016243705502379524
1.0333333333333334 0.19247134664542329 0.0015233977902318063
1.0666666666666667 0.07752520892611668 0.0014007635730988316
1.1 -0.04684267165922507 0.0013458738511020613
1.1333333333333333 -0.14265303467664076 0.0014877718030660014
1.1666666666666667 -0.2609064856692837 0.0016179436931594293
1.2 -0.37274945990555314 0.0016950817008842822
1.2333333333333334 -0.4543207769483397 0.001730019440127517
1.2666666666666666 -0.5020782392189638 0.001768032700991573
1.3 -0.5291795424048316 0.0017717794752206695
1.3333333333333333 -0.5254698523882047 0.0017987480584943372
1.3666666666666667 -0.49404632494476863 0.0017803991969160826
1.4 -0.44240437507854286 0.0017343420508822982
1.4333333333333333 -0.3623938900026193 0.0016728923045147281
1.4666666666666666 -0.26297401333997533 0.0015749053791244139
1.5 -0.1517785722843392 0.001478184314162051
1.5333333333333334 -0.027847944451273036 0.0013390685913350804
1.5666666666666667 0.09438294276862412 0.0014253650624782982
1.6 0.20018055140038982 0.0015306265886996795
1.6333333333333333 0.3087041200572257 0.0016252000718396942
1.6666666666666667 0.38447556924758075 0.0017024876243487141
1.7 0.4551890376934285 0.0017405794918262107
1.7333333333333334 0.48505976651417054 0.0017383981019733485
1.7666666666666666 0.4969363549317388 0.0017661451188060728
1.8 0.4854952826882761 0.0017478496066035687
1.8333333333333333 0.44258995189971245 0.0017278074295104529
1.8666666666666667 0.37558149820016123 0.0016677682125085247
1.9 0.28458621724973365 0.00161199185592803
1.9333333333333333 0.1953448304605736 0.0015665153018160904
1.9666666666666666 0.06727834844373716 0.0013897916002852673
2.0 -0.05272854093479181 0.0013593774843961848
2.033333333333333 -0.16791128443286893 0.0014949958757995152
2.066666666666667 -0.27887945842617573 0.0016033642955660121
2.1 -0.3746945108999531 0.0016806020065304184
2.1333333333333333 -0.44775817748307656 0.0017454122577296172
2.1666666666666665 -0.5038060713321254 0.0017620920602809953
2.2 -0.5248181855496591 0.0017835816278033434
2.2333333333333334 -0.5193115251765632 0.0017954593241498173
2.2666666666666666 -0.4950586850999113 0.0018004777816386652
2.3 -0.4261573378301473 0.0017460084610030346
2.3333333333333335 -0.35067612363790535 0.0016471642418204868
2.3666666666666667 -0.24684993810865985 0.0015937384128457965
2.4 -0.1298692260107279 0.0014805078214772949
2.433333333333333 -0.010116469502251082 0.0013058662515290451
2.466666666666667 0.10813674114062387 0.0014258293620692392
2.5 0.21896582967932396 0.0015439319254729467
2.533333333333333 0.3169600140016867 0.0016221164587889025
2.566666666666667 0.3900596469390989 0.001675105792278253
2.6 0.45415053716545506 0.0017284512697937626
2.6333333333333333 0.487444080646499 0.0017407533075627923
2.6666666666666665 0.49447491795909493 0.001750181365493375
2.7 0.47858116412887663 0.0017397393220310864
2.7333333333333334 0.428025635858655 0.001699535226409088
2.7666666666666666 0.36297866774404236 0.0016646129726172187
2.8 0.2651274238618764 0.0015864653488572578
2.8333333333333335 0.16330283193730555 0.0014938923777446378
2.8666666666666667 0.043146716258062885 0.0013459091650751265
2.9 -0.0713358086236919 0.001399031961757946
2.933333333333333 -0.19076984812843423 0.0015212514922768317
2.966666666666667 -0.2898650531650985 0.0016174475937625887
3.0 -0.367237773293247 0.0017130359770055614
3.033333333333333 -0.4380435876483491 0.0017541808235033152
3.066666666666667 -0.4910953631091382 0.001778301150020034
3.1 -0.5223539191084193 0.0017687810261286518
3.1333333333333333 -0.5168376095275128 0.0017690444738424072
3.1666666666666665 -0.47880147959295805 0.0017350896204563204
3.2 -0.41761071136051053 0.0017044569511596719
3.2333333333333334 -0.3330433370639115 0.001642482703477277
3.2666666666666666 -0.23274532620825553 0.001543469966089589
3.3 -0.12349636056300607 0.0014388614259525506
3.3333333333333335 -0.002302933511444591 0.0013014598880472217
3.3666666666666667 0.11476750436024677 0.0014345590000345715
3.4 0.22510429726408457 0.0015390909461575064
3.433333333333333 0.32047493695276513 0.001638325821090525
3.466666666666667 0.3953953423032279 0.0016960924434815672
3.5 0.4525565862035317 0.0017222988850668086
3.533333333333333 0.4843005912505201 0.001735209126751791
3.566666666666667 0.48559838081248435 0.0017290663968974607
3.6 0.4613771791008069 0.001734279627352564
3.6333333333333333 0.41501218618526803 0.0017112969355015384
3.6666666666666665 0.3398704641629808 0.0016463934193568508
3.7 0.24993834785104396 0.0015795801526782838
3.7333333333333334 0.14034085086054934 0.0014662818606638595
3.7666666666666666 0.02624759286075171 0.0013254076211570223
3.8 -0.08893979342652633 0.0013960560033144248
3.8333333333333335 -0.2052195602751111 0.0015217160419258302
3.8666666666666667 -0.29566044852064566 0.0016234960507011675
3.9 -0.3911054855099563 0.001683331337012428
3.933333333333333 -0.4609650048830628 0.001730169670671855
3.966666666666667 -0.5015578082785895 0.0017424100236728135
4.0 -0.5193928777817628 0.001748469213271986
4.033333333333333 -0.5065670818914383 0.0017439511114724082
4.066666666666666 -0.46921091127540404 0.0017225568705152572
4.1 -0.40555549479885444 0.0016926660556171313
4.133333333333334 -0.31888435221857997 0.0016336551933539
4.166666666666667 -0.21336539957274547 0.0015395260203499295
4.2 -0.09972885063179694 0.0014184653831362387
4.233333333333333 0.012359501991047583 0.0013110419009178045
4.266666666666667 0.12798473249816983 0.001445937893789051
4.3 0.2426647036334142 0.001566631930638579
4.333333333333333 0.32776997747169756 0.0016263199064430744
4.366666666666666 0.40367107600128876 0.0016815046925414134
4.4 0.45391018948031403 0.001717923894268114
4.433333333333334 0.4759294481485467 0.001730482137821232
4.466666666666667 0.4790387765560367 0.001740751184077849
4.5 0.4594564710755638 0.0017310936228085994
4.533333333333333 0.40537448796794917 0.0016867173182896766
4.566666666666666 0.3308170509225734 0.001654072438360299
4.6 0.23533602352338695 0.0015547569621890966
4.633333333333334 0.1241826686397289 0.0014385145237286456
4.666666666666667 0.01151115656006753 0.0013161784107228562
4.7 -0.10265037672736228 0.001419580111766655
4.733333333333333 -0.20986528994947154 0.0015411829084979733
4.766666666666667 -0.31231494957625 0.0016407672843982701
4.8 -0.399208215182405 0.0016977794172335914
4.833333333333333 -0.46281377515466676 0.0017371543115486943
4.866666666666666 -0.5014391461744033 0.0017655974674097852
4.9 -0.5131130372774662 0.0017595295702319547
4.933333333333334 -0.49674891657071873 0.0017588677643061712
4.966666666666667 -0.4518206547882283 0.0017486608669922132
5.0 -0.38928558677764574 0.001686119159476196
5.033333333333333 -0.30122813798457937 0.001602375199831585
5.066666666666666 -0.19848996052929166 0.0015079032355889699
5.1 -0.08697927991760464 0.001386286005944093
5.133333333333334 0.031234684280050225 0.0013320898333356104
5.166666666666667 0.14727030894266144 0.0014705596518700959
5.2 0.24635616405331986 0.0015688518425802378
5.233333333333333 0.344820087850532 0.0016653026906578994
5.266666666666667 0.402541098107795 0.0017062513383256928
5.3 0.45650489239984715 0.0017567072073593204
5.333333333333333 0.47722268202084495 0.001735426180618116
5.366666666666666 0.4692326878583632 0.0017229375824153181
5.4 0.4455941742321303 0.0017213258847506574
5.433333333333334 0.38785494046471897 0.0016768990987923171
5.466666666666667 0.30774983650425247 0.0016331513413276877
5.5 0.21534366814819664 0.001545714987500918
5.533333333333333 0.10543435319759822 0.0014259427417145643
5.566666666666666 -0.001746742388394822 0.0012916840443599122
5.6 -0.1194346325578405 0.001431129029481587
5.633333333333334 -0.22505337676723544 0.0015388429490951483
5.666666666666667 -0.32282503337855584 0.0016282816140331668
5.7 -0.4038751996695351 0.0016930597149863447
5.733333333333333 -0.46196492388679566 0.0017523482297600035
5.766666666666667 -0.5006521893773425 0.0017849421886479977
5.8 -0.5106389563671885 0.0018056148266454297
5.833333333333333 -0.49010917953646904 0.00176954756201525
5.866666666666666 -0.4429497692000998 0.0017311319711979523
5.9 -0.3758096566637145 0.0016722929019745703
5.933333333333334 -0.2774114462972271 0.001608711764296722
5.966666666666667 -0.17425175342318297 0.0015065892886070298
6.0 -0.0618246085434977 0.0013705620114735709
6.033333333333333 0.05182631584712472 0.0013564855707043355
6.066666666666666 0.1584641345067338 0.0014846727365152579
6.1 0.25800998438207373 0.0015767871530704691
6.133333333333334 0.3480605183619188 0.001665609058602191
6.166666666666667 0.41576755120431513 0.001723342206177536
6.2 0.4575935166508168 0.0017438258469119061
6.233333333333333 0.47544334105402525 0.001761952568353209
6.266666666666667 0.46928862962740997 0.0017729695343581264
6.3 0.43549368372103814 0.0017138834104541423
6.333333333333333 0.3708366030711854 0.0016650080274109857
6.366666666666666 0.29383306497994244 0.0015961012787592543
6.4 0.19910740923612968 0.001517563920808207
6.433333333333334 0.09576935223996048 0.0014105919069472145
6.466666666666667 -0.023426548998990795 0.0013144707908478888
6.5 -0.13690929092501672 0.0014535287893307491
6.533333333333333 -0.24052218809370424 0.0015625651805202534
6.566666666666666 -0.33904558375079136 0.0016333887681990178
6.6 -0.41534409717656645 0.0016890837204359133
6.633333333333334 -0.4626956750265847 0.001739767951352611
6.666666666666667 -0.49770416132836953 0.001767490666756022
6.7 -0.5027522810221395 0.0017663192755659196
6.733333333333333 -0.4815984071967591 0.0017445720954512578
6.766666666666667 -0.42742249394443227 0.001715323566030158
6.8 -0.3541545470346789 0.0016540658500245886
6.833333333333333 -0.26345873261000474 0.0015762218206428202
6.866666666666666 -0.15410680905776422 0.0014854692749700915
6.9 -0.03618224108101082 0.0013512110869574531
6.933333333333334 0.06934766867241575 0.0013943735927634954
6.966666666666667 0.1778240190486618 0.0015110144792978009
7.0 0.2723006121081066 0.0015894230489076344
7.033333333333333 0.35294415116033556 0.0016519560009208845
7.066666666666666 0.419080597588686 0.001707611080481397
7.1 0.4525047569610151 0.001721384714820584
7.133333333333334 0.46940347685056544 0.001731507721301151
7.166666666666667 0.4552033185176605 0.0017185784713411034
7.2 0.4168422579011996 0.0016950987061875589
7.233333333333333 0.3600242745442405 0.0016849232628214361
7.266666666666667 0.27326839059289476 0.001599707570617448
7.3 0.18177392509040044 0.0015148010426811187
7.333333333333333 0.06982367315256134 0.0013703046336131092
7.366666666666666 -0.045598255600194586 0.0013402248042007625
7.4 -0.15416656845114401 0.0014693830439250766
7.433333333333334 -0.25815075978644453 0.0015690333033145376
7.466666666666667 -0.34971444952218184 0.0016671840297223794
7.5 -0.42261131764563714 0.0016999334298000157
7.533333333333333 -0.4695947260757521 0.001740046581177379
7.566666666666666 -0.44508313357508056 0.0018681590172699436
7.6 -0.49052781853169014 0.0017737326428446387
7.633333333333334 -0.4360426185806391 0.0018000757830892722
7.666666666666667 -0.4090640815013043 0.0017629397829659887
7.7 -0.29965911970065606 0.0017054187139778354
7.733333333333333 -0.21592361355156045 0.0015835040466999628
7.766666666666667 -0.08008136354510355 0.0014734526594539638
7.8 0.13182522982278172 0.0015814354188635749
7.833333333333333 0.10862566427726063 0.001455762861149651
7.866666666666666 0.24761698851073768 0.001616484720968564
7.9 0.32356771164161263 0.0016536009032994126
7.933333333333334 0.48561216468653734 0.0017927129746558301
7.966666666666667 0.572695190957771 0.0018260416573678828
8.0 0.5964861849837274 0.001803873055122529
8.033333333333333 0.5181601615111606 0.001770698737303844
8.066666666666666 0.5112097719855736 0.001759731662659414
8.1 0.5957338582844481 0.001822475521646938
8.133333333333333 0.4577907117958516 0.0017574358730593764
8.166666666666666 0.388099532679748 0.0017292089594471705
8.2 0.22676227255321352 0.0015830722516655404
8.233333333333333 0.10612921873451332 0.0014586650396711809
8.266666666666667 0.02613081919925566 0.0013853862282836478
8.3 -0.08887349479287056 0.001474591889058935
8.333333333333334 -0.09802096116339587 0.0016025441502733884
8.366666666666667 -0.3352249696501884 0.0016898872421851618
8.4 -0.3959823871374937 0.0017512145156237113
8.433333333333334 -0.44426824817052313 0.0017816823911617208
8.466666666666667 -0.4688533523743029 0.001780147054969039
8.5 -0.45842758822135604 0.0017818768734136903
8.533333333333333 -0.39444509207415324 0.0017965293888549394
8.566666666666666 -0.3689126324220987 0.0017248202141667557
8.6 -0.31059524162799557 0.0016518052139272155
8.633333333333333 -0.22195795119813888 0.0015696239712230386
8.666666666666666 -0.1172160252936368 0.0014388063499115034
8.7 -0.0044663436304348955 0.001290395277275114
8.733333333333333 0.10891755944733715 0.0014355240421587007
8.766666666666667 0.21868185688222214 0.0015604945925376257
8.8 0.30270592835073845 0.0016260321168669045
8.833333333333334 0.3754160952485981 0.0016698326649297601
8.866666666666667 0.42250611763086054 0.0016967082819818735
8.9 0.4496437749296868 0.001715567312331634
8.933333333333334 0.4584392533232593 0.0017274973656158377
8.966666666666667 0.44015795833335386 0.001708411097176954
9.0 0.39500589537497544 0.0016774656289323397
9.033333333333333 0.32683783730211885 0.0016327393744151042
9.066666666666666 0.24113945112925578 0.0015631545168848238
9.1 0.1594213997151649 0.0014808789201223027
9.133333333333333 0.053105687221335074 0.0013635325842154891
9.166666666666666 -0.05928076213969022 0.0013666587266003422
9.2 -0.1745553796663199 0.001494873660128515
9.233333333333333 -0.26725927872718014 0.0015872487012228986
9.266666666666667 -0.3326309872105669 0.0016913421803489426
9.3 -0.40290222540928555 0.001740024823997155
9.333333333333334 -0.4614784327824589 0.0017647030201746738
9.366666666666667 -0.4701560669526285 0.0017766054994653446
9.4 -0.4690686746034654 0.001761361579542542
9.433333333333334 -0.4355031517043009 0.0017384694484429697
9.466666666666667 -0.38601677060711453 0.0016916009532307874
9.5 -0.29921238564658326 0.001619906420373407
9.533333333333333 -0.2070784480355402 0.0015365216116797753
9.566666666666666 -0.098810399062811 0.001417071623029842
9.6 0.012551052270767629 0.0013081363526601143
9.633333333333333 0.12009214428495979 0.0014313036548854463
9.666666666666666 0.21555044205465865 0.0015353359529588773
9.7 0.2998812280217823 0.0016128112451536114
9.733333333333333 0.3690065157799297 0.0016692953483966044
9.766666666666667 0.4355963530960764 0.0017112293253280786
9.8 0.4568436574395599 0.001725045931370739
9.833333333333334 0.45571031402982665 0.0017176232835776073
9.866666666666667 0.4361543613647605 0.001713292566818625
9.9 0.3969007875164234 0.0016901433837432922
9.933333333333334 0.33035042893540734 0.001634847395646566
9.966666666666667 0.24106320586975358 0.0015594054960627046
10.0 0.14196285764803127 0.0014623866062913604
10.033333333333333 0.035188540828339665 0.0013479792412504632
10.066666666666666 -0.0695190107220941 0.0013997127832656442
10.1 -0.17687812210033096 0.0015166325374254552
10.133333333333333 -0.28234872251993326 0.0016048805794994792
10.166666666666666 -0.3580825340935599 0.0016952994050959957
10.2 -0.42032952975771803 0.0017321275771380873
10.233333333333333 -0.46137218758965987 0.0017577043243562906
10.266666666666667 -0.4790621525905727 0.0017476451200315046
10.3 -0.457921791253344 0.0017803171489655933
10.333333333333334 -0.43201432608952556 0.001732028732138624
10.366666666666667 -0.3691695512445549 0.001696803653116974
10.4 -0.293056410855873 0.0016063168456281751
10.433333333333334 -0.19663622178464235 0.0015187768178676897
10.466666666666667 -0.08304632345829922 0.001390568059090297
10.5 0.02960069330321891 0.001328881607932205
10.533333333333333 0.13421883064430618 0.0014505129145251094
10.566666666666666 0.23503770845852687 0.0015549079255116616
10.6 0.31315399605002336 0.0016223301858103722
10.633333333333333 0.3844948587615427 0.001675780830944773
10.666666666666666 0.43268269928550845 0.001706996445323461
10.7 0.4549586368423309 0.0017224380019210672
10.733333333333333 0.4495077063517743 0.0017228432243868164
10.766666666666667 0.41924330649952973 0.0016964521616386063
10.8 0.374817433412814 0.001675707319222619
10.833333333333334 0.292666993409356 0.0016042648298897344
10.866666666666667 0.19933097499285812 0.0015136468847943563
10.9 0.09751348889572524 0.001404509809937074
10.933333333333334 -0.012560278487371318 0.001305051143287838
10.966666666666667 -0.1175463859091952 0.0014379316031524203
11.0 -0.22151926290194648 0.0015441277872638992
11.033333333333333 -0.31161248480591425 0.0016257212885754657
11.066666666666666 -0.38905486264497297 0.0016753669860744003
11.1 -0.4382165849953909 0.001715404239525209
11.133333333333333 -0.47043089653927506 0.001740247010284135
11.166666666666666 -0.4743459782512688 0.0017820812758628235
11.2 -0.45532149608348493 0.0017585190616145607
11.233333333333333 -0.41401649989987327 0.001699165798864255
11.266666666666667 -0.3433679925894527 0.0016644986407993723
11.3 -0.2600762635342998 0.0015816670138056321
11.333333333333334 -0.16534003027633093 0.0014821190137012386
11.366666666666667 -0.05237183166540069 0.0013506045815119827
11.4 0.05423186794216716 0.0013533330571741872
11.433333333333334 0.15866529841264046 0.001480544232953962
11.466666666666667 0.2615459913569101 0.0015803005938220815
11.5 0.31800392705818714 0.001614737896504459
11.533333333333333 0.39383714193461605 0.0016955006227431513
11.566666666666666 0.43442273811012555 0.0017258416619724826
11.6 0.44791870260431443 0.0017217021281308864
11.633333333333333 0.43912828282161664 0.0017628652563189129
11.666666666666666 0.40828757479044 0.0016941127601293737
11.7 0.3523008473230521 0.0016587530738805811
11.733333333333333 0.27954296193675426 0.0016107369614331013
11.766666666666667 0.1851786903513487 0.001524244193284341
11.8 0.08696011961689869 0.0014098634772199553
11.833333333333334 -0.027930111954753232 0.0013286811137126764
11.866666666666667 -0.13940060312006855 0.0014557288900530763
11.9 -0.2456363721108988 0.0015516290333270344
11.933333333333334 -0.32875772115718743 0.0016343847832921976
11.966666666666667 -0.3979612851620306 0.0016981592486668973
12.0 -0.43956436911929453 0.0017520243504884347
12.033333333333333 -0.469611297441099 0.0017549339004624964
12.066666666666666 -0.46550959046277646 0.001753163702449878
12.1 -0.44678606467812415 0.0017304134939598037
12.133333333333333 -0.3919457176466668 0.0017128170766525508
12.166666666666666 -0.32487331849087414 0.0016514979492793236
12.2 -0.24094736163145597 0.0015729858497922078
12.233333333333333 -0.1343361134230105 0.0014538965644537716
12.266666666666667 -0.02288588676238657 0.001319330938502082
12.3 0.07819591212331416 0.0013968072026544348
12.333333333333334 0.17918197470206124 0.001525850395295708
12.366666666666667 0.2691410295969059 0.0015856052810361843
12.4 0.34326020424536263 0.001643934714449069
12.433333333333334 0.3979148215944381 0.0016804810120341074
12.466666666666667 0.4320469560986203 0.0017125318586435623
12.5 0.44371791432862373 0.0017209390454582252
12.533333333333333 0.43223595107967105 0.0017099100729483507
12.566666666666666 0.392420092922684 0.0016777166780400088
12.6 0.32995458830458296 0.001632047210969878
12.633333333333333 0.25249671193156026 0.001563117695979388
12.666666666666666 0.15663781726196147 0.0014762514680317085
12.7 0.06043215031538959 0.0013688116704576314
12.733333333333333 -0.045693020403845895 0.001350762574048675
12.766666666666667 -0.13874814238349223 0.0014854747999125117
12.8 -0.24240217865477787 0.0015716347520901564
12.833333333333334 -0.3417454090674347 0.001643178638589482
12.866666666666667 -0.407287586544873 0.0016961297033740719
12.9 -0.44623907775626775 0.0017341889841139269
12.933333333333334 -0.4612057901157689 0.0017657276491018226
12.966666666666667 -0.46510458779584574 0.0017304429706760938
13.0 -0.4352104151695515 0.0017136349497894332
13.033333333333333 -0.3787662696733141 0.0016970696798483953
13.066666666666666 -0.3069347351289517 0.0016199777008194527
13.1 -0.21289824802417054 0.0015366274135434344
13.133333333333333 -0.1208679152402506 0.0014365440917489675
13.166666666666666 -0.011670262987205663 0.001296101806031109
13.2 0.09648536931616244 0.0014072142463786852
13.233333333333333 0.1979556099546152 0.0015294007175095659
13.266666666666667 0.28881666535289685 0.0016068403974182077
13.3 0.3563198244749696 0.0016646058865985025
13.333333333333334 0.4064704375966058 0.001704254222270496
13.366666666666667 0.43453095674106185 0.0017476469139039996
13.4 0.44403849767891845 0.001723460580455527
13.433333333333334 0.4197636842576881 0.0017036816040305602
13.466666666666667 0.3750273337787696 0.0016608590729708106
13.5 0.3216270236957787 0.0016361311045497429
13.533333333333333 0.23796786022072206 0.0015707221460416754
13.566666666666666 0.13797723023185274 0.0014741243212498534
13.6 0.03730928060119102 0.0013480392813000827
13.633333333333333 -0.06309992194805697 0.001391079712571422
13.666666666666666 -0.162748399739923 0.0015254265182222115
13.7 -0.26446170549356074 0.0016301862877172169
13.733333333333333 -0.35073451772918846 0.0016509119837124775
13.766666666666667 -0.4125571430486151 0.001699550963867258
13.8 -0.4522545589765648 0.0017394751810083098
13.833333333333334 -0.4619899302713914 0.0017383253851474545
13.866666666666667 -0.4534048796601825 0.0017294832687563821
13.9 -0.41610161444203475 0.0017235471452686224
13.933333333333334 -0.36761658960317667 0.0017051843373732667
13.966666666666667 -0.2822104261652154 0.001619698699097949
14.0 -0.18893772395328604 0.0015171299531882287
14.033333333333333 -0.08662095435214634 0.001412849503313801
14.066666666666666 0.008560384971754502 0.0013167755976894319
14.1 0.11458946585236673 0.0014464837002019226
14.133333333333333 0.2111918643815155 0.0015241917875823963
14.166666666666666 0.29923843848580045 0.001613388450195652
14.2 0.36325335699152383 0.0016592211802374801
14.233333333333333 0.4070909371940132 0.0016882089111897591
14.266666666666667 0.430494464599016 0.0017061033143276894
14.3 0.4354665181559337 0.0017389146417920442
14.333333333333334 0.40845461625744933 0.0017056146298247699
14.366666666666667 0.3728931545727332 0.00169667918484534
14.4 0.30844226226996224 0.0016585653112986543
14.433333333333334 0.21803740106876232 0.0015819918597100857
14.466666666666667 0.11154531508914388 0.0014604686603153505
14.5 0.009337096751037792 0.0013185669989006256
14.533333333333333 -0.09280353857732325 0.0014155048175122364
14.566666666666666 -0.19766313941530314 0.0015234547549011768
14.6 -0.28780956805745544 0.0016190081664937406
14.633333333333333 -0.3668099587153824 0.0016862333921725536
14.666666666666666 -0.421675590623586 0.0017173959619349866
14.7 -0.44980167810148974 0.001732744707224676
14.733333333333333 -0.4647306990526515 0.0017243459102966874
14.766666666666667 -0.4437435796803739 0.001738503988777118
14.8 -0.4036140678219488 0.001716251600313412
14.833333333333334 -0.3485716894703049 0.001641215995034917
14.866666666666667 -0.26973866282511244 0.0015788126954367487
14.9 -0.1745209239226374 0.0014929496072207393
14.933333333333334 -0.07023673456332916 0.0013873716711135797
14.966666666666667 0.02819308688547992 0.0013328726024638415
15.0 0.14641651726360425 0.0014716449475589422
15.033333333333333 0.23155514630001214 0.001585720122125156
15.066666666666666 0.3105566203190608 0.001652244066364994
15.1 0.3739656697907838 0.0016682758999629899
15.133333333333333 0.4155720875135181 0.0016957280503377414
15.166666666666666 0.43177073600784566 0.0017009119207739842
15.2 0.4305515122429772 0.0017173510694223348
15.233333333333333 0.39957645628472965 0.0016998166983114293
15.266666666666667 0.34603399535678164 0.001645771477186253
15.3 0.2738414011918956 0.0016119291842351946
15.333333333333334 0.1913838905055948 0.0015023677058942086
15.366666666666667 0.08986422100530043 0.0014072822712244137
15.4 0.03407092062432626 0.0013805077552299996
15.433333333333334 -0.07756739860180847 0.0014586108385975377
15.466666666666667 -0.19773927503314037 0.0015509248587768087
15.5 -0.29225337636633036 0.0016244855707805983
15.533333333333333 -0.3735330475921261 0.0016718016774749378
15.566666666666666 -0.4191877604186343 0.0017246873729924173
15.6 -0.44958220906816065 0.001733050269957792
15.633333333333333 -0.45655619319950813 0.0017408341074329758
15.666666666666666 -0.4386270503255483 0.0017324699638708307
15.7 -0.39747074019561207 0.0017039558753778605
15.733333333333333 -0.31764238634093384 0.001663393701245408
15.766666666666667 -0.2405148373105055 0.001578573454128096
15.8 -0.13906409100313255 0.0014800031115789203
15.833333333333334 -0.039873055633658366 0.001359265053096928
15.866666666666667 0.07759179760348396 0.0014212353075783585
15.9 0.16510675389159082 0.0015006100707612158
15.933333333333334 0.2513523921498987 0.0015725543177940726
15.966666666666667 0.327014510438524 0.0016380315814761848
16.0 0.39037229317488753 0.001686556441433007
16.033333333333335 0.42160155489254153 0.0016954763719310706
16.066666666666666 0.43230430201854736 0.0017007680330145547
16.1 0.4341849691753243 0.0017234214567589667
16.133333333333333 0.3843264240860622 0.0016850290522472666
16.166666666666668 0.32799725076672653 0.0016356419475712647
16.2 0.2613976153253315 0.0016153134877425201
16.233333333333334 0.17629854173868267 0.0015273371877808917
16.266666666666666 0.0748820819171407 0.001390262510950327
16.3 -0.03666433738629204 0.0013330376518643147
16.333333333333332 -0.13634955566073234 0.0014521488378656522
16.366666666666667 -0.2352688115792433 0.001551967329518289
16.4 -0.31741285599663266 0.0016345738543251387
16.433333333333334 -0.38372291014654564 0.0016887371899148573
16.466666666666665 -0.43180385179873926 0.001723368953118698
16.5 -0.4536908776308801 0.0017674480906199053
16.533333333333335 -0.4521536907362073 0.0017578805253977703
16.566666666666666 -0.42900639948637975 0.001709623493315493
16.6 -0.37944626820261435 0.0016749874964962497
16.633333333333333 -0.3055600915808889 0.0016279894817389784
16.666666666666668 -0.22113921099834763 0.001543511124635022
16.7 -0.1268454863512987 0.0014548315024373315
16.733333333333334 -0.026402962505606732 0.0013310092698225924
16.766666666666666 0.07340763604510497 0.001378821104036712
16.8 0.17111174272184107 0.0014944591146517638
16.833333333333332 0.2641942427082949 0.0015853805841196666
16.866666666666667 0.3357541976982029 0.0016402044029282248
16.9 0.38359085329453163 0.001681617795849799
16.933333333333334 0.4211884610613251 0.0017177099441485488
16.966666666666665 0.4276811137183709 0.0017024966022473054
17.0 0.4051871584282038 0.0016966194629219888
17.033333333333335 0.36828611746544027 0.001669121838124732
17.066666666666666 0.31044533074021347 0.0016256090317018912
17.1 0.2339961988829992 0.0015591514439144971
17.133333333333333 0.13871105912152942 0.0014641649428631665
17.166666666666668 0.038551458057771056 0.0013442687162516578
17.2 -0.06323304742140977 0.0013848784901040606
17.233333333333334 -0.1525754173948356 0.0015051408930416288
17.266666666666666 -0.24078621757546328 0.001594006414391197
17.3 -0.316232274395816 0.0016673763830334365
17.333333333333332 -0.3797210024618802 0.0017159450078226834
17.366666666666667 -0.42366349779382234 0.0017304696018437538
17.4 -0.4466287377460818 0.001729064219873122
17.433333333333334 -0.4339655181497777 0.0017336873123648955
17.466666666666665 -0.4118030458532775 0.001698060570458626
17.5 -0.3417992684357407 0.0016987438314394754
17.533333333333335 -0.2763470155039231 0.0016189046643510507
17.566666666666666 -0.18258656472446505 0.001550716595079632
17.6 -0.09739750573779009 0.0014235459867955325
17.633333333333333 0.008714884879472074 0.0013180003266294853
17.666666666666668 0.12065617341496626 0.0014550819770244583
17.7 0.2018639921239038 0.001545414094887676
17.733333333333334 0.27770422472672796 0.0016164184255926806
17.766666666666666 0.3454971571629985 0.0016656403063949887
17.8 0.39335116461005143 0.0016964944918900215
17.833333333333332 0.4184757595703498 0.0017236171126764344
17.866666666666667 0.41752780056181493 0.0016982724809780358
17.9 0.4081708998728659 0.0017013228974344652
17.933333333333334 0.36505098329610625 0.0016725519591577198
17.966666666666665 0.2917759119605655 0.0016096088415352705
18.0 0.20835642137110041 0.001527481125425223
18.033333333333335 0.12791549831679172 0.0014486059436104037
18.066666666666666 0.02509718283765185 0.0013214658146305028
18.1 -0.08270740247898875 0.0013857219777576035
18.133333333333333 -0.18331866031770253 0.0015001479758441627
18.166666666666668 -0.25729441274456943 0.0015996240643794124
18.2 -0.331802432788312 0.0016722058725068822
18.233333333333334 -0.39599845719746063 0.0017039046387118395
18.266666666666666 -0.42252397838727973 0.0017756659546443454
18.3 -0.4383017638735036 0.0017889827831684135
18.333333333333332 -0.4393159965379872 0.001752656174011269
18.366666666666667 -0.4031066841233463 0.0016999845235864397
18.4 -0.33856627187268845 0.0016652131672020287
18.433333333333334 -0.2766045869332809 0.0015864604124800064
18.466666666666665 -0.18289861939330618 0.0015172590469406944
18.5 -0.0856120259422728 0.001390703593118131
18.533333333333335 0.01948657802597857 0.0013169025200268601
18.566666666666666 0.12125075024750229 0.0014405408608356152
18.6 0.20652431745578193 0.0015332518622693803
18.633333333333333 0.3462753717155974 0.0016667269207649715
18.666666666666668 0.5606599700823973 0.0018068269421303018
18.7 0.6224792027140217 0.001820971482149547
18.733333333333334 0.546845775438644 0.0017994134176282373
18.766666666666666 0.4331899827168136 0.0017149579860916142
18.8 0.411015209193863 0.0017006182800046732
18.833333333333332 0.41764649948482874 0.0017273776830247778
18.866666666666667 0.33331705542701445 0.0016579631518457982
18.9 0.29901363532472935 0.0016505253712579826
18.933333333333334 0.14986470486290734 0.001495151671651429
18.966666666666665 0.011304672110019646 0.0013028925888909342
19.0 -0.05854130109373538 0.0013910032004149364
19.033333333333335 -0.17271408505932068 0.001514873173566772
19.066666666666666 -0.20170776131960552 0.0016312110491933096
19.1 -0.26328031858419015 0.0017631278004536788
19.133333333333333 -0.33167440740667115 0.0017879948969505288
19.166666666666668 -0.4055386522392245 0.0017871992883176646
19.2 -0.37557968854023777 0.0018236202739964624
19.233333333333334 -0.40122224643740506 0.0017445669432703537
19.266666666666666 -0.3673426725424064 0.0017042894804912279
19.3 -0.26807970618358246 0.0016721754369545816
19.333333333333332 -0.1908221795211766 0.0015748888527377936
19.366666666666667 -0.1112152686067862 0.0014623140793578598
19.4 -0.03898802710729383 0.001346736805738609
19.433333333333334 0.08619144494530757 0.0014253519187599067
19.466666666666665 0.20109951474004975 0.0015742986853047591
19.5 0.2711301274153447 0.0016214573807692978
19.533333333333335 0.4053656253401435 0.0017484458996068764
19.566666666666666 0.4271050710986873 0.0017451410073660578
19.6 0.4396704353976727 0.0017340989847733357
19.633333333333333 0.43347647163375375 0.0017239172820434079
19.666666666666668 0.45662511841618336 0.0017499257034099824
19.7 0.4117601460730718 0.0017230240446896028
19.733333333333334 0.346955595616133 0.0016567869346681419
19.766666666666666 0.27526581700522296 0.0016037050971377531
19.8 0.18231699954178657 0.001511000799142903
19.833333333333332 0.08288129623079768 0.0014047263440460506
19.866666666666667 -0.00994948250660444 0.001316811271005561
19.9 -0.11136062971006569 0.0014439002505535758
19.933333333333334 -0.20915017282171622 0.0015856890350750275
19.966666666666665 -0.29728785601470775 0.0016639163245583122
20.0 -0.36833172676821824 0.0016931697980812066
20.033333333333335 -0.4014129562712847 0.001734001683527997
20.066666666666666 -0.4296152945375178 0.0017245337784702608
20.1 -0.4265262659703151 0.001731108757545896
20.133333333333333 -0.3994851056241922 0.0017177024795436702
20.166666666666668 -0.3505185824060396 0.0016893794186517708
20.2 -0.2772959214162768 0.0016524408272549085
20.233333333333334 -0.1974613645119116 0.001562084306190259
20.266666666666666 -0.10988277276431933 0.0014411407334253001
20.3 -0.028422722822093707 0.0013262837568089186
20.333333333333332 0.0713014199733645 0.0013768537808264703
20.366666666666667 0.17487000523991866 0.001504558134723305
20.4 0.25308883739277854 0.0015739109364716897
20.433333333333334 0.3237419660953349 0.0016313117613499517
20.466666666666665 0.3793930407254964 0.0016791439519545648
20.5 0.4160274918412712 0.0017131168154369547
20.533333333333335 0.4279880019111409 0.0017310861856806858
20.566666666666666 0.40872707068671943 0.0017073215459865176
20.6 0.38344470883822507 0.0016872335458545384
20.633333333333333 0.32642147610710137 0.0016479056436786155
20.666666666666668 0.24223519996080287 0.0015688727369918276
20.7 0.14184567072399987 0.0014643532650312208
20.733333333333334 0.06137569267112729 0.0013718205982850423
20.766666666666666 -0.04657224697326671 0.0013555651701627341
20.8 -0.14073684093827693 0.0014811296753831082
20.833333333333332 -0.22832128648718286 0.0015666803666984919
20.866666666666667 -0.29539352364709165 0.0016442988734215458
20.9 -0.31787751551377147 0.0017334585042588224
20.933333333333334 -0.39303049927079475 0.0017379244135614091
20.966666666666665 -0.40919987188494794 0.0017613343694223849
21.0 -0.4112019905844884 0.0017392499122326766
21.033333333333335 -0.3822718153360632 0.0017504796874299178
21.066666666666666 -0.3357104232885483 0.0016771951855510392
21.1 -0.2667841790740067 0.0016071351357504482
21.133333333333333 -0.1657893472910069 0.001534899302921
21.166666666666668 -0.0765214042464978 0.001408023540153805
21.2 0.04421694898732805 0.0013901006907468122
21.233333333333334 0.10866197776126552 0.0014472633648633382
21.266666666666666 0.2216291823004068 0.001614006442951954
21.3 0.2890949387733932 0.0016463703928785711
21.333333333333332 0.36285564844687407 0.001684697810041158
21.366666666666667 0.40326435717228526 0.0017261334042750764
21.4 0.41755752186802564 0.0017197855406541618
21.433333333333334 0.42718848811374116 0.0017227571699506838
21.466666666666665 0.43404267767344895 0.0017451039660816847
21.5 0.3716342289476658 0.001687023826109968
21.533333333333335 0.30025589386548823 0.0016504771277265906
21.566666666666666 0.21987343028705655 0.0015689814782046674
21.6 0.1241474855333143 0.0014531667687712607
21.633333333333333 0.04135768361911765 0.0013604878150862768
21.666666666666668 -0.043388849673724514 0.0013845740365303408
21.7 -0.17274452754422862 0.0015060780664579165
21.733333333333334 -0.24946361656917193 0.0015914508616363121
21.766666666666666 -0.3312154082111437 0.001636144267753048
21.8 -0.3857342655045987 0.0016929451816504737
21.833333333333332 -0.4100328454538022 0.001727935738118802
21.866666666666667 -0.4291348990031698 0.0017436122294312573
21.9 -0.41332069578087305 0.001742766428244058
21.933333333333334 -0.37980658002741124 0.0017081846669126932
21.966666666666665 -0.32613037760904245 0.0016600149018507482
22.0 -0.25864030019509215 0.0015845046954489073
22.033333333333335 -0.16183116001667572 0.0014993732600418475
22.066666666666666 -0.06775158403839081 0.001387234160590542
22.1 0.024091625552062967 0.0013225387549390018
22.133333333333333 0.12305877229893211 0.0014492628519865852
22.166666666666668 0.21697652425164363 0.0015651939431760298
22.2 0.2864811870246362 0.0016096302688578534
22.233333333333334 0.3520730692670429 0.0016706971167693707
22.266666666666666 0.39447470880242014 0.001714579603023958
22.3 0.42412934200983304 0.0017430480156990225
22.333333333333332 0.40859695409022384 0.0017117420954865237
22.366666666666667 0.37918257935925725 0.001688168084644004
22.4 0.32897304781848946 0.0016649911556935737
22.433333333333334 0.26887631476646456 0.0015976699498881364
22.466666666666665 0.1941937757914136 0.0015317737990271918
22.5 0.09739589400097133 0.001425392376552495
22.533333333333335 0.01433077974719779 0.0013328959914918562
22.566666666666666 -0.09619205615015461 0.0014127336405562463
22.6 -0.1762927564328388 0.0015266040740754272
22.633333333333333 -0.2642478283566991 0.001621745758067894
22.666666666666668 -0.3119175983503986 0.0016982818728957794
22.7 -0.3733775733257754 0.0017393339403751762
22.733333333333334 -0.416426509003368 0.0017429334023347787
22.766666666666666 -0.420621150849174 0.0017464644126043982
22.8 -0.3934925736038058 0.0017243035784747507
22.833333333333332 -0.3626650019010175 0.0016747699664969584
22.866666666666667 -0.2891456498360975 0.0016400091324570432
22.9 -0.2094622203797117 0.0015640356610988337
22.933333333333334 -0.10968787464416707 0.001470210287419671
22.966666666666665 -0.014908631937332339 0.001339572797589273
23.0 0.10761689043933233 0.0014903559295867674
23.033333333333335 0.17711249153324896 0.0015372432433543859
23.066666666666666 0.24041590461876747 0.0015849908931156453
23.1 0.3157262358696173 0.0016536982474775752
23.133333333333333 0.3520022270189127 0.0016535576603282642
23.166666666666668 0.39088595411914473 0.001687783959279987
23.2 0.4092865715996632 0.001691367847956704
23.233333333333334 0.3963428358468108 0.0016910299618329572
23.266666666666666 0.35993342394842187 0.001654962749252753
23.3 0.3111220510529976 0.0016262535090427188
23.333333333333332 0.2479146982314016 0.001584420608224918
23.366666666666667 0.1691512068958659 0.001515544792984963
23.4 0.0837455033147433 0.001415622038811945
23.433333333333334 0.0030878112460336685 0.0013289954454686042
23.466666666666665 -0.10304751572448055 0.0014495199652135166
23.5 -0.17004877168345614 0.0015564154880007564
23.533333333333335 -0.2774338107719074 0.0016133465992491658
23.566666666666666 -0.33851714567189567 0.0016832606458395682
23.6 -0.39629073980025115 0.0017083639842587761
23.633333333333333 -0.4141535420403099 0.001726654612841494
23.666666666666668 -0.4044971963403702 0.001736299809078301
23.7 -0.3934026822903239 0.0017019355323770746
23.733333333333334 -0.3434238327149611 0.0016642664734085044
23.766666666666666 -0.2682816643322812 0.0016071616664914412
23.8 -0.1782134236523903 0.00154418125464309
23.833333333333332 -0.09020602632906707 0.0014401568028259981
23.866666666666667 0.011426932834256734 0.001347374318794151
23.9 0.0894442381520509 0.0014143206525708968
23.933333333333334 0.1859579629606619 0.0015298078514058844
23.966666666666665 0.2571284153817653 0.0016019140508926055
24.0 0.33807059982012355 0.0016935804390122988
24.033333333333335 0.36562562108517055 0.0016886336029401372
24.066666666666666 0.3912022465117409 0.0017014711153373607
24.1 0.3957410291374691 0.001683543766135498
24.133333333333333 0.3818771939310096 0.0016732701620412183
24.166666666666668 0.3490294736593199 0.0016502459837700045
24.2 0.3084202594344163 0.0016368504209146595
24.233333333333334 0.23661033000206924 0.0015818337708692343
24.266666666666666 0.14786430396160802 0.0014839218261600007
24.3 0.043196933891302 0.0013560313920180714
24.333333333333332 -0.052130241700006894 0.001358426407907315
24.366666666666667 -0.14023389549453985 0.0014834814081969572
24.4 -0.21892880728301314 0.0015724323182070565
24.433333333333334 -0.28341433771164753 0.0016596686138621308
24.466666666666665 -0.3226285555261834 0.0017265493227930917
24.5 -0.3767862358309288 0.0017342760358949327
24.533333333333335 -0.3995709422877262 0.001751575706935793
24.566666666666666 -0.39038932181703856 0.0017491071513075496
24.6 -0.3640319236473771 0.0017231507426178627
24.633333333333333 -0.32405872326936264 0.0016580399225760711
24.666666666666668 -0.26131196746014285 0.0015787680425676243
24.7 -0.16765055728456135 0.001513596096166303
24.733333333333334 -0.08288630038039733 0.0014025659813154262
24.766666666666666 0.03059521623491921 0.00135819056656733
24.8 0.1503967495863743 0.0015125198181472066
24.833333333333332 0.23117478329315477 0.001580521088423631
24.866666666666667 0.2966524956277188 0.001647996118184114
24.9 0.3446392334532893 0.0016945449123476064
24.933333333333334 0.3780086204587583 0.001696226174375648
24.966666666666665 0.3961294870815573 0.0017204388444761465
25.0 0.3989059977288059 0.0017687068888196378
25.033333333333335 0.3919435138688916 0.0017472959673782706
25.066666666666666 0.34274028496346687 0.0016523793229538675
25.1 0.2860934686856249 0.0016136498329015758
25.133333333333333 0.20209959204594793 0.0015326644989980265
25.166666666666668 0.10824553399068772 0.001426759376631545
25.2 0.01696588762567135 0.0013182849917276612
25.233333333333334 -0.06305757729228867 0.001386109023987711
25.266666666666666 -0.15631074775867412 0.0014863524619717072
25.3 -0.2500854759712845 0.0015695531726310774
25.333333333333332 -0.32125905979104435 0.0016322547576729796
25.366666666666667 -0.3683695790086435 0.0016996727141797008
25.4 -0.3965615492473797 0.0017200150461934571
25.433333333333334 -0.41496599825806046 0.0017254463684381882
25.466666666666665 -0.4008388834835119 0.001706205546345152
25.5 -0.3683606816623641 0.0016864282383712847
25.533333333333335 -0.31265726903499447 0.001650542051890136
25.566666666666666 -0.24184338024786012 0.0015661495790910696
25.6 -0.1572845125159313 0.0014815468543132315
25.633333333333333 -0.06094456391053587 0.0013717795338224967
25.666666666666668 0.04631252940803027 0.0013664457804849137
25.7 0.1326440678122973 0.0014575792596732695
25.733333333333334 0.20716499830106216 0.0015234033193363417
25.766666666666666 0.27786395448558043 0.0015913402992521197
25.8 0.3317797242717904 0.0016379806419633547
25.833333333333332 0.3711855338623874 0.0016864214248538678
25.866666666666667 0.39944535473693643 0.0017045125053312682
25.9 0.39498007347479364 0.001694602794351907
25.933333333333334 0.3632051396890046 0.0016622906885411792
25.966666666666665 0.31592602205403447 0.0016327503684724909
26.0 0.25838906758614905 0.0015752640355468084
26.033333333333335 0.17485606938510212 0.0014922772054011546
26.066666666666666 0.08475200447231131 0.0013930975034432413
26.1 -0.0005927061761917192 0.0013022151232700988
26.133333333333333 -0.082726459127866 0.0014374841336108612
26.166666666666668 -0.16419657955524347 0.0015486414243054691
26.2 -0.26767224395154654 0.0016253717457483385
26.233333333333334 -0.33053674855961696 0.0016816615570309223
26.266666666666666 -0.38073827605730515 0.001690502696435392
26.3 -0.3961108665036972 0.0017464015688085088
26.333333333333332 -0.3911064338672223 0.0017643723095719377
26.366666666666667 -0.35997278431674923 0.0017371341331062773
26.4 -0.3471987460580368 0.001655621127868101
26.433333333333334 -0.28247251696136316 0.0016116087427898718
26.466666666666665 -0.217090150506902 0.0015405660088942674
26.5 -0.12555521044022855 0.001456779263318081
26.533333333333335 -0.033023015186769644 0.001348341988139462
26.566666666666666 0.05485261329468901 0.0013619015808813348
26.6 0.14978174300311287 0.0014749786642746232
26.633333333333333 0.22574538368483993 0.0015457205547705632
26.666666666666668 0.301694157915505 0.0016338394012581081
26.7 0.3649268896148308 0.0016977377717231623
26.733333333333334 0.3893617233923398 0.001688854442231602
26.766666666666666 0.3914098674653461 0.0016836318160908248
26.8 0.382874169609273 0.0016719774984971791
26.833333333333332 0.3496269401139973 0.0016484169695791806
26.866666666666667 0.301998765637479 0.0016148185129599701
26.9 0.22694708515011652 0.0015447949253420412
26.933333333333334 0.1497439199729343 0.0014658771503963386
26.966666666666665 0.0603576990438299 0.001375617073664813
27.0 -0.030895892648433485 0.0013403712420930643
27.033333333333335 -0.12821818016032532 0.0014614061255024402
27.066666666666666 -0.20900462712546553 0.0015535680260539142
27.1 -0.2831386586544116 0.00161542001589704
27.133333333333333 -0.34278481142973116 0.0016662623808128552
27.166666666666668 -0.3556711349623666 0.0017183627316357808
27.2 -0.37657351344122686 0.0017395281380148675
27.233333333333334 -0.39465616684324817 0.0017182435428207965
27.266666666666666 -0.37756852754216114 0.0016885596855881757
27.3 -0.33371431320332146 0.0016483816406050456
27.333333333333332 -0.268103807572709 0.0016054108756495822
27.366666666666667 -0.18838371970539686 0.0015227157109795886
27.4 -0.09854845656084404 0.0014248923842087868
27.433333333333334 -0.005599921246736024 0.001303127875496214
27.466666666666665 0.08613035647000775 0.001399405104117804
27.5 0.1719430442830486 0.0014964888254734576
27.533333333333335 0.2558873017859636 0.00158725907520757
27.566666666666666 0.31308697485442616 0.0016208210550009428
27.6 0.3501633424754056 0.0016593487918612482
27.633333333333333 0.37778960065554446 0.001672918797961498
27.666666666666668 0.38728060360240424 0.0016812424850194407
27.7 0.3877197302729992 0.0016915889797490258
27.733333333333334 0.3387553124116171 0.001661418069126508
27.766666666666666 0.2905512161424075 0.0016250620351158096
27.8 0.21478542347708063 0.001546044407807784
27.833333333333332 0.13227231601271272 0.0014704650478018222
27.866666666666667 0.04395057822990425 0.001373941563884415
27.9 -0.061993770083168344 0.0013880968231015714
27.933333333333334 -0.14877961947731713 0.0014664059156408171
27.966666666666665 -0.23349431637265328 0.0015500204253095229
28.0 -0.2995099996115135 0.0016209002345020096
28.033333333333335 -0.3406608762626583 0.0016840863187902455
28.066666666666666 -0.3901686309122142 0.0016876593036593834
28.1 -0.39843490648713326 0.0017104836285346536
28.133333333333333 -0.35755828522538285 0.00174295063274571
28.166666666666668 -0.34360394007340317 0.001704466108520375
28.2 -0.3111991017843205 0.0016360841318210362
28.233333333333334 -0.2317373154481615 0.0015838934239565117
28.266666666666666 -0.09026096194509181 0.001503769837163646
28.3 -0.050539395703306664 0.0013898225112774706
28.333333333333332 0.010407241481790046 0.0013098223980573288
28.366666666666667 0.10206532619287277 0.0014109280733330537
28.4 0.18958587552911157 0.001527094642200466
28.433333333333334 0.2646624608152011 0.0015887919695622976
28.466666666666665 0.3113570020462744 0.001627600690124631
28.5 0.3601921062681358 0.0016873443983038694
28.533333333333335 0.3785308040317775 0.0016666263454035435
28.566666666666666 0.3809344289146138 0.0016714795475455402
28.6 0.3549433200637339 0.0016554949707233146
28.633333333333333 0.31486331142769663 0.0016225360571185954
28.666666666666668 0.25822429059897567 0.0015803320263964582
28.7 0.19182561155193106 0.0015319054393730658
28.733333333333334 0.09723781426680932 0.0014183048566522721
28.766666666666666 0.0070803932935995266 0.001318696826232744
28.8 -0.08582163161550688 0.0014041205090190717
28.833333333333332 -0.17535912302073536 0.0015061794052562694
28.866666666666667 -0.2520227292369082 0.0015823530896142413
28.9 -0.3066747068326956 0.001641209114393083
28.933333333333334 -0.36062489494697353 0.0016724172365222834
28.966666666666665 -0.39720624062357957 0.0016825078160180862
29.0 -0.38841779288524214 0.0017063280234312361
29.033333333333335 -0.37648247042927296 0.0016970995079965134
29.066666666666666 -0.34640336459590926 0.0016663214301010365
29.1 -0.29538369576539525 0.0016165505085314336
29.133333333333333 -0.21527018293498404 0.0015633549541079206
29.166666666666668 -0.1413305465719932 0.0014738946840917033
29.2 -0.0518814412237594 0.0013656235590833107
29.233333333333334 0.04244932784108034 0.001350141512172373
29.266666666666666 0.13184857107953682 0.0014582938775053178
29.3 0.21082640380259685 0.0015535090749808633
29.333333333333332 0.2742188439663853 0.0015898129041272413
29.366666666666667 0.331884284923181 0.0016361859326989858
29.4 0.36297202343564006 0.0016666518834991262
29.433333333333334 0.39773417782190273 0.0017028632488009232
29.466666666666665 0.38865023425045464 0.0017192123043308083
29.5 0.35292436398354265 0.0016970157032404898
29.533333333333335 0.2981619183592493 0.001637528421610468
29.566666666666666 0.2440429035743836 0.001591411825629746
29.6 0.17150915651090337 0.0015151392264370345
29.633333333333333 0.0881837788870736 0.0014149658159980094
29.666666666666668 -0.021249771165407393 0.0013162774355044357
29.7 -0.10572378444702162 0.0014220407321217515
29.733333333333334 -0.18013997155077657 0.0015145656964422605
29.766666666666666 -0.25493525778500586 0.0015973042426081774
29.8 -0.32135217879567257 0.0016511246159421344
29.833333333333332 -0.35742806279401523 0.001710694349407238
29.866666666666667 -0.3829613276871263 0.0017155882829589242
29.9 -0.39719133944291773 0.0016921454732787278
29.933333333333334 -0.36239203410078735 0.001699417891839139
29.966666666666665 -0.31209178386315933 0.0016835570388417098
30.0 -0.25472450972700955 0.0016001166257605393
30.033333333333335 -0.17429795207477994 0.00153583802604354
30.066666666666666 -0.05776077165737374 0.001434674595277588
30.1 0.02753401545930996 0.0013799902332410525
30.133333333333333 0.0972499022048789 0.0014725772523444675
30.166666666666668 0.17426422261021485 0.001516829478999282
30.2 0.26001249782724306 0.001605871180309526
30.233333333333334 0.3371359014886985 0.0016911923131655016
30.266666666666666 0.37816260902054283 0.0017074140859134057
30.3 0.39326946748060093 0.0017098209267041309
30.333333333333332 0.4144008792089148 0.001716204245579278
30.366666666666667 0.4202842867487077 0.0017511902607001417
30.4 0.37718369525465967 0.0017153977354525396
30.433333333333334 0.2802402578948509 0.0016030898178888697
30.466666666666665 0.22460345986099367 0.0015535631999773203
30.5 0.13298271246377227 0.0014519346532238797
30.533333333333335 0.05053073890415645 0.001368802274705476
30.566666666666666 -0.025385823762270648 0.0013439731518140666
30.6 -0.11802923979213688 0.0014500020271803749
30.633333333333333 -0.21415728778741075 0.0015351278677383784
30.666666666666668 -0.2851045288865916 0.0016034149960863497
30.7 -0.3295891724759594 0.0016565680516774095
30.733333333333334 -0.3735390083346817 0.001701506809568043
30.766666666666666 -0.3974644818056462 0.0017053150607003742
30.8 -0.3874759941281797 0.0016922053603321552
30.833333333333332 -0.3557842878170832 0.0016800638658718836
30.866666666666667 -0.3059923308996427 0.0016437049184070407
30.9 -0.2492311447395436 0.001576091329619611
30.933333333333334 -0.1710925977480133 0.0014918914696644692
30.966666666666665 -0.09414323754505287 0.001406775072488653
31.0 0.011534151320995658 0.0013137171035503895
31.033333333333335 0.09591984707862518 0.001430247315123645
31.066666666666666 0.18741826104232942 0.0015394246144501134
31.1 0.26830674513135877 0.0016325744444430912
31.133333333333333 0.31569135526151804 0.0016648292856822344
31.166666666666668 0.3546141690756988 0.001671909454584175
31.2 0.36885007570642103 0.0016699680717789933
31.233333333333334 0.366129663676322 0.0016691277515319403
31.266666666666666 0.3478182676833859 0.00164601779240936
31.3 0.3152275500236296 0.0016255251682033567
31.333333333333332 0.2605437057001398 0.0015726875211083402
31.366666666666667 0.18989540758365445 0.0015157573538596703
31.4 0.10933375939683546 0.0014258560823571381
31.433333333333334 0.022987302284620155 0.0013315184472133708
31.466666666666665 -0.0704336444551024 0.0014054850017671122
31.5 -0.1530879467528724 0.0014992339617995731
31.533333333333335 -0.2314100750112484 0.0015597161609775256
31.566666666666666 -0.296699800584359 0.0016278178023577672
31.6 -0.34825165376331196 0.0016555355251467452
31.633333333333333 -0.3785285233402269 0.0016936670891841143
31.666666666666668 -0.39057126759422855 0.0016983002267055847
31.7 -0.36803204665560024 0.0016964723578768437
31.733333333333334 -0.3452515144226522 0.0016623936724060595
31.766666666666666 -0.2900951493885525 0.0016216477427868359
31.8 -0.22430066819447328 0.001554865702682623
31.833333333333332 -0.1422730291190542 0.0014733785277467326
31.866666666666667 -0.055976659615736106 0.0013780673355557119
31.9 0.03799398740662239 0.0013619597970692468
31.933333333333334 0.12197402479611279 0.0014663581268117565
31.966666666666665 0.20113804936152352 0.0015398298424064427
32.0 0.26396127488059973 0.0015940040842009617
32.03333333333333 0.31545879865286464 0.0016539938353827277
32.06666666666667 0.35459244887760316 0.001693594576428592
32.1 0.36257600758824743 0.0016640941225651296
32.13333333333333 0.36130674662593765 0.0016607400942282857
32.166666666666664 0.3357928744570819 0.0016508490034295997
32.2 0.2928349917456341 0.0016031964936198961
32.233333333333334 0.2325745442989559 0.0015523338062296554
32.266666666666666 0.17426891800221334 0.0015174999007058765
32.3 0.08726171151460688 0.0014378060002273457
32.333333333333336 -0.010736150724546659 0.0013016315770661736
32.36666666666667 -0.1001934085684903 0.0014120734817187897
32.4 -0.18053739328959303 0.001508340137754971
32.43333333333333 -0.2553905203297768 0.0015825171176746533
32.46666666666667 -0.3150293567199707 0.001645622234849653
32.5 -0.36320707041742023 0.0016672391208103488
32.53333333333333 -0.38473374305955477 0.0016889810673506034
32.56666666666667 -0.3892598069425728 0.0016922218528568345
32.6 -0.37437815178201683 0.0016755615843499494
32.63333333333333 -0.33349152468592086 0.0016439596153418057
32.666666666666664 -0.2727932561516806 0.0015943676432513265
32.7 -0.2050985734939294 0.001533435173345421
32.733333333333334 -0.12568240164336703 0.001474060845035291
32.766666666666666 -0.032588921017717376 0.0013689943667855309
32.8 0.05167015426752607 0.0013887020332296052
32.833333333333336 0.13800302069043693 0.0014640432465411746
32.86666666666667 0.21233596082665945 0.0015483900561364117
32.9 0.2781402301426356 0.0016075294122646633
32.93333333333333 0.33110510188507375 0.0016406740164109368
32.96666666666667 0.35461939931335534 0.0016641444383075354
33.0 0.36589549014593375 0.0016731644587582584
33.03333333333333 0.36273441451051863 0.0016852528339187378
33.06666666666667 0.3345509875810277 0.0016430643718730042
33.1 0.281542126525266 0.001600246595582444
33.13333333333333 0.21217647103459544 0.0015309375517053025
33.166666666666664 0.13691908673525002 0.0014575607917973743
33.2 0.0537723614663417 0.0013562906246077922
33.233333333333334 -0.026329585873668664 0.0013362027074795314
33.266666666666666 -0.09705200916784286 0.0014442859011284392
33.3 -0.19162071627631416 0.0015378283242111768
33.333333333333336 -0.26045227820866224 0.0016122674711858132
33.36666666666667 -0.31124516924085516 0.0016663474705600478
33.4 -0.35763511026492284 0.0016886558703873011
33.43333333333333 -0.35599429764062174 0.001733600597387086
33.46666666666667 -0.3802506181012898 0.0016934628928859108
33.5 -0.35774807431778993 0.001688199104519561
33.53333333333333 -0.311699370298515 0.001646737668023479
33.56666666666667 -0.25445634630512093 0.001593265294434043
33.6 -0.17324071060666385 0.0015248863106450683
33.63333333333333 -0.09209694377338792 0.0014206715483773558
33.666666666666664 -0.005043274871319078 0.0013055167851161046
33.7 0.07836085765048327 0.0013994802661343592
33.733333333333334 0.16512604725885247 0.0015281032832809016
33.766666666666666 0.2594610470735651 0.001626716255502647
33.8 0.3041171542559703 0.0016376190680520986
33.833333333333336 0.33994444262690254 0.0016556113626219338
33.86666666666667 0.3735096056078462 0.0017072658187662348
33.9 0.3801305537301613 0.001712505895212324
33.93333333333333 0.34733904083022943 0.0016818620106712756
33.96666666666667 0.3105623029382297 0.0016315828762155649
34.0 0.2634412342077339 0.0016272296281613086
34.03333333333333 0.20027311494281375 0.0015756193097793136
34.06666666666667 0.11875773089295727 0.0014627198881518588
34.1 0.02790801703527343 0.0013426742340686554
34.13333333333333 -0.06383581360925647 0.0013925182866717095
34.166666666666664 -0.1454770972036186 0.0014940960624107713
34.2 -0.21884863277461497 0.0015533717164261662
34.233333333333334 -0.27756519936244406 0.0016245096837431694
34.266666666666666 -0.33864945892336523 0.0016507430632840547
34.3 -0.3740111676889924 0.001672811677508601
34.333333333333336 -0.3783820785398917 0.0017000181361444544
34.36666666666667 -0.37103321315331556 0.001717675501099969
34.4 -0.344493242680607 0.0016678439487530783
34.43333333333333 -0.29542549338143315 0.0016309785923339648
34.46666666666667 -0.23268951275586633 0.0015605542444106502
34.5 -0.15709520892652104 0.001483186611585946
34.53333333333333 -0.06858785638318488 0.0013902881070228523
34.56666666666667 0.02306170328383685 0.0013285330816933012
34.6 0.10513998895762945 0.0014215872910482291
34.63333333333333 0.19348755315187016 0.001531834970852547
34.666666666666664 0.28429986893156 0.0016477530716644817
34.7 0.34429516077159245 0.0016934451218839075
34.733333333333334 0.3715491455283563 0.0016983742753357012
34.766666666666666 0.37933729197526683 0.001684964704047831
34.8 0.38660995913212914 0.0016882869777363751
34.833333333333336 0.3569432406460376 0.0016665894249192625
34.86666666666667 0.3151923224305309 0.0016351492913583288
34.9 0.3022432050603394 0.0016574262812231177
34.93333333333333 0.21685333200811446 0.0015805770655230589
34.96666666666667 0.13665466231319895 0.0014973148228824285
35.0 0.009198927880874716 0.0013133691560403924
35.03333333333333 -0.07746252992359302 0.0013896836347072616
35.06666666666667 -0.1567180537241216 0.0015063735594368632
35.1 -0.223081726615519 0.00157260112410465
35.13333333333333 -0.2921120041650679 0.0016259561726633676
35.166666666666664 -0.34395259286817015 0.0016615768806467757
35.2 -0.36352456249999593 0.0016829500414689003
35.233333333333334 -0.36024380537400824 0.0016992719623679098
35.266666666666666 -0.3516966705182672 0.001687382107345592
35.3 -0.3223672788347879 0.001647585810985952
35.333333333333336 -0.26752959401288323 0.0016111278918254368
35.36666666666667 -0.17716006402718099 0.0015381984196042586
35.4 -0.10118177755815777 0.001443103863160669
35.43333333333333 -0.030450663904802125 0.001342282080648731
35.46666666666667 0.05526511719287601 0.0013704525881500368
35.5 0.13763164182310383 0.0014651633286205668
35.53333333333333 0.2241879148425978 0.0015778847263303863
35.56666666666667 0.272297425602585 0.0015922611238887163
35.6 0.32742637762390947 0.0016611916544863048
35.63333333333333 0.3816596394308537 0.0016982370366804278
35.666666666666664 0.3908516097193169 0.0017016470626575186
35.7 0.36430775470973137 0.0016890617492507642
35.733333333333334 0.3397906343827903 0.0016815498515437288
35.766666666666666 0.2802492310961672 0.0016403001521998473
35.8 0.22022169879548426 0.0015640920080036702
35.833333333333336 0.16555411759199612 0.001510416402741993
35.86666666666667 0.06758199381502134 0.0013802487779463607
35.9 -0.022898721560692954 0.001338801169667319
35.93333333333333 -0.10764552748924976 0.0014264816832596228
35.96666666666667 -0.19082691626985734 0.001534730125700351
36.0 -0.2512112181481826 0.00160994285942756
36.03333333333333 -0.29267468974668137 0.0016716091339439854
36.06666666666667 -0.3314298407565145 0.0016955794901943322
36.1 -0.3666396178637519 0.001687240976254667
36.13333333333333 -0.3676666882077992 0.0016840795700990285
36.166666666666664 -0.34777076431974735 0.00166119875874432
36.2 -0.30384389858278776 0.0016289165751881551
36.233333333333334 -0.24385943873726582 0.0015887554914361945
36.266666666666666 -0.167728874114571 0.001511932227257512
36.3 -0.10598411737803479 0.0014252623533780595
36.333333333333336 -0.005999234835369416 0.0013137265244225317
36.36666666666667 0.08028432695335748 0.0014102540087383014
36.4 0.14804832389540404 0.0014704336922728434
36.43333333333333 0.23493732201079665 0.001573273593043878
36.46666666666667 0.2843867045407667 0.0016156660563589331
36.5 0.3256807135209178 0.0016594990881724225
36.53333333333333 0.3615261862489667 0.0016717758355483947
36.56666666666667 0.36261230488226276 0.0016656747158365626
36.6 0.3536682793777251 0.001652626300586768
36.63333333333333 0.3085299508286239 0.001630563990569267
36.666666666666664 0.25659855520347696 0.00157757202241382
36.7 0.1962227796192788 0.0015209908832570507
36.733333333333334 0.12723230367499974 0.0014691936192373356
36.766666666666666 0.04938417842990945 0.0013776662128271167
36.8 -0.048260210667207884 0.0013754778520850691
36.833333333333336 -0.1389736900580256 0.0014632050161605958
36.86666666666667 -0.1986233990087678 0.0015399373445894038
36.9 -0.2616312011392427 0.0016047528677582412
36.93333333333333 -0.3133536311661768 0.0016512418677326335
36.96666666666667 -0.3483008165347158 0.0016817629660818567
37.0 -0.36552175316790614 0.0017051476147881828
37.03333333333333 -0.35922729312025264 0.001691087911196043
37.06666666666667 -0.31331374127230194 0.0016751966729616763
37.1 -0.28221836880104 0.0016154798264007564
37.13333333333333 -0.2099696401587689 0.0015624141966515959
37.166666666666664 -0.12000192015274651 0.0014902321306537042
37.2 -0.04877712076695302 0.001379045042120372
37.233333333333334 0.02632407369493583 0.00134144591252763
37.266666666666666 0.1119173428168864 0.0014552895983553638
37.3 0.1851338685095219 0.0015221631772232291
37.333333333333336 0.25456219057666735 0.0016039747511641944
37.36666666666667 0.3116453261478346 0.001657865855692442
37.4 0.3347947630099381 0.0016555489941125212
37.43333333333333 0.3646231136681935 0.0016850837251922712
37.46666666666667 0.36837327945049486 0.0016824835792376702
37.5 0.3431311534844611 0.0016579875218761808
37.53333333333333 0.29078113795891575 0.0016083525745944627
37.56666666666667 0.24659833944730558 0.0015709399587983952
37.6 0.1775515570876565 0.0015018718774103823
37.63333333333333 0.10332203705698255 0.0014269674244181546
37.666666666666664 0.019734115789857395 0.0013265635175772686
37.7 -0.05982134037872681 0.0013829894013020969
37.733333333333334 -0.14595851552821823 0.001480049414745388
37.766666666666666 -0.20627025963143206 0.0016175575866801961
37.8 -0.26876312482854053 0.0016568594191753716
37.833333333333336 -0.3103694850814837 0.0017039215018714304
37.86666666666667 -0.34688664286319015 0.0017180074997896755
37.9 -0.3543471015911387 0.0017279385028548533
37.93333333333333 -0.34383363634185166 0.0017127749795763925
37.96666666666667 -0.31472956645759703 0.0016590674113931003
38.0 -0.23760231078558447 0.0016189449278785628
38.03333333333333 -0.19377508004333419 0.0015361529190173195
38.06666666666667 -0.12423310879305707 0.0014480111695292786
38.1 -0.036704836907037346 0.001351588715180728
38.13333333333333 0.0455512102887756 0.0013607838115564652
38.166666666666664 0.12754376883325613 0.0014516858221184648
38.2 0.21119941248172344 0.0015429193520098416
38.233333333333334 0.2805122426643238 0.0016186217810384984
38.266666666666666 0.31943951935176523 0.0016372755302083153
38.3 0.3456282555542796 0.0016515631369569128
38.333333333333336 0.35909959025867416 0.0016614436559953538
38.36666666666667 0.34835014857781504 0.001651158196781799
38.4 0.33462032766803185 0.0016470542636341512
38.43333333333333 0.2805863117591353 0.0016004082138794673
38.46666666666667 0.2221544242760481 0.001545360915105376
38.5 0.16014584307326113 0.0015018508225178862
38.53333333333333 0.07854872326637127 0.0014063922422387354
38.56666666666667 -0.010488064788786569 0.0013262814526465647
38.6 -0.07609384955947654 0.00141105452497986
38.63333333333333 -0.15773521761776974 0.0015102193996154034
38.666666666666664 -0.24058231680324962 0.0015804378282672227
38.7 -0.2995797090341536 0.0016252506771539665
38.733333333333334 -0.339385409959099 0.0016579813579867264
38.766666666666666 -0.3579732645396127 0.0016821652728752357
38.8 -0.3497691513449735 0.0016941726504786092
38.833333333333336 -0.3220675440845243 0.0016712455337830057
38.86666666666667 -0.2719545732885422 0.0016570009834540045
38.9 -0.22505877325923715 0.0015947147128395345
38.93333333333333 -0.179203722245952 0.0015234557284612427
38.96666666666667 -0.08791549284019387 0.0014283824822196034
39.0 0.010589459249483913 0.0013465696281045238
39.03333333333333 0.09282137125994197 0.0014580795123484147
39.06666666666667 0.1610991749255576 0.001512909848380345
39.1 0.22923969356561427 0.0015653423161790525
39.13333333333333 0.28368352904979155 0.0016076823960359254
39.166666666666664 0.3175914650275085 0.00162402584792265
39.2 0.341561595423347 0.0016483791173975693
39.233333333333334 0.3508751313234991 0.0016595323686684482
39.266666666666666 0.3605478027527257 0.001678075789567357
39.3 0.3349512073985468 0.0016639939623107614
39.333333333333336 0.26740212545766484 0.0015888673220862404
39.36666666666667 0.19995881991218756 0.0015285094989229697
39.4 0.14271321639149037 0.0014789817792318916
39.43333333333333 0.050402708471821926 0.0013765148652307158
39.46666666666667 -0.03387755994110673 0.001351453284683772
39.5 -0.12646587809259496 0.0014571264671827955
39.53333333333333 -0.20322823715820756 0.0015373429642164538
39.56666666666667 -0.2587253007831863 0.001610489132481796
39.6 -0.29534733805939883 0.0016705731817546754
39.63333333333333 -0.33258957463719996 0.0016968210015911867
39.666666666666664 -0.347693828393294 0.0017058951934270095
39.7 -0.34445443959630817 0.001691608853238602
39.733333333333334 -0.33034521191450067 0.0016577611156270433
39.766666666666666 -0.28084601829387595 0.0016238785014308088
39.8 -0.2038084119912364 0.0015708091155053894
39.833333333333336 -0.10561200728834377 0.0014858046011669568
39.86666666666667 -0.0718689649504367 0.0013839700064240956
39.9 0.017697802895965106 0.0013265336218358723
39.93333333333333 0.09817212595228035 0.0014166559460859068
39.96666666666667 0.17993490191446965 0.0015156131379596427
40.0 0.24689069403702132 0.0015859339540432449
40.03333333333333 0.2926333404768641 0.001621491159397026
40.06666666666667 0.32658245450492823 0.0016359498574720632
40.1 0.36155118144220244 0.0016762706003601857
40.13333333333333 0.3704789070986153 0.0016864680372490337
40.166666666666664 0.3367749169105987 0.0016482918955116332
40.2 0.30151327268644285 0.0016380339344753136
40.233333333333334 0.24866218987817187 0.0015696515872235806
40.266666666666666 0.1764387409434524 0.001493344249097056
40.3 0.09312518351996024 0.0014045874222945731
40.333333333333336 0.021869902343537282 0.0013249391416282133
40.36666666666667 -0.04246071487765734 0.0013759036715670359
40.4 -0.11434930728416032 0.0014698048332062452
40.43333333333333 -0.2080415187092636 0.001552783009536457
40.46666666666667 -0.2554570671675862 0.001645583123698946
40.5 -0.319652368987681 0.0016797268647628094
40.53333333333333 -0.34595656925827317 0.0016873153245756112
40.56666666666667 -0.34739202895844323 0.0016889534252196303
40.6 -0.34156852472921695 0.001694299808266797
40.63333333333333 -0.3175115271991928 0.001653661913224136
40.666666666666664 -0.2595423428303795 0.0016267228471431028
40.7 -0.19927663688610384 0.0015419461343445795
40.733333333333334 -0.13224728587102377 0.0014515003616699107
40.766666666666666 -0.050656643599229015 0.0013619748086465683
40.8 0.036615082138393366 0.001344709809976044
40.833333333333336 0.11136034250162097 0.001433815666382468
40.86666666666667 0.18560468124606905 0.0015163153876243118
40.9 0.2574973720801246 0.0015926818317467673
40.93333333333333 0.3160031808825906 0.0016339982045702195
40.96666666666667 0.3355492730986196 0.001650018029580591
41.0 0.36654623425700755 0.0017061707157680073
41.03333333333333 0.3468218518867373 0.0016724443255612398
41.06666666666667 0.3131049880413087 0.0016226988256591302
41.1 0.27744174613191896 0.0016004805672100164
41.13333333333333 0.21179652089648138 0.0015429759776858232
41.166666666666664 0.14992861841532176 0.0014854633818836838
41.2 0.071671777715538 0.0013866488114212955
41.233333333333334 -0.014476751719882662 0.0013188588553991309
41.266666666666666 -0.09347694109890638 0.001407091428389462
41.3 -0.16391359041748904 0.0015014393766063505
41.333333333333336 -0.21182938585966354 0.0016097806990258423
41.36666666666667 -0.2915733198758773 0.0016354990383156687
41.4 -0.32533643614360047 0.0016654654260409019
41.43333333333333 -0.3571390388502876 0.001673571693487752
41.46666666666667 -0.35155222499754685 0.0016758547932215762
41.5 -0.3331717830798121 0.0016678409148899176
41.53333333333333 -0.28169394339111414 0.001639000092636067
41.56666666666667 -0.23576050460631642 0.0015836052689539304
41.6 -0.17542011314685077 0.0015248073249533867
41.63333333333333 -0.10302707343294826 0.0014456457775759851
41.666666666666664 0.0011027477369727461 0.0013326684079564832
41.7 0.08485287676632311 0.001419143753805932
41.733333333333334 0.13734642157408142 0.0014744410716913403
41.766666666666666 0.19705473262508424 0.0015248017455592733
41.8 0.26454019825685926 0.0015863467613856375
41.833333333333336 0.3054147353875458 0.0016301347971594549
41.86666666666667 0.3780126255905818 0.0017225827358083312
41.9 0.3475545890235658 0.0016466847400486984
41.93333333333333 0.33652032475479354 0.001644601012946001
41.96666666666667 0.3011333566189665 0.0016107850613180097
42.0 0.25313487416109826 0.0015806405029361592
