0.0 0.30849655271811083 0.0012789445082211914
0.03333333333333333 0.38511635961228197 0.0013352421403157733
0.06666666666666667 0.44468289089597174 0.0013579613696639847
0.1 0.4847419724950712 0.0013677100031626588
0.13333333333333333 0.5099341908528255 0.0013793595084891086
0.16666666666666666 0.5123957984346227 0.0013892060511664361
0.2 0.49419470004877425 0.0013775186618166235
0.23333333333333334 0.4553473341699132 0.001362885120917201
0.26666666666666666 0.38406608168785206 0.0013255785667283804
0.3 0.30557624890412993 0.001284504419630239
0.3333333333333333 0.2156617828749711 0.0012116808074880137
0.36666666666666664 0.11461690762248186 0.0011322928181239783
0.4 0.010566427182680561 0.0010284381743485126
0.43333333333333335 -0.09300859003109826 0.0011110365682817647
0.4666666666666667 -0.19214478899723741 0.001198013850126134
0.5 -0.2901855157371945 0.001273966534342863
0.5333333333333333 -0.3711971266156937 0.0013135678943114737
0.5666666666666667 -0.42861049532207707 0.0013491391074588743
0.6 -0.4811748163483277 0.0013873935406992777
0.6333333333333333 -0.503265016298114 0.001390144295437823
0.6666666666666666 -0.5081829594055186 0.0013821727748271062
0.7 -0.48649610939770893 0.0013767523614490185
0.7333333333333333 -0.4452666069227195 0.0013560927988240934
0.7666666666666667 -0.38810189066117784 0.0013202124972838125
0.8 -0.30882562973773214 0.0012744602891991974
0.8333333333333334 -0.21908776921642673 0.0012236468528148692
0.8666666666666667 -0.11675807891731442 0.001135053896921548
0.9 -0.008187892596356048 0.001027598790843423
0.9333333333333333 0.0964091807054472 0.0011173556391810835
0.9666666666666667 0.19494310918982585 0.0011984562947720268
1.0 0.2897911814367125 0.0012731579218714373
1.0333333333333334 0.36435934601321124 0.0013091660017736095
1.0666666666666667 0.4298188222967027 0.0013467560358803587
1.1 0.4750145245756217 0.0013770309896677935
1.1333333333333333 0.5221349485545823 0.0014079312459810422
1.1666666666666667 0.5527863593811989 0.001428837540835337
1.2 0.529659611575399 0.0014042261125423172
1.2333333333333334 0.4933534695545395 0.0014025115332566562
1.2666666666666666 0.4401593516954027 0.0013748482402487494
1.3 0.36939271104310645 0.0013376159439786317
1.3333333333333333 0.2653114121688437 0.0012596305987717105
1.3666666666666667 0.1971503130054327 0.0012320800676930976
1.4 0.06911655399582758 0.0011143727649261526
1.4333333333333333 -0.016862394477287913 0.0010721245816348035
1.4666666666666666 -0.14601168574889792 0.001182188364532183
1.5 -0.21824597658819475 0.001269047407293472
1.5333333333333334 -0.29546928118795274 0.001345424873109513
1.5666666666666667 -0.37328021922581167 0.0013955833915183513
1.6 -0.4507933056488388 0.001389635879848805
1.6333333333333333 -0.48882360625989746 0.0013864112585089128
1.6666666666666667 -0.5009811716462851 0.001389740704723308
1.7 -0.4899871717135679 0.0013801389237005357
1.7333333333333334 -0.45102941114976564 0.0013666369494240715
1.7666666666666666 -0.40048036833597095 0.0013267559015490704
1.8 -0.32834699406909224 0.0012882543387525147
1.8333333333333333 -0.24386471124897988 0.00122637916054108
1.8666666666666667 -0.145186421664663 0.0011538579453292397
1.9 -0.041394327066025534 0.0010600236351681197
1.9333333333333333 0.06700044075515663 0.0010800309778273842
1.9666666666666666 0.16845071453555543 0.0011661891995143892
2.0 0.2567400527728582 0.0012403957269841448
2.033333333333333 0.33438889934698385 0.0012970122750265989
2.066666666666667 0.41119240968639903 0.0013449026606315306
2.1 0.46037255672099026 0.0013705567449499578
2.1333333333333333 0.49051825858693315 0.00138156423824648
2.1666666666666665 0.5198056210574414 0.0014058631029685298
2.2 0.5031180387509886 0.001384836835726988
2.2333333333333334 0.4774945916002865 0.0013733262901837184
2.2666666666666666 0.42954977669480304 0.0013502686896886273
2.3 0.36017560660281256 0.0013259279016519243
2.3333333333333335 0.2780817159927787 0.0012694990128240824
2.3666666666666667 0.18643109984950612 0.0011848619072438726
2.4 0.08331260578052722 0.001097643863815917
2.433333333333333 -0.02206414077508092 0.0010483876131596043
2.466666666666667 -0.12492381921403149 0.0011344279976560206
2.5 -0.22055282095036538 0.0012220344077935874
2.533333333333333 -0.30721356376427356 0.0012730089636060482
2.566666666666667 -0.3841809259749409 0.0013201669065502353
2.6 -0.43907305234939903 0.0013660708662679433
2.6333333333333333 -0.47809312124718895 0.0013874106116530394
2.6666666666666665 -0.49879307211242774 0.001384979596345759
2.7 -0.4961721841210036 0.0013976792415372752
2.7333333333333334 -0.4682129852977625 0.0013926820012513663
2.7666666666666666 -0.41969140999497423 0.0013708346291270712
2.8 -0.35393628728644405 0.0013236948301775242
2.8333333333333335 -0.2764477194925404 0.001270454680158517
2.8666666666666667 -0.18067611257278834 0.0011977774828205168
2.9 -0.07389822374535027 0.0011056594371064432
2.933333333333333 0.030319554498749235 0.0010614986354681513
2.966666666666667 0.1246162578120509 0.0011399128486141163
3.0 0.21909746998134982 0.0012136687768058152
3.033333333333333 0.3073372352119068 0.0012726278432598215
3.066666666666667 0.3820763718720223 0.0013349186945896263
3.1 0.44090935448148905 0.001361451189294649
3.1333333333333333 0.4826931065620136 0.0013816531034747115
3.1666666666666665 0.49369314575607753 0.0013856703660980463
3.2 0.49051675781467985 0.0013903748808512528
3.2333333333333334 0.4643888271014157 0.0013759474167792662
3.2666666666666666 0.4216879548475354 0.001351824603939067
3.3 0.3586916544457075 0.0013185102765433943
3.3333333333333335 0.2812693625600278 0.001261904315832174
3.3666666666666667 0.19247624745641478 0.0011960269269812862
3.4 0.09405578021048241 0.001117838104110258
3.433333333333333 -0.00918988445618305 0.0010280735595470328
3.466666666666667 -0.11134023984507217 0.0011304976307136144
3.5 -0.20799110822773653 0.0012151406237285722
3.533333333333333 -0.29577157319317887 0.001266589091106829
3.566666666666667 -0.3709125933366564 0.0013153214239149391
3.6 -0.4308523142663789 0.001345126002266439
3.6333333333333333 -0.4712588884615047 0.0013657758228896588
3.6666666666666665 -0.48905151934733465 0.0013806161307832188
3.7 -0.48212599970413844 0.0013892623207222843
3.7333333333333334 -0.45822370917473415 0.0013832584955718596
3.7666666666666666 -0.4274322198658693 0.0013494616295340878
3.8 -0.35942842845745915 0.0013117798234395517
3.8333333333333335 -0.2769014420690826 0.0012679082671085418
3.8666666666666667 -0.18987690955214667 0.0011935830673561743
3.9 -0.08942320696813118 0.0011135404494721085
3.933333333333333 0.011913108570950251 0.001040476689379597
3.966666666666667 0.10977093706189402 0.0011353540021079994
4.0 0.20173318604433985 0.0012034384163909506
4.033333333333333 0.2878657816347571 0.0012726427354078917
4.066666666666666 0.36355765739735574 0.0013144152005056808
4.1 0.4305280848392729 0.001356666036504861
4.133333333333334 0.46485158818535816 0.0013681442292490797
4.166666666666667 0.48448024444226395 0.0013709760654230796
4.2 0.48535764809197945 0.0013706981146430208
4.233333333333333 0.46731013075446337 0.0013664533792631106
4.266666666666667 0.42724002750060086 0.0013474716549490284
4.3 0.3934418654553375 0.0013657178008714688
4.333333333333333 0.3164237347115608 0.0013154905772013725
4.366666666666666 0.21951338147406207 0.0012310484315259107
4.4 0.1176653136460521 0.0011445948047390936
4.433333333333334 0.012005635052925411 0.0010324361827703243
4.466666666666667 -0.08581269769353658 0.0011045618276934593
4.5 -0.18674626173068604 0.0011919684684686682
4.533333333333333 -0.2761703468116935 0.0012592030881511396
4.566666666666666 -0.3544595663222295 0.001307909270468477
4.6 -0.4151332179785347 0.0013404031188974375
4.633333333333334 -0.45860459092883954 0.0013626450874564267
4.666666666666667 -0.4835881720791529 0.0013936244255770558
4.7 -0.4862162739954515 0.0013848076131853793
4.733333333333333 -0.46977248138134475 0.001365386316791617
4.766666666666667 -0.43172363933338453 0.0013418431720723656
4.8 -0.37446050217086596 0.0013129055602456585
4.833333333333333 -0.30075807265648163 0.0012727108165717649
4.866666666666666 -0.20804949079000137 0.001207063350788684
4.9 -0.11182776041645245 0.0011260576859012245
4.933333333333334 -0.008200620863357702 0.0010420790208240122
4.966666666666667 0.08829491200390602 0.0011243271373787556
5.0 0.18116502956215694 0.0011857012438757086
5.033333333333333 0.26766456697546115 0.0012668844711108407
5.066666666666666 0.3479200236593493 0.0013396341085494812
5.1 0.4142204814288862 0.0013654660341279046
5.133333333333334 0.45382993257614934 0.0013577468489947009
5.166666666666667 0.4787413170277871 0.0013651494257050367
5.2 0.48876679000124384 0.0013829489961666996
5.233333333333333 0.4735701353423873 0.0013643952201453091
5.266666666666667 0.444214974911378 0.0013536187947865153
5.3 0.3819275154961398 0.0013290145635730388
5.333333333333333 0.3138252891951855 0.0012907419016982558
5.366666666666666 0.23656710646301002 0.001235389218076699
5.4 0.1392666501537215 0.001147449662881439
5.433333333333334 0.03919758440520288 0.0010514677079804455
5.466666666666667 -0.057342066106106454 0.0010693601097638006
5.5 -0.15972996165225142 0.0011646924587656593
5.533333333333333 -0.24965112944465995 0.0012324728486142744
5.566666666666666 -0.33060711778894647 0.0012866514296865916
5.6 -0.39641026038330723 0.0013282880532167751
5.633333333333334 -0.44683355988590867 0.0013604267216625887
5.666666666666667 -0.4724633346581772 0.0014001619987663583
5.7 -0.4852595895422569 0.0013945049993995262
5.733333333333333 -0.4684092491053558 0.001399427188310487
5.766666666666667 -0.4358040544878057 0.0013612142946670125
5.8 -0.3873921978341769 0.0013409497173109686
5.833333333333333 -0.3128173005161925 0.0012924385150465678
5.866666666666666 -0.2356761417449701 0.0012266846595070657
5.9 -0.14141643826527653 0.0011493879883849867
5.933333333333334 -0.04442520343340199 0.0010618714783602393
5.966666666666667 0.05379588836364757 0.001065425287334075
6.0 0.15147552714465845 0.0011573849924317314
6.033333333333333 0.24430063158796028 0.0012304499461582297
6.066666666666666 0.32551385484086415 0.0012941405754363644
6.1 0.3891377528168493 0.0013246344010654498
6.133333333333334 0.4408990856227643 0.0013554780431401792
6.166666666666667 0.4735568999903307 0.0013658495184443176
6.2 0.48159783822753965 0.0013658525918698872
6.233333333333333 0.4834951011457056 0.0013751656024950654
6.266666666666667 0.45090959619774196 0.0013582023539681631
6.3 0.3992886015596257 0.0013441737492538297
6.333333333333333 0.3344629527637497 0.0012957330162248204
6.366666666666666 0.2555568126117578 0.0012490761424879815
6.4 0.16490830494907774 0.001167155660409147
6.433333333333334 0.06853582960809516 0.0010801949434594421
6.466666666666667 -0.029411750524330687 0.0010463699034662169
6.5 -0.12577670787137432 0.0011425257000585998
6.533333333333333 -0.22312101714034777 0.0012246093468354646
6.566666666666666 -0.30251925731269697 0.0012945694708078603
6.6 -0.37700609519463296 0.0013372001153234003
6.633333333333334 -0.43167232435929404 0.0013602293195760784
6.666666666666667 -0.4671956472415189 0.0013597843481941707
6.7 -0.4716745240411248 0.0013866651603703373
6.733333333333333 -0.46421998904695494 0.0013910748626487224
6.766666666666667 -0.4437251709654016 0.0013661410032013155
6.8 -0.3994402400246433 0.001334037393154519
6.833333333333333 -0.33653017634351107 0.0012891574074005985
6.866666666666666 -0.25219580388457324 0.0012441711688894186
6.9 -0.16925515212716516 0.0011777367384492865
6.933333333333334 -0.07267567300667396 0.0010954158683846027
6.966666666666667 0.02847371099776739 0.001039941213139401
7.0 0.124387546214878 0.0011272441092040203
7.033333333333333 0.2255186407122189 0.0012245401406364986
7.066666666666666 0.3088146120761602 0.0013087495370979751
7.1 0.36738493725949745 0.001311247405643201
7.133333333333334 0.42062081048584626 0.001331841647757348
7.166666666666667 0.45486880060747753 0.001363463054854963
7.2 0.4774154174604451 0.001367291489963729
7.233333333333333 0.47052693468929 0.0013661182079566792
7.266666666666667 0.4483817914547853 0.001357650808394284
7.3 0.4031671800777045 0.001329685338265052
7.333333333333333 0.3461332253528753 0.001309017565586934
7.366666666666666 0.2730512746420803 0.001260999320804923
7.4 0.18746334603422646 0.0011868504538316282
7.433333333333334 0.09914607799107987 0.0011082354008130069
7.466666666666667 -0.00019523577950320104 0.001027446097705443
7.5 -0.10651415167111238 0.0011211634564817496
7.533333333333333 -0.2018055180443233 0.001203376437970527
7.566666666666666 -0.2861457171075812 0.0012544208376514265
7.6 -0.3585313754336333 0.0013095425048497145
7.633333333333334 -0.41478587655448346 0.001354083305397602
7.666666666666667 -0.45529347997942393 0.0013532474368581626
7.7 -0.47419950348757633 0.0013713472834928075
7.733333333333333 -0.4730128848178514 0.0013667757851075768
7.766666666666667 -0.45228872895075334 0.0013676143170490707
7.8 -0.41018645181638047 0.0013386288502347798
7.833333333333333 -0.34499127370611554 0.00131044403131364
7.866666666666666 -0.2773531150716234 0.0012598502089065655
7.9 -0.19106051730773002 0.0011848503361990281
7.933333333333334 -0.09544337912917526 0.001105572160252019
7.966666666666667 0.0007848558503036023 0.0010164547877649513
8.0 0.099220580243635 0.0011113096172889608
8.033333333333333 0.1939802005689182 0.0011893570365257011
8.066666666666666 0.27917397860889476 0.0012582890992475226
8.1 0.34780156405433116 0.0013018226229009056
8.133333333333333 0.404649270429735 0.0013319075989504658
8.166666666666666 0.4434261780362286 0.0013476040410294599
8.2 0.46457795056962625 0.0013631075195026932
8.233333333333333 0.4676446993371896 0.0013650926617396197
8.266666666666667 0.44829048562420404 0.0013645302244067459
8.3 0.4149610595818628 0.0013441286956570875
8.333333333333334 0.36043152148955127 0.0013332411433157887
8.366666666666667 0.2884790262106682 0.0012650600376900578
8.4 0.20215749539888 0.001198734215593883
8.433333333333334 0.12245589192527732 0.0011337614821344266
8.466666666666667 0.01893653004389298 0.0010342522150976717
8.5 -0.0742448215486514 0.0010880478062123694
8.533333333333333 -0.16691560628158245 0.0011871179557223777
8.566666666666666 -0.2619591171187782 0.0012463655816615793
8.6 -0.3365969766473822 0.0012949880431125105
8.633333333333333 -0.3973720288683374 0.001325643130346832
8.666666666666666 -0.44023099954229095 0.0013459704553429597
8.7 -0.4654725387761168 0.0013582679699528644
8.733333333333333 -0.4695301784686179 0.001362017360562351
8.766666666666667 -0.453476047958292 0.0013720548161869628
8.8 -0.4180337614398929 0.001339619537069514
8.833333333333334 -0.363999537291162 0.0013263828926615706
8.866666666666667 -0.2928679404563033 0.0012825273207498489
8.9 -0.20941613021276992 0.00120077750073036
8.933333333333334 -0.1186486139610757 0.0011224904568848115
8.966666666666667 -0.02513351849571967 0.0010390422379652625
9.0 0.0719897706641661 0.0010835797756472282
9.033333333333333 0.16661282198656271 0.0011697925976093815
9.066666666666666 0.250314465773447 0.001226571528790965
9.1 0.3323947686577408 0.0012912216880257565
9.133333333333333 0.3897465710546397 0.0013198532483363334
9.166666666666666 0.43070992565639726 0.001340318877407931
9.2 0.4557335131909659 0.001354809478678498
9.233333333333333 0.46086415756361754 0.0013514130366749644
9.266666666666667 0.44788818658248997 0.0013490619819763738
9.3 0.4173130498670646 0.0013324612766136834
9.333333333333334 0.36918807387043234 0.0013076627238655658
9.366666666666667 0.3031025466113446 0.0012673812376292615
9.4 0.22634228765832043 0.0012169150998407041
9.433333333333334 0.13709780081050854 0.0011555212270003001
9.466666666666667 0.0445965266009688 0.001069948648170567
9.5 -0.05252589911422025 0.0010741997037691103
9.533333333333333 -0.14687715113133676 0.0011514400450264861
9.566666666666666 -0.23315173172410375 0.0012382514839706926
9.6 -0.31200774836782974 0.0012867600053776407
9.633333333333333 -0.37938175413747904 0.0013240018220179173
9.666666666666666 -0.4247314060648571 0.0013364249907596992
9.7 -0.45152657741018515 0.0013529640553033295
9.733333333333333 -0.45871412980587783 0.0013656669641388675
9.766666666666667 -0.45261845330254047 0.001368509569251275
9.8 -0.42319031679430735 0.001349433491134422
9.833333333333334 -0.37055941470152515 0.0013238035500913736
9.866666666666667 -0.30781915498224804 0.0012717127980790277
9.9 -0.22639500461133866 0.0012134820014535752
9.933333333333334 -0.13909200605099145 0.001142234354700039
9.966666666666667 -0.041832728302214066 0.0010573633254183784
10.0 0.04730148444041878 0.0010571102393508794
10.033333333333333 0.14249552840241408 0.001149120361466166
10.066666666666666 0.23359476441818175 0.0012195247389820418
10.1 0.3154912430436548 0.0012818843048411632
10.133333333333333 0.37637372837394195 0.0013217039520280194
10.166666666666666 0.41543184920227294 0.0013381596421139785
10.2 0.4460531932010291 0.0013526920190422564
10.233333333333333 0.45645438705055036 0.0013562487301749249
10.266666666666667 0.44902996637824527 0.001351717619659465
10.3 0.41683284341807386 0.0013348940313479551
10.333333333333334 0.3779566100236609 0.001316613537039768
10.366666666666667 0.33481976655789203 0.0013135595514064402
10.4 0.2474402432418715 0.0012537237714413119
10.433333333333334 0.15716593669399706 0.0011721612250255309
10.466666666666667 0.06527834281295392 0.001095861126385822
10.5 -0.030830155434733657 0.0010481148574757876
10.533333333333333 -0.12628317901296196 0.0011337841836001061
10.566666666666666 -0.21539073357602148 0.001201324376270213
10.6 -0.29250961956487487 0.0012568538604100232
10.633333333333333 -0.3610152668523349 0.0013003964345612018
10.666666666666666 -0.41116745797364807 0.001331690638855132
10.7 -0.4442246530175487 0.0013494912245023971
10.733333333333333 -0.4537516252456849 0.0013668960739960379
10.766666666666667 -0.45349477258323245 0.0013650165746365017
10.8 -0.4306834571428088 0.001351251172308443
10.833333333333334 -0.38115390911560304 0.0013321275033083002
10.866666666666667 -0.3148094681959594 0.001288791546042889
10.9 -0.24838276304530005 0.0012277719917161978
10.933333333333334 -0.16346361139429547 0.0011670808174980563
10.966666666666667 -0.07101100890238998 0.0010809039110157986
11.0 0.02444182306008706 0.001039983242784967
11.033333333333333 0.11723340836771692 0.0011283490478109642
11.066666666666666 0.20349566355249263 0.0012016869112193296
11.1 0.2856210686861212 0.0012712845016608076
11.133333333333333 0.34936887481118883 0.0013105959642624176
11.166666666666666 0.4101287538391511 0.0013351789635040467
11.2 0.43749273077720346 0.0013543943699121375
11.233333333333333 0.4555194478538444 0.0013709555961943787
11.266666666666667 0.45025161199873176 0.0013674407881937856
11.3 0.4265706074605037 0.0013438357273362067
11.333333333333334 0.38798930367079293 0.0013228573770587282
11.366666666666667 0.334745918116206 0.0012962095135657936
11.4 0.2593259142870025 0.001247115104504093
11.433333333333334 0.1761807573143157 0.0011818166208606151
11.466666666666667 0.09477451280488644 0.0011029528213746531
11.5 -0.00577043399973821 0.0010231845388025476
11.533333333333333 -0.10363799635391147 0.0011136785069186111
11.566666666666666 -0.19036691457101726 0.0011893952922978068
11.6 -0.2754699137793804 0.0012551533162331596
11.633333333333333 -0.3442503237837079 0.0012988618680790376
11.666666666666666 -0.3903292430667299 0.0013463304451445945
11.7 -0.43408376475674965 0.0013498765099406174
11.733333333333333 -0.4509391109146996 0.001360024279689065
11.766666666666667 -0.45166602650539356 0.0013587487973303336
11.8 -0.43367971988081955 0.001344229971376898
11.833333333333334 -0.39343807138179704 0.0013336553575727383
11.866666666666667 -0.33297921528474567 0.0012985257381963877
11.9 -0.26407250931479004 0.001244537254725897
11.933333333333334 -0.17882553817775051 0.0011864507347407183
11.966666666666667 -0.09322373609226677 0.0011068766154049975
12.0 0.005118279220765107 0.0010356797552014234
12.033333333333333 0.1013479408854947 0.0011206982096561707
12.066666666666666 0.18631487251801196 0.0011879737052469808
12.1 0.26662726073724385 0.0012505713185021472
12.133333333333333 0.33299310901399914 0.0013015176820684315
12.166666666666666 0.3900691930167944 0.0013487876217736505
12.2 0.43182379911095775 0.001381420702394831
12.233333333333333 0.4483328179178264 0.0013780995692394549
12.266666666666667 0.44933464233735443 0.0013823946753377392
12.3 0.4367069897728422 0.0013690480284184736
12.333333333333334 0.39785314395723 0.0013337631696726526
12.366666666666667 0.34276716518636574 0.0013055474157410152
12.4 0.273143287440906 0.0012562659685685373
12.433333333333334 0.19340578833605432 0.0011950821182939164
12.466666666666667 0.11225933813342054 0.0011253377115759827
12.5 0.01956159021013733 0.0010327247326722341
12.533333333333333 -0.08212360335559588 0.0010883749593697117
12.566666666666666 -0.16944367421976064 0.0011682050281315026
12.6 -0.2527651983944719 0.0012308853859027136
12.633333333333333 -0.3247652230769496 0.0012857885810483305
12.666666666666666 -0.3833692215462443 0.0013211060784856232
12.7 -0.4241865310030778 0.0013418698579445998
12.733333333333333 -0.447376590904721 0.0013503579061232562
12.766666666666667 -0.4480647447222906 0.0013570757812429446
12.8 -0.43603196977265424 0.0013455339478016803
12.833333333333334 -0.3999682198831323 0.00133150110313901
12.866666666666667 -0.33985552778832334 0.0013009575803319406
12.9 -0.27316945828939354 0.0012549306427694362
12.933333333333334 -0.19520568082681558 0.0011920412644318978
12.966666666666667 -0.11116557574085928 0.001125852052516696
13.0 -0.01767393054978249 0.0010395295007553512
13.033333333333333 0.07072129651665264 0.0010862971941476007
13.066666666666666 0.16658018039728387 0.0011806793858309683
13.1 0.2467720784820567 0.0012343036536798524
13.133333333333333 0.31521406748592695 0.0012775184607874968
13.166666666666666 0.37337055378356376 0.0013145658153090878
13.2 0.41543380734579716 0.0013448692064862433
13.233333333333333 0.43927089603935515 0.001350845817930768
13.266666666666667 0.4476873379816955 0.0013486386855381949
13.3 0.43125335113956875 0.0013378393282211243
13.333333333333334 0.40163455416383503 0.0013283099948862565
13.366666666666667 0.3540947472202259 0.0013058258340920559
13.4 0.2884938099859457 0.0012638526374071923
13.433333333333334 0.21402075073157178 0.0012162773970081364
13.466666666666667 0.14123117074525485 0.0011594046292776883
13.5 0.04100301904795009 0.0010607263591964622
13.533333333333333 -0.05928979541110267 0.0010769161756545992
13.566666666666666 -0.150065026984552 0.001154552468737191
13.6 -0.2327822206234946 0.001228344719441249
13.633333333333333 -0.2987735505850572 0.0012835325786885732
13.666666666666666 -0.36718436194409115 0.0013264796622334263
13.7 -0.41334164031556186 0.0013465009119837945
13.733333333333333 -0.4403475597932337 0.0013551492516855612
13.766666666666667 -0.4458659999660716 0.0013549796478778964
13.8 -0.4366654423838084 0.0013635926761443873
13.833333333333334 -0.4058400157305333 0.0013384901730492116
13.866666666666667 -0.35944152912916805 0.0013054113624829111
13.9 -0.29471018588432224 0.0012736312590229115
13.933333333333334 -0.2192129617356921 0.001214996342490643
13.966666666666667 -0.1320667777688519 0.001144935737869307
14.0 -0.026385879329933446 0.001052077946106976
14.033333333333333 0.05684963658678033 0.0010765990791481925
14.066666666666666 0.14151044000184576 0.0011494400915232073
14.1 0.23052772922585338 0.001222231413438718
14.133333333333333 0.298072333409456 0.001267690709518099
14.166666666666666 0.3669418653221628 0.0013115781474730137
14.2 0.4117430290458644 0.001334196889655248
14.233333333333333 0.44009942052383866 0.0013599914770965338
14.266666666666667 0.44272969232474313 0.0013480619043952924
14.3 0.437502232106917 0.0013531350098514583
14.333333333333334 0.4069924369192404 0.0013310789410884705
14.366666666666667 0.36480627340380284 0.0013072731572563168
14.4 0.3040267561637135 0.0012722441998970768
14.433333333333334 0.22973302743169122 0.001215393785771346
14.466666666666667 0.14544751254517974 0.0011461476632334267
14.5 0.05588762284908387 0.0010722688535708888
14.533333333333333 -0.03733537676538172 0.0010570239455115898
14.566666666666666 -0.12498081634278961 0.0011334111266819297
14.6 -0.2144377149145392 0.0012053762449621974
14.633333333333333 -0.28743280203721316 0.0012589964971660983
14.666666666666666 -0.34639484410197646 0.001300371963323499
14.7 -0.3960677097907064 0.0013274819084920786
14.733333333333333 -0.43285445203463535 0.0013409199363491053
14.766666666666667 -0.4440502459013342 0.001349668092510914
14.8 -0.43777030380257015 0.0013545521197060317
14.833333333333334 -0.40260989296393945 0.00135193235932074
14.866666666666667 -0.36431589404965625 0.001313609137839289
14.9 -0.3076479039822179 0.0012797531560264086
14.933333333333334 -0.23300414445274018 0.0012266990179325143
14.966666666666667 -0.1513702910586837 0.0011596217694242739
15.0 -0.06112553766295953 0.0010731000564037155
15.033333333333333 0.029748275939311248 0.0010537021843048354
15.066666666666666 0.1214833356227309 0.0011283956897669561
15.1 0.20881566173368163 0.001197941649643458
15.133333333333333 0.2842100643600522 0.0012526480295471654
15.166666666666666 0.34582360459687994 0.001297632380271252
15.2 0.3935121462636993 0.0013322830312222367
15.233333333333333 0.4280648131745776 0.0013605839046638701
15.266666666666667 0.44312132214229977 0.0013522753885649719
15.3 0.4320871174518498 0.0013402461383429376
15.333333333333334 0.4096359558159679 0.0013304065786576835
15.366666666666667 0.36896958127406004 0.001317572980272519
15.4 0.31377393553565586 0.0012770834739101455
15.433333333333334 0.2510116132394355 0.0012440672258643426
15.466666666666667 0.16790210180618886 0.0011839721194262243
15.5 0.07585380177398898 0.0010988745715154874
15.533333333333333 -0.01750816960733248 0.001042982297098826
15.566666666666666 -0.10655950048515829 0.0011155585714431454
15.6 -0.19285346866895853 0.0011882211050882052
15.633333333333333 -0.2693779207742537 0.0012475431052550445
15.666666666666666 -0.3377903438096444 0.0012983218180499523
15.7 -0.38965018780415756 0.0013363599060253195
15.733333333333333 -0.4191883967692363 0.001354950700997004
15.766666666666667 -0.43754925713485665 0.001359321114731915
15.8 -0.4323474183301064 0.001358340366104105
15.833333333333334 -0.40857164691197206 0.001361632749561692
15.866666666666667 -0.37322028185057715 0.001325371875525727
15.9 -0.3180582549827916 0.0012942371692927779
15.933333333333334 -0.24950606257799138 0.0012497903103688979
15.966666666666667 -0.16670255967820805 0.001174475775249817
16.0 -0.07815905250244456 0.001093392175540428
16.033333333333335 0.010057794867686612 0.0010249249970712016
16.066666666666666 0.11183280562194611 0.0011096807098642386
16.1 0.19245226669723378 0.001197113693870211
16.133333333333333 0.26695568907755934 0.0012615909814479576
16.166666666666668 0.3298550514320753 0.0012837318759787997
16.2 0.38098366723289806 0.001314495154601969
16.233333333333334 0.4137728166694474 0.0013398595942393232
16.266666666666666 0.43066724159866526 0.0013420589184669485
16.3 0.4337420597385538 0.0013482372375581142
16.333333333333332 0.4100574429095267 0.0013358267004920377
16.366666666666667 0.3777878312248178 0.001315323926834644
16.4 0.326200152686954 0.0012831883631818641
16.433333333333334 0.2606645364487056 0.0012381359921518897
16.466666666666665 0.1802531029258899 0.001180397518287829
16.5 0.09249182858234606 0.0011000117228646966
16.533333333333335 0.004365475296687155 0.0010240547276018676
16.566666666666666 -0.07970348923704942 0.001109182450901372
16.6 -0.16757873808457158 0.0011790151431988471
16.633333333333333 -0.2507793573528808 0.0012387965515299193
16.666666666666668 -0.31624047225390567 0.0012825271052274156
16.7 -0.369584745200523 0.0013282669510777945
16.733333333333334 -0.4142077669937639 0.0013400431295763071
16.766666666666666 -0.433504914177742 0.001364093890066198
16.8 -0.4337695993652552 0.001379557439907253
16.833333333333332 -0.4189531064086356 0.0013515566569831106
16.866666666666667 -0.3822869335174396 0.0013208702033734032
16.9 -0.3301991955267664 0.0012960861208130559
16.933333333333334 -0.2583585121662736 0.001251421653750473
16.966666666666665 -0.18252879532947736 0.0011919098625933489
17.0 -0.09929061065227739 0.001112652898164021
17.033333333333335 -0.008705476482661975 0.001022141723361833
17.066666666666666 0.07931883347300102 0.001094556408454489
17.1 0.16672977139028144 0.0011715507138155556
17.133333333333333 0.24624000945327545 0.0012366984512122703
17.166666666666668 0.3153116123517643 0.0012869805272879842
17.2 0.36895609376324184 0.0013207558288086396
17.233333333333334 0.40460029262590813 0.0013357460491634776
17.266666666666666 0.427021439406185 0.001352847209919572
17.3 0.429842037200858 0.0013546289652784371
17.333333333333332 0.41656430965899505 0.0013522489647324054
17.366666666666667 0.3829452390467516 0.0013229217675146954
17.4 0.3324824314164079 0.0012872519392703174
17.433333333333334 0.27052244591110436 0.0012503210551212396
17.466666666666665 0.1960947869218065 0.0011951650439444017
17.5 0.11163451371195447 0.0011225122059740217
17.533333333333335 0.019806978386822195 0.0010341184328018296
17.566666666666666 -0.06935754561796836 0.001095072231731567
17.6 -0.15432069668487947 0.0011923303465462276
17.633333333333333 -0.23515851208356758 0.0012455688542633014
17.666666666666668 -0.30469890415279816 0.0012848609167867564
17.7 -0.3625228546233956 0.0013081940098993439
17.733333333333334 -0.4007646641312441 0.0013199968361045644
17.766666666666666 -0.4275068004946421 0.0013444724136438269
17.8 -0.43336165721391207 0.0013590600733139335
17.833333333333332 -0.4206658435395386 0.0013496528314763667
17.866666666666667 -0.38685280480930934 0.0013251817819976974
17.9 -0.33787634972017744 0.0013064162858548167
17.933333333333334 -0.27350756575406554 0.001265509504035256
17.966666666666665 -0.19760922900624722 0.0012116947926831267
18.0 -0.11630344034731663 0.0011289854377015546
18.033333333333335 -0.026888991631157707 0.0010464156107080173
18.066666666666666 0.061549791279427404 0.0010782931131766843
18.1 0.14935020204357347 0.0011529151364280676
18.133333333333333 0.23119678033504432 0.0012256062887019692
18.166666666666668 0.2978908105978482 0.0012636085780137196
18.2 0.35502930049069553 0.0013016510487444122
18.233333333333334 0.3953615198274362 0.0013329318627690045
18.266666666666666 0.41938959416214866 0.0013445920410960488
18.3 0.43097797308915997 0.00134367583809053
18.333333333333332 0.4186847333153931 0.001372394477990424
18.366666666666667 0.3881211600870139 0.001354403400495252
18.4 0.3414208533125934 0.0013217999964668659
18.433333333333334 0.281767960171247 0.0012694536689596414
18.466666666666665 0.2097912180312111 0.0011995068586713176
18.5 0.128220160801778 0.0011319532873683702
18.533333333333335 0.03890491535194111 0.0010598627872701605
18.566666666666666 -0.049790493184081575 0.001068371925482002
18.6 -0.13708038341067225 0.0011493328888522447
18.633333333333333 -0.22002303831281145 0.0012289933056961744
18.666666666666668 -0.28520335040486255 0.0012790885501591798
18.7 -0.34423300233117643 0.0013207443923320406
18.733333333333334 -0.38781973415787585 0.0013382696252858262
18.766666666666666 -0.4208570159362284 0.0013355605217108546
18.8 -0.42809299093046393 0.0013435277644964772
18.833333333333332 -0.4100330952808432 0.0013502790019832567
18.866666666666667 -0.3866705255028803 0.0013214607886697372
18.9 -0.34345933586923594 0.0013192188563522778
18.933333333333334 -0.28289197403257405 0.001271372128304915
18.966666666666665 -0.21367557945876506 0.0012099015043324224
19.0 -0.12754203217161947 0.0011373754683763337
19.033333333333335 -0.03753650673670101 0.0010560569447387314
19.066666666666666 0.05499232346227493 0.001076012652968479
19.1 0.14672738099769397 0.001154903697986237
19.133333333333333 0.20865220472521942 0.0011959886535321818
19.166666666666668 0.2847021176402189 0.0012554421823164907
19.2 0.3446346176814605 0.0013006588047147494
19.233333333333334 0.3866924651033636 0.0013294631638046117
19.266666666666666 0.4168205653119132 0.0013377001139410205
19.3 0.4258163413713551 0.0013429337338543013
19.333333333333332 0.4185877191859059 0.001338869619526617
19.366666666666667 0.39014764855787104 0.0013199522930448238
19.4 0.35087347937094526 0.0013012258593007586
19.433333333333334 0.29211227949780033 0.0012716601977968978
19.466666666666665 0.22177101933872945 0.0012151028587998047
19.5 0.14239237903500937 0.0011423405208920434
19.533333333333335 0.05553420655723474 0.0010689587140608678
19.566666666666666 -0.031626676939821866 0.0010414743387611308
19.6 -0.12312761512027028 0.001128094584243372
19.633333333333333 -0.20205780643957572 0.001191305736076037
19.666666666666668 -0.274555484170673 0.0012453889320047096
19.7 -0.33207283517044106 0.0012928863773515875
19.733333333333334 -0.38118813409646657 0.0013179813298292986
19.766666666666666 -0.4066308024053939 0.001339683638400202
19.8 -0.4222591785887663 0.0013413926368928686
19.833333333333332 -0.41894891430537323 0.0013377905748281904
19.866666666666667 -0.39577493296481425 0.0013207254467402785
19.9 -0.35171772476835367 0.0013001974613772171
19.933333333333334 -0.29602029100654 0.0012634735906832395
19.966666666666665 -0.22662082119351934 0.0012104306833308487
20.0 -0.1493178342343845 0.0011505554670970808
20.033333333333335 -0.06233760477615012 0.0010729733837416405
20.066666666666666 0.028175363484274504 0.001046220786505004
20.1 0.11127814916343305 0.0011190114969178294
20.133333333333333 0.19284965619119526 0.0011849957709013648
20.166666666666668 0.2664309386210446 0.0012451007071645481
20.2 0.3282054822861042 0.0013064072350836287
20.233333333333334 0.3767934474821956 0.0013247835030276156
20.266666666666666 0.4051721827857731 0.0013445290310266644
20.3 0.42175137623492476 0.0013649857124021225
20.333333333333332 0.41918479668582254 0.0013483217188430263
20.366666666666667 0.3923656157965552 0.0013290545431774436
20.4 0.3548563278308524 0.0013170674552741013
20.433333333333334 0.3019861176180726 0.001273113774288126
20.466666666666665 0.23540851304109825 0.001221515210385521
20.5 0.15905753854376567 0.0011644533932794465
20.533333333333335 0.07164920866710198 0.001087036231063515
20.566666666666666 -0.010615778903703792 0.0010283801976844198
20.6 -0.1048151759884977 0.0011097820770106792
20.633333333333333 -0.18490255662169144 0.0011782870301236814
20.666666666666668 -0.26039173668081855 0.0012385943579963365
20.7 -0.3230058538973963 0.001279720905785764
20.733333333333334 -0.37194913239361455 0.001311586096019668
20.766666666666666 -0.40605403600377765 0.001328440968870137
20.8 -0.421946923156936 0.0013442749043210966
20.833333333333332 -0.4203785899733695 0.0013504034458564074
20.866666666666667 -0.3986117111894163 0.0013368501743435957
20.9 -0.3608327934051688 0.0013064521195201295
20.933333333333334 -0.3060727974072151 0.0012761296481566542
20.966666666666665 -0.24039587405071774 0.001223033688857067
21.0 -0.1627097288643634 0.0011623644715910986
21.033333333333335 -0.07875168797898846 0.0010849977949825979
21.066666666666666 0.011995272410673991 0.0010319329432118707
21.1 0.09415489867470117 0.0011042957876256781
21.133333333333333 0.17695544347283637 0.0011794295608908711
21.166666666666668 0.25171106021286876 0.001239509266491634
21.2 0.31487012483923815 0.0012789648963469347
21.233333333333334 0.3629409461283067 0.0013133436795348397
21.266666666666666 0.3974912301209667 0.0013435422829523591
21.3 0.4141855760159184 0.0013428706886720598
21.333333333333332 0.42341631370708 0.0013449836688702033
21.366666666666667 0.3973119755971653 0.001322808162770528
21.4 0.36038092809854766 0.0013101863751843745
21.433333333333334 0.3080004941446339 0.0012757282415247762
21.466666666666665 0.2674071523231973 0.0012640796323030168
21.5 0.17347999652125345 0.0011735670458259684
21.533333333333335 0.1009272934232142 0.0011203231444514433
21.566666666666666 0.009778180283303394 0.0010340502680990411
21.6 -0.08269789910204811 0.0010966043983378776
21.633333333333333 -0.1650660632364537 0.0011653870684400214
21.666666666666668 -0.2291795049074518 0.0012357475501948434
21.7 -0.30371202243706347 0.0012729787712366103
21.733333333333334 -0.3603474410318802 0.0013021433002075589
21.766666666666666 -0.39720830756607317 0.0013210496988043663
21.8 -0.4136659091841321 0.0013380417713887427
21.833333333333332 -0.417905086591446 0.001334696054466289
21.866666666666667 -0.4001831141782091 0.0013346765498941648
21.9 -0.3648762545206593 0.0013194957215821312
21.933333333333334 -0.3114610426447724 0.0012833393578054464
21.966666666666665 -0.2507932222798553 0.0012359179951723642
22.0 -0.17761000966171583 0.0011846884681616654
22.033333333333335 -0.09411711874029816 0.0011079781601403688
22.066666666666666 -0.007276489247536679 0.0010210442088625232
22.1 0.08790869599121665 0.001108263074880933
22.133333333333333 0.16325608679518847 0.0011708205881196532
22.166666666666668 0.23036910979933367 0.0012129543599007087
22.2 0.30180629513507656 0.0012624032592365997
22.233333333333334 0.3541574725063974 0.0013064425432347537
22.266666666666666 0.38920313589053085 0.001316870292128014
22.3 0.4120170415436861 0.0013280296960841431
22.333333333333332 0.411019497159932 0.0013293577454959737
22.366666666666667 0.39788920418101054 0.001324571809177777
22.4 0.36366211693678857 0.0013029805154680107
22.433333333333334 0.31717015169468665 0.001289383816053813
22.466666666666665 0.25528667872855204 0.0012520526331611381
22.5 0.18194832785112633 0.0011814920484332636
22.533333333333335 0.10602517506431997 0.0011238580630064526
22.566666666666666 0.017430135484332032 0.001042259043026461
22.6 -0.06747443570958273 0.0010860176813662775
22.633333333333333 -0.15013347049948736 0.0011599119525838308
22.666666666666668 -0.2278966203236429 0.0012149192006155884
22.7 -0.2967266689558829 0.0012723892407826565
22.733333333333334 -0.3480925074041571 0.0012999272627540748
22.766666666666666 -0.3878598685504263 0.0013299737462841854
22.8 -0.4108226961418257 0.001335380411481013
22.833333333333332 -0.4151478933271122 0.0013391663549332522
22.866666666666667 -0.4015576460735384 0.001354269077009862
22.9 -0.37153848907859266 0.001313803773579758
22.933333333333334 -0.32021771351133665 0.0012816171971831714
22.966666666666665 -0.2611824318555533 0.0012443959757809098
23.0 -0.19029874960952392 0.0011825445273440927
23.033333333333335 -0.10591929192623856 0.0011163886904400205
23.066666666666666 -0.017687915512159445 0.0010351575460901714
23.1 0.06132165626457708 0.0010716076722611725
23.133333333333333 0.14425683298466657 0.0011466087587291562
23.166666666666668 0.22264511274630158 0.0012123564403543896
23.2 0.3075160937887547 0.001288633311435028
23.233333333333334 0.348489216368139 0.001307489862233835
23.266666666666666 0.3844949463369814 0.0013398938973458452
23.3 0.4115262840896192 0.0013413178204503828
23.333333333333332 0.40753136509666493 0.0013381631946101646
23.366666666666667 0.3982028428340794 0.0013339952425617252
23.4 0.36874224859360777 0.0013175767337260669
23.433333333333334 0.3237370171592834 0.0012936327079018928
23.466666666666665 0.26655779476690783 0.0012523125241538091
23.5 0.1956092705218383 0.001197876480361959
23.533333333333335 0.11621625703161176 0.0011268169546222034
23.566666666666666 0.03249005010962102 0.0010489396385477412
23.6 -0.04779659645094666 0.0010568667466871462
23.633333333333333 -0.13353770864381367 0.0011417846554735989
23.666666666666668 -0.20456986120504086 0.0011942827279924906
23.7 -0.28172517354465976 0.00125260867433874
23.733333333333334 -0.3387973924590309 0.001292404764685784
23.766666666666666 -0.38067134248367207 0.0013271764708214229
23.8 -0.4010109521656335 0.0013375244063912328
23.833333333333332 -0.41023850408432727 0.0013405703931107515
23.866666666666667 -0.39236315850876546 0.0013525099030938237
23.9 -0.37330657863651645 0.0013423918005404656
23.933333333333334 -0.32747246832154225 0.0013018791241242722
23.966666666666665 -0.2713867423501914 0.0012561085253771642
24.0 -0.19710295104313483 0.0012009884774852875
24.033333333333335 -0.1217562554729637 0.0011334859748702159
24.066666666666666 -0.03808537605207131 0.001056511200843692
24.1 0.048069962161978085 0.0010622985059293433
24.133333333333333 0.12897623972501635 0.0011318244049034198
24.166666666666668 0.20968869309119076 0.001202971991552948
24.2 0.27590659845351556 0.0012517359811437534
24.233333333333334 0.34039132357784735 0.0012936814868261814
24.266666666666666 0.375193497791452 0.0013108064127428931
24.3 0.3999278353743535 0.0013264135717016567
24.333333333333332 0.41523309273472797 0.0013427836953204264
24.366666666666667 0.39955394882532835 0.001336182376659889
24.4 0.37345365325159924 0.0013290066836937342
24.433333333333334 0.33063067783004163 0.0012931998771116282
24.466666666666665 0.27795661837749813 0.0012519749323259277
24.5 0.20747220915844813 0.001201756100662782
24.533333333333335 0.12649640788943636 0.0011359755636595192
24.566666666666666 0.063284356271184 0.001092168984823505
24.6 -0.03868101782123706 0.0010498452412262618
24.633333333333333 -0.12207236852799863 0.001145672335170489
24.666666666666668 -0.1948306460041255 0.00120398228611307
24.7 -0.26800355886345495 0.001252953589119532
24.733333333333334 -0.3236818482159658 0.0012866865121388682
24.766666666666666 -0.3661225440011913 0.0013175093017868122
24.8 -0.39384903648424824 0.0013305429397508783
24.833333333333332 -0.4064244997187624 0.0013328650543517062
24.866666666666667 -0.4038802626087521 0.0013333330747576366
24.9 -0.3791947313984222 0.0013305067209556931
24.933333333333334 -0.3366149775670389 0.001302631874923632
24.966666666666665 -0.2796515041607535 0.001256084027729587
25.0 -0.2102766571542665 0.0012011687170584429
25.033333333333335 -0.1295573105413961 0.0011366999728118221
25.066666666666666 -0.04336017178981945 0.0010626192842728005
25.1 0.03617587647506103 0.0010492597296710912
25.133333333333333 0.11480112163418921 0.0011173680860673552
25.166666666666668 0.19268260473304477 0.0011859867800827206
25.2 0.261993518318388 0.0012361629902131743
25.233333333333334 0.319013589846602 0.0012778387824222137
25.266666666666666 0.3629714805399816 0.0013071208141437474
25.3 0.39419256467158126 0.0013334725266321845
25.333333333333332 0.40700518469153524 0.0013443894441981241
25.366666666666667 0.3977194014066025 0.0013257880874406602
25.4 0.37299267629354926 0.001308388918534964
25.433333333333334 0.33552795196965435 0.0012910690600988484
25.466666666666665 0.28178043390895025 0.0012521367783382975
25.5 0.2177090330697427 0.0012063107773438164
25.533333333333335 0.14089309973221106 0.0011422477399970765
25.566666666666666 0.05844050906298185 0.0010671465646969747
25.6 -0.02629331327052035 0.0010410630720831676
25.633333333333333 -0.09634357234211542 0.0011140069344163506
25.666666666666668 -0.18311135937745304 0.0011771898249393065
25.7 -0.2552000575731108 0.0012342631890761013
25.733333333333334 -0.31526100752426084 0.001285461052499437
25.766666666666666 -0.3574529935721736 0.0013207501272621824
25.8 -0.38843389267913037 0.0013235948776570972
25.833333333333332 -0.40368602673366843 0.001330018739544303
25.866666666666667 -0.3985240212543206 0.0013399119601529286
25.9 -0.3789772875226528 0.0013348033751681698
25.933333333333334 -0.340811006717316 0.0012934264039992094
25.966666666666665 -0.2869458693785893 0.0012615662258428917
26.0 -0.22165046905346972 0.001208818260020894
26.033333333333335 -0.1442230086062247 0.0011599113671954264
26.066666666666666 -0.06461073704743268 0.0010705777242724368
26.1 0.017779919620695223 0.0010285654473033007
26.133333333333333 0.10071509245922089 0.0011107560289329993
26.166666666666668 0.17877018900287386 0.0011783017742436064
26.2 0.2506197634626934 0.0012356858745692922
26.233333333333334 0.30861557134185247 0.001274834288178761
26.266666666666666 0.35343874461570607 0.0012955705855310917
26.3 0.38507509825407216 0.0013240885550739323
26.333333333333332 0.3995205375546493 0.0013379928158799292
26.366666666666667 0.3965630233468256 0.0013317050915712114
26.4 0.3762842002083839 0.001312555903312751
26.433333333333334 0.3389776435585192 0.0012941086747718655
26.466666666666665 0.29180957831529963 0.0012725541951629782
26.5 0.22818579445917145 0.0012116291046862515
26.533333333333335 0.1541817837645451 0.001153993427731509
26.566666666666666 0.07166675484735667 0.0010830919944916084
26.6 -0.010293057578160363 0.0010189977460434516
26.633333333333333 -0.09346632806347333 0.0011089458909353117
26.666666666666668 -0.17347713311196752 0.0011752557483288018
26.7 -0.24533699134727963 0.001225784711467115
26.733333333333334 -0.30261931622800164 0.0012812078377431035
26.766666666666666 -0.34970588081075576 0.0013172173178574997
26.8 -0.38382635022682715 0.0013202170442461747
26.833333333333332 -0.3990347366003934 0.0013290340920958932
26.866666666666667 -0.40035916894356227 0.0013271010593397525
26.9 -0.3817838525462568 0.0013180950431527227
26.933333333333334 -0.3456774263049062 0.001300087303424735
26.966666666666665 -0.2922715842868202 0.0012631605568543258
27.0 -0.22452799246498034 0.0012306407431581234
27.033333333333335 -0.16193914322159503 0.001163289838126108
27.066666666666666 -0.07849302109664756 0.0010950340205398423
27.1 0.004550843343550546 0.0010255641958024485
27.133333333333333 0.08591693790721916 0.001096105682075188
27.166666666666668 0.16919024590345727 0.0011856168923065347
27.2 0.23781564546732076 0.00122795965572442
27.233333333333334 0.3000567381011438 0.0012707681165056162
27.266666666666666 0.3481649554445864 0.0013054329659351604
27.3 0.378291512705311 0.0013131286479695081
27.333333333333332 0.39669793934242303 0.0013226431963607177
27.366666666666667 0.39328632023802507 0.001322432162303766
27.4 0.37693519730121217 0.001322052083685632
27.433333333333334 0.34528056217461994 0.0013401255430597336
27.466666666666665 0.2962199621803174 0.0012653559915283275
27.5 0.23430113061318142 0.0012173284007966634
27.533333333333335 0.16140491836523785 0.0011570838547562134
27.566666666666666 0.0844488668770809 0.0010932391592086976
27.6 0.006204136464380913 0.0010257081569885699
27.633333333333333 -0.07608213122373371 0.0010919921049551279
27.666666666666668 -0.15031761787054215 0.0011587078995622946
27.7 -0.22796701277220646 0.001217005954600725
27.733333333333334 -0.2902581472133144 0.0012687126790311698
27.766666666666666 -0.3430114168822849 0.0012915281122874989
27.8 -0.3746292559607823 0.0013221817265505198
27.833333333333332 -0.39273858311735627 0.001332757324725653
27.866666666666667 -0.3941110960816911 0.0013300779846446287
27.9 -0.37450952180863833 0.0013248024871145847
27.933333333333334 -0.3494327817619166 0.0012981579918989183
27.966666666666665 -0.3008955704506851 0.0012681061223282497
28.0 -0.24075361961641403 0.0012338310233666605
28.033333333333335 -0.1676507600811398 0.001177750531676125
28.066666666666666 -0.08726911724245752 0.0011149138702971212
28.1 -0.006564563497900724 0.0010255120645800862
28.133333333333333 0.07282891550193095 0.001083384416065078
28.166666666666668 0.1528662140164084 0.0011516307423989902
28.2 0.22535908334537055 0.0012251023315047183
28.233333333333334 0.28769190735670674 0.0012652837956878549
28.266666666666666 0.33678770561850857 0.0012878669421196864
28.3 0.37148791744135734 0.0013287020521213777
28.333333333333332 0.3964275423086825 0.0013358893072012434
28.366666666666667 0.39321284091817393 0.0013237606391989232
28.4 0.37690882890085775 0.0013102277497521464
28.433333333333334 0.3516707834499998 0.0013010830622466885
28.466666666666665 0.3028267288777811 0.0012675605114357835
28.5 0.24295160406880398 0.0012240921955697093
28.533333333333335 0.17282074324444652 0.0011673103971991117
28.566666666666666 0.09672661308616107 0.0011037324936145482
28.6 0.016435906386065666 0.001026281043242927
28.633333333333333 -0.0583491838358386 0.0010730779649026287
28.666666666666668 -0.13961510056272913 0.0011455716249744452
28.7 -0.21643773218966633 0.0012064248586490245
28.733333333333334 -0.278374670088158 0.0012554764797240159
28.766666666666666 -0.33061499456674937 0.0012899446431608452
28.8 -0.3654319702669633 0.0013217678871115801
28.833333333333332 -0.38921714827106824 0.0013290125367767525
28.866666666666667 -0.39479845064023134 0.0013240237701773738
28.9 -0.38234857671978784 0.0013261313960151178
28.933333333333334 -0.35251162226842037 0.0013082333379084155
28.966666666666665 -0.3035970550002405 0.0012897836069982738
29.0 -0.24417067437581771 0.0012355914794943412
29.033333333333335 -0.17378531763886299 0.0011812261562910154
29.066666666666666 -0.09878914503236609 0.0011095711973356792
29.1 -0.018178038058948503 0.001035586139123551
29.133333333333333 0.06200909523284205 0.0010716096143237042
29.166666666666668 0.14549063830943637 0.0011609212605130093
29.2 0.21429257926535494 0.0012127888720369906
29.233333333333334 0.2759831744452575 0.0012548569649818986
29.266666666666666 0.3268742664077272 0.0012904659849618527
29.3 0.3656491321614155 0.0013118630170920742
29.333333333333332 0.3915343437772539 0.001330499890118353
29.366666666666667 0.3931207012673393 0.0013238490222198251
29.4 0.3760966009133113 0.0013130763818933189
29.433333333333334 0.3499676010385792 0.0012973060851035334
29.466666666666665 0.31209758894093426 0.0012767183419458705
29.5 0.2560111908550173 0.001243922900343919
29.533333333333335 0.19162738409555338 0.0011892487210015124
29.566666666666666 0.11453374097790713 0.0011364085061329326
29.6 0.03370596975173768 0.0010574681590604929
29.633333333333333 -0.05074826892837024 0.0010671083700043507
29.666666666666668 -0.13195316712680574 0.001143320077901272
29.7 -0.20398958930758407 0.001198092058547262
29.733333333333334 -0.2662175116609749 0.0012486354598654215
29.766666666666666 -0.3229645104175847 0.0012819592050044015
29.8 -0.3629249363274737 0.0013035530857796185
29.833333333333332 -0.38382977767656234 0.0013215767324720185
29.866666666666667 -0.3863626392001309 0.001335733854067156
29.9 -0.3741705327644997 0.0013313614366823323
29.933333333333334 -0.3501578708096684 0.0013066657844911234
29.966666666666665 -0.31165903871696055 0.0012733073044086662
30.0 -0.2519994725371242 0.001240308968479431
30.033333333333335 -0.18830455147444022 0.0011887540942885633
30.066666666666666 -0.11479058482081315 0.0011209462183334462
30.1 -0.03381832054821432 0.0010470672182804827
30.133333333333333 0.0539981316067968 0.0010723891526597737
30.166666666666668 0.13643334333085486 0.0011527259854395289
30.2 0.20693429860901097 0.0012199774879534941
30.233333333333334 0.2656755658692983 0.001258803149311094
30.266666666666666 0.3166267098984895 0.0012915026749004133
30.3 0.35432156334541715 0.0013127613577761377
30.333333333333332 0.3760106715020571 0.001319184219006675
30.366666666666667 0.386177961535065 0.0013256146110139366
30.4 0.37765439899239733 0.0013133107448780046
30.433333333333334 0.35313123886511055 0.0013054267012113097
30.466666666666665 0.3133087619464291 0.001276081123688655
30.5 0.2584427986711185 0.001247205849405908
30.533333333333335 0.19121965078098604 0.0011879115713807065
30.566666666666666 0.11673902739570925 0.0011246843598877732
30.6 0.038444521096830823 0.0010528856474508186
30.633333333333333 -0.04220735811121792 0.0010611871709095971
30.666666666666668 -0.11899323077907391 0.0011225061998529628
30.7 -0.19308284883932741 0.0011883158653105963
30.733333333333334 -0.25732939882425576 0.0012449958213441303
30.766666666666666 -0.3139983211000056 0.0012844600572398113
30.8 -0.35294398017080103 0.0013193981394252763
30.833333333333332 -0.3801879288209591 0.0013394691829231031
30.866666666666667 -0.38246910609862167 0.0013576742804695674
30.9 -0.38101522202164295 0.001353932074856179
30.933333333333334 -0.351338756229269 0.0013339206183947683
30.966666666666665 -0.3176130816540435 0.001288274699969616
31.0 -0.2506477263137649 0.0012621035631206201
31.033333333333335 -0.18556366791609996 0.0012080343240703784
31.066666666666666 -0.11809502822765264 0.0011486256044008908
31.1 -0.041933773383784116 0.0010621810076931262
31.133333333333333 0.03620031672938518 0.0010566506717257923
31.166666666666668 0.11684347806902354 0.0011308371191322691
31.2 0.18953776703645941 0.0011907693779609763
31.233333333333334 0.25321169739749755 0.0012402914869486525
31.266666666666666 0.30625163674110356 0.0012803959116333696
31.3 0.34960121331092914 0.0012993468328096336
31.333333333333332 0.37528863965323267 0.0013145040348788717
31.366666666666667 0.3904874809875468 0.001324826527694667
31.4 0.3777449821183864 0.0013136480980583398
31.433333333333334 0.35445194097104515 0.001301922847380954
31.466666666666665 0.31550039116834944 0.0012728980902868559
31.5 0.26355235671571536 0.0012362487883974538
31.533333333333335 0.20274553017607302 0.0011947134366308565
31.566666666666666 0.12830297127395573 0.0011328312113922934
31.6 0.04935607222627608 0.001057555885562958
31.633333333333333 -0.028621349374220024 0.0010395745407544392
31.666666666666668 -0.10639253992713948 0.001122325975761937
31.7 -0.18208968804400047 0.0011888482601636607
31.733333333333334 -0.2479150834887542 0.0012377663173138431
31.766666666666666 -0.30388239969770564 0.0012791241847374124
31.8 -0.34314826440697066 0.0013061161975481128
31.833333333333332 -0.3758992449511222 0.0013407784961661506
31.866666666666667 -0.38736025837934623 0.0013688787601923158
31.9 -0.3789992935509762 0.001344828134306919
31.933333333333334 -0.35093213555679625 0.0013182510549156201
31.966666666666665 -0.3120174060719063 0.0012931027187884636
32.0 -0.26997576637525755 0.001244215276029914
32.03333333333333 -0.20585253286187935 0.0012107510458411186
32.06666666666667 -0.13340553847032297 0.001144289457197828
32.1 -0.0544618339844025 0.0010734004732329341
32.13333333333333 0.025037049408763373 0.0010372528681209386
32.166666666666664 0.10394888100491208 0.0011095372445306118
32.2 0.17760026929808417 0.0011742489025441116
32.233333333333334 0.2433800097019095 0.0012398125793769699
32.266666666666666 0.2973897333910995 0.0012646180998239775
32.3 0.3402335084346594 0.0012950292185762713
32.333333333333336 0.3667002489642952 0.001317058904479862
32.36666666666667 0.37821529446344876 0.0013317654707504234
32.4 0.37351191008711954 0.0013180328854313639
32.43333333333333 0.3586118398943436 0.0013219042367641487
32.46666666666667 0.3242281223152019 0.0012949560319618914
32.5 0.276131576937915 0.0012501384315754538
32.53333333333333 0.21244260925260913 0.001202606986970417
32.56666666666667 0.13668483476461085 0.0011650720980886098
32.6 0.06009123072174448 0.0010809057923398327
32.63333333333333 -0.017276545664289142 0.0010354746872361688
32.666666666666664 -0.08972579918187815 0.0011122100809214663
32.7 -0.16596077054738229 0.0011819946153840133
32.733333333333334 -0.2348344179116121 0.001243020012699686
32.766666666666666 -0.29057956964390047 0.0012675107194318191
32.8 -0.3390810537429331 0.0012930475486785387
32.833333333333336 -0.3642636747691485 0.0013198579990335024
32.86666666666667 -0.37817582265392496 0.001330232099772899
32.9 -0.3768850386534324 0.0013230349958401333
32.93333333333333 -0.36038224492645166 0.001304625814147642
32.96666666666667 -0.32418514173770274 0.0012873259350890676
33.0 -0.2754302782251754 0.0012500917725189464
33.03333333333333 -0.21035124456777185 0.0012079566040102685
33.06666666666667 -0.1329222056661065 0.0011484476537148014
33.1 -0.054138251733590256 0.0010769792784304441
33.13333333333333 0.012574802107295517 0.0010235631083568425
33.166666666666664 0.09628392024005561 0.0011058326988641343
33.2 0.1806082186946221 0.001190368761814109
33.233333333333334 0.23506363734753621 0.0012238177427889019
33.266666666666666 0.28863883244552435 0.001265100475513592
33.3 0.333905543332239 0.0012890008728685953
33.333333333333336 0.36976027316491944 0.0013123579823440257
33.36666666666667 0.379753354993521 0.0013146360579717187
33.4 0.3790934637392801 0.001338419031515825
33.43333333333333 0.36129194906094375 0.0013292335760812235
33.46666666666667 0.3235099187760877 0.0013128997907579376
33.5 0.27539704521346514 0.0012588988659061884
33.53333333333333 0.2181724083371191 0.0012140126989729771
33.56666666666667 0.1736012847013741 0.0011979500570389878
33.6 0.08686328678461235 0.0011133092725617577
33.63333333333333 -0.0055247116597339245 0.0010217475460618198
33.666666666666664 -0.08086032194112752 0.0011033348416256555
33.7 -0.15381337699435949 0.0011636667743014084
33.733333333333334 -0.22795669188906686 0.0012262331388406267
33.766666666666666 -0.284977628965814 0.0012601336421065867
33.8 -0.3298594848297628 0.0012942608788544252
33.833333333333336 -0.36440488166455165 0.0013061215150113048
33.86666666666667 -0.37974013183725525 0.0013221565412585568
33.9 -0.37913225337500317 0.001318245239197935
33.93333333333333 -0.36107740203223054 0.001305446742919547
33.96666666666667 -0.32239291280365545 0.0012895410664905405
34.0 -0.2797179785457368 0.0012494810179934923
34.03333333333333 -0.219894824950311 0.001205617607649534
34.06666666666667 -0.15033475534981777 0.0011515206709077075
34.1 -0.07762640020524976 0.0010866454288497723
34.13333333333333 0.006119936544091052 0.0010180548654311339
34.166666666666664 0.07921976947834534 0.0010893429945090655
34.2 0.15056705427688513 0.0011548163695075664
34.233333333333334 0.22111973068489654 0.0012175676850102457
34.266666666666666 0.27800963704156595 0.0012573301294395156
34.3 0.3250143375394215 0.0012879517218737369
34.333333333333336 0.359768426164125 0.0013384424437926645
34.36666666666667 0.3704055378541844 0.001319906136314386
34.4 0.37125255695406073 0.0013153705085895417
34.43333333333333 0.3552273144677465 0.0013102165397946841
34.46666666666667 0.3283989181089949 0.0012978668057287979
34.5 0.28636365518863227 0.0012591408209629562
34.53333333333333 0.22670510886665374 0.0012191988278852373
34.56666666666667 0.1702263912534609 0.0011776378723797054
34.6 0.0845572057055381 0.001098033506205659
34.63333333333333 0.0046078836773964195 0.0010182007331245649
34.666666666666664 -0.07442667429854159 0.0010814556640311307
34.7 -0.1450874392543891 0.0011497223210799878
34.733333333333334 -0.2141895002051174 0.0012112087903440039
34.766666666666666 -0.27598228496551314 0.0012667675562991754
34.8 -0.32368708437553934 0.0012864568188327707
34.833333333333336 -0.3551547388017273 0.0013025298374941263
34.86666666666667 -0.374128774516661 0.001310538755676105
34.9 -0.3759302036833191 0.0013097048489864038
34.93333333333333 -0.358798764455105 0.0013042425873738273
34.96666666666667 -0.32710291078069365 0.001288898552723905
35.0 -0.285580164467481 0.0012626079836642323
35.03333333333333 -0.22747296669293607 0.001238056651783448
35.06666666666667 -0.15979166593646846 0.0011661374973476746
35.1 -0.0871079318053514 0.0011003986528037857
35.13333333333333 -0.008923854638513725 0.001022453825348749
35.166666666666664 0.06731550194356012 0.0010751489599044595
35.2 0.14446592075433215 0.0011457644268169365
35.233333333333334 0.21083229653496385 0.0011979490030888662
35.266666666666666 0.2776405827337615 0.0012541809419007732
35.3 0.319408699449573 0.0012796812810134672
35.333333333333336 0.34757280558156983 0.0012940659905610885
35.36666666666667 0.3671551026120562 0.0013280515507315682
35.4 0.3714182952129831 0.0013353085924727726
35.43333333333333 0.3576253682645113 0.0013268090491450613
35.46666666666667 0.33047967640242215 0.0012911699142483801
35.5 0.28757537184645304 0.0012613029162483191
35.53333333333333 0.22968026675108186 0.0012131385525085692
35.56666666666667 0.1705266334613805 0.0011680994382030907
35.6 0.09295376996953059 0.001099628722536286
35.63333333333333 0.017110645630910488 0.0010395546777016186
35.666666666666664 -0.06289877571553365 0.001081662207531059
35.7 -0.13786114279437628 0.0011408033454916588
35.733333333333334 -0.20671209479092303 0.0011972865438300007
35.766666666666666 -0.2661666761945091 0.0012391621565671085
35.8 -0.3150490932360551 0.0012876234204615145
35.833333333333336 -0.3495639742217862 0.0012972970307498777
35.86666666666667 -0.3703239168390263 0.001323243269430896
35.9 -0.3709135126139033 0.0013163557226153477
35.93333333333333 -0.3600033936454272 0.0013032925558200126
35.96666666666667 -0.33086388026808006 0.0012844679282663085
36.0 -0.2860278693704317 0.001257700517146021
36.03333333333333 -0.23084506145955946 0.001217499930832311
36.06666666666667 -0.16857472150578173 0.001166412471284517
36.1 -0.09445849452612222 0.0010989718995626646
36.13333333333333 -0.020633683880634607 0.0010395854614436081
36.166666666666664 0.06011703858287011 0.001072054992508134
36.2 0.1376020265942275 0.0011468696787281796
36.233333333333334 0.20346150322997147 0.0011971062590673542
36.266666666666666 0.26568211691038446 0.0012606189902950038
36.3 0.3182248710491942 0.0012988902673944924
36.333333333333336 0.34173415144338576 0.001309287080348387
36.36666666666667 0.36437568890077315 0.0013148531707941058
36.4 0.3659796639311098 0.0013152686701154992
36.43333333333333 0.3547576446244917 0.0013080337803659803
36.46666666666667 0.3278600919048312 0.0012916286410879496
36.5 0.2880816692352 0.0012670765470795264
36.53333333333333 0.2337096702156592 0.001224050655659642
36.56666666666667 0.17055985396897047 0.0011751084408146428
36.6 0.09956224650204677 0.001112219516801946
36.63333333333333 0.024381605444216872 0.0010364065747132528
36.666666666666664 -0.05115276609278751 0.0010596890554643995
36.7 -0.1265522083380743 0.001130584833304249
36.733333333333334 -0.19632192069386512 0.0011941574436409585
36.766666666666666 -0.2579669232663616 0.0012368816038866304
36.8 -0.30714335420299776 0.0012687489358677029
36.833333333333336 -0.3450744176905562 0.0012965453512370773
36.86666666666667 -0.36671421589578646 0.0013099963812582271
36.9 -0.37225641631640854 0.0013123499384696258
36.93333333333333 -0.35395918749259336 0.0013206721057487103
36.96666666666667 -0.3303887644899167 0.0013045076268755618
37.0 -0.2940191404428091 0.0012618805805718614
37.03333333333333 -0.24070280726998777 0.0012216156877629392
37.06666666666667 -0.17793993993037882 0.0011763984084910972
37.1 -0.10339641359907409 0.0011101278766158934
37.13333333333333 -0.02418877219509694 0.001040991173204206
37.166666666666664 0.050660264585574016 0.0010616843405820905
37.2 0.1261214204714473 0.0011297731644049347
37.233333333333334 0.19280885525679267 0.0011861299192286456
37.266666666666666 0.2582582659387733 0.0012469437564911479
37.3 0.30180134743720527 0.001273303365126599
37.333333333333336 0.3349839916874989 0.0012869823250560297
37.36666666666667 0.3562641567104225 0.001300822489239628
37.4 0.3643519038220361 0.001305884950575209
37.43333333333333 0.36332640119008514 0.00131067292659931
37.46666666666667 0.33624921916587247 0.0012970192406211445
37.5 0.295195431254033 0.0012616996929399327
37.53333333333333 0.240420211102122 0.0012237281861874616
37.56666666666667 0.17897366796678124 0.0011733584719721968
37.6 0.1092692638890045 0.001119618561395308
37.63333333333333 0.038774061812388655 0.0010536283918445369
37.666666666666664 -0.039451699491602835 0.0010566585991127891
37.7 -0.1144669696980077 0.0011291961565223774
37.733333333333334 -0.18574935510568383 0.0011923269264633718
37.766666666666666 -0.2443588753353947 0.0012467712366641681
37.8 -0.29986691288798606 0.0012700390589364119
37.833333333333336 -0.33845925896449036 0.0012998354736292184
37.86666666666667 -0.3551120305399624 0.0013122253282036311
37.9 -0.3691748851322449 0.001306256579768128
37.93333333333333 -0.36200786894725195 0.0013112315641823913
37.96666666666667 -0.33727755510180546 0.0012901683154767918
38.0 -0.2972635723959889 0.0012702798975074425
38.03333333333333 -0.24677571169995716 0.0012354130242069328
38.06666666666667 -0.1825879126753142 0.0011814980707402778
38.1 -0.11214931982360263 0.0011288744158732128
38.13333333333333 -0.03910657356074016 0.0010568122467583818
38.166666666666664 0.03954026589649629 0.0010576184069926164
38.2 0.11280166755984503 0.0011228301235050586
38.233333333333334 0.18039468541947967 0.001173974466784078
38.266666666666666 0.2428368957623185 0.0012332354636982457
38.3 0.29247256100561203 0.001266391617532614
38.333333333333336 0.3299006911459727 0.001291874604767651
38.36666666666667 0.3532675853230249 0.0013076994268766962
38.4 0.36832913283631824 0.0013199501741337216
38.43333333333333 0.3556984787220638 0.0013042074765002853
38.46666666666667 0.33215494304061477 0.0012892175932645578
38.5 0.30430081683627896 0.0012707785276397376
38.53333333333333 0.24552426403332628 0.0012267730531449195
38.56666666666667 0.18532860232538903 0.0011842892435987573
38.6 0.118372843953557 0.0011313238447336338
38.63333333333333 0.04661382485057503 0.001070457148838043
38.666666666666664 -0.02977349370497326 0.001053589890654353
38.7 -0.0998044182198899 0.001116850971476957
38.733333333333334 -0.17183212996946515 0.0011811402181604036
38.766666666666666 -0.23755580446893157 0.0012298888450620882
38.8 -0.2891190598412268 0.0012614388586920655
38.833333333333336 -0.3311029981025824 0.001290464712444983
38.86666666666667 -0.3559207688853195 0.0013006712921968533
38.9 -0.3629520682533361 0.001312788476976745
38.93333333333333 -0.35880020917773614 0.0013051399297056565
38.96666666666667 -0.33590237317089694 0.0012921619815366991
39.0 -0.2990047510484894 0.0012752732250193022
39.03333333333333 -0.24914613669431596 0.001229252202204656
39.06666666666667 -0.1906894463399225 0.0011827565141859786
39.1 -0.11606246768060939 0.0011284261897519937
39.13333333333333 -0.0450352357266689 0.0010613994193736237
39.166666666666664 0.03070217834306618 0.0010493413250547597
39.2 0.10574968531617508 0.001113413657727283
39.233333333333334 0.17455869933286822 0.0011790685686039193
39.266666666666666 0.23261647986213846 0.0012153381419253428
39.3 0.28442750281541723 0.0012535870410447236
39.333333333333336 0.323121691803706 0.001279644311441397
39.36666666666667 0.3474688903583116 0.0012970712411626284
39.4 0.3577264247574793 0.0013038599970162101
39.43333333333333 0.3535541421016855 0.0012985487425924425
39.46666666666667 0.3315161943970712 0.001288645059534077
39.5 0.2998794328576237 0.0012739027209877074
39.53333333333333 0.24977859177692702 0.001239583684969292
39.56666666666667 0.19023968990611773 0.0011864310271725576
39.6 0.12420473235301054 0.0011300842078630219
39.63333333333333 0.06172945098778107 0.0010771949568025435
39.666666666666664 -0.02124581996526393 0.0010322286369518555
39.7 -0.09707940898897556 0.0011039839668727514
39.733333333333334 -0.1697331868302827 0.001165977322661077
39.766666666666666 -0.2311755248139898 0.0012136882521135983
39.8 -0.28405300880153384 0.0012565134087028085
39.833333333333336 -0.32749855067445804 0.001287675766259766
39.86666666666667 -0.34947989746517205 0.0013063838757344515
39.9 -0.36311155246304233 0.001302054081328774
39.93333333333333 -0.3586168489831445 0.00130174095432245
39.96666666666667 -0.33850432958097576 0.0012868409807668124
40.0 -0.3050005737860493 0.0012628250541659725
40.03333333333333 -0.2577916261845297 0.001229832004772502
40.06666666666667 -0.19727847735362222 0.0011835458780688202
40.1 -0.1304401727858511 0.0011306528029882135
40.13333333333333 -0.056722617424906766 0.0010630522131063608
40.166666666666664 0.015024825320382303 0.0010399427726695033
40.2 0.09372687363755158 0.0011089816040950884
40.233333333333334 0.16280050080193964 0.0011620672103593577
40.266666666666666 0.22401086490229968 0.0012202546307479856
40.3 0.27619003137972603 0.0012497204686561791
40.333333333333336 0.31578738019815517 0.0012849811294379787
40.36666666666667 0.34650619205652083 0.001311142963383971
40.4 0.35811362121281487 0.001314046581290973
40.43333333333333 0.35335082984766003 0.0013154644553906025
40.46666666666667 0.33248466315864167 0.0013009077337584052
40.5 0.29906824960194256 0.001273807800348692
40.53333333333333 0.2559189390737831 0.001245647482874812
40.56666666666667 0.20445534754594577 0.0012078623680227552
40.6 0.15725682255505152 0.0011789893716600552
40.63333333333333 0.06726947478524012 0.0010882975122415567
40.666666666666664 -0.015288842388439295 0.0010253289378148699
40.7 -0.08752680180797044 0.0011025070226281103
40.733333333333334 -0.15795963148714456 0.0011632480173478787
40.766666666666666 -0.22125191543138656 0.0012104690980583865
40.8 -0.27473981720818585 0.0012519895027388594
40.833333333333336 -0.31724405012464174 0.001277405588879954
40.86666666666667 -0.3477371281580187 0.001315559637646735
40.9 -0.35975068764260587 0.0012993890301130073
40.93333333333333 -0.3577602079769713 0.0012971003621744526
40.96666666666667 -0.3391864554041089 0.0012911362322732267
41.0 -0.3055042119598389 0.0012677975572174538
41.03333333333333 -0.2598088988434474 0.0012361797128378482
41.06666666666667 -0.1953016629749122 0.001195333649163688
41.1 -0.13401813673127252 0.0011481340163498888
41.13333333333333 -0.06354055871697353 0.0010884479924472418
41.166666666666664 0.016633384310387925 0.0010349239991118385
41.2 0.08947225818738258 0.0011016504491840051
41.233333333333334 0.1582452300812032 0.0011602183775253627
41.266666666666666 0.21786550136473698 0.00120439139781911
41.3 0.270241467243347 0.0012416758369439562
41.333333333333336 0.3134166706892127 0.001272387995145341
41.36666666666667 0.3413370058037411 0.0012915378747093142
41.4 0.3605435201083053 0.0013095591236043647
41.43333333333333 0.35214635870727773 0.0013020403639915634
41.46666666666667 0.334399488250846 0.0012900546548357816
41.5 0.31495678000101524 0.0012884830593222207
41.53333333333333 0.2626695347644737 0.0012459042795632813
41.56666666666667 0.20544790723071857 0.0011997085458569645
41.6 0.14087974169680484 0.0011460568267334936
41.63333333333333 0.0685664398001287 0.001079283588296065
41.666666666666664 -0.004124503600042216 0.0010172297094407324
41.7 -0.07722493553903191 0.001091954836182643
41.733333333333334 -0.14913883728609154 0.0011542652338527304
41.766666666666666 -0.20476378922753294 0.0012078295323248722
41.8 -0.2611896410900636 0.001263277896542625
41.833333333333336 -0.3098270655746187 0.0012972054372110686
41.86666666666667 -0.33625294321335525 0.0013150050287487058
41.9 -0.34610462401660985 0.001327708835457797
41.93333333333333 -0.35121050910067775 0.0013034528672011825
41.96666666666667 -0.33497840544623764 0.0012946913999640208
42.0 -0.29773739838748986 0.001285425723649869
