0.0 0.0851495210367617 0.0011083432868825849
0.03333333333333333 -0.013238531005610621 0.0010496302523247108
0.06666666666666667 -0.12202120723312512 0.001146059923584422
0.1 -0.22621474925909776 0.0012170240424265732
0.13333333333333333 -0.3109599062393115 0.001289143356804967
0.16666666666666666 -0.3806756648100248 0.0013297142644845827
0.2 -0.4421685437117117 0.0013672054351265284
0.23333333333333334 -0.4843552288361462 0.0013820959969948476
0.26666666666666666 -0.503871518683608 0.001396145577143848
0.3 -0.5021670596665843 0.0014027239208931341
0.3333333333333333 -0.49021800450318004 0.0013852231641146018
0.36666666666666664 -0.4462838886248819 0.0013612816638877145
0.4 -0.3915495074327823 0.0013246904405205262
0.43333333333333335 -0.3131194361092073 0.0012699547869620686
0.4666666666666667 -0.22367787498673317 0.0012117449182450224
0.5 -0.12102839873757992 0.0011377027949820845
0.5333333333333333 -0.014881033576111686 0.0010372523564975058
0.5666666666666667 0.08642960514504469 0.001112792764379325
0.6 0.18736684109293025 0.0012027886027443369
0.6333333333333333 0.28745021350211797 0.001277198028111548
0.6666666666666666 0.3661620374272324 0.001324701198082534
0.7 0.42381905013912735 0.001344543418042965
0.7333333333333333 0.4667530109753461 0.0013638026732094577
0.7666666666666667 0.49022688007845444 0.001378104898698107
0.8 0.4951810334812576 0.0013817082495127253
0.8333333333333334 0.48393240605896753 0.0013793175533791668
0.8666666666666667 0.4489063976154629 0.0013622665140437529
0.9 0.38979607626729146 0.0013246801358428595
0.9333333333333333 0.32360734680795844 0.0012885892670371768
0.9666666666666667 0.23703284675630257 0.0012311800097572767
1.0 0.13033780891546576 0.0011397571376167148
1.0333333333333334 0.027424956657296287 0.0010492691710489097
1.0666666666666667 -0.0709337358128378 0.0011009009106241474
1.1 -0.16661022564323405 0.0011737103371133595
1.1333333333333333 -0.2597698636668979 0.0012581091982735715
1.1666666666666667 -0.34874657821263827 0.0013078510243980102
1.2 -0.41956654348889005 0.0013504597680855102
1.2333333333333334 -0.4705431096933893 0.001387217715112521
1.2666666666666666 -0.4996868225885333 0.0013789711503619517
1.3 -0.5085170435032559 0.001381902142100877
1.3333333333333333 -0.49374356010316417 0.0013827444491579244
1.3666666666666667 -0.45369143054583466 0.0013940505737856101
1.4 -0.3990008112614535 0.0013503085590553798
1.4333333333333333 -0.32495996593804133 0.0013072691819100979
1.4666666666666666 -0.24098284927412641 0.0012432861699689934
1.5 -0.14495075134725377 0.001161518023433672
1.5333333333333334 -0.045149692254426825 0.0010636622356267403
1.5666666666666667 0.06018986602463215 0.001081007409246236
1.6 0.15770315664837964 0.001157496211117326
1.6333333333333333 0.2507237855918955 0.001233354877664683
1.6666666666666667 0.33376926826463693 0.0012914237545182394
1.7 0.40141773946384135 0.0013319638113893362
1.7333333333333334 0.4494951514810991 0.0013548032550444455
1.7666666666666666 0.4781872697052213 0.0013667065815442525
1.8 0.49058566157248695 0.001369243528644315
1.8333333333333333 0.4825093168084232 0.0013712598485507432
1.8666666666666667 0.4522016933181356 0.0013616266768456398
1.9 0.40608068424547683 0.0013379257319078852
1.9333333333333333 0.3401636937721961 0.0013107351122961797
1.9666666666666666 0.25727387994579476 0.0012594676471117117
2.0 0.16092197447339884 0.001166925146984188
2.033333333333333 0.05875619037068346 0.0010742435349293256
2.066666666666667 -0.039787442223803364 0.0010508240624882426
2.1 -0.14078431455751544 0.0011435881448918772
2.1333333333333333 -0.23654032554035287 0.0012210101859237987
2.1666666666666665 -0.32380664913323914 0.0012830312818723488
2.2 -0.3891301915828723 0.0013323962510753962
2.2333333333333334 -0.44791709508281236 0.0013622375186967406
2.2666666666666666 -0.4870537501578643 0.0013903081446048904
2.3 -0.5024607625056211 0.0013894394174701619
2.3333333333333335 -0.49835942140907674 0.0013956466912945498
2.3666666666666667 -0.4693660704168912 0.0013849369254428368
2.4 -0.4179476005682463 0.0013545018649196994
2.433333333333333 -0.34989545355451174 0.0013065577655442806
2.466666666666667 -0.258244635830312 0.001265150717689123
2.5 -0.1694615518577504 0.0011826068850198934
2.533333333333333 -0.06653376026753276 0.0010921215948894447
2.566666666666667 0.026599315741889302 0.001043744845853338
2.6 0.126291090083961 0.0011398438127886434
2.6333333333333333 0.2200104071211386 0.0012166562503830858
2.6666666666666665 0.3038311411986496 0.0012774593224367803
2.7 0.3742079053692776 0.0013148246554595677
2.7333333333333334 0.43082529234215783 0.0013588510365200035
2.7666666666666666 0.4659952139499066 0.0013658625554099357
2.8 0.4875556389969812 0.0013769382551744869
2.8333333333333335 0.4896222676342939 0.0013889294715359046
2.8666666666666667 0.4681947854427532 0.0013888097798575028
2.9 0.419981624751677 0.0013514770428966205
2.933333333333333 0.35907086087389045 0.001312717715350964
2.966666666666667 0.28129337869405724 0.001264731425686061
3.0 0.1876024238430197 0.0011839729063563842
3.033333333333333 0.08968346706138591 0.0010959916496959682
3.066666666666667 -0.007915600213999695 0.0010203214227923751
3.1 -0.1066379292081938 0.001123445181972632
3.1333333333333333 -0.20329803156463364 0.001206617215464001
3.1666666666666665 -0.2901887613427272 0.0012727960462351473
3.2 -0.3647539304284899 0.0013304734959712072
3.2333333333333334 -0.426045624588069 0.0013622733754410365
3.2666666666666666 -0.4639789734162132 0.0013996828333620592
3.3 -0.4916523739286838 0.0013999988402840224
3.3333333333333335 -0.4934274514441398 0.0013767603186979893
3.3666666666666667 -0.46726045174684155 0.001368529437589583
3.4 -0.42633450966260567 0.0013530636543274688
3.433333333333333 -0.36511976679319447 0.0013196529441057425
3.466666666666667 -0.29264899599476185 0.0012666413952107103
3.5 -0.20277243125732095 0.0012050748433497516
3.533333333333333 -0.1081694599005066 0.0011307261309714683
3.566666666666667 -0.005865755730458317 0.0010272078647796598
3.6 0.0977309711932746 0.001113917402121578
3.6333333333333333 0.19362826617540285 0.0012123614782450498
3.6666666666666665 0.280480849721954 0.0012780902975638164
3.7 0.3645381062471304 0.0013282958754677332
3.7333333333333334 0.42059240432590356 0.001363963414122149
3.7666666666666666 0.4595791156114897 0.0013827537681230795
3.8 0.4797468061569779 0.001391626926151024
3.8333333333333335 0.48034642093105284 0.001385444125190094
3.8666666666666667 0.4623596627716525 0.0013750349089979297
3.9 0.428680012624967 0.0013891889819629966
3.933333333333333 0.37704249545854224 0.0013497552313042616
3.966666666666667 0.30192193956732116 0.0012903279303656534
4.0 0.2181652539369442 0.0012166664536132632
4.033333333333333 0.11808629883122049 0.0011301399373587623
4.066666666666666 0.02305816288078672 0.0010412188701141023
4.1 -0.07607312352371404 0.0010939725222257751
4.133333333333334 -0.1780161165649018 0.0011845449536374286
4.166666666666667 -0.2656893312931545 0.0012534097538202116
4.2 -0.3432354033263846 0.0013105010776208181
4.233333333333333 -0.40914082456745937 0.0013527137528442368
4.266666666666667 -0.45256730037428367 0.0013810921667937737
4.3 -0.48081009861204105 0.0013987210280281825
4.333333333333333 -0.48864063087632575 0.0013997158096735185
4.366666666666666 -0.47486811802685913 0.0013867086387760463
4.4 -0.4405280048317788 0.001359958056782351
4.433333333333334 -0.3884454059392725 0.0013211939912360915
4.466666666666667 -0.30958570151145076 0.001288088093474582
4.5 -0.228670159852813 0.00122388650373903
4.533333333333333 -0.12629369636229887 0.0011534429131638269
4.566666666666666 -0.028475729511015263 0.0010656835047900513
4.6 0.07705508061426715 0.0011001021934188976
4.633333333333334 0.16680579928284375 0.0011746803436438469
4.666666666666667 0.2527878442396087 0.0012397463897178551
4.7 0.33904532839640356 0.0013008707570028588
4.733333333333333 0.39508611510534775 0.0013298801850463726
4.766666666666667 0.44019505113287505 0.0013509441626268215
4.8 0.4678835962862785 0.0013642028506932746
4.833333333333333 0.47936383946083283 0.001371058146851456
4.866666666666666 0.4703975156326024 0.0013760317240579245
4.9 0.4369045871591438 0.0013737822782711184
4.933333333333334 0.38845031590354834 0.001342169698981599
4.966666666666667 0.32436002941357583 0.0013071139879811122
5.0 0.24932988837198292 0.001248998901638071
5.033333333333333 0.154534450688819 0.0011690282990845513
5.066666666666666 0.057920387610896185 0.0010832755416802509
5.1 -0.04414752048488901 0.001067734255160109
5.133333333333334 -0.1454538603134092 0.0011546831949743597
5.166666666666667 -0.24044050971840245 0.001234569683452702
5.2 -0.32005088607568627 0.0012951165436611567
5.233333333333333 -0.38458998726362803 0.0013401474171084171
5.266666666666667 -0.44057860602384824 0.0013681344440978904
5.3 -0.47188094887741977 0.0013922737340786306
5.333333333333333 -0.49216232280846345 0.0013822589795974283
5.366666666666666 -0.48226184980595105 0.001375441177972725
5.4 -0.451998078668272 0.0013640960909765965
5.433333333333334 -0.4018693115495633 0.0013303360103588124
5.466666666666667 -0.33535720084648146 0.0012883474888899515
5.5 -0.2551393644163148 0.0012402976613382077
5.533333333333333 -0.16047469318111993 0.0011693100343391771
5.566666666666666 -0.06483600388331799 0.0010794371781518014
5.6 0.03462983879715626 0.0010462611104376934
5.633333333333334 0.13804511113954054 0.0011511743668177754
5.666666666666667 0.2272168936397156 0.0012202094313886747
5.7 0.3097874907805088 0.0012854699929471525
5.733333333333333 0.3737479724615526 0.0013230068548303886
5.766666666666667 0.4229945193904908 0.0013653528286920458
5.8 0.4575592958050753 0.0013812984534544714
5.833333333333333 0.47212636180320244 0.0013774743042255788
5.866666666666666 0.4689669684168476 0.00137454616192767
5.9 0.43957997452900827 0.0013529233968501142
5.933333333333334 0.3975342341496629 0.0013326836042433787
5.966666666666667 0.3417826598547697 0.0012960597327122403
6.0 0.26164741159039356 0.0012441350168613807
6.033333333333333 0.1703158512307498 0.0011727805106409028
6.066666666666666 0.07208288847727688 0.0010875535653863538
6.1 -0.020021487355460305 0.0010404700267012644
6.133333333333334 -0.11873583376598384 0.0011279786471094094
6.166666666666667 -0.2150646724056791 0.001212377029458117
6.2 -0.30250454328017484 0.0012841019127702302
6.233333333333333 -0.3698703661550523 0.001321490478703502
6.266666666666667 -0.41809387012445126 0.0013565464329723942
6.3 -0.4634667876683035 0.001362441576089335
6.333333333333333 -0.48328398971660047 0.0013721941266095494
6.366666666666666 -0.4828425008218134 0.0013862760293958942
6.4 -0.45376469694012156 0.0013761998036981304
6.433333333333334 -0.4105818325288045 0.0013396926022357092
6.466666666666667 -0.3498521528619348 0.0013239213167385855
6.5 -0.2704416888825519 0.001263731259357137
6.533333333333333 -0.18017929976419558 0.0011846911106684066
6.566666666666666 -0.08968349511231809 0.0011172965584053673
6.6 0.016664809756356477 0.001047311833213594
6.633333333333334 0.11784383145818186 0.0011507916173199156
6.666666666666667 0.2047112438732696 0.0012231386734183891
6.7 0.283242921138733 0.0012805349123078402
6.733333333333333 0.3629436081715393 0.001333370655902777
6.766666666666667 0.4135872065098431 0.00137116211928473
6.8 0.45132068982617274 0.0013766884830393455
6.833333333333333 0.46307644965100825 0.0013677292454939427
6.866666666666666 0.4643277950501721 0.0013591627407891216
6.9 0.4429401277053267 0.0013463502679033623
6.933333333333334 0.4040838543107155 0.001326671978256977
6.966666666666667 0.35243625269253287 0.0013094115880324386
7.0 0.2791265529075348 0.0012623077864914456
7.033333333333333 0.19420344065964337 0.0011877343985774447
7.066666666666666 0.10204569202442641 0.0011260608844129577
7.1 0.003315760847352668 0.0010252388621064274
7.133333333333334 -0.09315755068885179 0.00111806326435053
7.166666666666667 -0.18654489154115753 0.0011996032312391047
7.2 -0.2760173800311616 0.0012579234190502886
7.233333333333333 -0.3429846864462677 0.001309758328031596
7.266666666666667 -0.40667376915729936 0.0013430687295797883
7.3 -0.45263489803989276 0.0013580164676694206
7.333333333333333 -0.4779821251312516 0.0013795348188045398
7.366666666666666 -0.47785115412439233 0.0013800571272919449
7.4 -0.45725171923009517 0.001367416931624621
7.433333333333334 -0.4201397471709233 0.0013467153877169125
7.466666666666667 -0.3543536320688544 0.0013247608245096631
7.5 -0.2861356183635531 0.0012726149467484626
7.533333333333333 -0.20108486882994756 0.0012181788633154333
7.566666666666666 -0.10920516630120257 0.0011312585447931373
7.6 -0.00967026716718079 0.0010363380072807241
7.633333333333334 0.08221710126018594 0.0011073741486988392
7.666666666666667 0.1766616719294587 0.0011849428830907616
7.7 0.2609690410706155 0.0012430965043966347
7.733333333333333 0.33111016999715026 0.0012884802973116005
7.766666666666667 0.4000711243018071 0.0013406853087188364
7.8 0.4431668217150492 0.0013595561266794842
7.833333333333333 0.46051235683917646 0.0013621778869769563
7.866666666666666 0.47413741324138414 0.0013715355581460087
7.9 0.45014607494434455 0.0013563846698814164
7.933333333333334 0.41725501426860406 0.0013510415962074696
7.966666666666667 0.36787882701362207 0.0013255699883625294
8.0 0.2966144849085695 0.0012634141135974275
8.033333333333333 0.2203486509961871 0.0012149634068837067
8.066666666666666 0.12583882564568974 0.001134015136050992
8.1 0.02576467026933892 0.0010445002014660698
8.133333333333333 -0.06320460769991104 0.0010847231185169698
8.166666666666666 -0.16201158465191143 0.0012020858698039427
8.2 -0.25346105044807493 0.0012584737909345223
8.233333333333333 -0.3306354145954177 0.0012925380494013816
8.266666666666667 -0.3941876302567075 0.0013223014874390593
8.3 -0.4415108243278006 0.0013521090906941646
8.333333333333334 -0.4710578530425728 0.0013803968768662522
8.366666666666667 -0.477856144667695 0.0013779156774690882
8.4 -0.4628114869599127 0.0013917772828854758
8.433333333333334 -0.4314644955843625 0.0013505423086015989
8.466666666666667 -0.379196721498205 0.0013245729724752353
8.5 -0.3022346492694546 0.0012967858973720325
8.533333333333333 -0.2220985111396981 0.0012223444410623951
8.566666666666666 -0.13334640975724882 0.0011404301100243486
8.6 -0.0442411893147813 0.0010594161672065894
8.633333333333333 0.05045826791377121 0.0010727508363881852
8.666666666666666 0.14849917636721346 0.001159806891995463
8.7 0.23917920494951367 0.0012306057607923693
8.733333333333333 0.3093397660956199 0.0012930566724123072
8.766666666666667 0.37046896202811974 0.0013195766984117618
8.8 0.4289822951397834 0.0013550428864707031
8.833333333333334 0.4527944425442765 0.0013703633521925385
8.866666666666667 0.45889571359088455 0.0013745634820143127
8.9 0.44722406011699944 0.0013553083473327732
8.933333333333334 0.4208222395294365 0.001342711567597743
8.966666666666667 0.3776463529786119 0.0013285754395866989
9.0 0.32629231781164736 0.0012938417122783652
9.033333333333333 0.24393630929426477 0.0012393583008725173
9.066666666666666 0.14824936342954495 0.0011500512387526973
9.1 0.05227209299495975 0.001069408975562916
9.133333333333333 -0.04204071763271252 0.0010501144228882708
9.166666666666666 -0.1366960159295712 0.0011457514040404682
9.2 -0.2276768225341349 0.0012229081581439372
9.233333333333333 -0.3091202653092397 0.0012753225852640826
9.266666666666667 -0.3760735867534076 0.0013275836894359183
9.3 -0.42409959582075357 0.0013507208592262732
9.333333333333334 -0.4512550247009848 0.001376633243493075
9.366666666666667 -0.4659408933206863 0.0013799286745462824
9.4 -0.46107047016338076 0.0013759065233270307
9.433333333333334 -0.4323375521957835 0.0013632218308660127
9.466666666666667 -0.38956309718233223 0.0013372342130382187
9.5 -0.32773712362766455 0.0012834609553847298
9.533333333333333 -0.24817368733048742 0.0012378790064180578
9.566666666666666 -0.16071171620453129 0.001167309789241372
9.6 -0.06543481837985299 0.001081446460630478
9.633333333333333 0.03431375388240387 0.0010700387647045867
9.666666666666666 0.1250118805649217 0.0011450365569449228
9.7 0.21664163770704653 0.0012127395984886102
9.733333333333333 0.2926461492750413 0.001275097266480174
9.766666666666667 0.35740895984077986 0.0013140144481687543
9.8 0.41026312905660367 0.0013437607167813836
9.833333333333334 0.45307482322442866 0.001362419088805078
9.866666666666667 0.4574277740428218 0.0013559610613565476
9.9 0.44890506960741655 0.0013525073073169525
9.933333333333334 0.4250524690234409 0.0013413844049607881
9.966666666666667 0.3862183304365653 0.0013400433022424663
10.0 0.32580394554990866 0.001282296676443806
10.033333333333333 0.25734157849652617 0.0012430979374603024
10.066666666666666 0.17501214533534726 0.0011803615353414287
10.1 0.08281722974611479 0.001096841030704454
10.133333333333333 -0.01642673944378731 0.001026882867875844
10.166666666666666 -0.11182427507583793 0.0011227283768268231
10.2 -0.20016211579772392 0.001201373374801501
10.233333333333333 -0.28923162547008296 0.0012588838571665484
10.266666666666667 -0.35741413479945133 0.0013025805802626689
10.3 -0.41277991309933226 0.001335999345908001
10.333333333333334 -0.4484386956250667 0.0013597131792802974
10.366666666666667 -0.4595003359219233 0.0013941166921864756
10.4 -0.46137236656889596 0.0013793874229119374
10.433333333333334 -0.4420878689970701 0.0013546819104261476
10.466666666666667 -0.40268817177168204 0.0013313624021811243
10.5 -0.34376210024007453 0.0013012228899814682
10.533333333333333 -0.27004534560415583 0.0012648843628116357
10.566666666666666 -0.18299282522584137 0.0011999240317532855
10.6 -0.09174522486293842 0.001112689892995608
10.633333333333333 0.007184066389987084 0.0010307432800152894
10.666666666666666 0.10711138804866184 0.0011287794574956767
10.7 0.18840200146370137 0.0011959193038024174
10.733333333333333 0.2733845157327208 0.0012614378370351398
10.766666666666667 0.337951807725288 0.0012981832161551576
10.8 0.3929648034235089 0.0013353868506179034
10.833333333333334 0.43556254869961725 0.001363707160027372
10.866666666666667 0.4522237347310858 0.0013634715883005244
10.9 0.45318814441589206 0.0013674357355646927
10.933333333333334 0.4393720341766135 0.001376699987320873
10.966666666666667 0.3968006931194241 0.0013482801147938206
11.0 0.34767386918751675 0.001300547887320036
11.033333333333333 0.2855785787849008 0.0012794133299720012
11.066666666666666 0.20183645320783497 0.0012198489768015797
11.1 0.10677367548290595 0.0011302091077178694
11.133333333333333 0.016591232214485923 0.001046246999446488
11.166666666666666 -0.0878811867364681 0.0011097726074489611
11.2 -0.17904542622444725 0.0012182788624899021
11.233333333333333 -0.2646699864689336 0.0012787965120961697
11.266666666666667 -0.3381279928417524 0.0013035623714140465
11.3 -0.39538745777510204 0.0013242193039131878
11.333333333333334 -0.43601838922395014 0.0013562409680545895
11.366666666666667 -0.4580682667393604 0.0013677314436869037
11.4 -0.4608036495225663 0.0013663261691361783
11.433333333333334 -0.44770800139711436 0.0013499827729527292
11.466666666666667 -0.4114049137843664 0.0013302207219019757
11.5 -0.35484608095686854 0.001311622762147524
11.533333333333333 -0.27873305467568654 0.001264862672655298
11.566666666666666 -0.20138560057797214 0.0012045161918724234
11.6 -0.10366191884644776 0.0011296603748952166
11.633333333333333 -0.013296722843282852 0.0010333257699601892
11.666666666666666 0.08629736931628496 0.0011120924118249442
11.7 0.17960802643206672 0.0011924873329252073
11.733333333333333 0.2600580154446001 0.0012626330715126977
11.766666666666667 0.3265313829005084 0.0013117697164603537
11.8 0.3791518622719434 0.001317375431662049
11.833333333333334 0.41896282043934713 0.0013428512470762821
11.866666666666667 0.43903456988288553 0.001348412058795767
11.9 0.44434664955691583 0.0013569488215076086
11.933333333333334 0.4307009141057499 0.0013469552837572785
11.966666666666667 0.3985693268795366 0.0013370100969872234
12.0 0.3505363297689573 0.001306990233240879
12.033333333333333 0.28581202904570335 0.0012718239022209143
12.066666666666666 0.21223985620963445 0.001210040165638332
12.1 0.12006416316639608 0.0011394643894381135
12.133333333333333 0.024473226419285798 0.0010475462458686448
12.166666666666666 -0.06523707125817879 0.0010759561656316502
12.2 -0.1611917681705808 0.0011589926874597256
12.233333333333333 -0.24518860842813692 0.0012360975289691933
12.266666666666667 -0.3163756657360742 0.0012889883970160776
12.3 -0.3798167216634595 0.0013249552929262554
12.333333333333334 -0.42418070156692955 0.0013443389067255285
12.366666666666667 -0.449636492333063 0.0013670215678930897
12.4 -0.45567498903195425 0.0013816053819579732
12.433333333333334 -0.439732315836235 0.0013819462275508898
12.466666666666667 -0.40870839067314074 0.0013592845130815379
12.5 -0.36092374580247355 0.0013190990885417198
12.533333333333333 -0.2922293423684726 0.0012829046122254661
12.566666666666666 -0.21660225586174375 0.0012188961037670476
12.6 -0.12841618431065985 0.001147844666329112
12.633333333333333 -0.03457316340437735 0.001057521403066107
12.666666666666666 0.05211261508034369 0.0010680568031925242
12.7 0.14245938848431422 0.0011474196547125726
12.733333333333333 0.22876798049624067 0.0012185990953364756
12.766666666666667 0.3007380037303483 0.0012718497762824743
12.8 0.3619115449009071 0.001311721137824906
12.833333333333334 0.4075895222080608 0.0013390109324703525
12.866666666666667 0.4366642922570115 0.001354478159930228
12.9 0.44142021322984365 0.0013596096330820706
12.933333333333334 0.43163180111182403 0.0013513330011058478
12.966666666666667 0.40815955044217506 0.001338681502476069
13.0 0.36169076655812354 0.0013092340925109358
13.033333333333333 0.30011496895696343 0.001276839914794381
13.066666666666666 0.22721868893711683 0.0012201584049482128
13.1 0.1488690289955516 0.0011632040191704718
13.133333333333333 0.05983903177617655 0.0010788599277527164
13.166666666666666 -0.03878904338723977 0.0010660270492485122
13.2 -0.13503036917887887 0.0011669056514156118
13.233333333333333 -0.21883946196307036 0.0012376575249311017
13.266666666666667 -0.29231580517385 0.0012754249950584495
13.3 -0.35880294320188294 0.00131634170524908
13.333333333333334 -0.41079707446431385 0.001348846715687635
13.366666666666667 -0.4381867168351011 0.0013828066306988962
13.4 -0.4574211105365879 0.0013840241661038921
13.433333333333334 -0.44874857446934724 0.0013738107211766493
13.466666666666667 -0.42211898088847494 0.00135564041257491
13.5 -0.3783352553291087 0.0013191681416682144
13.533333333333333 -0.31498009966124607 0.0012780973447772404
13.566666666666666 -0.2362293547553132 0.0012299092169260062
13.6 -0.15200093548137486 0.001160181614538458
13.633333333333333 -0.061362727046246936 0.0010764453655662393
13.666666666666666 0.03335872487612603 0.0010496218085511294
13.7 0.12326997809826196 0.0011288093033024332
13.733333333333333 0.2065218333782983 0.001195307624741626
13.766666666666667 0.28442802614057283 0.0012678954500531248
13.8 0.34617980949428656 0.0013093637425418692
13.833333333333334 0.39850969752212295 0.0013387282849057214
13.866666666666667 0.425407295473941 0.0013642298205647219
13.9 0.43605566782253813 0.001354919391584608
13.933333333333334 0.4314890690900179 0.0013520544980609728
13.966666666666667 0.40982731277826145 0.001344492444426082
14.0 0.3756094106320552 0.0013278682782572604
14.033333333333333 0.3109948108151516 0.0012791145734638576
14.066666666666666 0.2402073129664683 0.0012288852185302623
14.1 0.15846503321465252 0.0011574626150619438
14.133333333333333 0.07154071539776652 0.0010824906420113245
14.166666666666666 -0.021848519656813708 0.001046630132101059
14.2 -0.11657756015658882 0.0011315193130851525
14.233333333333333 -0.20271376619743306 0.0011987644040483691
14.266666666666667 -0.28012338275306536 0.0012673651782177942
14.3 -0.3440906594391929 0.0013107996155248824
14.333333333333334 -0.400793036045008 0.0013328633121561517
14.366666666666667 -0.4353839778624237 0.0013664659957617897
14.4 -0.4495213698033405 0.0013709526697204266
14.433333333333334 -0.4450875179231889 0.0013715874495109914
14.466666666666667 -0.4259842146219744 0.0013486066031077049
14.5 -0.38421913589266 0.0013325237156755487
14.533333333333333 -0.3250443490840777 0.001282929011699574
14.566666666666666 -0.25099636154696275 0.0012370508636806443
14.6 -0.1643694569412386 0.0011802048429212508
14.633333333333333 -0.07441365732466391 0.0011186582774707216
14.666666666666666 0.013695795271894753 0.0010368496379469065
14.7 0.10108001492288964 0.0011116728412736976
14.733333333333333 0.18749397038209883 0.0011909084513009038
14.766666666666667 0.26397721381169414 0.0012451499861319548
14.8 0.3285176373256152 0.001291878134321467
14.833333333333334 0.38691772747250297 0.00133250932722212
14.866666666666667 0.42034308049641445 0.0013555550081414403
14.9 0.4351507650010656 0.0013671386067647395
14.933333333333334 0.4344997233027032 0.00135658686264295
14.966666666666667 0.4183312086046722 0.0013600596081628225
15.0 0.3772311115376429 0.0013125883514874537
15.033333333333333 0.3210493597967268 0.0012884208913371276
15.066666666666666 0.25464358399749343 0.0012389091798028495
15.1 0.18058370906285592 0.001179950603807045
15.133333333333333 0.09502576005434765 0.0011145965183762957
15.166666666666666 0.006136499149732009 0.0010346958167773406
15.2 -0.08406520222966744 0.0011074657323802278
15.233333333333333 -0.1782190905388347 0.0011859116062538366
15.266666666666667 -0.263123377664931 0.001263163705729653
15.3 -0.3253190087354565 0.0012966041478059687
15.333333333333334 -0.38049147891478163 0.0013308410512659075
15.366666666666667 -0.4182463241509927 0.0013630696351304428
15.4 -0.43894428299531185 0.001376367204661777
15.433333333333334 -0.448292539847054 0.0013533806747490496
15.466666666666667 -0.4307982389093001 0.001349700186284275
15.5 -0.3921931922918342 0.0013272766885126241
15.533333333333333 -0.3363352645803297 0.0012967281139093512
15.566666666666666 -0.26932466781398906 0.0012530002560044995
15.6 -0.1870093964848998 0.001186965161676573
15.633333333333333 -0.10359777770821532 0.0011190518425419627
15.666666666666666 -0.008510720839974244 0.0010299032563454314
15.7 0.08493130721171714 0.0011088718336200176
15.733333333333333 0.16855671894506757 0.0011669410971351935
15.766666666666667 0.25039587034543587 0.0012411688077383354
15.8 0.31506013963522894 0.0012760764457440676
15.833333333333334 0.3712366753985642 0.0013085461017416922
15.866666666666667 0.40739523207980943 0.0013638291026746296
15.9 0.4341865224468037 0.0013685085651969353
15.933333333333334 0.4349879043867087 0.00136153759377039
15.966666666666667 0.4196752088770176 0.00135490226218149
16.0 0.38449279042277723 0.0013349373921326402
16.033333333333335 0.33407683928308995 0.0012991022420907883
16.066666666666666 0.28241790814723106 0.0012722280867712987
16.1 0.20238561615791428 0.0012087357573219992
16.133333333333333 0.1131619970814581 0.0011301137876143091
16.166666666666668 0.020473221258534933 0.0010416597647018543
16.2 -0.0561800927105656 0.0010996806353546842
16.233333333333334 -0.14490672118127076 0.0011810499349150239
16.266666666666666 -0.24191308725159774 0.0012423907285508684
16.3 -0.31047830796332315 0.0012909934841637272
16.333333333333332 -0.36798109647734084 0.001327505328028722
16.366666666666667 -0.40841497434224944 0.0013426233617757632
16.4 -0.4361568644625374 0.001363139019543047
16.433333333333334 -0.4409087224261833 0.001362904919650021
16.466666666666665 -0.41987634549844294 0.001372277151248602
16.5 -0.38739070127664754 0.0013576669455224177
16.533333333333335 -0.3423107459800375 0.0013075070572185488
16.566666666666666 -0.27748057959031913 0.0012549342615930104
16.6 -0.2039103598600585 0.0012033170393259407
16.633333333333333 -0.11466461052557607 0.0011378391758702783
16.666666666666668 -0.029038808219402534 0.0010464080982180053
16.7 0.06268216734016939 0.001078763504470101
16.733333333333334 0.15147322276839578 0.001157355157037715
16.766666666666666 0.2303246799927639 0.0012174578487497423
16.8 0.29948961014387254 0.001276839928406992
16.833333333333332 0.3615522692805167 0.0013137956615986712
16.866666666666667 0.40148779403742585 0.0013399169227353847
16.9 0.42742618906153484 0.0013500263646484267
16.933333333333334 0.4319579767982718 0.001347693696194474
16.966666666666665 0.41689008599244304 0.0013532006023511678
17.0 0.38635812382513984 0.0013368200816377684
17.033333333333335 0.3431579808369811 0.001324222595544322
17.066666666666666 0.2848439183554593 0.0012643559725058484
17.1 0.21599930282989985 0.0012148912575184745
17.133333333333333 0.12899164203536354 0.001139080052077024
17.166666666666668 0.04104629586547893 0.0010650335272913147
17.2 -0.050157399716757874 0.0010723858220043694
17.233333333333334 -0.13911479221458445 0.0011589685527121085
17.266666666666666 -0.22207012998042894 0.0012240565612253174
17.3 -0.2953655670216207 0.0012845396340923076
17.333333333333332 -0.3561890954972335 0.001326785253894902
17.366666666666667 -0.3999588537691154 0.0013541850009015088
17.4 -0.4329738837903971 0.0013480112340326644
17.433333333333334 -0.44024261170816315 0.0013597702349248952
17.466666666666665 -0.4322079708896779 0.0013486620593816112
17.5 -0.39731052264553735 0.0013445613549475377
17.533333333333335 -0.354153879142454 0.0013203558661247228
17.566666666666666 -0.294648634865686 0.0012763741454367428
17.6 -0.22274685264505062 0.0012294355078191765
17.633333333333333 -0.1289738477590045 0.0011502327628678255
17.666666666666668 -0.045392331633392714 0.0010834186625041028
17.7 0.043625685585682764 0.0010670527822342346
17.733333333333334 0.13690274185477092 0.0011543322452055582
17.766666666666666 0.20991266088535884 0.0012126362858016215
17.8 0.28207113113715965 0.0012699184917052686
17.833333333333332 0.34470114970961196 0.001304617989849599
17.866666666666667 0.38444547666596507 0.001340010033399508
17.9 0.4115459549337522 0.0013332164639238142
17.933333333333334 0.4253307935753127 0.001353376256215122
17.966666666666665 0.415310521618672 0.0013346818257929938
18.0 0.4088174886985908 0.0013452470710889064
18.033333333333335 0.3594037620216397 0.0013106411593155065
18.066666666666666 0.2990002201516336 0.0012768268298928298
18.1 0.23427269703295758 0.0012473898279435625
18.133333333333333 0.14750078419697515 0.0011775403935387896
18.166666666666668 0.05672975729352731 0.0010949871898388724
18.2 -0.03380896210228358 0.001078478945321787
18.233333333333334 -0.1216294644343081 0.0011527778146016576
18.266666666666666 -0.20507011173281461 0.0012265356726419985
18.3 -0.2813606550500494 0.0012603511742524942
18.333333333333332 -0.34385736962563 0.0013122941421809808
18.366666666666667 -0.38597350538603303 0.001350124203521763
18.4 -0.4218801267216656 0.001385603740131136
18.433333333333334 -0.43980841928192616 0.001399377724507711
18.466666666666665 -0.4297958266135336 0.0013689688772663966
18.5 -0.4037488144936774 0.0013514426451525785
18.533333333333335 -0.3622618720943323 0.0013251917743694053
18.566666666666666 -0.2963266797456758 0.0012980220529765774
18.6 -0.22792526108839287 0.00124394154464455
18.633333333333333 -0.1497237967615987 0.0011788650917134158
18.666666666666668 -0.03781586130931214 0.001082784304515333
18.7 0.0291953498740251 0.0010669350503713336
18.733333333333334 0.1139204779278155 0.0011354927797672942
18.766666666666666 0.19335998236830482 0.0011935042730953915
18.8 0.26578950475461044 0.0012548383062907509
18.833333333333332 0.3351127604543954 0.001303953762786414
18.866666666666667 0.3849041021174781 0.0013413522099385289
18.9 0.4089732411342886 0.0013393501718190204
18.933333333333334 0.42986663388259094 0.0013476978778384496
18.966666666666665 0.4163935635299151 0.001333320251108272
19.0 0.39448951476856836 0.0013200493771300392
19.033333333333335 0.3579344683795371 0.0013019540818182684
19.066666666666666 0.30797268276047624 0.0012755200331441285
19.1 0.24398895866781106 0.0012325146544866772
19.133333333333333 0.16526031505498082 0.0011714512621429363
19.166666666666668 0.07776687454874452 0.0010911965164520365
19.2 -0.01585538341565513 0.0010295416116397373
19.233333333333334 -0.0982740006902134 0.0011104615643251908
19.266666666666666 -0.18917315550759337 0.0011877420146461926
19.3 -0.2620710585637682 0.0012449892153406639
19.333333333333332 -0.32746984543744956 0.0013088022588696457
19.366666666666667 -0.37836675062279945 0.00136082776341101
19.4 -0.4101472707302406 0.0013963481353946872
19.433333333333334 -0.427963347751179 0.0013690098945068896
19.466666666666665 -0.4309392886688621 0.0013474782598890678
19.5 -0.40933682581080044 0.0013369610625258432
19.533333333333335 -0.36766958346796363 0.00132387483922225
19.566666666666666 -0.31143793853399243 0.0012889258399687575
19.6 -0.24542331448286359 0.0012306867777844843
19.633333333333333 -0.16303969515301717 0.0011817927117580562
19.666666666666668 -0.08219090576440272 0.001106249057741246
19.7 0.007022528696250062 0.0010347979105804874
19.733333333333334 0.09164512946165929 0.0011078409037199866
19.766666666666666 0.1770578540353326 0.0011840613998701788
19.8 0.2504331010099597 0.0012510171600267905
19.833333333333332 0.3131191746459543 0.0012853447372411786
19.866666666666667 0.3654445475998285 0.001317490109336128
19.9 0.3983247015650699 0.0013525235274993164
19.933333333333334 0.4143043150793438 0.001353050612318496
19.966666666666665 0.41862215157265775 0.0013744411122215139
20.0 0.4026004902686413 0.0013480799047306813
20.033333333333335 0.3621803864768842 0.001309746591329597
20.066666666666666 0.3125722071676786 0.001279012668252144
20.1 0.24871869153517995 0.0012315021864185705
20.133333333333333 0.17427012012633802 0.0011730260692081607
20.166666666666668 0.08553906833554878 0.0011001123131228197
20.2 -5.144441867364786e-05 0.0010198793936552514
20.233333333333334 -0.09097190762543726 0.001109858926549731
20.266666666666666 -0.16857002885118696 0.001191596916947063
20.3 -0.2414367135340348 0.0012511161123767156
20.333333333333332 -0.3082018990003853 0.0012911413944248773
20.366666666666667 -0.36222364638230237 0.001341066705775551
20.4 -0.4032765001483978 0.0013465210331405908
20.433333333333334 -0.42754188300841256 0.0013450429230817962
20.466666666666665 -0.43056759264030015 0.0013464950909118922
20.5 -0.41232909435822196 0.0013612792164529597
20.533333333333335 -0.3784368647833645 0.0013301465442023264
20.566666666666666 -0.32388533253771007 0.0012865274051659936
20.6 -0.26048598721260346 0.0012435645789383165
20.633333333333333 -0.1837576916507227 0.0011932630482252848
20.666666666666668 -0.09923980430831784 0.0011157455980008307
20.7 -0.00941340339883817 0.0010286119958667801
20.733333333333334 0.07600793396388636 0.0010958797136719906
20.766666666666666 0.16368778621248548 0.0011869633388827128
20.8 0.23998298674893678 0.0012477586501327964
20.833333333333332 0.30886144209680505 0.0012947640973873797
20.866666666666667 0.35509213795653993 0.001332607412073028
20.9 0.39576305434365877 0.0013425894979076647
20.933333333333334 0.4119250343101214 0.00134482125664237
20.966666666666665 0.4158663223914626 0.0013465515592750443
21.0 0.4010471856182377 0.001331597441398713
21.033333333333335 0.36944074906964885 0.001308846816894138
21.066666666666666 0.3263141217865143 0.0012975810897437046
21.1 0.2597477269051477 0.001248406207580599
21.133333333333333 0.1914323316924662 0.0012012368120137007
21.166666666666668 0.12038227166512723 0.0011593049430852348
21.2 0.020538911562626997 0.001040957491973471
21.233333333333334 -0.06518912003173194 0.0010938202113344037
21.266666666666666 -0.15275189226278343 0.0011724168922184197
21.3 -0.23355354734039296 0.0012257594275147388
21.333333333333332 -0.298748440765829 0.001283218451538115
21.366666666666667 -0.3524977925670813 0.0013235461607100096
21.4 -0.3951255397697902 0.0013501606596910132
21.433333333333334 -0.4219218765978602 0.0013604321459806945
21.466666666666665 -0.42817433166524715 0.0013918562763700626
21.5 -0.41473323448040805 0.0013718460568900026
21.533333333333335 -0.37018903067377557 0.0013557715317419894
21.566666666666666 -0.3311698272000461 0.0013125738489415117
21.6 -0.2696338941112415 0.0012670056123484374
21.633333333333333 -0.19032984648381246 0.0012094913464559265
21.666666666666668 -0.11157830077600502 0.0011429178357825753
21.7 -0.02676245516538613 0.0010557690279114317
21.733333333333334 0.05675489636354901 0.0010708084944093046
21.766666666666666 0.14458108167290307 0.0011654897165774836
21.8 0.23534230233169504 0.0012490060121571889
21.833333333333332 0.29381454918625627 0.0012889720854450948
21.866666666666667 0.34915895154300064 0.0013314370982514534
21.9 0.38815318170093827 0.0013457892632101065
21.933333333333334 0.40621832157207444 0.0013516012841737202
21.966666666666665 0.4090395834250086 0.0013497965908977894
22.0 0.3968059324466047 0.0013351291873119342
22.033333333333335 0.36924433840108256 0.0013246416528357452
22.066666666666666 0.3262065619336555 0.0013016812648234954
22.1 0.2695594696166107 0.0012584600666408763
22.133333333333333 0.1978255815436072 0.0012003863288012617
22.166666666666668 0.12087474782846791 0.0011329575752891535
22.2 0.031716328711538636 0.0010456891625269665
22.233333333333334 -0.05069513263849322 0.0010743863384186925
22.266666666666666 -0.13975296828960138 0.0011471645288435306
22.3 -0.21401663331576767 0.0012186973987050875
22.333333333333332 -0.2869279649619825 0.001282133214590142
22.366666666666667 -0.345375837164745 0.001301795517812232
22.4 -0.3868099337407443 0.0013245440811675002
22.433333333333334 -0.41544589659654435 0.0013417880038071317
22.466666666666665 -0.4260019202241282 0.0013586256923293627
22.5 -0.4120695480974482 0.0013613045007310198
22.533333333333335 -0.38780860214803564 0.00133162853123181
22.566666666666666 -0.3357888905040354 0.0013108772483889086
22.6 -0.2773495025720172 0.0012704873586894538
22.633333333333333 -0.20431807273771338 0.001214344785692656
22.666666666666668 -0.12010581736189202 0.001142048480091029
22.7 -0.04317620753652908 0.001076723625542099
22.733333333333334 0.04114591684863437 0.0010643353672645794
22.766666666666666 0.12389184064394487 0.0011439666274294935
22.8 0.2025596949375015 0.001215727355939361
22.833333333333332 0.27199152197847626 0.0012728656020694062
22.866666666666667 0.3290184240686376 0.0013126529785749685
22.9 0.3711234613836865 0.0013525987023949582
22.933333333333334 0.3992297800505914 0.0013519310605143997
22.966666666666665 0.41245402602854864 0.0013689330154030288
23.0 0.40023954858643473 0.0013602721061156675
23.033333333333335 0.379789444053158 0.0013515759918509285
23.066666666666666 0.3392779285644752 0.0013258190037587214
23.1 0.28067608623990137 0.0012733929699598745
23.133333333333333 0.2110600357594355 0.0012100564208584463
23.166666666666668 0.13884598423560562 0.0011556349606326455
23.2 0.050233778371221935 0.001080028149911344
23.233333333333334 -0.0330608986573578 0.0010572716754467595
23.266666666666666 -0.1237838129533361 0.0011338370763501887
23.3 -0.20043593384747913 0.0011994678186708074
23.333333333333332 -0.2693441092524159 0.0012592909753218473
23.366666666666667 -0.3299117320792327 0.0012926700513753442
23.4 -0.3794643898685723 0.0013256379883601066
23.433333333333334 -0.40925816282369754 0.0013439994761275664
23.466666666666665 -0.42248151811088586 0.0013538612679417361
23.5 -0.4130704536032798 0.0013445287579397225
23.533333333333335 -0.3883270304158625 0.0013288638477527703
23.566666666666666 -0.3457301702303745 0.0013048980207156502
23.6 -0.28577398821857863 0.0012737762516493722
23.633333333333333 -0.21961683241691332 0.0012173439749710302
23.666666666666668 -0.1439471484432313 0.0011516143948598068
23.7 -0.058961595090833 0.0010841672148127965
23.733333333333334 0.032847438130953165 0.0010682875919546114
23.766666666666666 0.11449303969262892 0.001136913996383937
23.8 0.1945885329516488 0.0011988720023146382
23.833333333333332 0.2614788305343262 0.0012493702879504132
23.866666666666667 0.3225783489780345 0.0013003167988307474
23.9 0.36467780119039805 0.0013236463646782437
23.933333333333334 0.3956500170405104 0.0013401542273396294
23.966666666666665 0.40643136555143444 0.001333785852974001
24.0 0.3988935379424725 0.001339481373219209
24.033333333333335 0.3832968623487559 0.001327312137889558
24.066666666666666 0.3402469591379939 0.0013105393987434821
24.1 0.2890288950260985 0.0012837265391121844
24.133333333333333 0.23248679058372348 0.0012529877504736664
24.166666666666668 0.1525987691844232 0.0011760284453127268
24.2 0.06222000186432111 0.0010911157526639764
24.233333333333334 -0.01887004324339016 0.0010419194146255896
24.266666666666666 -0.10665148303809134 0.001122459016075869
24.3 -0.1810849826467131 0.0011899550754077282
24.333333333333332 -0.25572585309898305 0.0012498394574088079
24.366666666666667 -0.3187654951669533 0.0012814545254474785
24.4 -0.36725400821075166 0.0013114867710909972
24.433333333333334 -0.4021879702193464 0.0013363123903959995
24.466666666666665 -0.4113396005764311 0.0013482334762174863
24.5 -0.41128967500186614 0.0013425431724328751
24.533333333333335 -0.3853409951753602 0.0013368427172777975
24.566666666666666 -0.34535754899028615 0.001299656105972713
24.6 -0.2895052503265095 0.0012907005280761719
24.633333333333333 -0.22542615315284842 0.0012325419031869178
24.666666666666668 -0.150361101607507 0.0011711996007233993
24.7 -0.07028384501839977 0.0010907339598657945
24.733333333333334 0.012400903857098772 0.0010282648033675297
24.766666666666666 0.0957979690000984 0.0011105498245625595
24.8 0.17469232699228188 0.0011715386991707766
24.833333333333332 0.24387682496529187 0.0012247993191331352
24.866666666666667 0.30371707016089594 0.0012723626996521409
24.9 0.34955935754008366 0.0012996834340590624
24.933333333333334 0.3802064141529146 0.0013194498215066686
24.966666666666665 0.3970829878911975 0.001328340969284525
25.0 0.3936353404483274 0.0013230570628931515
25.033333333333335 0.3830642922514705 0.001331373471949282
25.066666666666666 0.34776234420428026 0.0013065044891407696
25.1 0.2974696431420474 0.001277544783543083
25.133333333333333 0.23012151790385307 0.0012253571494934001
25.166666666666668 0.1556961066058752 0.0011641797706584134
25.2 0.07923200836315929 0.0010945733365071708
25.233333333333334 -0.0027656190795484962 0.0010331207691342773
25.266666666666666 -0.084086164205784 0.0011068086535661603
25.3 -0.16506147387412387 0.0011757532062113552
25.333333333333332 -0.23967063749249798 0.0012341989093040961
25.366666666666667 -0.30154231055668856 0.0012923923888714106
25.4 -0.3535448366961996 0.0013100869291237105
25.433333333333334 -0.3836086103596999 0.0013421803778898567
25.466666666666665 -0.40603537052565114 0.001358785542052321
25.5 -0.40638858875865674 0.0013533147191874817
25.533333333333335 -0.3900079494491599 0.0013501369886114167
25.566666666666666 -0.3494872122074001 0.0013330517840999256
25.6 -0.2938717322494898 0.0012996412416035885
25.633333333333333 -0.22708015061093378 0.0012442599237528218
25.666666666666668 -0.15717458159575765 0.0011886115381881945
25.7 -0.08414589984770184 0.0011136358795709317
25.733333333333334 0.0023228226658035416 0.001035669153316591
25.766666666666666 0.0871194578774191 0.0011085167369155602
25.8 0.1617361868121899 0.001170605774792055
25.833333333333332 0.23675327906905352 0.0012249619809280854
25.866666666666667 0.3013157163194534 0.001282154099937427
25.9 0.35421888024420684 0.0013228079956598693
25.933333333333334 0.3832792609936919 0.0013543802308505493
25.966666666666665 0.39924524818411505 0.0013547571832967509
26.0 0.39206423299069043 0.0013179473291011212
26.033333333333335 0.37678761727337623 0.0013234475977181304
26.066666666666666 0.3495973518820389 0.001311874536441826
26.1 0.30018406750554893 0.0012699670876098468
26.133333333333333 0.24762240612413963 0.0012392183259652967
26.166666666666668 0.18439356854274322 0.001205105732511369
26.2 0.10225247409317054 0.001127230338595367
26.233333333333334 0.010576465113224602 0.0010364280714101198
26.266666666666666 -0.0684043352332206 0.0010935645963728868
26.3 -0.15626575751885746 0.0011630297159673508
26.333333333333332 -0.22803474603584983 0.001243021434227054
26.366666666666667 -0.29468926405052154 0.0012898986827344916
26.4 -0.35061050240147346 0.0013234272590270657
26.433333333333334 -0.3883948603140757 0.001347247684668984
26.466666666666665 -0.4056450333274428 0.0013431450045064963
26.5 -0.40964267465789017 0.0013464315054892428
26.533333333333335 -0.3947176902974286 0.0013410947108197235
26.566666666666666 -0.363433297334004 0.001352344167406705
26.6 -0.3142377242837205 0.0013228946891209459
26.633333333333333 -0.25249916770976644 0.0012565925826279467
26.666666666666668 -0.18064659765838667 0.0011958659913513525
26.7 -0.10023038753488756 0.0011136268237629948
26.733333333333334 -0.01864306068079412 0.0010561314497493125
26.766666666666666 0.06488146686492062 0.0011039172026921645
26.8 0.1473609502493825 0.001168893265155596
26.833333333333332 0.22450159960448 0.0012269770703651484
26.866666666666667 0.28368195587289785 0.0012692557894867784
26.9 0.3343885979520057 0.001296621828245914
26.933333333333334 0.3701788140349719 0.0013243353421328319
26.966666666666665 0.40296721350341813 0.0013503366313356024
27.0 0.40619320466000636 0.0013407850808659916
27.033333333333335 0.3823814731972204 0.0013271027358743859
27.066666666666666 0.3511467325367078 0.0013025535065734895
27.1 0.3090621933077538 0.0012903992760470162
27.133333333333333 0.25193118450327096 0.0012408968471157023
27.166666666666668 0.18265385200409012 0.0011830551885942397
27.2 0.10957461451481133 0.0011271161217896175
27.233333333333334 0.033060925709751096 0.0010575039412660872
27.266666666666666 -0.05514411609390958 0.0010933319117419765
27.3 -0.13643594632935013 0.001189344338832471
27.333333333333332 -0.21329823038903611 0.001238677535063959
27.366666666666667 -0.27852654505685537 0.001272523882796861
27.4 -0.33547315238958925 0.0013008563652746608
27.433333333333334 -0.37830433974677063 0.0013273317564174714
27.466666666666665 -0.3988247175366578 0.0013458537715761443
27.5 -0.40624926870912104 0.0013464214707457067
27.533333333333335 -0.3965573691164397 0.001340391185576606
27.566666666666666 -0.3636953885228133 0.0013288144355808051
27.6 -0.31875224362806687 0.0012998860630814568
27.633333333333333 -0.2584829731456184 0.001254974275295917
27.666666666666668 -0.19186170360254354 0.0012012261246901468
27.7 -0.10977842393165334 0.0011419746862535718
27.733333333333334 -0.027479412419288314 0.0010623936248839241
27.766666666666666 0.052961819280788115 0.0010815587760488396
27.8 0.13556718900796627 0.001153900466769664
27.833333333333332 0.21296213959574042 0.0012252222290725368
27.866666666666667 0.2682059428994316 0.001286115485673034
27.9 0.32243355483864605 0.0012835374249888787
27.933333333333334 0.36031775250958875 0.0013059087965975325
27.966666666666665 0.38631829749487395 0.001328697371531684
28.0 0.3870135566636602 0.0013182659405225894
28.033333333333335 0.378288325538985 0.0013120530615149395
28.066666666666666 0.36015798577026475 0.0013124525869535053
28.1 0.32191565551271567 0.001291321887525121
28.133333333333333 0.27170104278646057 0.0012610344323379374
28.166666666666668 0.19696255174053395 0.001200559099032411
28.2 0.1154019370363299 0.0011276801350860038
28.233333333333334 0.036902899324313225 0.0010532644047058642
28.266666666666666 -0.04704739583155747 0.0010727890152193234
28.3 -0.12615066245498566 0.0011380607185138558
28.333333333333332 -0.20340671384036008 0.0012129112829540045
28.366666666666667 -0.26888361611487965 0.0012629211684667685
28.4 -0.32107356239086016 0.0013052032590779028
28.433333333333334 -0.36623999045503924 0.0013192640518603915
28.466666666666665 -0.3949091888603877 0.0013218260683280358
28.5 -0.40451017399111805 0.0013468895185844154
28.533333333333335 -0.39476268122126407 0.001328750511322807
28.566666666666666 -0.36529832589972633 0.0013214367913912395
28.6 -0.3243195365474369 0.0013067007418623433
28.633333333333333 -0.2677962910960505 0.0012694591078781792
28.666666666666668 -0.19951314192092293 0.0012169549575442307
28.7 -0.12586923952171133 0.0011389421734828986
28.733333333333334 -0.04345955209914966 0.0010628884427495364
28.766666666666666 0.036221104666783584 0.001053457168950972
28.8 0.1181541566511714 0.0011314773281877744
28.833333333333332 0.19597554755244234 0.001202552888372288
28.866666666666667 0.2626091328514262 0.0012529391852409422
28.9 0.314582783516107 0.001278845239943538
28.933333333333334 0.3535376570792761 0.0013231948514877967
28.966666666666665 0.37758073437432543 0.0013257842459221125
29.0 0.3863503465344556 0.0013192191976115764
29.033333333333335 0.37977589885353036 0.0013254009903428954
29.066666666666666 0.35619280546366033 0.0013275694219130885
29.1 0.3170847335506874 0.001290998820850764
29.133333333333333 0.26469791390429265 0.00124578263239139
29.166666666666668 0.19844482501669417 0.0012007435306807535
29.2 0.12584134231414795 0.001143295125946936
29.233333333333334 0.04838753394825886 0.0010649807045640947
29.266666666666666 -0.03374285502333693 0.0010568626753246699
29.3 -0.11340364907106343 0.0011267796861232082
29.333333333333332 -0.19247826187047454 0.0011904021243662466
29.366666666666667 -0.25494385436677386 0.0012511946646962535
29.4 -0.3134542475076368 0.001280004310946825
29.433333333333334 -0.35927475228974204 0.0013322064719679116
29.466666666666665 -0.38714833245228797 0.0013475156285420176
29.5 -0.3977678275722331 0.00134650175139589
29.533333333333335 -0.39394383592551546 0.0013487940268526732
29.566666666666666 -0.3704323541512439 0.0013155558920839305
29.6 -0.32924600556081135 0.0012933772316659486
29.633333333333333 -0.2767723203028797 0.001258023145480347
29.666666666666668 -0.20984395387735152 0.001207052888528598
29.7 -0.1351779623157993 0.0011516492873203388
29.733333333333334 -0.05564493784250423 0.0010724529506045757
29.766666666666666 0.02688073442930559 0.0010474035469682438
29.8 0.1170480399013418 0.001141057833071904
29.833333333333332 0.18642778773546678 0.0011971337642830149
29.866666666666667 0.25335100907390795 0.0012603757499489165
29.9 0.30219228789910213 0.0012874698946029883
29.933333333333334 0.34483862048292224 0.0013137651582320053
29.966666666666665 0.3794683393778492 0.0013300987660865293
30.0 0.38075947164285084 0.0013181302883154
30.033333333333335 0.37460888807884746 0.0013211587603609298
30.066666666666666 0.3575502798109252 0.0013278172780955
30.1 0.3184671386068112 0.0012810190569671476
30.133333333333333 0.275273027161027 0.0012544397372549199
30.166666666666668 0.20960409457222193 0.001211948037549565
30.2 0.13605673797558174 0.0011466484633638474
30.233333333333334 0.05920891783742006 0.0010705423414848758
30.266666666666666 -0.018546910317754916 0.0010410996670024708
30.3 -0.10285204102795871 0.0011210675996351227
30.333333333333332 -0.17605711942451968 0.0011833661039978294
30.366666666666667 -0.24672643612057293 0.0012326283737919275
30.4 -0.30540449757395044 0.0012794660375836653
30.433333333333334 -0.3486278724807396 0.001313659449537985
30.466666666666665 -0.3838079171806316 0.001332528142819367
30.5 -0.39752169175656754 0.0013294151425256029
30.533333333333335 -0.39295687446693306 0.0013326809018665564
30.566666666666666 -0.3685345724303643 0.0013263694825612626
30.6 -0.33179969906507006 0.0012959353096180792
30.633333333333333 -0.2771640652563372 0.0012621411908331215
30.666666666666668 -0.2166151125840863 0.0012182296428549788
30.7 -0.14220554188791143 0.0011806928580519738
30.733333333333334 -0.06496534253183366 0.0011019661028346672
30.766666666666666 0.01685095558500151 0.0010448999979535516
30.8 0.09261006462063313 0.0011109835162385895
30.833333333333332 0.1713484427936939 0.0011844680543471875
30.866666666666667 0.2383479345716969 0.0012275755966541513
30.9 0.29250065943176695 0.0012635053694150522
30.933333333333334 0.3374749397994835 0.0012933356440440469
30.966666666666665 0.36593778464129173 0.0013101908876464452
31.0 0.3773319397631818 0.0013165978902048847
31.033333333333335 0.38240896984671446 0.001322024490137741
31.066666666666666 0.3596425347070393 0.001305511695142647
31.1 0.32523845405258595 0.0012862738810361374
31.133333333333333 0.28159052315172306 0.001258533320798727
31.166666666666668 0.22477601718268023 0.001217710208184536
31.2 0.1526802251871765 0.0011603430033161888
31.233333333333334 0.06801060707194691 0.0011031830689247762
31.266666666666666 -0.011291133729880007 0.001038537929004225
31.3 -0.08918024991325937 0.0011109729476366514
31.333333333333332 -0.16964893910739293 0.0011806007642194971
31.366666666666667 -0.23729810486747985 0.0012476748079088273
31.4 -0.29616093757317646 0.001281395176179867
31.433333333333334 -0.33443707513426685 0.0013129081620437688
31.466666666666665 -0.3736433220835639 0.0013179158983575023
31.5 -0.3921113258998185 0.0013394614941668048
31.533333333333335 -0.38932062673545154 0.001344252359517184
31.566666666666666 -0.36784350478821615 0.0013363051370633983
31.6 -0.3347636201210868 0.0013411725061499569
31.633333333333333 -0.2880477700762017 0.0012925434676112069
31.666666666666668 -0.2204536623049615 0.0012494633450764459
31.7 -0.14526458867533457 0.0011799329214609855
31.733333333333334 -0.07150987665618497 0.001103322881070512
31.766666666666666 0.0015603644066072035 0.001028415537468871
31.8 0.08121492711539194 0.001102850591804358
31.833333333333332 0.15660131535349894 0.001168325488443367
31.866666666666667 0.2306297957663124 0.0012261539567438307
31.9 0.2835658372071957 0.0012659073668838117
31.933333333333334 0.33475367089942726 0.0012990671004178833
31.966666666666665 0.3574887861023057 0.0013139554583267432
32.0 0.3762145553189791 0.001325719826644034
32.03333333333333 0.37520524942439687 0.0013244320308046786
32.06666666666667 0.35980715642978794 0.0013150986004727971
32.1 0.3271350217030346 0.0012898892271883677
32.13333333333333 0.2836963685841884 0.0012627098234080925
32.166666666666664 0.22594585992022564 0.0012172416724394175
32.2 0.15780913450391754 0.00115834785971336
32.233333333333334 0.08245118584331594 0.001097494985549688
32.266666666666666 0.0018454021432927886 0.001022596740660134
32.3 -0.07687913967183557 0.0010996904751718606
32.333333333333336 -0.15656959605688048 0.001188090444443124
32.36666666666667 -0.2264590850339292 0.0012291895035771716
32.4 -0.2886988728252926 0.001284726632075739
32.43333333333333 -0.33454464699792524 0.0013085949613914072
32.46666666666667 -0.3688839958072968 0.0013311095951684115
32.5 -0.3875220414548655 0.0013550526210568958
32.53333333333333 -0.3879391782514689 0.0013384660189398878
32.56666666666667 -0.3752485618653304 0.0013233093595690915
32.6 -0.3415720336929119 0.0013020479635296733
32.63333333333333 -0.2954547489717054 0.0012860460755727554
32.666666666666664 -0.23408257634872454 0.001233704040377509
32.7 -0.1648014684441211 0.001177743530003439
32.733333333333334 -0.08668255313781205 0.0011050935546774582
32.766666666666666 -0.008583556484552555 0.0010394943406987819
32.8 0.07973528427666036 0.0011085702973532147
32.833333333333336 0.14929050337971386 0.001162936507557527
32.86666666666667 0.2238508237677978 0.0012275582609262703
32.9 0.2795096994400315 0.0012640279058485082
32.93333333333333 0.3237417179909781 0.0013070187933677535
32.96666666666667 0.35750885497240453 0.0013152317717360362
33.0 0.37137078538728485 0.0013214682050020077
33.03333333333333 0.3742267254062425 0.0013157581782893835
33.06666666666667 0.35952328064078015 0.0013085469812308403
33.1 0.3292922935235939 0.001300956899281891
33.13333333333333 0.29036875421145014 0.001266206933480285
33.166666666666664 0.2311288410629068 0.0012231561257629309
33.2 0.16846330897113243 0.001181959170535568
33.233333333333334 0.09092160969165027 0.0011144605569287785
33.266666666666666 0.01411452334668183 0.0010431214141742012
33.3 -0.0633150084026288 0.0010935606815107163
33.333333333333336 -0.1437188182813608 0.0011549196156440955
33.36666666666667 -0.2139150446193799 0.0012176225679367547
33.4 -0.27423925357088985 0.0012611095155796725
33.43333333333333 -0.3241699600049128 0.001303291809742646
33.46666666666667 -0.3491426459397261 0.0013523696708862554
33.5 -0.37690753639747243 0.0013435929717213746
33.53333333333333 -0.38115596466864804 0.0013495406909869168
33.56666666666667 -0.3714788599252743 0.0013445620016360738
33.6 -0.3461539036758167 0.0013279793814540142
33.63333333333333 -0.3010876114140975 0.0012920952721360845
33.666666666666664 -0.24140115490565914 0.0012454137823129097
33.7 -0.17465897951916737 0.00121142965634502
33.733333333333334 -0.09850040995633413 0.001143485517941606
33.766666666666666 -0.018204837739498634 0.001053210333770583
33.8 0.06300593814606968 0.0010952376486328685
33.833333333333336 0.1361009435552541 0.0011506270734314705
33.86666666666667 0.210126229176759 0.0012124470613666116
33.9 0.2656110741948151 0.0012541332425179963
33.93333333333333 0.3111942863028338 0.0012811958023160597
33.96666666666667 0.3462273712741661 0.0013043971678494137
34.0 0.37581661078283535 0.001335006009565376
34.03333333333333 0.36981601248053186 0.0013199920659046627
34.06666666666667 0.3576752298723511 0.0013154756973888238
34.1 0.33377638967080014 0.0013032277105038403
34.13333333333333 0.2912639399968491 0.0012691548118124452
34.166666666666664 0.24274044381425625 0.0012312166500807742
34.2 0.17923903274114247 0.0012148024578972072
34.233333333333334 0.10657538850263497 0.0011350744322152079
34.266666666666666 0.026921682544401963 0.0010649285372484017
34.3 -0.051968131762722476 0.0010950306297492357
34.333333333333336 -0.1275206051450429 0.0011704622034151846
34.36666666666667 -0.1995024739875849 0.001213472707293023
34.4 -0.2651802553400631 0.00125440456615733
34.43333333333333 -0.31903602694957184 0.0012846818411346717
34.46666666666667 -0.35352220370762083 0.0013149194144848053
34.5 -0.37259653169617546 0.0013339157120939582
34.53333333333333 -0.3779689386135912 0.001334823642294647
34.56666666666667 -0.3707245359476341 0.0013226734004491147
34.6 -0.34667100971831594 0.0013040855452850497
34.63333333333333 -0.305624052898111 0.00127190571039687
34.666666666666664 -0.2421305745098082 0.0012391159860223044
34.7 -0.1837761818715478 0.0012113193833084568
34.733333333333334 -0.11176869842146467 0.0011433311483001751
34.766666666666666 -0.03180514712967478 0.0010476044215307206
34.8 0.04798431185353174 0.0010714152354561884
34.833333333333336 0.12913266259846282 0.0011527727788965825
34.86666666666667 0.20144619728353808 0.0012072055694304362
34.9 0.26503309923590046 0.0012624887241785565
34.93333333333333 0.30390545127903174 0.0012757866317964495
34.96666666666667 0.3384771050415733 0.0013001029903604855
35.0 0.36662992599513344 0.001314137255338188
35.03333333333333 0.3729484335648889 0.0013154797230514048
35.06666666666667 0.3573959839797955 0.0013033170177150777
35.1 0.3333338047481096 0.0012923600008104552
35.13333333333333 0.29836497484886215 0.0012732931413687032
35.166666666666664 0.24555442511518466 0.0012459787796159916
35.2 0.18106407926718948 0.0011822152653619133
35.233333333333334 0.1166839857156318 0.0011473325608285373
35.266666666666666 0.040162181277864056 0.0010738796345780705
35.3 -0.04368512443626456 0.0010842152641517139
35.333333333333336 -0.12151381187333138 0.001139977820064031
35.36666666666667 -0.19210969323227217 0.0011893639123215505
35.4 -0.2553644209227358 0.0012450189121574473
35.43333333333333 -0.3048801305383986 0.001280223188721008
35.46666666666667 -0.34548775144143035 0.001312187126896791
35.5 -0.3744193521952535 0.0013364119894476723
35.53333333333333 -0.3823904424947055 0.0013309802422228345
35.56666666666667 -0.37380364379003417 0.001324143369751285
35.6 -0.3497448163468624 0.001300335730202662
35.63333333333333 -0.30919490423646345 0.0012864861413938167
35.666666666666664 -0.2548840101401971 0.00124915466628861
35.7 -0.1866177157214422 0.0011967469924328844
35.733333333333334 -0.11729298898067197 0.0011289856815854954
35.766666666666666 -0.042222551013338085 0.0010670919012139846
35.8 0.036772423815309103 0.0010699403699186358
35.833333333333336 0.1158504889661998 0.0011362445597126458
35.86666666666667 0.18963308979170346 0.0012014072041703072
35.9 0.2506551927930071 0.0012477833166106844
35.93333333333333 0.30234241076744306 0.0013020060996366545
35.96666666666667 0.3351509381407384 0.001307379888443816
36.0 0.3559950105425356 0.0012992897745163212
36.03333333333333 0.36479849224057986 0.0013146715414072419
36.06666666666667 0.357840103960255 0.0013162808012483485
36.1 0.33794634764072023 0.0012928882380627837
36.13333333333333 0.3046935052603006 0.0012822367726583739
36.166666666666664 0.25974957779432656 0.0012511567643374022
36.2 0.18809713006872367 0.001183408248441542
36.233333333333334 0.11589902589655132 0.0011255197615434726
36.266666666666666 0.041560852643994936 0.001057152147040899
36.3 -0.03512676794412259 0.0010579660688942796
36.333333333333336 -0.09902481799495873 0.001142967520269031
36.36666666666667 -0.18168588425085727 0.0012056382325111858
36.4 -0.2462715911098794 0.001246967876743471
36.43333333333333 -0.29783619075065887 0.001288130155464029
36.46666666666667 -0.3400793575466001 0.0013267149227784714
36.5 -0.3642262995623096 0.0013281575729259254
36.53333333333333 -0.3726988127873374 0.0013325335248647319
36.56666666666667 -0.36956504453865363 0.0013302446599290363
36.6 -0.34974472359048525 0.0013103169478459464
36.63333333333333 -0.30950595001592013 0.0012963971166752852
36.666666666666664 -0.2433683521425203 0.0012692337092757855
36.7 -0.1795979156729609 0.0012241609575386336
36.733333333333334 -0.11741995526784017 0.0011468991729282063
36.766666666666666 -0.0470141538527545 0.0010804327706193245
36.8 0.03190190255253829 0.0010593202706176766
36.833333333333336 0.10212889680600737 0.0011307630164579807
36.86666666666667 0.1780553490393119 0.001216138124553262
36.9 0.24531441506017965 0.001252761642989958
36.93333333333333 0.29036112591359703 0.0012813088535164052
36.96666666666667 0.3287836440472774 0.001308637511174382
37.0 0.35369903455788926 0.0013122827600651754
37.03333333333333 0.36214157318819773 0.0013077677386852948
37.06666666666667 0.3539289242485429 0.001304852480399854
37.1 0.3394348034261057 0.0012960092390141287
37.13333333333333 0.30644068010628 0.0012758689255047417
37.166666666666664 0.25311306587759674 0.0012378453847237125
37.2 0.194111715281699 0.0011917173904299472
37.233333333333334 0.12421019137663349 0.0011342008080583582
37.266666666666666 0.056819058729989005 0.0010766554818320978
37.3 -0.015940291004337793 0.0010474064476119344
37.333333333333336 -0.09774167566294 0.0011216956771472747
37.36666666666667 -0.1706013844495068 0.0011813162590553483
37.4 -0.23153915810531991 0.0012308120810397005
37.43333333333333 -0.29191570308256587 0.0012829465610224022
37.46666666666667 -0.3307897525008807 0.001313183463305334
37.5 -0.3642412281794311 0.0013150612283934215
37.53333333333333 -0.37503312346484097 0.0013223024050540988
37.56666666666667 -0.3737303270097553 0.0013229278668521194
37.6 -0.35336071204147784 0.001317599475866571
37.63333333333333 -0.3175168125024359 0.0012786603739799451
37.666666666666664 -0.26536909556287713 0.0012534314002272673
37.7 -0.20310785816744742 0.0012114676881522513
37.733333333333334 -0.1326949783246152 0.0011442566856369463
37.766666666666666 -0.06065531084460975 0.0010773853315316217
37.8 0.017460650868793948 0.0010368587146320808
37.833333333333336 0.09050492237768175 0.0010982380591647162
37.86666666666667 0.15795373570015891 0.001158448346937152
37.9 0.2222623731768379 0.0012097734388445691
37.93333333333333 0.2768477552151607 0.0012590911803671
37.96666666666667 0.31869776415657486 0.0013012638614657845
38.0 0.34907327319336934 0.0013046324652262742
38.03333333333333 0.36123750990564596 0.0013155639218165316
38.06666666666667 0.36074447379032043 0.0013075135838522267
38.1 0.3350529687984686 0.001292464272881988
38.13333333333333 0.3074450481921198 0.0012827279008678083
38.166666666666664 0.2620675481462114 0.001260367687811903
38.2 0.2004457443348699 0.0012030228005258936
38.233333333333334 0.13039254899198421 0.0011377883217005558
38.266666666666666 0.0625039301584022 0.0010760959007046905
38.3 -0.013803429556516016 0.0010261900701568766
38.333333333333336 -0.08590819393817169 0.0011011701640108312
38.36666666666667 -0.15403585028597205 0.001173399704411271
38.4 -0.22082865933781085 0.001229610867726938
38.43333333333333 -0.2857612938773391 0.00126965197031631
38.46666666666667 -0.32404238381367284 0.001299528795649485
38.5 -0.3484394700557912 0.0013575516249056951
38.53333333333333 -0.3648387749015002 0.0013528064883612245
38.56666666666667 -0.3656333549289736 0.0013469548498531991
38.6 -0.3440128664802302 0.001342464075951011
38.63333333333333 -0.3104158607468021 0.0013013468421628205
38.666666666666664 -0.2563030414211785 0.0012625652677785149
38.7 -0.1918423567217658 0.0012252928150884856
38.733333333333334 -0.13443495632286542 0.0011610658809390884
38.766666666666666 -0.05828442642384873 0.001085196189114554
38.8 0.014036323875048135 0.0010396724978827612
38.833333333333336 0.09345553625825176 0.0011352286378566445
38.86666666666667 0.16476789868837025 0.0012076923764068048
38.9 0.23829335624472117 0.0012512649054334524
38.93333333333333 0.28506909480440484 0.0012893197921645116
38.96666666666667 0.3290338620475579 0.001323728102790911
39.0 0.34393247676304867 0.0013228678262221516
39.03333333333333 0.3600311949438729 0.0013185422170807204
39.06666666666667 0.35551166594710243 0.0013167632451309141
39.1 0.34212841697950913 0.0013055601432323538
39.13333333333333 0.3153192097412837 0.001307232306345829
39.166666666666664 0.26271845223009466 0.0012680029457282638
39.2 0.2155648008673151 0.0012218835808702477
39.233333333333334 0.14146065778554467 0.0011559571137989832
39.266666666666666 0.070522382580886 0.0010810394626173947
39.3 -0.0042313096116035655 0.001030567158900226
39.333333333333336 -0.07736584067608165 0.0010971815875163438
39.36666666666667 -0.1532040822710897 0.001161360120005811
39.4 -0.2152340115198993 0.0012193329849159995
39.43333333333333 -0.274328598081634 0.0012652881004795447
39.46666666666667 -0.3089027002574095 0.0013022962290518136
39.5 -0.3415809897446182 0.0013268557768615352
39.53333333333333 -0.3633427659960381 0.0013284461236377498
39.56666666666667 -0.3528787975205353 0.0013461842627727205
39.6 -0.341163880159141 0.001325675286452499
39.63333333333333 -0.3177563252672249 0.001296186889985007
39.666666666666664 -0.2709613593642659 0.0012699713572392746
39.7 -0.21561870976634623 0.0012267649161711303
39.733333333333334 -0.14381746735682654 0.0011672021751236994
39.766666666666666 -0.07589898359142006 0.0010993633624583748
39.8 -0.0010474782787767499 0.0010225856823709116
39.833333333333336 0.07924428192544959 0.001111555740300002
39.86666666666667 0.1503161042478154 0.0011679590160392495
39.9 0.20902790799098736 0.0012174735905638168
39.93333333333333 0.26529406529899624 0.0012625945176192865
39.96666666666667 0.3111317438501108 0.0013175352281370456
40.0 0.33500908468861873 0.0012930460306955216
40.03333333333333 0.34915720372110876 0.0012996455592321765
40.06666666666667 0.3480078130605863 0.0012976926833739855
40.1 0.33426421640976517 0.0012933065766081997
40.13333333333333 0.31736079048364774 0.001285226578010612
40.166666666666664 0.27777144200228526 0.0012583543712594292
40.2 0.22207658910615954 0.0012170990525730563
40.233333333333334 0.15856662051332826 0.0011786711725172427
40.266666666666666 0.08615763038599625 0.0011125035687694906
40.3 0.007003198266973214 0.0010325998827976262
40.333333333333336 -0.06604811510383922 0.0010847951463871242
40.36666666666667 -0.14241889739042488 0.001153479538769403
40.4 -0.20783542396557117 0.0012136379559497812
40.43333333333333 -0.26278864479423475 0.0012626442490338285
40.46666666666667 -0.3099336031195293 0.0012969830521394887
40.5 -0.34427829819192024 0.0013142772476971154
40.53333333333333 -0.3609263422671078 0.0013265716903841374
40.56666666666667 -0.3644896902325231 0.0013271050758179026
40.6 -0.35349620077321453 0.001308849451431282
40.63333333333333 -0.3210453183408705 0.0012890715240505002
40.666666666666664 -0.2747205704451788 0.0012584978957112525
40.7 -0.22076047961473586 0.0012195324897942006
40.733333333333334 -0.15560722693510978 0.001163254069366737
40.766666666666666 -0.0871368034664937 0.001109279037638286
40.8 -0.013599315380410999 0.0010322752435420243
40.833333333333336 0.06611578968829192 0.0010873374443406691
40.86666666666667 0.13566682015476855 0.0011458622659196172
40.9 0.1990621344529369 0.0012048219863173837
40.93333333333333 0.258643968634118 0.0012527894466202172
40.96666666666667 0.3026686981023927 0.0012660615162025657
41.0 0.32681926087134505 0.0012862170470808731
41.03333333333333 0.3479260906625363 0.0012922320034201573
41.06666666666667 0.34838014795052635 0.0012969308586088246
41.1 0.3349351535732847 0.0012887542908593952
41.13333333333333 0.30928410177443255 0.0012781925904009617
41.166666666666664 0.27453981876099004 0.0012638747779761261
41.2 0.22191944903528185 0.0012157081354816357
41.233333333333334 0.15980439907348512 0.0011675334199616472
41.266666666666666 0.0926713631956047 0.0011178579847876402
41.3 0.019344521598288655 0.0010509410781622715
41.333333333333336 -0.06077341953531104 0.001078528949341899
41.36666666666667 -0.1266390751787101 0.0011452134686216198
41.4 -0.19378485240885165 0.001208329398692115
41.43333333333333 -0.22406504735659133 0.001265626241579887
41.46666666666667 -0.25381031961375544 0.0013077493434990317
41.5 -0.3073994959919504 0.001322981885663821
41.53333333333333 -0.3599975298691321 0.0013278276808561529
41.56666666666667 -0.3399270342917752 0.0013324666847578381
41.6 -0.30933181966326145 0.0013352503422622286
41.63333333333333 -0.28902141948794513 0.0013073063266095808
41.666666666666664 -0.2035347043986376 0.0013012004946992006
41.7 -0.14866015806343733 0.001243468554774585
41.733333333333334 -0.12760267052248753 0.001193346052077271
41.766666666666666 -0.02633413647893987 0.001102850787983653
41.8 0.028171975353195194 0.00108302841124042
41.833333333333336 0.09023673206195773 0.0011433245706870682
41.86666666666667 0.2116281192949149 0.001259633839983093
41.9 0.27663386515939964 0.0013065535685713447
41.93333333333333 0.3280821963809554 0.0013467237194655368
41.96666666666667 0.3379536512385476 0.0013215743136889557
42.0 0.40009169848005294 0.0013768430180522984
