0.0 -0.47231905002302543 0.0011544584380352996
0.03333333333333333 -0.49732921314479295 0.0011588228975654702
0.06666666666666667 -0.5028278336695988 0.0011715879375056026
0.1 -0.49385581331584805 0.001163484079703958
0.13333333333333333 -0.46494195907589686 0.001158611013921007
0.16666666666666666 -0.4170473193596224 0.001148631999281946
0.2 -0.36225966366890455 0.0011133084623925482
0.23333333333333334 -0.29060179529283026 0.0010749847871203144
0.26666666666666666 -0.20669770334350315 0.0010187381262320994
0.3 -0.11140732009860274 0.000951507292409004
0.3333333333333333 -0.017567508496760323 0.0008780354945504068
0.36666666666666664 0.07543591971990231 0.0009290955223523883
0.4 0.16514038435239026 0.0010042170293683428
0.43333333333333335 0.2457947387269335 0.00104422909191354
0.4666666666666667 0.3287565496280409 0.0010926202131179563
0.5 0.38855709398668703 0.0011215059574052888
0.5333333333333333 0.4298345511987667 0.0011361138209799448
0.5666666666666667 0.46243585234351575 0.0011620476934926516
0.6 0.47747623839067543 0.0011606964158135114
0.6333333333333333 0.47817330230904853 0.0011671101855061372
0.6666666666666666 0.4586833489852435 0.001164293914392378
0.7 0.42586483734445113 0.0011576496083455234
0.7333333333333333 0.3764611796891531 0.0011280043430608733
0.7666666666666667 0.31738891064810365 0.0011095902606184094
0.8 0.23950964598925467 0.0010671733311781173
0.8333333333333334 0.1524312905810384 0.0010018873397915906
0.8666666666666667 0.05720266209338612 0.0009107237160751874
0.9 -0.03489129753783022 0.000888685342822923
0.9333333333333333 -0.12025772954319801 0.0009561882448611281
0.9666666666666667 -0.21341885032427388 0.0010247633628547581
1.0 -0.29518552204775317 0.0010822681291783876
1.0333333333333334 -0.36551849993631086 0.0011033715268150557
1.0666666666666667 -0.4196990912476979 0.0011377741014143572
1.1 -0.462992681664977 0.0011498456421241143
1.1333333333333333 -0.48947967901645356 0.0011654218956945184
1.1666666666666667 -0.49757038711429574 0.0011683634351850047
1.2 -0.4911406699542351 0.0011602372914980008
1.2333333333333334 -0.4628322385919395 0.0011478967431179377
1.2666666666666666 -0.4168363189110861 0.0011265204030437848
1.3 -0.35668068970823597 0.0011030947576396999
1.3333333333333333 -0.2811842127613637 0.0010660487820724485
1.3666666666666667 -0.20777036125452714 0.001015852013452584
1.4 -0.1146847625434901 0.0009564544569489464
1.4333333333333333 -0.021900061496201023 0.0008803901576205711
1.4666666666666666 0.06993292474944507 0.0009254308679445544
1.5 0.1568589146346578 0.000991859168182091
1.5333333333333334 0.24250331474110792 0.0010419967735397495
1.5666666666666667 0.3122660329393739 0.0010790136170311104
1.6 0.37781571814618115 0.0011191573156161816
1.6333333333333333 0.42538074096200207 0.0011432652491440987
1.6666666666666667 0.45804322351024257 0.0011816284281188638
1.7 0.47310412659575085 0.0011899545210830587
1.7333333333333334 0.47473344862118044 0.001193686906394098
1.7666666666666666 0.46143914672012465 0.0011762261907617422
1.8 0.42031885857794976 0.0011404660442607129
1.8333333333333333 0.3708264479398684 0.0011176754214650697
1.8666666666666667 0.3099439771334345 0.0010796983359782075
1.9 0.23322727814985267 0.001034380901957982
1.9333333333333333 0.15486883312111038 0.000981702760470743
1.9666666666666666 0.0640117174637826 0.0009177354641178997
2.0 -0.021718060610360718 0.0008941934740437259
2.033333333333333 -0.11790049457043723 0.0009565730277798917
2.066666666666667 -0.20141654415369653 0.0010306439906982434
2.1 -0.2812450354729753 0.0010819360383566567
2.1333333333333333 -0.3528796217165427 0.001113239756522888
2.1666666666666665 -0.4176207356136054 0.0011205076801773517
2.2 -0.46062008038101115 0.0011412453102346287
2.2333333333333334 -0.4824664071616263 0.0011675336420410298
2.2666666666666666 -0.49034113094372284 0.0011660349905320277
2.3 -0.484701713186481 0.001160288409483623
2.3333333333333335 -0.4595399830881907 0.0011457177801990626
2.3666666666666667 -0.41003889001224586 0.001134242382885453
2.4 -0.3555647163773991 0.00109637573840915
2.433333333333333 -0.2837861404795193 0.001068144232073076
2.466666666666667 -0.2015751793049424 0.001017852454237439
2.5 -0.10947732691119436 0.0009547807085562854
2.533333333333333 -0.0072438617771247655 0.0008920377779705587
2.566666666666667 0.08380951502484996 0.0009606346066824423
2.6 0.21950197653465875 0.0010773238471391278
2.6333333333333333 0.2871807099051887 0.0011014180333824841
2.6666666666666665 0.33859701067284254 0.00111304126509304
2.7 0.4452437253566049 0.0011880495243351552
2.7333333333333334 0.4436906247265507 0.0011759312664486044
2.7666666666666666 0.47726104863163693 0.0011790241372175991
2.8 0.49679749841804627 0.0011847267760997093
2.8333333333333335 0.5071237534857985 0.001191773700967902
2.8666666666666667 0.4604032841265359 0.0011603920591393146
2.9 0.44106604386994414 0.0011665246312769217
2.933333333333333 0.3861944315219866 0.0011415854320486196
2.966666666666667 0.3231499993139813 0.0010965079406211053
3.0 0.2388755079087252 0.0010420628251490982
3.033333333333333 0.16726727935793612 0.0010016692277166894
3.066666666666667 0.07425500170617091 0.0009314381352170803
3.1 -0.010406307784828045 0.000884656496279718
3.1333333333333333 -0.11146602977489778 0.000961618088255331
3.1666666666666665 -0.20024844056147334 0.0010157633804380728
3.2 -0.27787266167340186 0.0010690661952653113
3.2333333333333334 -0.35098700584853326 0.001102305047608776
3.2666666666666666 -0.407880627711428 0.0011288826635352245
3.3 -0.4527491238527928 0.0011436861677546761
3.3333333333333335 -0.4797774894953786 0.0011552204778821351
3.3666666666666667 -0.486309291376256 0.0011694410768359198
3.4 -0.48071704163890594 0.0011617773223157046
3.433333333333333 -0.4566767690805356 0.0011407349193662264
3.466666666666667 -0.41627011464365526 0.0011205433924965646
3.5 -0.3570196866946603 0.0010973759276151074
3.533333333333333 -0.2867979647014096 0.0010655210523208836
3.566666666666667 -0.20926317089443075 0.0010164440857322043
3.6 -0.11580713629752065 0.0009504554729961867
3.6333333333333333 -0.02753433270175052 0.0008799262171663401
3.6666666666666665 0.06636634133975595 0.0009158382554882577
3.7 0.15865257288909507 0.0009952471312768274
3.7333333333333334 0.23384134784166802 0.0010467089922227002
3.7666666666666666 0.3019925678644455 0.0010735331797446235
3.8 0.36471726775573693 0.0011081277228663922
3.8333333333333335 0.40939730352726256 0.0011276256038897925
3.8666666666666667 0.44283376926335666 0.0011389103628225983
3.9 0.46570646581744646 0.0011573170306475866
3.933333333333333 0.4587249893882875 0.0011505317978863228
3.966666666666667 0.4426299216845626 0.001144175893620314
4.0 0.4226111094590299 0.0011427123357975466
4.033333333333333 0.37231061217448624 0.0011152522501023943
4.066666666666666 0.30657698134902905 0.0010839188798076882
4.1 0.23301890251457796 0.0010365885661800245
4.133333333333334 0.16517196276129126 0.0010019708583264564
4.166666666666667 0.07464672499561299 0.000933395852193375
4.2 -0.014776986404433657 0.0008780327390820967
4.233333333333333 -0.11132079231011277 0.0009494732364922626
4.266666666666667 -0.20119868687723008 0.00101513702886033
4.3 -0.2771310027651067 0.0010639407769793552
4.333333333333333 -0.344830973817669 0.0011047592275058582
4.366666666666666 -0.40346931617095055 0.0011440211875373696
4.4 -0.44799743407983 0.0011399811363637102
4.433333333333334 -0.4709133406706173 0.0011535500899746975
4.466666666666667 -0.48580051001287833 0.0011521079530576461
4.5 -0.47458352840422247 0.0011612952130221066
4.533333333333333 -0.451862075050243 0.0011488872110460013
4.566666666666666 -0.408574480778506 0.001134386623537209
4.6 -0.34905370534146407 0.0011008677859086768
4.633333333333334 -0.27566468683071266 0.0010639844407805965
4.666666666666667 -0.19672300480875465 0.0010248515575007333
4.7 -0.10762829142393758 0.0009604778859576973
4.733333333333333 -0.019961527883070204 0.0008865952021875241
4.766666666666667 0.06303113689754929 0.0009157763493981563
4.8 0.14927211436114418 0.0009756132563850106
4.833333333333333 0.22859447052086265 0.0010261381047136642
4.866666666666666 0.3142853669690868 0.0010925106269342177
4.9 0.36169471451083474 0.0011267716380177761
4.933333333333334 0.41011794461500123 0.001129256673505219
4.966666666666667 0.44261476976286385 0.0011431016566994523
5.0 0.4584508722441101 0.001149159445702319
5.033333333333333 0.4576552707656899 0.0011487456363962756
5.066666666666666 0.44071588734846284 0.0011413821346138442
5.1 0.4118716833867153 0.0011435906250222283
5.133333333333334 0.36433523127037337 0.0011199218332368366
5.166666666666667 0.30463395833569706 0.0010793591250161105
5.2 0.23000435667947827 0.0010458020460590856
5.233333333333333 0.14736355435092147 0.0009742620241542377
5.266666666666667 0.06473658857788331 0.0009121258706398933
5.3 -0.03007459389198021 0.0008780395637770673
5.333333333333333 -0.11778158881049273 0.0009481922008642424
5.366666666666666 -0.1984081322483849 0.0010142977983526313
5.4 -0.2780641974539739 0.0010603544259620845
5.433333333333334 -0.3471777696069963 0.0010961117674453957
5.466666666666667 -0.4022897757983812 0.0011214064366974474
5.5 -0.44500700077872773 0.001136142098467574
5.533333333333333 -0.4730138032238509 0.0011541318394683864
5.566666666666666 -0.47853609189301155 0.0011650865214311579
5.6 -0.469836550158255 0.0011493625519722328
5.633333333333334 -0.44379119662894456 0.0011408160476016893
5.666666666666667 -0.4038145352610702 0.0011284225818569138
5.7 -0.3489911419345485 0.0010952702916686152
5.733333333333333 -0.28193693259098096 0.0010558025279092664
5.766666666666667 -0.20555669874977292 0.001009549316802777
5.8 -0.11946372164483977 0.0009482429970845002
5.833333333333333 -0.02160865919104551 0.0008845568055147468
5.866666666666666 0.06473659432987547 0.000921323857745085
5.9 0.15384889847359326 0.0009897972913750497
5.933333333333334 0.2370219081754515 0.0010394172362671317
5.966666666666667 0.3005265027009325 0.001076158178699771
6.0 0.3581275226516152 0.0011044979787813158
6.033333333333333 0.40285707621399225 0.0011281269714327191
6.066666666666666 0.43716936485281876 0.0011415281080088824
6.1 0.45160888885549993 0.001145573230110386
6.133333333333334 0.4473478950073165 0.001146881012213663
6.166666666666667 0.43211931019599525 0.0011394019506009156
6.2 0.4042509202730154 0.0011306151090545447
6.233333333333333 0.3574664991235184 0.0011135622151083324
6.266666666666667 0.30461273886587037 0.0010856937638375475
6.3 0.23531977880471308 0.0010566075839388567
6.333333333333333 0.15099968603062047 0.0009824361846744734
6.366666666666666 0.06688946208644736 0.0009201836250860018
6.4 -0.024853132733839448 0.0008838122287515883
6.433333333333334 -0.11179671744751904 0.0009538389372588385
6.466666666666667 -0.19883572606854033 0.001012507914339822
6.5 -0.2758812823150841 0.0010682781716464529
6.533333333333333 -0.3434152485961953 0.0010937091493500306
6.566666666666666 -0.39921098652504494 0.0011207214476510186
6.6 -0.441750272546821 0.001144437666771081
6.633333333333334 -0.4690366931836967 0.0011439626804067293
6.666666666666667 -0.4776847687147998 0.0011473612880238404
6.7 -0.46990253767783957 0.0011414215783432935
6.733333333333333 -0.44270364193401074 0.001139337452183642
6.766666666666667 -0.3988018145839751 0.0011228658769853461
6.8 -0.340642427753693 0.0010972681243013316
6.833333333333333 -0.2762532711928722 0.0010548445653570382
6.866666666666666 -0.19915269689873505 0.0010059366641819167
6.9 -0.112753982539329 0.0009545579385311642
6.933333333333334 -0.023821024679060242 0.0008834426055644544
6.966666666666667 0.05830290341424561 0.0009060438842677238
7.0 0.14342454981206199 0.000971335858362149
7.033333333333333 0.22411854473703557 0.001022777498854488
7.066666666666666 0.29823839176428246 0.0010751353770174221
7.1 0.3565132343447012 0.001107790340378778
7.133333333333334 0.40405380566142396 0.001145473583515022
7.166666666666667 0.4319844808275668 0.0011658118686967422
7.2 0.4463345171805987 0.0011574968268110997
7.233333333333333 0.4487679578551058 0.0011593563663879203
7.266666666666667 0.4318384241073827 0.0011524387510551959
7.3 0.3992704674450111 0.001134777833801337
7.333333333333333 0.35550442792652465 0.0011111031655539616
7.366666666666666 0.2977650613488258 0.0010771118393761436
7.4 0.22519717416539028 0.0010384730004109055
7.433333333333334 0.1492153919813901 0.0009938986297272911
7.466666666666667 0.0635200187368666 0.0009308611434172137
7.5 -0.027132959865248187 0.0008897394148336714
7.533333333333333 -0.11030542074482266 0.0009515439084131494
7.566666666666666 -0.2003427727276243 0.0010221934839764468
7.6 -0.27380795652658096 0.0010652843289440384
7.633333333333334 -0.3394271368701895 0.0011112170348687722
7.666666666666667 -0.39299098014219797 0.0011361533604170027
7.7 -0.4335687312844981 0.0011420176977026686
7.733333333333333 -0.46391106477397476 0.0011446550409527356
7.766666666666667 -0.47280179145284157 0.0011479406260684333
7.8 -0.4639296048611478 0.0011430246432698743
7.833333333333333 -0.4411748082518292 0.0011325902040872915
7.866666666666666 -0.3992772092059475 0.001129906682022952
7.9 -0.34148068725310704 0.0011000973194733588
7.933333333333334 -0.26675612944771054 0.001065190625946122
7.966666666666667 -0.19489909949332024 0.0010074895666494499
8.0 -0.11586439894092797 0.0009444677109312349
8.033333333333333 -0.02033314164108721 0.0008838758285939219
8.066666666666666 0.06822881336573587 0.0009244651361662304
8.1 0.15219967922382857 0.0009899423504818594
8.133333333333333 0.22981368610302877 0.0010426462520017055
8.166666666666666 0.30233892688099256 0.0010837786760648505
8.2 0.35404594593902194 0.0011038129671255281
8.233333333333333 0.40081942528029507 0.0011292965804152733
8.266666666666667 0.43417973605968374 0.001147528821299204
8.3 0.4438202833613809 0.0011504495154177063
8.333333333333334 0.44660767681585306 0.0011453748527808227
8.366666666666667 0.4290937751942251 0.001142426412122255
8.4 0.39493386064207636 0.0011238758884253852
8.433333333333334 0.3500855762658382 0.001103535204736772
8.466666666666667 0.28972973802957286 0.0010767184801150353
8.5 0.22511293405444005 0.0010373366357659952
8.533333333333333 0.14658949326028822 0.0009832041036036687
8.566666666666666 0.05807385537080791 0.0009119482726944531
8.6 -0.02782488817984542 0.000885628582121923
8.633333333333333 -0.11852284309754499 0.0009509760469139095
8.666666666666666 -0.20155711111336413 0.0010033114003127896
8.7 -0.27672320049318644 0.0010729572356681372
8.733333333333333 -0.3436295611187872 0.0010941344668392583
8.766666666666667 -0.39707580080687116 0.0011245393961349381
8.8 -0.43049303240396497 0.0011403412354865083
8.833333333333334 -0.457208091572689 0.0011475956673712706
8.866666666666667 -0.46809982225122715 0.0011444116153228046
8.9 -0.4545342568689479 0.0011491548736777824
8.933333333333334 -0.42691705370230676 0.0011404648599801503
8.966666666666667 -0.3813217764971418 0.0011326004874818163
9.0 -0.3292862535727649 0.001094047690679445
9.033333333333333 -0.26218266838775506 0.0010568762201936255
9.066666666666666 -0.1872556028312945 0.001004797907850269
9.1 -0.10116175572782422 0.0009462184732908635
9.133333333333333 -0.018970808980026184 0.000880496245711803
9.166666666666666 0.06748878226234814 0.000919822472771642
9.2 0.14834575600500663 0.0009828937729784992
9.233333333333333 0.22602236157561587 0.0010259677590063465
9.266666666666667 0.3019530013522724 0.0010777066323893747
9.3 0.350506492249241 0.001104195443044631
9.333333333333334 0.39505127621693314 0.0011322183976761324
9.366666666666667 0.42816130130966573 0.0011441307742385831
9.4 0.44428183454411 0.0011483112367615678
9.433333333333334 0.439468297370155 0.0011437927574958207
9.466666666666667 0.424899542809594 0.0011438080254123073
9.5 0.39310799332645197 0.0011321796319738175
9.533333333333333 0.3458428105491166 0.0011189548520957882
9.566666666666666 0.2874332299159561 0.0010823347983233145
9.6 0.21545225487219907 0.0010250293749596295
9.633333333333333 0.1434218976147632 0.0009777561983007332
9.666666666666666 0.05842012092319764 0.0009172696343765149
9.7 -0.031260576870284947 0.000886946276488193
9.733333333333333 -0.12115727156610365 0.0009572261733461901
9.766666666666667 -0.1973926184928978 0.0010091490990034313
9.8 -0.2723361848465253 0.0010653461336747605
9.833333333333334 -0.3358404413493218 0.001104214512949342
9.866666666666667 -0.3881435510324539 0.0011319995945640038
9.9 -0.42497301997082815 0.0011526687537840585
9.933333333333334 -0.455926323080982 0.0011443936172818026
9.966666666666667 -0.45893654389040156 0.0011478723221389764
10.0 -0.452054564837668 0.0011425130247493809
10.033333333333333 -0.42520840852908925 0.0011412064279061607
10.066666666666666 -0.38511870625618744 0.001119698172639405
10.1 -0.3262286772745243 0.001095342302819824
10.133333333333333 -0.25803788910578956 0.001052010021303007
10.166666666666666 -0.18787734507832266 0.0010021211687779585
10.2 -0.10049924002702387 0.0009450090577452219
10.233333333333333 -0.011406197385711534 0.0008837365220994865
10.266666666666667 0.07514365260655036 0.0009336666987871944
10.3 0.16222268459158629 0.0009979303726163902
10.333333333333334 0.22269312750103273 0.0010260704062660664
10.366666666666667 0.29639686283835576 0.001079108587764721
10.4 0.35400451921811005 0.0011160520559431175
10.433333333333334 0.4009578202733489 0.0011355070259116973
10.466666666666667 0.42918465323333294 0.001146544338403832
10.5 0.44198114982870945 0.0011518714836604715
10.533333333333333 0.44005727223480956 0.001153130204685937
10.566666666666666 0.42659056198159695 0.001152470439148845
10.6 0.3974721136271028 0.0011429183042677704
10.633333333333333 0.35011357321732495 0.0011212807629331634
10.666666666666666 0.2811314832274885 0.001069053556463584
10.7 0.2085132199610325 0.0010164839958182459
10.733333333333333 0.13778953231800017 0.000998609814314294
10.766666666666667 0.05811294021570949 0.0009223434873237499
10.8 -0.029494008773203986 0.0008912686227696837
10.833333333333334 -0.11729316698150573 0.0009587005226218831
10.866666666666667 -0.2022661518190253 0.0010178140195903906
10.9 -0.26968058016001417 0.0010599663776545976
10.933333333333334 -0.33766809967998596 0.001098413424599376
10.966666666666667 -0.39332335167232435 0.001113329316427325
11.0 -0.41948304175939677 0.0011476724577579867
11.033333333333333 -0.44635059033769225 0.001164269031970644
11.066666666666666 -0.4522793403959158 0.0011641659765718737
11.1 -0.4412875815825748 0.001159075312003599
11.133333333333333 -0.4199858685399247 0.0011468717375008874
11.166666666666666 -0.38060670274317876 0.001118062732857139
11.2 -0.32774844351880605 0.0010906356256297212
11.233333333333333 -0.2525497224931961 0.0010547221765029868
11.266666666666667 -0.1754175116842581 0.0010011261077086386
11.3 -0.09892501998042823 0.0009463414127567626
11.333333333333334 -0.016710030214178988 0.000875926015394806
11.366666666666667 0.0657241671976222 0.0009142906716226445
11.4 0.14510985228775838 0.0009760559744595165
11.433333333333334 0.23198193066635445 0.0010342641079756631
11.466666666666667 0.29185737801921013 0.0010708607709620788
11.5 0.3454584446470854 0.001097185044617588
11.533333333333333 0.39079994262744205 0.0011181848772066072
11.566666666666666 0.42222690648405525 0.0011349169390323377
11.6 0.4337681473782598 0.0011729398782420186
11.633333333333333 0.43594228532193097 0.0011656112880872316
11.666666666666666 0.42078843878996885 0.001159251370909553
11.7 0.38184732557837736 0.0011209197697505946
11.733333333333333 0.33825383362582373 0.0011068496828506302
11.766666666666667 0.27741879980805595 0.0010691753973615659
11.8 0.20936443899898952 0.0010273791490912343
11.833333333333334 0.13032252525674182 0.0009650791935467695
11.866666666666667 0.05069895038358387 0.0009017043540032812
11.9 -0.041340711410128336 0.0008905497315176841
11.933333333333334 -0.11906153768774021 0.0009546796367077698
11.966666666666667 -0.1999596389027017 0.001014737724649939
12.0 -0.27051691396895616 0.0010637591424753068
12.033333333333333 -0.33424404473839764 0.0010936226981562158
12.066666666666666 -0.3745307399581615 0.0011338925312977532
12.1 -0.4132686552578334 0.0011539532791965956
12.133333333333333 -0.4352110097625172 0.00115889287672577
12.166666666666666 -0.45076358143944245 0.0011465560683991405
12.2 -0.4323070841052446 0.0011525462341659964
12.233333333333333 -0.40609946485849197 0.0011420797413027595
12.266666666666667 -0.36010492405669925 0.0011216239533513028
12.3 -0.3043458714620889 0.001093721021157401
12.333333333333334 -0.24515169018396235 0.0010512275706734686
12.366666666666667 -0.17354437468930942 0.0010004429575901919
12.4 -0.08114945196163335 0.0009397418368623234
12.433333333333334 0.0006870653836791737 0.0008745316216193821
12.466666666666667 0.07620268801108007 0.0009266140888399138
12.5 0.1545544305502966 0.0009885566115098998
12.533333333333333 0.2284566464878135 0.0010306104568548191
12.566666666666666 0.295572863611169 0.0010736985922386033
12.6 0.3537886446814488 0.0011106895285493135
12.633333333333333 0.3989658619219486 0.0011408503579676266
12.666666666666666 0.4309182001775195 0.0011497833930428913
12.7 0.4344372905777032 0.001149104274564161
12.733333333333333 0.4278992891471994 0.0011406694136468776
12.766666666666667 0.4148775019854233 0.0011432484903318718
12.8 0.3841611022644962 0.0011270481636873608
12.833333333333334 0.33797462351852575 0.001110615120814229
12.866666666666667 0.27991402692035994 0.0010707386018009024
12.9 0.21128562979477647 0.0010390503347204316
12.933333333333334 0.12959220966461454 0.0009715976466651843
12.966666666666667 0.045584652576254575 0.000904064351676101
13.0 -0.03678453574899786 0.0008993888442362097
13.033333333333333 -0.123721984377984 0.000958078416897365
13.066666666666666 -0.1865630364535464 0.0010212241983712234
13.1 -0.2686244239576735 0.001077132785370749
13.133333333333333 -0.32056709860595883 0.0011203042777327976
13.166666666666666 -0.3746090291429308 0.0011403482118819697
13.2 -0.4076052969199749 0.0011575310654853288
13.233333333333333 -0.4328684972591198 0.0011587214736654694
13.266666666666667 -0.43911027020147436 0.0011600911354965882
13.3 -0.4331213788910321 0.0011433667436241413
13.333333333333334 -0.40774972100430357 0.0011345158817345768
13.366666666666667 -0.36420828081541545 0.0011098994600509116
13.4 -0.30935697426100045 0.0010787960046305112
13.433333333333334 -0.24162327200815556 0.001047934832235864
13.466666666666667 -0.1733848216622404 0.0010000726130896809
13.5 -0.08405123578032699 0.0009412653373723767
13.533333333333333 -0.0019640118841392283 0.0008765587174763179
13.566666666666666 0.07674971082819183 0.0009271528239374605
13.6 0.15998439085000485 0.0009932492288348416
13.633333333333333 0.2331535522012061 0.0010447830766351085
13.666666666666666 0.29899273822697275 0.0010923922971715072
13.7 0.349094398449086 0.0011222595553597725
13.733333333333333 0.3907841543024309 0.0011342999893921846
13.766666666666667 0.41475908333929906 0.0011395984065400433
13.8 0.4395089539718806 0.00115764661212292
13.833333333333334 0.43424067777729203 0.0011539847569592143
13.866666666666667 0.4146210715111803 0.0011462765140975995
13.9 0.37461474120407395 0.0011235500434379486
13.933333333333334 0.3236978173601803 0.0010912233032545071
13.966666666666667 0.27803270352771015 0.0010711587965936409
14.0 0.19093401521283293 0.0010007356048570837
14.033333333333333 0.11973027597081587 0.0009534542145504532
14.066666666666666 0.04463131084934439 0.0008995356561786669
14.1 -0.03546492047836948 0.0008978560182043085
14.133333333333333 -0.11971662636043799 0.0009611600519108116
14.166666666666666 -0.20474741771223726 0.0010131607649663532
14.2 -0.2711941666245328 0.0010573087643919177
14.233333333333333 -0.3368772227773505 0.0010878038195647477
14.266666666666667 -0.3794905345610911 0.0011204186300439178
14.3 -0.41991095956461755 0.0011373947840425114
14.333333333333334 -0.4431820276318097 0.001135100688593238
14.366666666666667 -0.44536998062356054 0.0011519585210660321
14.4 -0.4327761575388443 0.0011367537890093482
14.433333333333334 -0.4046779829805016 0.001125594677751085
14.466666666666667 -0.36673768212674607 0.0011008040320186208
14.5 -0.3088094913613838 0.001070497776928081
14.533333333333333 -0.237701117478145 0.0010379815049278152
14.566666666666666 -0.16371443976906014 0.000990781655629297
14.6 -0.07468831263448705 0.0009327118119657057
14.633333333333333 0.0046685022897615565 0.0008706258578713407
14.666666666666666 0.0840526685162472 0.0009520905662078194
14.7 0.1592334196752925 0.0009988413128529938
14.733333333333333 0.23808585281990277 0.0010386603637963787
14.766666666666667 0.30060894894601775 0.001079712530958954
14.8 0.3519091751765191 0.001106924287115174
14.833333333333334 0.3869066447709706 0.0011222075259322284
14.866666666666667 0.41304897883321257 0.0011362604098577589
14.9 0.422299696460106 0.0011401632665570816
14.933333333333334 0.41983999752566037 0.0011423823258114862
14.966666666666667 0.40235682296020026 0.0011394247919062073
15.0 0.36214839550755684 0.0011088441793210557
15.033333333333333 0.3148605861907279 0.0010847804356456936
15.066666666666666 0.254054257052105 0.0010448207527399833
15.1 0.18359502594403324 0.0009971686603822416
15.133333333333333 0.10731981418352704 0.0009495082562471086
15.166666666666666 0.026314488704856073 0.0008783520187774438
15.2 -0.05416402403695215 0.0008985137713045238
15.233333333333333 -0.1377799614556564 0.0009576479145218253
15.266666666666667 -0.213061852455142 0.001013512110186271
15.3 -0.2829548204579733 0.0010541944597313169
15.333333333333334 -0.34056394956242847 0.0010873411907926789
15.366666666666667 -0.38841566365362507 0.0011146230198224027
15.4 -0.4209987844483144 0.0011256009744786133
15.433333333333334 -0.4398762402983083 0.0011378718885616812
15.466666666666667 -0.4424170761793603 0.0011421045381127537
15.5 -0.4299550005735753 0.0011369160447302074
15.533333333333333 -0.4007021172079241 0.001135141591889377
15.566666666666666 -0.3600217352522226 0.0011202977784077195
15.6 -0.3018424910801956 0.001069555277187495
15.633333333333333 -0.23868684633311554 0.0010283558579604613
15.666666666666666 -0.1592936933708913 0.000983848264697218
15.7 -0.08228547479685179 0.0009238486984789046
15.733333333333333 0.002299704988246796 0.0008600405450903867
15.766666666666667 0.08308885266876445 0.000929140844535617
15.8 0.16202643538173928 0.0009926714981725315
15.833333333333334 0.235026147289168 0.0010371006701067054
15.866666666666667 0.2939031208473123 0.0010708620202059538
15.9 0.3466827478703061 0.0011087255754901881
15.933333333333334 0.38561404410697175 0.001121364583800355
15.966666666666667 0.40466174055585913 0.0011339083527011073
16.0 0.4145213861251193 0.0011466400675735344
16.033333333333335 0.4087376340907986 0.0011351891689682092
16.066666666666666 0.3892128804866923 0.001118598208563082
16.1 0.3532081723041505 0.0011010363075622531
16.133333333333333 0.3110204647955467 0.0010897238999589276
16.166666666666668 0.258792998851476 0.0010784375406834301
16.2 0.1872636291317915 0.0010142448599153309
16.233333333333334 0.10699429902303284 0.0009489320465257134
16.266666666666666 0.02465030167874467 0.0008832897912248242
16.3 -0.05795529869838379 0.0009055622713462705
16.333333333333332 -0.13926138627228446 0.0009669601564504249
16.366666666666667 -0.2090216631093374 0.0010237257685534185
16.4 -0.28171544946172006 0.0010590301834787486
16.433333333333334 -0.3315334278451476 0.0011017687667243536
16.466666666666665 -0.37895784679809547 0.001118832781022927
16.5 -0.41687286069292534 0.0011277220742467176
16.533333333333335 -0.433465564029311 0.001137434393472081
16.566666666666666 -0.43964075807006503 0.0011299827363305814
16.6 -0.42397248167773427 0.0011294047253448958
16.633333333333333 -0.3948873413362909 0.0011183946706312953
16.666666666666668 -0.35408507494820973 0.001095678272869105
16.7 -0.2957486357207058 0.0010653131291609719
16.733333333333334 -0.2283455967847866 0.0010305470687937135
16.766666666666666 -0.14948934456896842 0.0009812568668689514
16.8 -0.06583128214109484 0.0009197705101030018
16.833333333333332 0.010285403084488753 0.0008699658761294263
16.866666666666667 0.08487463542588501 0.0009295374982204591
16.9 0.1638134861683037 0.000983745572351924
16.933333333333334 0.23106159157648634 0.0010283120766361176
16.966666666666665 0.30452659961457135 0.0010855675616100458
17.0 0.34681053721545685 0.0011019729980950022
17.033333333333335 0.3806331908403357 0.0011154947457361342
17.066666666666666 0.40258092909892507 0.0011256430784727378
17.1 0.40834736424688856 0.001126346822769353
17.133333333333333 0.4042290744378483 0.0011330429027635036
17.166666666666668 0.38339609129666136 0.001125764282482955
17.2 0.34874848449401685 0.0011008928076259306
17.233333333333334 0.3040068545466459 0.0010737953166352066
17.266666666666666 0.2407059866297963 0.0010400278896300907
17.3 0.16912870896068324 0.0009917141341574676
17.333333333333332 0.09172416511638369 0.0009292395370837647
17.366666666666667 0.016207203405101435 0.0008693840461071294
17.4 -0.06685150425682355 0.0009074746361265318
17.433333333333334 -0.14566006613730745 0.0009661811700900635
17.466666666666665 -0.21806761404640393 0.0010162218787965471
17.5 -0.2817451899029796 0.001072486773983361
17.533333333333335 -0.33306473621719623 0.001117165453660196
17.566666666666666 -0.378608490286073 0.0011281678815516227
17.6 -0.4096312032868072 0.001137488377505158
17.633333333333333 -0.42737164848245623 0.0011446556336571212
17.666666666666668 -0.4319807373779319 0.0011390829336014874
17.7 -0.41692318507086074 0.0011376704377323854
17.733333333333334 -0.3856871326991126 0.0011298489578261406
17.766666666666666 -0.3439487028182791 0.0010948598379332264
17.8 -0.288141219397967 0.0010649261227363982
17.833333333333332 -0.21970850541493744 0.0010183706944830728
17.866666666666667 -0.14843444267448433 0.0009700290727414906
17.9 -0.0675852835731266 0.0009194051463409375
17.933333333333334 0.01434853106513529 0.0008704955362664381
17.966666666666665 0.0942526142305232 0.0009337494292317866
18.0 0.16936214261117088 0.000988801233097386
18.033333333333335 0.242708934044653 0.0010404748831830124
18.066666666666666 0.29669361094197205 0.0010700746419426976
18.1 0.3450312548009606 0.0011000341957090876
18.133333333333333 0.3781472819883601 0.0011166981423328948
18.166666666666668 0.4022011342935811 0.0011296873256321782
18.2 0.40843078276811146 0.0011344093136889666
18.233333333333334 0.3997909863675936 0.0011269578439389583
18.266666666666666 0.38169210112510904 0.0011221548037701479
18.3 0.34327635462229233 0.0011000727404222865
18.333333333333332 0.301448676938253 0.0010827317012767068
18.366666666666667 0.23311780808578952 0.0010379385180615541
18.4 0.17260447894855782 0.000996353616880441
18.433333333333334 0.09289446326322985 0.0009401354229326142
18.466666666666665 0.01023143412014097 0.0008671475878811036
18.5 -0.06772293349904486 0.0009153351494805839
18.533333333333335 -0.14230363799609516 0.000986960426552469
18.566666666666666 -0.21108416168457098 0.001048953241443995
18.6 -0.2690529437384564 0.0010892717351953518
18.633333333333333 -0.3287401738180936 0.0011115598946246363
18.666666666666668 -0.374875068372669 0.0011312568392678468
18.7 -0.41090280204608903 0.001140139121571071
18.733333333333334 -0.42788363751081004 0.0011385858035992125
18.766666666666666 -0.42758281181845953 0.0011386434351463026
18.8 -0.4119764442189489 0.001127001758096935
18.833333333333332 -0.37675254680462733 0.0011230930486846868
18.866666666666667 -0.3300491407996453 0.001112209030643574
18.9 -0.26915252086875774 0.0010699597381197412
18.933333333333334 -0.2055771088607426 0.0010241430742292112
18.966666666666665 -0.1308275002295295 0.0009702205480501547
19.0 -0.04688665438273662 0.0009098877309074299
19.033333333333335 0.028966622196053126 0.000894871298522816
19.066666666666666 0.11397695598633403 0.0009597602031607838
19.1 0.18808412946159012 0.0010133464840974549
19.133333333333333 0.258589702400761 0.0010612410387966786
19.166666666666668 0.3129896348869422 0.0010884731829132743
19.2 0.35675704500902367 0.0011213792264516131
19.233333333333334 0.39131733357379117 0.001143785796838881
19.266666666666666 0.4082052244699811 0.0011387173660812322
19.3 0.41031167142721553 0.0011351904351117326
19.333333333333332 0.4025436544371223 0.001135106257644125
19.366666666666667 0.375831082287429 0.00112507043769422
19.4 0.33783946082120114 0.0011048935307387264
19.433333333333334 0.29331121993724574 0.0010827976782118998
19.466666666666665 0.23439953564287602 0.0010447310779841124
19.5 0.1625727737773927 0.0009943678067795558
19.533333333333335 0.0847831129199573 0.0009334089153634345
19.566666666666666 0.008114386224435492 0.000867214926126304
19.6 -0.0762039650162617 0.0009215272731371016
19.633333333333333 -0.1543855545986752 0.0009741616795920227
19.666666666666668 -0.2246812998392692 0.0010220965779877134
19.7 -0.2890280947786387 0.0010613562675367838
19.733333333333334 -0.34304328604423656 0.0010971861163961982
19.766666666666666 -0.3844808277376442 0.0011160489992100842
19.8 -0.4136254840611378 0.001120705866253069
19.833333333333332 -0.42902285191488587 0.0011296898249288367
19.866666666666667 -0.4275395082346774 0.0011233138444611268
19.9 -0.4071186711040373 0.0011253852254241026
19.933333333333334 -0.3762600563197124 0.0011100238684358388
19.966666666666665 -0.3294449178820655 0.0010860493346157019
20.0 -0.27166013036571957 0.0010512685024931523
20.033333333333335 -0.2062590843787759 0.0010094415085000752
20.066666666666666 -0.12948140538197728 0.0009566500345877527
20.1 -0.05248550882002324 0.0008995811059838085
20.133333333333333 0.023852734451971336 0.0008794613579452409
20.166666666666668 0.10165070005372868 0.0009441259187387002
20.2 0.17746957568070004 0.0009975242809224238
20.233333333333334 0.24492705544255994 0.001042852935997568
20.266666666666666 0.3024325533425649 0.0010734415218643933
20.3 0.34936257638130175 0.0011007001638797531
20.333333333333332 0.38162289401071753 0.00112448082424349
20.366666666666667 0.39801189230155215 0.0011315244968188587
20.4 0.40161841309865054 0.001129590296737648
20.433333333333334 0.38841164960382163 0.0011192017644875984
20.466666666666665 0.36730604699553265 0.0011168245941889365
20.5 0.3310192400613211 0.0011022145016672535
20.533333333333335 0.2793449784227017 0.0010636299478827826
20.566666666666666 0.21950265589484683 0.0010255450872824756
20.6 0.15393468824763804 0.0009845366269244649
20.633333333333333 0.0710364521395162 0.0009162711060232837
20.666666666666668 -0.0071810415111425874 0.0008611239012796309
20.7 -0.08345258704110001 0.0009418205875093288
20.733333333333334 -0.16189202171226771 0.0009967057376269184
20.766666666666666 -0.23215755674285946 0.0010334547493391355
20.8 -0.29471761026993953 0.0010720631323204444
20.833333333333332 -0.3450764564955416 0.0010978850637355375
20.866666666666667 -0.3872367710820147 0.0011092292264196502
20.9 -0.41240336637178554 0.0011267698231869905
20.933333333333334 -0.424752263516914 0.0011370768729035974
20.966666666666665 -0.4193714189890779 0.0011347550438561282
21.0 -0.39093700228406825 0.0011321796553911412
21.033333333333335 -0.36049853694358447 0.0011193755516676895
21.066666666666666 -0.3141125600429556 0.0010936939599212048
21.1 -0.25564819019410856 0.001051258284693879
21.133333333333333 -0.18237148773239745 0.0010085814233248003
21.166666666666668 -0.11626968559598685 0.0009570267508927921
21.2 -0.038453256325183996 0.0008949609225814212
21.233333333333334 0.035495953947247603 0.0008898711844757407
21.266666666666666 0.11530017836187556 0.0009507563298378902
21.3 0.1884322998078258 0.001004445465285525
21.333333333333332 0.2501908405782356 0.0010427368873202614
21.366666666666667 0.3047616817883915 0.0010748612620078979
21.4 0.34911118188881396 0.0011012500644239642
21.433333333333334 0.38419882423874885 0.0011265360330628416
21.466666666666665 0.39911040241468493 0.0011322054697586736
21.5 0.39709819094854926 0.0011315175608041517
21.533333333333335 0.38519706547065724 0.001118994487957825
21.566666666666666 0.3589751134643664 0.0011162917369967884
21.6 0.322199850819024 0.001105728173289855
21.633333333333333 0.27222006571575985 0.0010601480249488038
21.666666666666668 0.21564212153081885 0.0010277237175865817
21.7 0.15069833974798857 0.0009856348109260338
21.733333333333334 0.07698723137382052 0.0009389045993035694
21.766666666666666 -0.004442500026661905 0.0008728239559437521
21.8 -0.08178186251920623 0.0009440738492278583
21.833333333333332 -0.15320890052614225 0.0009928234389527946
21.866666666666667 -0.22943430397499012 0.0010330800858424083
21.9 -0.2891851994992664 0.0010791249731195718
21.933333333333334 -0.3464816715045875 0.0011134149585262376
21.966666666666665 -0.38736090192333406 0.00111566462936874
22.0 -0.4083805655775254 0.0011266817019270348
22.033333333333335 -0.4208524926443841 0.0011299349059124553
22.066666666666666 -0.41041932982287327 0.0011374987508351864
22.1 -0.3953240626784929 0.001125162905808219
22.133333333333333 -0.3604893039300285 0.0011098489929700084
22.166666666666668 -0.30960050546288775 0.001081797227561021
22.2 -0.25160271458757233 0.0010490765133222002
22.233333333333334 -0.1861491150307306 0.0010058462572066218
22.266666666666666 -0.11078669392190368 0.0009498427580726665
22.3 -0.03545409590539322 0.0008873355476519962
22.333333333333332 0.04545031486219062 0.0008949179277170233
22.366666666666667 0.12085300643696396 0.0009662839323422157
22.4 0.1898676856607144 0.001014309183548251
22.433333333333334 0.258030019562759 0.0010512709938125253
22.466666666666665 0.3085380547567379 0.0010825297885428964
22.5 0.3592336975212798 0.0011123106371249136
22.533333333333335 0.3941843711513977 0.0011366951210273757
22.566666666666666 0.4087374982546157 0.0011459393475029556
22.6 0.410141574071534 0.001143106905482305
22.633333333333333 0.390847631756188 0.0011272388218406815
22.666666666666668 0.36090297654133285 0.0011138332165425147
22.7 0.3172448262785797 0.0010868263312762139
22.733333333333334 0.2724623766137136 0.0010695106407325183
22.766666666666666 0.2104966230373566 0.0010264283758590065
22.8 0.14051905858363103 0.0009799509455577782
22.833333333333332 0.0651523646750109 0.0009223000374392193
22.866666666666667 -0.0071728309340832195 0.0008742837734354433
22.9 -0.09905780653458729 0.0009518251520651833
22.933333333333334 -0.16785216699508498 0.0009980629304108812
22.966666666666665 -0.2348553170997363 0.0010530553563261325
23.0 -0.28948427964973883 0.001081776376942789
23.033333333333335 -0.33584123929597326 0.0011122571303399664
23.066666666666666 -0.3723875049270124 0.0011303282439328877
23.1 -0.39440383845279253 0.0011430079634752177
23.133333333333333 -0.40617723519110843 0.0011548760977149741
23.166666666666668 -0.40235818067328744 0.0011356010109055958
23.2 -0.38581212652703273 0.0011156061346532242
23.233333333333334 -0.3533089441065616 0.0011022692079903917
23.266666666666666 -0.30081161269316836 0.0010779895455829136
23.3 -0.23396151961691494 0.0010437089733637273
23.333333333333332 -0.17387448388303506 0.0009940255785048369
23.366666666666667 -0.09789745259841603 0.0009487439588017205
23.4 -0.022593555847614914 0.0008835618931612998
23.433333333333334 0.05279165178399369 0.0009032902798396802
23.466666666666665 0.12514410562988815 0.0009576223494662806
23.5 0.19405335334885487 0.0010124248251414392
23.533333333333335 0.25725074250689556 0.001057230854329072
23.566666666666666 0.3102052423799746 0.0010866175125116007
23.6 0.35029293256654864 0.0011107241919997568
23.633333333333333 0.37566655635915147 0.0011210748613365573
23.666666666666668 0.38997343655727085 0.001127887566884811
23.7 0.3922761531186619 0.0011311797315444738
23.733333333333334 0.3830666817659788 0.0011370259325685361
23.766666666666666 0.3561830488355892 0.0011194969900912288
23.8 0.31243855370172496 0.0010964757696839689
23.833333333333332 0.25460826872191017 0.0010517718474005178
23.866666666666667 0.19181130775504573 0.0010072630688065243
23.9 0.12682171149765414 0.000961632916976235
23.933333333333334 0.04782141098734008 0.0009025864630890015
23.966666666666665 -0.03166890744992317 0.0008901169666563902
24.0 -0.10523561996937027 0.0009486683612134755
24.033333333333335 -0.17703619206215174 0.0010014466180117698
24.066666666666666 -0.24025757956276347 0.0010431649501171647
24.1 -0.302083356933743 0.001069994090208748
24.133333333333333 -0.3502786270580719 0.0010961172139827835
24.166666666666668 -0.38518410713606094 0.0011106617905059513
24.2 -0.40860271424057265 0.001119418847708109
24.233333333333334 -0.4087968747037477 0.0011332213529818835
24.266666666666666 -0.406700930034768 0.0011237373551343799
24.3 -0.37909817109948307 0.0011277279557385667
24.333333333333332 -0.33901026768155873 0.001104804551905647
24.366666666666667 -0.2941766464573065 0.0010867901569310834
24.4 -0.23538049180124238 0.0010373704700372965
24.433333333333334 -0.16622757231264942 0.0009911332583063814
24.466666666666665 -0.09252634189402711 0.0009343246608757294
24.5 -0.013946405209009399 0.0008716146459584462
24.533333333333335 0.060507194547737134 0.0009116349529626477
24.566666666666666 0.1322776454028533 0.0009622697390176127
24.6 0.20711053845596333 0.0010175107485694002
24.633333333333333 0.2681635625345968 0.0010600527683566896
24.666666666666668 0.32040796315714953 0.0010893059522319448
24.7 0.3597329845829937 0.0011148237944370032
24.733333333333334 0.38273239879980747 0.0011194707882815624
24.766666666666666 0.3903557305161906 0.0011215828941063544
24.8 0.3848340921862327 0.0011188246228792664
24.833333333333332 0.3772816125118881 0.0011212992694025203
24.866666666666667 0.3467550187660255 0.0011078988641651244
24.9 0.30120894797652603 0.001087592100612933
24.933333333333334 0.24940270548068008 0.0010473069347841368
24.966666666666665 0.19156006132758252 0.0010176061293235283
25.0 0.11951405542439514 0.0009638673945410459
25.033333333333335 0.04512971775429255 0.0009096450160039141
25.066666666666666 -0.038053753134588454 0.0008924427703880869
25.1 -0.11644132456750997 0.0009571085024822901
25.133333333333333 -0.18759886559118907 0.0010044989729883769
25.166666666666668 -0.25294413166969604 0.0010400720547494302
25.2 -0.3071732385051576 0.0010711632435140284
25.233333333333334 -0.3549585802161802 0.0010955398752420797
25.266666666666666 -0.3841396756289129 0.0011153260087495842
25.3 -0.40223882857049853 0.0011303866939579854
25.333333333333332 -0.4053721860807668 0.0011332971526300528
25.366666666666667 -0.39730950635639034 0.0011265680175746584
25.4 -0.37467633609249595 0.0011126076958011266
25.433333333333334 -0.33772275538615554 0.0010905250433312919
25.466666666666665 -0.2872027820116333 0.001063949329281777
25.5 -0.21731673898584225 0.001032382984117175
25.533333333333335 -0.14281633574997557 0.0009847086392509585
25.566666666666666 -0.06474346945112702 0.0009288629754330424
25.6 -0.003328030532358176 0.0008706676087233429
25.633333333333333 0.07739408723944617 0.000929165996113035
25.666666666666668 0.14539135359644556 0.0009811755085525342
25.7 0.2146637787986973 0.0010260444401750113
25.733333333333334 0.2765742925407062 0.001065765636268201
25.766666666666666 0.3145634909111035 0.0010852619196908275
25.8 0.35234528971953333 0.0011053656764833941
25.833333333333332 0.37995604141251815 0.001126186114348393
25.866666666666667 0.3892849584646865 0.001133038741942205
25.9 0.38399186817999853 0.0011292799855687763
25.933333333333334 0.3678384485971566 0.0011181663541557363
25.966666666666665 0.3349811961182661 0.0010982713905974828
26.0 0.29674745767967126 0.0010786387779602724
26.033333333333335 0.25256441903987126 0.0010606216239720245
26.066666666666666 0.19330670980684633 0.0010213791373923642
26.1 0.1113222563415731 0.0009598988741206516
26.133333333333333 0.04113697285443191 0.0008978702823610185
26.166666666666668 -0.045046051242353384 0.0008949937775388078
26.2 -0.121253264836633 0.0009504682602965858
26.233333333333334 -0.19366052813714 0.0010017126327225012
26.266666666666666 -0.25876604082483284 0.0010485909234230761
26.3 -0.3064226471197837 0.0010756082188832505
26.333333333333332 -0.35597694818963144 0.0011055894592526538
26.366666666666667 -0.3765396197690122 0.0011226600245569651
26.4 -0.37622810756654224 0.0011601936925984546
26.433333333333334 -0.3792985569966294 0.001159232955469991
26.466666666666665 -0.37414722067950607 0.0011508512246051206
26.5 -0.35160905234162554 0.001120266735056108
26.533333333333335 -0.319491051141599 0.001098405079877518
26.566666666666666 -0.2765169780861096 0.0010597656538917644
26.6 -0.20808399624550264 0.001026281590498196
26.633333333333333 -0.1395047329924005 0.0009763535274026347
26.666666666666668 -0.06961164287745751 0.0009148455820284368
26.7 0.0028945627977154946 0.0008603181758568184
26.733333333333334 0.0811615123466955 0.0009309453434377668
26.766666666666666 0.15459470366528397 0.0009896255014644473
26.8 0.21594292069508222 0.0010290341472910802
26.833333333333332 0.27160028463129743 0.0010652336307880872
26.866666666666667 0.3225716688807169 0.0010972715291967527
26.9 0.3530134189048384 0.001106552912623071
26.933333333333334 0.3809209298952024 0.0011283707263688991
26.966666666666665 0.3883165217303032 0.0011291967326234054
27.0 0.37368020422919496 0.0011114112429810863
27.033333333333335 0.3584559215578569 0.001108828780726101
27.066666666666666 0.3281701129576641 0.001096905257927161
27.1 0.2896567640956785 0.0010712592640996776
27.133333333333333 0.23665079315543003 0.0010455103169007551
27.166666666666668 0.1714569424576104 0.0009968450603315415
27.2 0.099736646213762 0.0009425890284961991
27.233333333333334 0.017542301340806206 0.0008699551056871764
27.266666666666666 -0.055148722640668585 0.000903949372465615
27.3 -0.1258830303104917 0.0009584789166786067
27.333333333333332 -0.19744955265378378 0.001005978988132844
27.366666666666667 -0.26055793657062015 0.001048969122369403
27.4 -0.31506464159140907 0.0010804596717790549
27.433333333333334 -0.3559473896594322 0.001103431326690163
27.466666666666665 -0.38611295314040345 0.0011121534744137906
27.5 -0.3952675368689747 0.0011293131571695203
27.533333333333335 -0.3909808319012223 0.001131574885028519
27.566666666666666 -0.37884122106429396 0.0011267571545227617
27.6 -0.34552259351271597 0.0011161953601969143
27.633333333333333 -0.3140534444786236 0.0010898378676943987
27.666666666666668 -0.2536119444436214 0.0010610966976211667
27.7 -0.19480381069592495 0.0010254593288827607
27.733333333333334 -0.13081538225008918 0.0009789851266008565
27.766666666666666 -0.05849679882731496 0.0009126336283945824
27.8 0.016188444177053153 0.0008805385399484299
27.833333333333332 0.08904771189448851 0.0009336423086771795
27.866666666666667 0.15983241425350342 0.000989766920029167
27.9 0.2249320936960967 0.0010295034483050192
27.933333333333334 0.283710024575001 0.0010678101433678755
27.966666666666665 0.3243971348509171 0.001093235315177521
28.0 0.3577011111980151 0.001109825076020754
28.033333333333335 0.37814105817131616 0.0011237500639640907
28.066666666666666 0.38456951764269925 0.0011250772958510402
28.1 0.36820265076328257 0.0011092250018676086
28.133333333333333 0.3543368227960669 0.001111082588850898
28.166666666666668 0.3261723943777902 0.0010964260661422975
28.2 0.2795185539823992 0.0010714271590201996
28.233333333333334 0.22729490195064492 0.0010356253854243436
28.266666666666666 0.16743272316770438 0.0010027092241716162
28.3 0.09423644773442073 0.0009537088028201968
28.333333333333332 0.017513222178656897 0.0008779974868346578
28.366666666666667 -0.04544385611878753 0.0009120609772206023
28.4 -0.13099134483559854 0.000991272476077748
28.433333333333334 -0.19922213830603006 0.0010242261938879504
28.466666666666665 -0.26678698697270037 0.0010499416763173341
28.5 -0.3151329505215121 0.0010800214864700175
28.533333333333335 -0.3585170273558776 0.0011014299352379298
28.566666666666666 -0.38414548591063236 0.0011157731272891103
28.6 -0.3935869157875923 0.0011335829597760028
28.633333333333333 -0.3978621649496937 0.0011220236352227908
28.666666666666668 -0.38287451409131495 0.0011244705194902727
28.7 -0.3527063251617657 0.0011065650930857651
28.733333333333334 -0.30954000623703193 0.001085525256890818
28.766666666666666 -0.2549070946147075 0.0010644374156108527
28.8 -0.19414390405196133 0.0010221320186719896
28.833333333333332 -0.12641291178256675 0.0009584414298456079
28.866666666666667 -0.042964903646986866 0.0009008813907679658
28.9 0.030914493115703198 0.0008905883130349013
28.933333333333334 0.10981122840681484 0.0009588697748267039
28.966666666666665 0.17438143090749056 0.0010050772193047341
29.0 0.2276835303202123 0.00102811168565195
29.033333333333335 0.2813073105454973 0.0010636220645714456
29.066666666666666 0.3237320321235665 0.0010905344686205076
29.1 0.35635040106333216 0.001104815244574342
29.133333333333333 0.3721654790760869 0.001113982653611234
29.166666666666668 0.3859120464648849 0.0011275304800746344
29.2 0.3723254666494185 0.0011157669001377601
29.233333333333334 0.35102016955929366 0.001107312111869596
29.266666666666666 0.31021641049261806 0.0010827574978635734
29.3 0.2703988837707143 0.0010624117837988445
29.333333333333332 0.21207631298535728 0.0010232996020469176
29.366666666666667 0.14994909949849985 0.0009828870424483105
29.4 0.0750939706427374 0.0009253173731169212
29.433333333333334 0.0007544418346176715 0.0008583831805410142
29.466666666666665 -0.06702912748137278 0.0009193310553654993
29.5 -0.14316698389731902 0.000974914815850686
29.533333333333335 -0.21009023945131577 0.0010281207773907286
29.566666666666666 -0.2695262531827893 0.0010548811336810737
29.6 -0.31683528882433204 0.0010898802071844793
29.633333333333333 -0.35542772297783765 0.0011036321647323044
29.666666666666668 -0.37835057146565576 0.0011207751778646302
29.7 -0.3934595833621548 0.0011211128493804345
29.733333333333334 -0.3897816450010035 0.0011195977755232844
29.766666666666666 -0.37609835674511544 0.0011115881610738176
29.8 -0.3435575009360909 0.0010993192159753362
29.833333333333332 -0.3035282706732107 0.0010689360498535305
29.866666666666667 -0.25123170535810585 0.0010374763225498573
29.9 -0.18184091906804123 0.0010012071038801584
29.933333333333334 -0.11116809810519925 0.0009517455661847002
29.966666666666665 -0.04036553666417031 0.000894155358492979
30.0 0.027020682566750685 0.0008785094308906942
30.033333333333335 0.10083275330244124 0.0009365832295497034
30.066666666666666 0.17539414012408738 0.0010005175135824607
30.1 0.23742872490945666 0.0010481579957539733
30.133333333333333 0.2847122354124231 0.001069391168553202
30.166666666666668 0.32385839275735323 0.0010949393409968589
30.2 0.35662476057941833 0.0011176494393209113
30.233333333333334 0.37210384870796887 0.0011260784724813622
30.266666666666666 0.3781225017082911 0.0011260124345896516
30.3 0.3653934950596866 0.0011138827987933753
30.333333333333332 0.3387278987421604 0.001103758534173549
30.366666666666667 0.3013222999306437 0.0010910419457576537
30.4 0.2537703993094927 0.0010440835153623373
30.433333333333334 0.196504700448984 0.0010083303820219713
30.466666666666665 0.13203667516401138 0.00096465237234028
30.5 0.057460631764823425 0.0009105437141538469
30.533333333333335 -0.013216763650774474 0.0008720853750035767
30.566666666666666 -0.08726319137645135 0.0009275782984952269
30.6 -0.15849888747657587 0.0009788496860100304
30.633333333333333 -0.22308249420010454 0.001027714795610063
30.666666666666668 -0.2781807879339288 0.0010642895040541833
30.7 -0.31932961418137396 0.001098664390807802
30.733333333333334 -0.3616771324316476 0.0011044739599234132
30.766666666666666 -0.3855884293225464 0.00111758055422434
30.8 -0.3953830507857918 0.0011217191123358838
30.833333333333332 -0.3880429850053931 0.0011178950945893162
30.866666666666667 -0.3677543759384356 0.00110967281766855
30.9 -0.33559997740555514 0.0010872936223387808
30.933333333333334 -0.2829981030881222 0.001070603857476482
30.966666666666665 -0.23364478226067384 0.00103579679425167
31.0 -0.16789117991968697 0.0009902409009912572
31.033333333333335 -0.1041310127543396 0.0009374850943770913
31.066666666666666 0.005158520682958932 0.0008879182927714682
31.1 0.0889446377439692 0.0009631789069062119
31.133333333333333 0.1841615103835366 0.0010489786911638543
31.166666666666668 0.18708160995162498 0.001014422978699192
31.2 0.269540713811583 0.0010783262422992546
31.233333333333334 0.34548287764118 0.0011326337220482485
31.266666666666666 0.3316754537703827 0.0011030473241623318
31.3 0.37649548921519016 0.0011308467766995567
31.333333333333332 0.3780498927551261 0.00112130853405229
31.366666666666667 0.3849664442316322 0.0011376922442376536
31.4 0.3786164791900594 0.0011415448940828021
31.433333333333334 0.3445625106852484 0.001119515558692108
31.466666666666665 0.29812246793167085 0.001083005946608262
31.5 0.25988430527442447 0.0010643048356490659
31.533333333333335 0.19550453055489259 0.0010162292888154234
31.566666666666666 0.12659701701166945 0.0009623008308032588
31.6 0.050427240363641095 0.0008990586622256228
31.633333333333333 -0.021456630370123398 0.0008716015516947659
31.666666666666668 -0.08049581605881437 0.0009380257728436037
31.7 -0.16352612657973473 0.0009826679591175003
31.733333333333334 -0.22908139538464126 0.0010284049962581698
31.766666666666666 -0.2840091282083159 0.001061689620166506
31.8 -0.3270127315120302 0.0010832733564590247
31.833333333333332 -0.36395089854000734 0.0011009303964745198
31.866666666666667 -0.38253691398700695 0.0011127558509818614
31.9 -0.3868664633616227 0.0011155288015358145
31.933333333333334 -0.3857641260649083 0.001110014259094405
31.966666666666665 -0.36492569182736134 0.0011042224176861515
32.0 -0.3308419937142007 0.001089076698819802
32.03333333333333 -0.28349560027777065 0.0010556557897427044
32.06666666666667 -0.22679258614314823 0.0010272035639821153
32.1 -0.16046575186361242 0.000984156995188168
32.13333333333333 -0.08899183526032935 0.0009414468239284102
32.166666666666664 -0.022290648121065633 0.0008758384200686122
32.2 0.04887168520749473 0.0009007118448000201
32.233333333333334 0.11969974273564006 0.000955568750476532
32.266666666666666 0.18657827432026042 0.0010064872652708612
32.3 0.24398471126250434 0.0010415001737435203
32.333333333333336 0.29014756753623183 0.001065763013622989
32.36666666666667 0.32561002418385304 0.0010898204027478542
32.4 0.35178185708962584 0.0011021544558950103
32.43333333333333 0.36865884102879526 0.0011179872876239672
32.46666666666667 0.3649682178088266 0.0011173611008950535
32.5 0.34874566006467067 0.0011094182236281447
32.53333333333333 0.3253878252890089 0.0010953114097713712
32.56666666666667 0.28231901281057187 0.0010660710399956197
32.6 0.2304828027047745 0.0010297187925496498
32.63333333333333 0.17289843686555315 0.0009969530249473724
32.666666666666664 0.10648827808939881 0.0009404624514328802
32.7 0.03841754021286279 0.0008884067003906079
32.733333333333334 -0.02918935059547437 0.0008840882550887642
32.766666666666666 -0.10242015750926631 0.0009393404957424023
32.8 -0.1727111201762356 0.0009934601414684496
32.833333333333336 -0.235403708797154 0.001035776094035712
32.86666666666667 -0.2852971806759487 0.0010687981705091443
32.9 -0.329470171539684 0.001094146554868336
32.93333333333333 -0.35913184100438594 0.0011107737710261412
32.96666666666667 -0.379804061933823 0.001117437449857206
33.0 -0.3832317843206173 0.0011337314546082111
33.03333333333333 -0.3756317007439048 0.0011151753727886016
33.06666666666667 -0.3501168279572846 0.0011023543853173057
33.1 -0.314598484520019 0.0010909139169454907
33.13333333333333 -0.2667921396914464 0.0010582533377779813
33.166666666666664 -0.21163044397772116 0.0010217584903039478
33.2 -0.1516582873432463 0.000985098903849374
33.233333333333334 -0.08365752826407427 0.0009261984956192015
33.266666666666666 -0.012311714184289169 0.0008690433544656217
33.3 0.05931243009096989 0.0009085458671827459
33.333333333333336 0.13422136727855954 0.0009750332070194156
33.36666666666667 0.1966441154844834 0.0010139515048759873
33.4 0.2545952404764497 0.001056262462932278
33.43333333333333 0.299403873124592 0.0010901659284823229
33.46666666666667 0.33304837545692506 0.0011134541355082295
33.5 0.350983264186037 0.0011093573604851747
33.53333333333333 0.35971814817770764 0.0011113716172393984
33.56666666666667 0.3599412084955583 0.0011128905288778634
33.6 0.35344885086955324 0.0011119681967591277
33.63333333333333 0.324923644090508 0.0010965468165988757
33.666666666666664 0.284853409998685 0.0010752481202949138
33.7 0.2287821821748937 0.0010371537524206664
33.733333333333334 0.16988297086425969 0.0009992054010620754
33.766666666666666 0.10485279846797724 0.0009520609114224698
33.8 0.03750531870901008 0.0008987931594679963
33.833333333333336 -0.04266002203664698 0.000891736318041153
33.86666666666667 -0.11321969239163802 0.0009555866708970129
33.9 -0.1801811496428837 0.0010029775028468912
33.93333333333333 -0.23890197419338205 0.001043517632522084
33.96666666666667 -0.2857020246619644 0.0010786446564534646
34.0 -0.32589095979817206 0.0010997788633400063
34.03333333333333 -0.3616759835890173 0.0011098847529938949
34.06666666666667 -0.3764104061597175 0.0011227545657158111
34.1 -0.3800020580638281 0.0011170385417091366
34.13333333333333 -0.36835729240757753 0.0011098526548996013
34.166666666666664 -0.34660446722116883 0.001107004993283478
34.2 -0.3086980626430892 0.0010761257551555325
34.233333333333334 -0.26258074293120787 0.0010491158611670715
34.266666666666666 -0.2064922964224426 0.0010142475721310051
34.3 -0.13435574050238466 0.000982076360419054
34.333333333333336 -0.07142624845284717 0.0009241331897053839
34.36666666666667 -0.001220026417327141 0.0008606202621660604
34.4 0.06920652273118456 0.000921972348948169
34.43333333333333 0.14197570161816112 0.0009769317535797684
34.46666666666667 0.2061548688468164 0.0010285885389210991
34.5 0.2563698914588719 0.0010645847451444812
34.53333333333333 0.30702055478874996 0.0010877327579560947
34.56666666666667 0.3353969823721414 0.0011060475498206879
34.6 0.35035282630336945 0.001101462507373585
34.63333333333333 0.3566735706819523 0.0011130742263274485
34.666666666666664 0.35699772899531124 0.001121294239037729
34.7 0.3372663263082169 0.0011031178527109442
34.733333333333334 0.3079829700441614 0.0010892426122515175
34.766666666666666 0.2622710905764495 0.0010612773969433387
34.8 0.21703529724469703 0.001037461391922484
34.833333333333336 0.15553591534447245 0.0009845426084286457
34.86666666666667 0.09049330332928474 0.0009393391599737955
34.9 0.016987451495508062 0.0008767031702916032
34.93333333333333 -0.053465331973575385 0.0009141663236852463
34.96666666666667 -0.11942969011844787 0.0009681714988711565
35.0 -0.1886026820680822 0.0010312470552316377
35.03333333333333 -0.2473720503081973 0.001048641017669577
35.06666666666667 -0.2961223000700056 0.0010838991948068366
35.1 -0.33676071168492516 0.0010989459359611042
35.13333333333333 -0.36536048726644715 0.0011087797531432186
35.166666666666664 -0.3819151743735542 0.0011112218302580246
35.2 -0.38219872078030465 0.0011120541718014354
35.233333333333334 -0.36335630556570947 0.0011132214741250146
35.266666666666666 -0.32978521296345076 0.001104926853572663
35.3 -0.2937545110129903 0.0010734595142022907
35.333333333333336 -0.24789491827803864 0.0010417780019154055
35.36666666666667 -0.18810282859281888 0.0010065603584992477
35.4 -0.1245135520977004 0.00095746860366
35.43333333333333 -0.05689095266887833 0.0009018723203380805
35.46666666666667 0.010818401156669467 0.0008651351060658986
35.5 0.08219740990070494 0.000931676916123933
35.53333333333333 0.15120698209268127 0.0009843814791988537
35.56666666666667 0.2057044818266348 0.0010115066224451186
35.6 0.2587345929077947 0.0010453834466927492
35.63333333333333 0.30137216317560606 0.0010787427383037729
35.666666666666664 0.3295982661167154 0.0010938525096665375
35.7 0.35121420620750676 0.001108245845893252
35.733333333333334 0.3606951349328044 0.0011136993096024783
35.766666666666666 0.34929222158061973 0.0011047545477925746
35.8 0.33329919251529877 0.0010997229794634245
35.833333333333336 0.2983881219479559 0.0010817083851236697
35.86666666666667 0.2593644488931214 0.0010623114975070735
35.9 0.2111688007928844 0.0010305666007139336
35.93333333333333 0.1507144519608514 0.0009919665229956576
35.96666666666667 0.07508621970556885 0.0009244403131700857
36.0 0.0035992538392037978 0.0008677174627104278
36.03333333333333 -0.058423865588229464 0.0009106794697709003
36.06666666666667 -0.12744379766833255 0.0009625329860848131
36.1 -0.18618852091236635 0.001020002308646406
36.13333333333333 -0.23683607578451663 0.0010667466961842287
36.166666666666664 -0.28696426144290427 0.001084254171688892
36.2 -0.33412612093443533 0.001104484012578344
36.233333333333334 -0.35479419194196005 0.0011153070129916176
36.266666666666666 -0.37551589062570845 0.0011143087611599212
36.3 -0.3724228297314795 0.0011179576076374986
36.333333333333336 -0.35594666906243216 0.001114031539206528
36.36666666666667 -0.3276287452216908 0.0011038502559045926
36.4 -0.28707876435804863 0.0010894747242042313
36.43333333333333 -0.23589023658263408 0.0010542100799170728
36.46666666666667 -0.1775244625032865 0.0009978398845257863
36.5 -0.11451955014048817 0.0009503866534786853
36.53333333333333 -0.05022005571671237 0.000906152932241347
36.56666666666667 0.02062435814691986 0.0008763289244519655
36.6 0.09297601332165473 0.0009430034087034578
36.63333333333333 0.15551852133712157 0.0009816383063703527
36.666666666666664 0.21442557329451267 0.0010211419140958578
36.7 0.27120337618855506 0.0010627046327043033
36.733333333333334 0.30568087273856176 0.0010802942835718143
36.766666666666666 0.3402429366449695 0.0011052004763992818
36.8 0.3578385052941956 0.0011215438352283336
36.833333333333336 0.3585178544099654 0.0011083073232487362
36.86666666666667 0.34329422669729087 0.0010986670733028059
36.9 0.3237130507274431 0.0010849260298644858
36.93333333333333 0.2890024927846836 0.0010706456251957652
36.96666666666667 0.24049984134107505 0.001036477729707247
37.0 0.18919525568529624 0.001011328771935105
37.03333333333333 0.12680711715510518 0.0009662148893176126
37.06666666666667 0.059915094752038996 0.0009098967885109513
37.1 -0.008248260263784673 0.0008653680044979524
37.13333333333333 -0.07943330548241834 0.000921813121802284
37.166666666666664 -0.14351471088297574 0.0009700943820848962
37.2 -0.2075180618559968 0.0010127921170467735
37.233333333333334 -0.2616157846530588 0.0010488855811673914
37.266666666666666 -0.30553375891717427 0.001076682892145464
37.3 -0.33857067323238443 0.0011105385501645193
37.333333333333336 -0.36238703083332496 0.0011328702785809441
37.36666666666667 -0.36666694493161717 0.00114010865913583
37.4 -0.36662199969604453 0.0011297907732669143
37.43333333333333 -0.3510040758983791 0.0011040489106486362
37.46666666666667 -0.3158262340299402 0.0010904398775535284
37.5 -0.2767632827515094 0.001063829209696554
37.53333333333333 -0.2309077441584571 0.0010416522086197089
37.56666666666667 -0.1649785667368462 0.0010001042919869918
37.6 -0.09928385643924377 0.0009519953785150082
37.63333333333333 -0.034311475851746494 0.0008963816972693966
37.666666666666664 0.03532424187947081 0.0008919384123745946
37.7 0.1017518109161434 0.000942011924357708
37.733333333333334 0.16781035754365997 0.0009920770127247458
37.766666666666666 0.22226371848668974 0.0010377557616209898
37.8 0.275730032932814 0.0010656289091380833
37.833333333333336 0.3096853675039574 0.0010883939831785039
37.86666666666667 0.3374163829398427 0.0011000247396653062
37.9 0.34869702978555916 0.0011010443720150254
37.93333333333333 0.35129218083474695 0.001111953718046177
37.96666666666667 0.3396602830942605 0.0011060617131103956
38.0 0.3107004541952835 0.001078093315237394
38.03333333333333 0.2800323933428193 0.0010632932196359968
38.06666666666667 0.2409774239732591 0.0010463063356392355
38.1 0.18216415196640198 0.001003900841153954
38.13333333333333 0.12117815619364676 0.0009568435890405652
38.166666666666664 0.05374347630413906 0.0009065407927281652
38.2 -0.020740623398447247 0.0008738690601228817
38.233333333333334 -0.1657046702460998 0.0009672858275105445
38.266666666666666 -0.2802336368131941 0.0010096898169190682
38.3 -0.2740409236274697 0.0010322872981445297
38.333333333333336 -0.26215815359070016 0.0010612295030843488
38.36666666666667 -0.30514907903583666 0.0010827424942896346
38.4 -0.3368877529167942 0.001103913218336472
38.43333333333333 -0.3594578242901358 0.001113571089465526
38.46666666666667 -0.3681298355470976 0.0011137103612447463
38.5 -0.3643939844596298 0.001109514762836994
38.53333333333333 -0.34307138325130976 0.0011062744663569712
38.56666666666667 -0.3111967340826127 0.0010800721328951823
38.6 -0.2667409155833556 0.0010576746648818802
38.63333333333333 -0.21972654676967257 0.00101992316848179
38.666666666666664 -0.15483197549649785 0.0009810091041966562
38.7 -0.08971347439426058 0.0009394672190530945
38.733333333333334 -0.01710701851611548 0.0008800648210321033
38.766666666666666 0.04887634753527429 0.0008999568375891165
38.8 0.11810503150249924 0.0009586289123101749
38.833333333333336 0.17802456915236192 0.0009951404007676468
38.86666666666667 0.22567565175079626 0.0010275416932127024
38.9 0.2745318129839082 0.0010559244511054167
38.93333333333333 0.31610208326921274 0.0010844632347838945
38.96666666666667 0.3438629161007112 0.0011090561379905606
39.0 0.3479076106183428 0.0011039356187890204
39.03333333333333 0.34711512936071137 0.0011015786980574371
39.06666666666667 0.33780863016138274 0.0010988144010283252
39.1 0.3054856812733932 0.001080237936683548
39.13333333333333 0.2693180071188919 0.0010645911241141115
39.166666666666664 0.2202728179896401 0.0010316079540591272
39.2 0.1662624209247129 0.0009913744687264359
39.233333333333334 0.10559411279826568 0.0009500105356120142
39.266666666666666 0.03405362395280395 0.0008843284527797202
39.3 -0.03532584351002977 0.0008863403460097549
39.333333333333336 -0.09763500185452982 0.0009409582222907609
39.36666666666667 -0.16526496755407125 0.0009835909409346422
39.4 -0.22352409540461363 0.0010216310531718509
39.43333333333333 -0.27226241860174333 0.001053566630162761
39.46666666666667 -0.31300704730774553 0.001087365734849799
39.5 -0.3388007027598987 0.0011105536188674159
39.53333333333333 -0.3614449409143414 0.0011233179397104887
39.56666666666667 -0.3645192636283894 0.0011210805887257314
39.6 -0.3581552437384467 0.0011233569042017333
39.63333333333333 -0.3408747418881904 0.0011001404324040842
39.666666666666664 -0.30703386670655913 0.001071389720078475
39.7 -0.26032573017311217 0.001045953029087554
39.733333333333334 -0.2074470671060105 0.0010119900983373287
39.766666666666666 -0.14399793240854367 0.0009823234247614832
39.8 -0.07411697956821217 0.0009266964979094405
39.833333333333336 -0.007516607438461902 0.0008689401431732531
39.86666666666667 0.0584379949931543 0.0009140538372558807
39.9 0.12162207206069132 0.0009573651814622636
39.93333333333333 0.18285668667052574 0.0010108051418259156
39.96666666666667 0.23817879227806513 0.0010415792823855463
40.0 0.27749656055576666 0.0010572064763381683
40.03333333333333 0.3104232983904748 0.0010783597227156383
40.06666666666667 0.3384948241450147 0.0011065065123754825
40.1 0.3473078973584217 0.0011052823019605529
40.13333333333333 0.3387383229477275 0.0011016574869140983
40.166666666666664 0.3395426134045197 0.0011116443387908514
40.2 0.3264490472358441 0.0011141709930914678
40.233333333333334 0.2870995178744608 0.0010924158292521247
40.266666666666666 0.2222368930598968 0.0010405155611601657
40.3 0.16516463269861195 0.0009960063549195597
40.333333333333336 0.11062233200998793 0.0009654022250982913
40.36666666666667 0.039221674540320904 0.0009114361669420798
40.4 -0.045274170841340465 0.0009043858530475984
40.43333333333333 -0.11676333498537325 0.0009588435800317041
40.46666666666667 -0.19457374924038776 0.0010217597797946842
40.5 -0.2285144906919442 0.0010497908112452603
40.53333333333333 -0.2858797925409382 0.0010774455878876932
40.56666666666667 -0.31704354421004854 0.0011007230478000674
40.6 -0.33537412845959047 0.0011086435256472682
40.63333333333333 -0.3237886405209247 0.0011412496468274358
40.666666666666664 -0.3033276733318582 0.001161489844940633
40.7 -0.2938610083369064 0.0011583574552533893
40.733333333333334 -0.3040735910860017 0.0011278227170560262
40.766666666666666 -0.27551815544892105 0.001091990928145714
40.8 -0.22964416406033372 0.0010594799183550052
40.833333333333336 -0.18296886645209456 0.0010209660674337928
40.86666666666667 -0.0941193245466317 0.0009733696947604592
40.9 -0.04042088894008211 0.0009168824225660732
40.93333333333333 0.022352467185171983 0.0008929252014097736
40.96666666666667 0.12460827293202721 0.000994249951893303
41.0 0.14309698914373054 0.0009797721563216122
41.03333333333333 0.19350619200636168 0.0010109704444830891
41.06666666666667 0.2420987656165164 0.0010384272101211789
41.1 0.2891956257714266 0.0010705173986306216
41.13333333333333 0.3158879037858918 0.0010826342380771958
41.166666666666664 0.335164465035333 0.0010888365730404304
41.2 0.34076886651340704 0.001096584793290445
41.233333333333334 0.333863889846336 0.0010918075625358514
41.266666666666666 0.3153708518416316 0.0010790726779779658
41.3 0.28894140642480415 0.0010704209478655802
41.333333333333336 0.2488273234268179 0.001043071130243295
41.36666666666667 0.20154888544489766 0.0010160284906739758
41.4 0.14117696018461962 0.000969106004710063
41.43333333333333 0.07702015729133374 0.0009240598106379783
41.46666666666667 0.020802431686335762 0.0008807312523035835
41.5 -0.04729680335300356 0.0009005560808574148
41.53333333333333 -0.10688933209785732 0.0009566929703758442
41.56666666666667 -0.16542666977841494 0.0010075724541641073
41.6 -0.224561601703558 0.001053082173319786
41.63333333333333 -0.281799138409204 0.001068822630672872
41.666666666666664 -0.3095742896224096 0.0011019339141246642
41.7 -0.3501211056743762 0.0011025115252766282
41.733333333333334 -0.36458576225633654 0.0011107728460202915
41.766666666666666 -0.36466706383842046 0.0010982259129108107
41.8 -0.353160402306762 0.0010972439192857286
41.833333333333336 -0.3268707024211412 0.0010914450584532664
41.86666666666667 -0.289509469383606 0.0010663187330059998
41.9 -0.24049423304386328 0.00103457320727246
41.93333333333333 -0.18525512120840157 0.0009925906079446822
41.96666666666667 -0.12344174656714052 0.0009530174303205019
42.0 -0.058415061888574156 0.0009023103548258041
