0.0 -0.4972315839015859 0.0011497681538979454
0.03333333333333333 -0.5073840246504564 0.0011514960292040577
0.06666666666666667 -0.49886759303426387 0.0011532556722303466
0.1 -0.472080163001836 0.0011575120220581048
0.13333333333333333 -0.42705117163130124 0.0011360287913429468
0.16666666666666666 -0.373860165211383 0.0011003418306563262
0.2 -0.3039272409311909 0.0010741110026492584
0.23333333333333334 -0.2233202028464705 0.0010251467300750605
0.26666666666666666 -0.13812628235912547 0.0009660787563993967
0.3 -0.04172711167056565 0.000889099726139625
0.3333333333333333 0.05078883453229819 0.0008936663967419739
0.36666666666666664 0.14207947359198658 0.0009667538865361924
0.4 0.22980779864485 0.0010311471955629647
0.43333333333333335 0.30379273224815784 0.0010749911800490564
0.4666666666666667 0.37005351465378317 0.0011101817971181926
0.5 0.42024535419148296 0.0011351510148567834
0.5333333333333333 0.45660283579048194 0.0011473475815247935
0.5666666666666667 0.4747875508452806 0.001156868105722797
0.6 0.47755446153008224 0.001155915238048033
0.6333333333333333 0.46279501884102325 0.0011500136242750814
0.6666666666666666 0.4313060768980636 0.0011353051544616966
0.7 0.38607942221899594 0.0011142360595802203
0.7333333333333333 0.326691802617158 0.0010860186164505237
0.7666666666666667 0.2516869478685963 0.0010395687201315562
0.8 0.16748418101503507 0.0009912468635144
0.8333333333333334 0.07640542768272143 0.0009164990578892362
0.8666666666666667 -0.01627829040049852 0.0008710343952338107
0.9 -0.11018764395089033 0.0009427036443034609
0.9333333333333333 -0.1995279451960857 0.000999285178950482
0.9666666666666667 -0.27912322925311983 0.0010495896745238986
1.0 -0.35341715114125577 0.0010877112429225622
1.0333333333333334 -0.41353643262626166 0.001115354669276758
1.0666666666666667 -0.45907604045901135 0.001139853292710824
1.1 -0.4906714807072524 0.001160883267034618
1.1333333333333333 -0.5042220626199811 0.0011662779262943124
1.1666666666666667 -0.4973158048387079 0.001158042508914492
1.2 -0.4733151228566031 0.001145519500977854
1.2333333333333334 -0.4352140410513009 0.0011402489110680092
1.2666666666666666 -0.37538574193851004 0.0011190975180812024
1.3 -0.30790794464237364 0.0010871673253401992
1.3333333333333333 -0.26202724596430776 0.0010365906405582215
1.3666666666666667 -0.22200806912162868 0.001000421226855841
1.4 -0.13843561515400168 0.0009462195247740557
1.4333333333333333 -0.04915700481823831 0.000900156490350329
1.4666666666666666 0.0418607906965103 0.000907991186504073
1.5 0.07311929157779865 0.0009466695963147587
1.5333333333333334 0.1737929236275013 0.0010274829755365644
1.5666666666666667 0.22490611897184593 0.0010687884765198385
1.6 0.31188797617400915 0.0011187643778695633
1.6333333333333333 0.364966884894488 0.0011550165057406803
1.6666666666666667 0.36495277015821503 0.001167483126536084
1.7 0.3671982190342031 0.0011570522319760412
1.7333333333333334 0.3515911114555628 0.0011468032130557693
1.7666666666666666 0.3356651192477295 0.0011386480479296246
1.8 0.26454052834827235 0.0010873611445487708
1.8333333333333333 0.20317586892359782 0.0010297267089357798
1.8666666666666667 0.06439516120291744 0.0009223437185696404
1.9 0.05084840759229408 0.0009009587222540347
1.9333333333333333 0.05541918784051029 0.0009163264962720602
1.9666666666666666 0.035288664516096274 0.0009132392541373741
2.0 -0.094966725656578 0.0009351628483742214
2.033333333333333 -0.19206575006772705 0.001000776005067927
2.066666666666667 -0.274709846163774 0.0010528514298284164
2.1 -0.3411466274277404 0.0011038368935238907
2.1333333333333333 -0.404727396184867 0.0011260016852875365
2.1666666666666665 -0.4516629454405708 0.001137625812593801
2.2 -0.48006345265367384 0.00115676746432819
2.2333333333333334 -0.49467348916462156 0.0011672889564119382
2.2666666666666666 -0.4910419952966266 0.0011679255939189837
2.3 -0.4675644884025909 0.0011593659533504774
2.3333333333333335 -0.43050038433607535 0.001136598037269676
2.3666666666666667 -0.37623585503866264 0.0011124481362078664
2.4 -0.30334113044674055 0.0010686793506397008
2.433333333333333 -0.22991350019022913 0.00102701070731262
2.466666666666667 -0.13906901353661325 0.0009615978290464511
2.5 -0.048628558227794 0.0008944392403721704
2.533333333333333 0.04270161142366493 0.0008865804626889823
2.566666666666667 0.13494645761091856 0.0009632438606470006
2.6 0.22021193753112023 0.0010198962176071191
2.6333333333333333 0.292816568519906 0.0010675183310826508
2.6666666666666665 0.360392791365687 0.0011058103084555793
2.7 0.4124148672457289 0.0011313058286526179
2.7333333333333334 0.4451347549131495 0.0011444200727009357
2.7666666666666666 0.46514286738321586 0.0011581407326715643
2.8 0.46762843081660405 0.0011577730119821106
2.8333333333333335 0.45435368839334556 0.0011522310722545948
2.8666666666666667 0.4276340070949738 0.0011395424458662817
2.9 0.3791362084113958 0.0011119135290670878
2.933333333333333 0.3194110248779244 0.0010797601922610811
2.966666666666667 0.2506358343518709 0.0010428191427059863
3.0 0.16585526189260166 0.0009932043991218165
3.033333333333333 0.07904696698041307 0.000920051034678071
3.066666666666667 -0.009293258029828045 0.0008672852456384356
3.1 -0.10350425655040915 0.0009411932397922068
3.1333333333333333 -0.19545969470091074 0.0010085086621025308
3.1666666666666665 -0.27416149147541236 0.0010497849276907
3.2 -0.34366539972369564 0.0010919976206909543
3.2333333333333334 -0.3994123713564281 0.0011247683998748537
3.2666666666666666 -0.4459514684622585 0.001142706888860201
3.3 -0.4767448470209354 0.0011511654761407475
3.3333333333333335 -0.4898002205876386 0.0011549329342873116
3.3666666666666667 -0.4825236032480211 0.001164056664893165
3.4 -0.46308041174874987 0.0011455589322146853
3.433333333333333 -0.42451928270816214 0.0011298286442266159
3.466666666666667 -0.36965478232735954 0.0011036517155213477
3.5 -0.3029321973618725 0.0010655411692255812
3.533333333333333 -0.2229478494244341 0.0010216405301809728
3.566666666666667 -0.14001491149826858 0.0009646555344888785
3.6 -0.05022114096450737 0.0008972736448489352
3.6333333333333333 0.04141871231383222 0.0008924650057514222
3.6666666666666665 0.13162952990761664 0.0009596089542593667
3.7 0.21512006538414863 0.0010157646577487744
3.7333333333333334 0.2919215030897426 0.0010696829653071838
3.7666666666666666 0.3585550547704326 0.001111163644094526
3.8 0.4075673394882881 0.0011319117137539858
3.8333333333333335 0.4415146184307151 0.0011488558285819295
3.8666666666666667 0.46027477172995784 0.0011480791581081617
3.9 0.4637520556378273 0.0011539390534788252
3.933333333333333 0.4523726537642369 0.0011536639179424713
3.966666666666667 0.42262171430727885 0.0011432501665058492
4.0 0.3779956492692604 0.0011115311400201056
4.033333333333333 0.31989885583377475 0.0010786738551796238
4.066666666666666 0.24835875102030092 0.0010350787029457797
4.1 0.16994311480948818 0.0009833518144754805
4.133333333333334 0.08263792775452825 0.0009216919286749586
4.166666666666667 -0.011218405186804266 0.000858673100085583
4.2 -0.10500218763008151 0.0009378631882152044
4.233333333333333 -0.1899492279204647 0.000997471042812892
4.266666666666667 -0.2700628247420953 0.0010449504078394178
4.3 -0.3409429002457448 0.0010919125399732055
4.333333333333333 -0.4009852062567929 0.0011166345576131276
4.366666666666666 -0.44541247176467424 0.0011316663381333303
4.4 -0.4762252974279124 0.001139901384609232
4.433333333333334 -0.48372595268861796 0.0011496100309162371
4.466666666666667 -0.4828283472678034 0.00115114611694217
4.5 -0.45928038185265335 0.0011426354668976346
4.533333333333333 -0.42392218133880666 0.0011286618899521983
4.566666666666666 -0.3685041851311713 0.001109460595830003
4.6 -0.30050260491651437 0.0010725790641932798
4.633333333333334 -0.2232440312473211 0.0010316711085033292
4.666666666666667 -0.14005934061268718 0.0009752862190854084
4.7 -0.04978657202959284 0.0008997416577183615
4.733333333333333 0.0408953295825943 0.0008930456654576771
4.766666666666667 0.127838113057287 0.000960593145802574
4.8 0.21398197897427113 0.001023793557086039
4.833333333333333 0.29042777190881064 0.0010786351804051852
4.866666666666666 0.35596973431611806 0.0011245129291145295
4.9 0.4027490209262987 0.0011366330781982792
4.933333333333334 0.43751373913038927 0.0011512875103093512
4.966666666666667 0.45721531744916466 0.0011600473549672197
5.0 0.4600909551329217 0.001150557835716659
5.033333333333333 0.45049346439544785 0.001162733724390408
5.066666666666666 0.4194678282323182 0.0011331369740122388
5.1 0.3744556527644203 0.0011149737892746092
5.133333333333334 0.31714863791036546 0.0010776323669721144
5.166666666666667 0.24665502952563695 0.001035425458543987
5.2 0.16605148779879494 0.0009831459413407462
5.233333333333333 0.08230124733152352 0.0009269397418681657
5.266666666666667 -0.010638433877242566 0.0008729194058825426
5.3 -0.09410298949561006 0.0009336446027202322
5.333333333333333 -0.18459036729728337 0.0009993225251552218
5.366666666666666 -0.2642985577287025 0.0010553224288755714
5.4 -0.33532029500599014 0.001090905044847712
5.433333333333334 -0.39385589235382906 0.0011111008216895257
5.466666666666667 -0.4431434060065871 0.0011433341095805072
5.5 -0.4721332953435147 0.001141984945729757
5.533333333333333 -0.48452798290031934 0.001141359196966063
5.566666666666666 -0.4803603801216157 0.0011452303314430368
5.6 -0.4583355501780609 0.0011342288771756248
5.633333333333334 -0.4202769733728374 0.0011259337031401806
5.666666666666667 -0.368335211691145 0.0011022720029185695
5.7 -0.3008977731593343 0.0010683946965988622
5.733333333333333 -0.22584099599086838 0.0010200329324720758
5.766666666666667 -0.1334194581432396 0.000957690334503214
5.8 -0.048202620064697235 0.0008922426274536044
5.833333333333333 0.04160645220885735 0.0008907101196921688
5.866666666666666 0.12723964700575954 0.0009544922484306384
5.9 0.21031598391015566 0.0010105681912221942
5.933333333333334 0.282483337755077 0.0010585609950066743
5.966666666666667 0.3475153466760643 0.001097622261964304
6.0 0.3973539963789859 0.001122124052293838
6.033333333333333 0.43284798290158294 0.001141155175814923
6.066666666666666 0.45071980196747946 0.001151986975590602
6.1 0.4542770451968391 0.0011521043373332596
6.133333333333334 0.4435237751344535 0.0011506413712378816
6.166666666666667 0.4162158475706389 0.0011383908091400219
6.2 0.37043668819375847 0.0011187340408624347
6.233333333333333 0.3139039674095223 0.0010820744439872243
6.266666666666667 0.2464393248898302 0.001038719440924124
6.3 0.16710747550321642 0.000986867338601899
6.333333333333333 0.08176107622250366 0.0009218655451800756
6.366666666666666 -0.004182879117531228 0.0008620698294034886
6.4 -0.09402925291759079 0.0009338409179785317
6.433333333333334 -0.18298995951178199 0.0009931792163809239
6.466666666666667 -0.26392131629853605 0.0010407037981251532
6.5 -0.33166590897645404 0.001081435251517715
6.533333333333333 -0.39205769849554745 0.00110606182479428
6.566666666666666 -0.4343915075418205 0.0011368547301592313
6.6 -0.4661584606481572 0.0011434908482227946
6.633333333333334 -0.4799920137241615 0.0011575528481563846
6.666666666666667 -0.4714748848608032 0.0011580214584179238
6.7 -0.45112280295873247 0.0011500732100127031
6.733333333333333 -0.41338825164488524 0.0011238885162652146
6.766666666666667 -0.36148711204928574 0.001097701353171887
6.8 -0.29742561334804957 0.001061103912004313
6.833333333333333 -0.21993708199535364 0.0010257296991864895
6.866666666666666 -0.1388536122984931 0.0009700675667621561
6.9 -0.04808921505600711 0.0008986636329669159
6.933333333333334 0.03990512199955958 0.0008982745438802509
6.966666666666667 0.1260443558403135 0.0009639382631100313
7.0 0.20688122904913497 0.0010135964227207805
7.033333333333333 0.28328179490578903 0.0010687842447241191
7.066666666666666 0.3440414438964752 0.0011004375348455109
7.1 0.39463237696849157 0.0011312961363546536
7.133333333333334 0.42568744551989285 0.001141503761542817
7.166666666666667 0.4474979944483839 0.0011471610982322633
7.2 0.45132047768805866 0.0011519501787379816
7.233333333333333 0.43777776424671755 0.0011466500935875534
7.266666666666667 0.4120464429571024 0.0011282955046971188
7.3 0.3668398878203646 0.0011070746384435615
7.333333333333333 0.3099608815152258 0.001072279829835987
7.366666666666666 0.24335811651506403 0.0010379735955914626
7.4 0.1643566968898789 0.000979039913302615
7.433333333333334 0.08003520417475937 0.00091786261671567
7.466666666666667 -0.012849279036844793 0.0008607913649350471
7.5 -0.10038060151955817 0.0009345444959164007
7.533333333333333 -0.1825369822500424 0.00098970863451181
7.566666666666666 -0.2632792398123453 0.0010403466526766048
7.6 -0.3312102231130096 0.001084582158649705
7.633333333333334 -0.38932145973153787 0.0011085260061881597
7.666666666666667 -0.43391875875129265 0.0011286501156202444
7.7 -0.4632110495704336 0.001141192025126081
7.733333333333333 -0.47663725520528766 0.0011406915623940472
7.766666666666667 -0.47147147270972684 0.0011399126401159254
7.8 -0.44792203575004025 0.0011480378893725662
7.833333333333333 -0.41033161491893694 0.0011194427195084233
7.866666666666666 -0.35701566946810137 0.001099557785726346
7.9 -0.2939922087903642 0.0010598669605665911
7.933333333333334 -0.21881415715335434 0.0010160570056291507
7.966666666666667 -0.13559533872556456 0.0009613758128955985
8.0 -0.04855822958077611 0.0008928737983160961
8.033333333333333 0.04055619661863947 0.0008891883508036214
8.066666666666666 0.12355116316224173 0.0009495817903140691
8.1 0.20705576573570794 0.001010553936895281
8.133333333333333 0.2818345404358064 0.0010619305960782865
8.166666666666666 0.34345505374697 0.0010933892269169854
8.2 0.39134683680693366 0.001124673503983431
8.233333333333333 0.42628413201602733 0.0011412763581106211
8.266666666666667 0.44475662721771636 0.0011542908347376701
8.3 0.44784086081955876 0.0011441198961590349
8.333333333333334 0.4347017336568942 0.0011351895289102854
8.366666666666667 0.4072650339243714 0.001122792490875879
8.4 0.36315156858569103 0.0011064069546726785
8.433333333333334 0.3066319786373855 0.0010802498227872603
8.466666666666667 0.2390264835244525 0.00103819985153486
8.5 0.16004575866939091 0.00098849722220537
8.533333333333333 0.07333281295581988 0.0009162772776259986
8.566666666666666 -0.014329324046989283 0.0008707283785307322
8.6 -0.09998969284553626 0.0009382723697739376
8.633333333333333 -0.1854478957601844 0.0009984794235804173
8.666666666666666 -0.2612118190193116 0.0010433094572607216
8.7 -0.33010509361984536 0.0010887313275035893
8.733333333333333 -0.386737483754704 0.0011091126757917236
8.766666666666667 -0.43238665551353583 0.0011215718469628766
8.8 -0.45991810662395605 0.0011356696570999913
8.833333333333334 -0.4722094866983841 0.0011379159502303282
8.866666666666667 -0.46715112094555394 0.0011400351497689587
8.9 -0.4454452879771309 0.0011298405278029056
8.933333333333334 -0.4081737578498282 0.0011147347292783105
8.966666666666667 -0.35470895589553064 0.0010962018877161417
9.0 -0.289472245213783 0.0010583154689439156
9.033333333333333 -0.2137357357292477 0.0010101635579645163
9.066666666666666 -0.13388728293159594 0.000956750441836629
9.1 -0.04655395180324508 0.0008901163959669708
9.133333333333333 0.04352133751541618 0.0008969423599845053
9.166666666666666 0.12861386322459153 0.0009581737903826826
9.2 0.2077078701779436 0.0010162782651997881
9.233333333333333 0.2823447021486718 0.0010652774435629397
9.266666666666667 0.3379728554458804 0.0010910395641725579
9.3 0.38584483758585986 0.0011231819080906869
9.333333333333334 0.42137002227659665 0.0011465765061754452
9.366666666666667 0.43928999156293075 0.0011502317765468284
9.4 0.4428516107681428 0.0011529067844281427
9.433333333333334 0.43043764798209055 0.0011415370855448193
9.466666666666667 0.40293384008186445 0.0011382119967555115
9.5 0.35888850274894035 0.0011098099055437682
9.533333333333333 0.2995962760282592 0.001075056225384341
9.566666666666666 0.23569018873553552 0.0010327311805311268
9.6 0.15347442038584805 0.000974908092125526
9.633333333333333 0.07065348911535958 0.000913091980450989
9.666666666666666 -0.014362543999534145 0.0008640179452831
9.7 -0.10083212494234135 0.0009330763391150465
9.733333333333333 -0.18416998113601596 0.0009938049785116199
9.766666666666667 -0.26101152875006955 0.0010440241534557249
9.8 -0.32921791530790584 0.001083077000184507
9.833333333333334 -0.3787494536122579 0.0011130551701424851
9.866666666666667 -0.4251460888198351 0.0011244264665929982
9.9 -0.45401984268343376 0.0011389401747735062
9.933333333333334 -0.46827673425830246 0.0011444483425709917
9.966666666666667 -0.4624999749112995 0.0011334287681537547
10.0 -0.4422905043007844 0.001132063772231351
10.033333333333333 -0.40456301576342035 0.0011161753032664645
10.066666666666666 -0.34963380501256935 0.0010852220508734134
10.1 -0.2845030394406796 0.0010542581880854662
10.133333333333333 -0.2090325616693957 0.0010119811671797097
10.166666666666666 -0.12878506359984568 0.0009535593311623958
10.2 -0.042942473867853805 0.0008882324538585437
10.233333333333333 0.048254754665961 0.0008972879664889272
10.266666666666667 0.13087746829945993 0.0009697252843000603
10.3 0.20819526451449483 0.0010162093596356447
10.333333333333334 0.2800801166612472 0.0010600154973620657
10.366666666666667 0.33797180256222764 0.0010941217760004895
10.4 0.3813756394530821 0.0011087340323280293
10.433333333333334 0.4139007683253744 0.0011263063644930682
10.466666666666667 0.43345489528277986 0.0011315629404740069
10.5 0.43665251883918105 0.001143892644892619
10.533333333333333 0.42246757559085163 0.0011302190439406723
10.566666666666666 0.39670991219418306 0.0011228748370216701
10.6 0.3537478073999592 0.0010952509932870558
10.633333333333333 0.2990315828936841 0.0010727735155171003
10.666666666666666 0.23059224460018474 0.0010363438599450825
10.7 0.1522704309620573 0.0009713865898820784
10.733333333333333 0.07353877098808875 0.0009257643838669755
10.766666666666667 -0.015622651532957332 0.0008683881830180706
10.8 -0.10189833240696876 0.0009334851839497282
10.833333333333334 -0.18469672921568692 0.0009913851024942744
10.866666666666667 -0.2575806595699139 0.0010390027242503375
10.9 -0.32647130107570715 0.0010785203796538911
10.933333333333334 -0.37895446204799504 0.0011082379412541976
10.966666666666667 -0.42582065948351794 0.0011326606460287936
11.0 -0.44580909376049466 0.0011482083658548858
11.033333333333333 -0.4573997790396768 0.001150352261540366
11.066666666666666 -0.4547497461477734 0.0011451142480302101
11.1 -0.43469078695617325 0.001148534803138035
11.133333333333333 -0.3953225704327661 0.0011275343834855067
11.166666666666666 -0.340369947926785 0.001096329549131081
11.2 -0.2730828059196492 0.0010612299192128138
11.233333333333333 -0.20765964463806036 0.0010158841243792516
11.266666666666667 -0.12539860199681377 0.0009595582754770016
11.3 -0.039060387367409535 0.0008897416095301203
11.333333333333334 0.046636833744902705 0.0008885091673688159
11.366666666666667 0.1296419915983599 0.0009576199298362842
11.4 0.20568486717487997 0.0010081856420143809
11.433333333333334 0.2778934131458447 0.0010536805291391782
11.466666666666667 0.33723556370863017 0.001093201900890739
11.5 0.3824887700924136 0.001121829669008978
11.533333333333333 0.41569725490637055 0.0011347971395024303
11.566666666666666 0.43169541118389204 0.0011422213824539562
11.6 0.43753148278516935 0.0011437830421415773
11.633333333333333 0.4196115719310928 0.001130224079942177
11.666666666666666 0.3918919294337169 0.0011169133394014485
11.7 0.3489938103045872 0.0010932937525968134
11.733333333333333 0.2937277005869383 0.0010640631756984598
11.766666666666667 0.22450769840415177 0.0010230318447082831
11.8 0.1487524769848268 0.0009766073566206401
11.833333333333334 0.0652051941563207 0.0009113423032531959
11.866666666666667 -0.021284673829459894 0.000875303542551463
11.9 -0.10447657172386182 0.000944981716388904
11.933333333333334 -0.1858303057595877 0.0009981580602824447
11.966666666666667 -0.2603101124115192 0.0010457004970863548
12.0 -0.32511863988604595 0.0010736376093589128
12.033333333333333 -0.38003182824213577 0.0011110628170449832
12.066666666666666 -0.42302017655676694 0.001122543070865567
12.1 -0.44511707238565174 0.0011371674433673928
12.133333333333333 -0.45702653071003324 0.0011389842016582552
12.166666666666666 -0.45303510895023824 0.0011325376759100392
12.2 -0.4303355087474887 0.0011241002131947564
12.233333333333333 -0.39136098643302136 0.0011066817036300969
12.266666666666667 -0.33862663895772066 0.0010768986316546103
12.3 -0.2751899010489818 0.0010463706435566156
12.333333333333334 -0.20050728063248302 0.0010020524786861773
12.366666666666667 -0.11998410189774618 0.0009522007738749089
12.4 -0.03900976339354682 0.0008886286504274435
12.433333333333334 0.048167318606558776 0.0008979110298091633
12.466666666666667 0.1295403498679241 0.0009593160946686774
12.5 0.2091502697789497 0.00101273363259477
12.533333333333333 0.27685006365133524 0.0010597983129738697
12.566666666666666 0.3346149263035113 0.0010928852492118613
12.6 0.3837706899529307 0.001125752555622861
12.633333333333333 0.4165620730619179 0.0011444887457860986
12.666666666666666 0.4337094632101017 0.001152973779553479
12.7 0.429939707056496 0.001156814278608087
12.733333333333333 0.41496886368806984 0.0011374825126584942
12.766666666666667 0.38436167199854404 0.0011233748195710325
12.8 0.34338926337786413 0.001101332518504583
12.833333333333334 0.28576208413488624 0.001070930306435347
12.866666666666667 0.21770190393210948 0.0010238660736597849
12.9 0.14186533731541837 0.0009695891749547103
12.933333333333334 0.05948731116724531 0.0009004452587781514
12.966666666666667 -0.02269774318520865 0.0008741368683358175
13.0 -0.09744245440586181 0.000951178658640861
13.033333333333333 -0.1841905118298311 0.000997513877000783
13.066666666666666 -0.2560148010483289 0.0010543731252317667
13.1 -0.3257915003162574 0.0010817374569683236
13.133333333333333 -0.37891398231883794 0.0011071107301685035
13.166666666666666 -0.42005138923984925 0.0011250784917630208
13.2 -0.4471901850525872 0.0011347432562151538
13.233333333333333 -0.4561310951224532 0.0011480474359502058
13.266666666666667 -0.44952012224306215 0.001140590052725321
13.3 -0.42545319910243323 0.0011332787410640033
13.333333333333334 -0.38808840083617663 0.0011121949102504969
13.366666666666667 -0.33563586056576517 0.001083174292565603
13.4 -0.27133194940589384 0.001047360877645953
13.433333333333334 -0.1974160757322909 0.000998188926565613
13.466666666666667 -0.11634442639787418 0.0009388839551805611
13.5 -0.03325407891681585 0.0008778781955698228
13.533333333333333 0.050467567420373616 0.0008901632882084495
13.566666666666666 0.13333045717389158 0.0009613306550271816
13.6 0.208683909185374 0.0010131234149323431
13.633333333333333 0.27969699602295484 0.0010577846869699314
13.666666666666666 0.3361379755881341 0.001089656324039956
13.7 0.3791584996570344 0.0011111364145235947
13.733333333333333 0.40759526190196393 0.0011257010844708537
13.766666666666667 0.4273496488420696 0.001151392491825609
13.8 0.42606148410155414 0.001157477517188532
13.833333333333334 0.4083899338851178 0.001134103609283399
13.866666666666667 0.38102147246212587 0.0011174557605300173
13.9 0.3373471641870419 0.0010992766530467102
13.933333333333334 0.2805287990112575 0.0010628358252482983
13.966666666666667 0.21320904165161433 0.0010250695877076221
14.0 0.13697258674423624 0.0009622623348818082
14.033333333333333 0.0555275900222046 0.0009014685832888156
14.066666666666666 -0.026190798307927286 0.0008737390424787342
14.1 -0.10997349997411796 0.000943981087545856
14.133333333333333 -0.19116738924547144 0.0010027748624788502
14.166666666666666 -0.2634716709544594 0.0010410846015415642
14.2 -0.32724323711788544 0.0010743297169217292
14.233333333333333 -0.379154881911531 0.0011100037136687613
14.266666666666667 -0.42112867492794676 0.0011489138600210835
14.3 -0.44251006021149925 0.0011483432087320833
14.333333333333334 -0.4514266455420907 0.001141834357834881
14.366666666666667 -0.44254850733817325 0.001135092455095521
14.4 -0.4186372253048719 0.0011417144429926585
14.433333333333334 -0.37866088676430004 0.001104641333004197
14.466666666666667 -0.32586332809260465 0.0010837049573410584
14.5 -0.2629992967888844 0.0010463151260861059
14.533333333333333 -0.18891681655748932 0.0010096569263262356
14.566666666666666 -0.11192419696997757 0.000952675529770991
14.6 -0.03329042323868949 0.0008911832107100365
14.633333333333333 0.0560449094977259 0.0009112080015738835
14.666666666666666 0.13600865180962957 0.0009705911343142193
14.7 0.21092614255900285 0.0010290378790163701
14.733333333333333 0.27975489059175046 0.00106287187445675
14.766666666666667 0.3361575809988489 0.0010925330164749392
14.8 0.3801429198198252 0.0011135875161519815
14.833333333333334 0.4087137225052954 0.0011256758364245334
14.866666666666667 0.42053919656767147 0.001131208394592742
14.9 0.4207672918734395 0.001131598504063469
14.933333333333334 0.4090663543622196 0.0011332384073512447
14.966666666666667 0.3791647839019305 0.0011190585048777568
15.0 0.3334482523267679 0.0010908907284731262
15.033333333333333 0.2811885612584128 0.001065599558123187
15.066666666666666 0.21804332652515948 0.0010255827400786899
15.1 0.13440395150724996 0.0009610809299624157
15.133333333333333 0.05112757890354782 0.0008957999091140367
15.166666666666666 -0.0329041062501683 0.0008772604458609154
15.2 -0.11338939845889522 0.0009496154143719265
15.233333333333333 -0.19090005866673285 0.0010091972959870577
15.266666666666667 -0.26031033628672157 0.0010527082208356964
15.3 -0.3258617414643124 0.0010912292724766792
15.333333333333334 -0.3742939240690818 0.0011191014314638759
15.366666666666667 -0.41426064801652096 0.0011302860834380146
15.4 -0.4357451674530237 0.0011382444536465752
15.433333333333334 -0.442062295090662 0.0011409796270070993
15.466666666666667 -0.4384480262153185 0.0011514487603059842
15.5 -0.41113517338791805 0.0011338670014959251
15.533333333333333 -0.3724804538120141 0.0011178400214312822
15.566666666666666 -0.3188774962927823 0.001093443687733675
15.6 -0.25577300219860943 0.0010470957401773062
15.633333333333333 -0.18257258796398343 0.0009981860623688166
15.666666666666666 -0.10355520429561499 0.0009428223466667052
15.7 -0.022881001310905348 0.0008797132553646607
15.733333333333333 0.05965131166346357 0.0009085917431534765
15.766666666666667 0.13563411850117768 0.0009609993625945279
15.8 0.21293964089817907 0.0010216095004251802
15.833333333333334 0.27922834514252026 0.0010623657157786126
15.866666666666667 0.3321501074689328 0.0010871799585082664
15.9 0.3760067518846265 0.0011140515908331095
15.933333333333334 0.4006623482252515 0.0011188723152082969
15.966666666666667 0.4156175232834574 0.0011491320272303263
16.0 0.413859477801741 0.00113551567499659
16.033333333333335 0.39618796216001223 0.0011185986957044647
16.066666666666666 0.36632521996497897 0.0011014532972059565
16.1 0.3208072200785654 0.001075274916818636
16.133333333333333 0.26383201319398053 0.0010498465959214998
16.166666666666668 0.20404623543002895 0.0010075486194341121
16.2 0.12079771188211287 0.0009462213365020455
16.233333333333334 0.04180105847921247 0.0008842026543559658
16.266666666666666 -0.039567013229065216 0.0008835928603334597
16.3 -0.12121059303246405 0.0009484397422731272
16.333333333333332 -0.19363728354079335 0.0010052555038864985
16.366666666666667 -0.2686395589351828 0.001044509540388594
16.4 -0.31074644059329526 0.0010981659983521075
16.433333333333334 -0.36909002720451267 0.0011106206965773024
16.466666666666665 -0.406355966738446 0.0011353898594189116
16.5 -0.4793486659454151 0.0011374705748472547
16.533333333333335 -0.5547084865114829 0.0010767524593278122
16.566666666666666 -0.5284378297233463 0.0010885144035223115
16.6 -0.4953540682714005 0.0010937243236666672
16.633333333333333 -0.46692960394604716 0.001093877791614073
16.666666666666668 -0.3448787418324996 0.001084000274110375
16.7 -0.2652518336934817 0.001056582013638785
16.733333333333334 -0.19905772175243489 0.0010140429540048679
16.766666666666666 -0.13079403898576905 0.000958771347640941
16.8 -0.018759309054038095 0.0008795380146458184
16.833333333333332 0.049286957222414364 0.0009078625603890569
16.866666666666667 0.12270315553226493 0.0009665713124085568
16.9 0.18898574949324978 0.001013086792809842
16.933333333333334 0.2355278889109084 0.0010503963964410834
16.966666666666665 0.25720225094993454 0.0010681007462886027
17.0 0.28702679546251675 0.001085780467100117
17.033333333333335 0.3167169117782726 0.0011031340576079796
17.066666666666666 0.3234560772686322 0.001119492428228952
17.1 0.3020345715921415 0.0011015607084535195
17.133333333333333 0.2643792331608341 0.0010832625362505177
17.166666666666668 0.24877267222899774 0.001061114186454576
17.2 0.20182709411637698 0.0010277323352265166
17.233333333333334 0.178097919414945 0.0010058265978067915
17.266666666666666 0.14933529580706312 0.0009815066413674522
17.3 0.06715463281147005 0.0009083591621066728
17.333333333333332 0.011799741016632812 0.0008686689476162333
17.366666666666667 -0.058075869429610315 0.0009084486435725486
17.4 -0.15042719498807267 0.0009751368743009525
17.433333333333334 -0.20889936466776268 0.0010129118650558655
17.466666666666665 -0.2661421120684435 0.0010641502479373788
17.5 -0.3318777272400108 0.0010948108708568327
17.533333333333335 -0.3701179072341326 0.0011176780254166796
17.566666666666666 -0.4092839314562285 0.0011243117355140275
17.6 -0.431733282229516 0.0011318627429226513
17.633333333333333 -0.4374983973037865 0.0011399991871209325
17.666666666666668 -0.427513013423289 0.0011230794518176102
17.7 -0.4030249866510845 0.0011147978021636695
17.733333333333334 -0.35891960516735866 0.0010992397390010566
17.766666666666666 -0.3055692069405489 0.0010623299463860536
17.8 -0.23778014329809133 0.0010264530325354015
17.833333333333332 -0.16206374132908513 0.0009841608388072298
17.866666666666667 -0.08718015880510155 0.0009207921752758114
17.9 -0.00695930667696153 0.000856198391719739
17.933333333333334 0.07671033244154042 0.0009210027191332293
17.966666666666665 0.15296708093403422 0.0009771855407444963
18.0 0.22295523727615102 0.0010240067518776375
18.033333333333335 0.2839182450015864 0.0010567809912022663
18.066666666666666 0.3190429818190464 0.0010945090605263275
18.1 0.3284574757748556 0.0011119811705465055
18.133333333333333 0.3529534854134651 0.0011265316351717347
18.166666666666668 0.3845552919885413 0.0011306055093396883
18.2 0.3895916482494952 0.0011440982684476353
18.233333333333334 0.36897486958961623 0.0011355300739236962
18.266666666666666 0.31874908882388286 0.0011047787468029258
18.3 0.17018434951696704 0.001017797764381212
18.333333333333332 0.10535917504065977 0.0009544352228444547
18.366666666666667 -0.03351524078916043 0.0008726665152811175
18.4 -0.12034327928069224 0.0009170445010509287
18.433333333333334 -0.27660968493931043 0.0009735419001579704
18.466666666666665 -0.3878278693485942 0.000988671627626947
18.5 -0.46638633787574835 0.0009811856563278765
18.533333333333335 -0.5738072652724469 0.0009465890310005332
18.566666666666666 -0.6440139701455674 0.0009276778858366974
18.6 -0.7009727166412626 0.0009002058036570171
18.633333333333333 -0.7426330846609955 0.000882530463812925
18.666666666666668 -0.7701455114595707 0.0008804450467111424
18.7 -0.7679000040724473 0.0008804345203351494
18.733333333333334 -0.7761327560997798 0.000875727951937133
18.766666666666666 -0.7562104897815525 0.0008863409973889347
18.8 -0.7009655559585505 0.0009280219215281882
18.833333333333332 -0.6640295950964112 0.0009440485548792843
18.866666666666667 -0.601473988493748 0.0009641575828480686
18.9 -0.5226347755305735 0.0009882099780312847
18.933333333333334 -0.4482275078834804 0.0010005177175516078
18.966666666666665 -0.3506605915681473 0.0009992422472226425
19.0 -0.2384785751996691 0.0009856002761239047
19.033333333333335 -0.23727972091125632 0.0009692534904133521
19.066666666666666 -0.19054811936477892 0.0009582227113295316
19.1 -0.15660959555306897 0.0009437631983494621
19.133333333333333 0.03818607290392892 0.000903740573263416
19.166666666666668 0.028148530829858923 0.0008895815303625286
19.2 0.055829871577537785 0.0009231320448488886
19.233333333333334 0.06609119674791028 0.0009360702751330108
19.266666666666666 0.06042281986929692 0.0009350151219913241
19.3 0.035534263125897476 0.0009151415992632098
19.333333333333332 0.02803399456892257 0.0009016915186164896
19.366666666666667 -0.00738086830558768 0.0008743337099262243
19.4 -0.05105828965737254 0.0008964015333367964
19.433333333333334 -0.06514348619162659 0.0008979887316810514
19.466666666666665 -0.12612749629903 0.0009362620171559921
19.5 -0.13814950956231842 0.0009341361085901667
19.533333333333335 -0.16035141025371652 0.0009435403768674744
19.566666666666666 -0.19653072815805134 0.0009774311253968049
19.6 -0.23791265857242871 0.001001171582529936
19.633333333333333 -0.27350043076610975 0.0010327347286248623
19.666666666666668 -0.3972974147167719 0.001046424322849293
19.7 -0.5022129559561912 0.0010480822853066174
19.733333333333334 -0.5536641915498881 0.0010439837014621922
19.766666666666666 -0.5978956163877621 0.0010294909169659139
19.8 -0.6223015096869559 0.001025386588731858
19.833333333333332 -0.6542876723922152 0.0010084347287945272
19.866666666666667 -0.663307884954054 0.0009881777164369998
19.9 -0.6378835946703437 0.0009945730965540411
19.933333333333334 -0.5810659010667849 0.0010191270808915798
19.966666666666665 -0.5430074115378424 0.0010170630271569836
20.0 -0.4776883998231467 0.0010085182559602668
20.033333333333335 -0.35147695546259716 0.0010179754332746982
20.066666666666666 -0.2510080372402751 0.001000068621603789
20.1 -0.17637676687840723 0.0009585881506830873
20.133333333333333 -0.05687433286789443 0.0008983922932994173
20.166666666666668 -1.2195949206745662e-05 0.0008655357200949285
20.2 -0.037097069838537805 0.0008849958198703031
20.233333333333334 0.0017235775699161761 0.0008844257998319239
20.266666666666666 0.019364183711447255 0.0008931891899909283
20.3 0.1394360014547561 0.0010333131699658271
20.333333333333332 0.24642980881393745 0.0011083603829663835
20.366666666666667 0.2635685399732536 0.0011038749263025394
20.4 0.21569647758327484 0.0010635814457332915
20.433333333333334 0.15527880586885978 0.0010356399051568987
20.466666666666665 0.21432106587756303 0.0010564025159439105
20.5 0.19281360768630534 0.0010479126629914237
20.533333333333335 0.11251710623057527 0.0009660100435847085
20.566666666666666 0.07796877509953404 0.0009570417909692125
20.6 0.07451284236332976 0.0009592381728143889
20.633333333333333 -0.04781924066253777 0.0009105385190676107
20.666666666666668 -0.15200157680360094 0.0009732098690509727
20.7 -0.2380192103238848 0.001019570922062868
20.733333333333334 -0.2852825707247387 0.0010705203645361427
20.766666666666666 -0.38046728486899734 0.0010829468401731268
20.8 -0.4514062280932571 0.0010734130663406782
20.833333333333332 -0.4768579491813214 0.001111356778517758
20.866666666666667 -0.5140433976848799 0.0011079641562481424
20.9 -0.5229923721953919 0.001109840056552569
20.933333333333334 -0.5404938540687717 0.0010886058314677483
20.966666666666665 -0.5151867783130154 0.0010891123274453518
21.0 -0.36085869302884366 0.0011290528003779499
21.033333333333335 -0.32214868340603814 0.0010987729292867288
21.066666666666666 -0.28200919613195763 0.0010563859407242138
21.1 -0.21935828684483086 0.0010119508888435658
21.133333333333333 -0.1460504056591371 0.0009632361335727146
21.166666666666668 -0.06986119365505888 0.0009067032126098967
21.2 0.007521030150973399 0.000856279096574532
21.233333333333334 0.08656166562042884 0.0009188028250785574
21.266666666666666 0.1596466346986583 0.0009764786915435197
21.3 0.22600062363432813 0.0010185699743691934
21.333333333333332 0.2853376230059709 0.0010561006149783503
21.366666666666667 0.33263324589489734 0.0010830891899069606
21.4 0.368202457794741 0.0011123781143397293
21.433333333333334 0.390644473003806 0.001123643913428729
21.466666666666665 0.3971971360263378 0.0011230433888810842
21.5 0.3886167150324959 0.001118403710998861
21.533333333333335 0.36844922877384584 0.0011045812713376124
21.566666666666666 0.33153834529941 0.0010865224599581613
21.6 0.2870039355640582 0.001062732934711097
21.633333333333333 0.22786313880327427 0.001028536778240885
21.666666666666668 0.15836746515787048 0.000976892937982643
21.7 0.08565554743504442 0.0009216264156516746
21.733333333333334 0.008460182033088692 0.0008575327828987123
21.766666666666666 -0.07091297226691541 0.0009094296832440063
21.8 -0.1483417726231212 0.0009632686158435044
21.833333333333332 -0.22005207873291138 0.0010158638690496158
21.866666666666667 -0.281903650677864 0.0010506585252221812
21.9 -0.3380005432430826 0.0010815056344732898
21.933333333333334 -0.38062993244064713 0.0011031734613929922
21.966666666666665 -0.41065159154842884 0.0011158784997038484
22.0 -0.42519634589857774 0.0011287687961812343
22.033333333333335 -0.4248098688183117 0.0011268974038489143
22.066666666666666 -0.40570640910404987 0.0011171034332085883
22.1 -0.37642048021384367 0.0011127462070105176
22.133333333333333 -0.33050090656295017 0.0010842623759738101
22.166666666666668 -0.27484641086661343 0.0010582207008568711
22.2 -0.21020603697157156 0.001015297488610345
22.233333333333334 -0.13516880785739424 0.0009681945016029037
22.266666666666666 -0.05864771676908453 0.0009054393947889733
22.3 0.01594842739245086 0.000868882990637844
22.333333333333332 0.09643491607229147 0.0009333718295864851
22.366666666666667 0.1707148748758091 0.000983686305027598
22.4 0.23884315729475097 0.0010293996654345272
22.433333333333334 0.29247929310886633 0.0010586162177663172
22.466666666666665 0.3382868317190495 0.0010884780637412939
22.5 0.37281455273897535 0.001105378051840189
22.533333333333335 0.3900951315301971 0.0011174854751108687
22.566666666666666 0.3950121141330416 0.0011218258676651827
22.6 0.3864933157329391 0.0011193569554584504
22.633333333333333 0.3654377083088234 0.00111186821126541
22.666666666666668 0.33278148863970247 0.0010952349685502405
22.7 0.27953685191997213 0.0010573930455004543
22.733333333333334 0.22093731397773217 0.0010242638024202666
22.766666666666666 0.1516894709069382 0.0009857076550304766
22.8 0.0753645693873278 0.0009158411320168286
22.833333333333332 -0.002178258879607774 0.0008530989881814599
22.866666666666667 -0.0748468570055821 0.0009150007134826055
22.9 -0.15399447732322952 0.0009660023880349866
22.933333333333334 -0.22401423786697394 0.0010146624016924843
22.966666666666665 -0.28500142299907466 0.0010678315299263441
23.0 -0.33924970730156784 0.001087154357031217
23.033333333333335 -0.3779029357363942 0.001112905606290071
23.066666666666666 -0.4055836106826162 0.0011251206249114354
23.1 -0.4185310906901986 0.0011345259707892796
23.133333333333333 -0.41630812681328916 0.0011401823269235334
23.166666666666668 -0.40005205851121184 0.0011375064724479245
23.2 -0.3679349143710515 0.0011120857643381887
23.233333333333334 -0.32235693757224265 0.0010800997360831954
23.266666666666666 -0.2627273202475443 0.0010562299319524793
23.3 -0.19955252893623607 0.00100803966638216
23.333333333333332 -0.12827668317508606 0.0009681463727677364
23.366666666666667 -0.052055014510420786 0.0009027646258136512
23.4 0.02567180442811148 0.0008760288403349137
23.433333333333334 0.10591540494256269 0.0009594908074254116
23.466666666666665 0.17596933307648774 0.001001779033429906
23.5 0.24145015545627072 0.0010433145376974873
23.533333333333335 0.2974250738809212 0.0010901668444804336
23.566666666666666 0.3397543657449923 0.0010948713041721292
23.6 0.37250720853318714 0.0011107993603859945
23.633333333333333 0.39026767506406834 0.0011185380913073528
23.666666666666668 0.3977404421130082 0.0011288225179617029
23.7 0.3852016381344478 0.0011200877205138071
23.733333333333334 0.36125851973601353 0.0011129558110835602
23.766666666666666 0.3237240357204569 0.0010899457289250125
23.8 0.2723711150015372 0.0010565165257039322
23.833333333333332 0.22945054595226572 0.001042458839618926
23.866666666666667 0.14730825243725235 0.000974728742701908
23.9 0.06875818171086812 0.0009104507585667998
23.933333333333334 -0.007767431823376321 0.0008611045529937364
23.966666666666665 -0.08085058231674946 0.0009215852170980365
24.0 -0.16010579373916964 0.0009758058753706889
24.033333333333335 -0.22854528792606635 0.0010263440552580327
24.066666666666666 -0.29007590957335555 0.0010600512799750494
24.1 -0.3415479839325655 0.0010872251951727363
24.133333333333333 -0.3816103025330536 0.0011098324768969992
24.166666666666668 -0.4073190286457032 0.0011274786651793156
24.2 -0.41781240474725284 0.0011272938034338487
24.233333333333334 -0.4141690591027908 0.0011238729748416776
24.266666666666666 -0.3945984706875584 0.0011128119671156012
24.3 -0.3619418590870324 0.0010981813612838676
24.333333333333332 -0.3140853968922098 0.0010680149787284376
24.366666666666667 -0.25755229676541874 0.0010427713600925093
24.4 -0.19285683689034597 0.0009976425723284277
24.433333333333334 -0.11882601104279103 0.0009443533464318504
24.466666666666665 -0.03838519023080366 0.0008810991512222255
24.5 0.03669465626062716 0.0008800689670419026
24.533333333333335 0.1113849820014062 0.0009435983792142055
24.566666666666666 0.18147076565718126 0.000997179670717302
24.6 0.24420457475429405 0.0010445472440117343
24.633333333333333 0.2988477729273626 0.0010735905544681512
24.666666666666668 0.3410790934579163 0.001096106626593818
24.7 0.3705279420279462 0.0011186963216529011
24.733333333333334 0.3872392173364871 0.0011237137848516543
24.766666666666666 0.38897795274005764 0.0011212745766886467
24.8 0.37725865710412815 0.0011188790209147315
24.833333333333332 0.35193544002651017 0.0011001132871199526
24.866666666666667 0.31418465437341336 0.0010753429349373844
24.9 0.26309189592830384 0.0010441826579937752
24.933333333333334 0.20229051966547887 0.0010068879283670895
24.966666666666665 0.1354682144344124 0.0009617990202519522
25.0 0.06057074836283825 0.000907014656931153
25.033333333333335 -0.013516801243874822 0.0008669324939746485
25.066666666666666 -0.09082609714601728 0.0009254347390662138
25.1 -0.15876879661688292 0.0009791198409922763
25.133333333333333 -0.23293716194733946 0.0010334671445955401
25.166666666666668 -0.29354716882579035 0.0010641196199928649
25.2 -0.33613406684729474 0.0010945807784687456
25.233333333333334 -0.38123090266932697 0.0011020678037234055
25.266666666666666 -0.4059895044925039 0.0011134613995868459
25.3 -0.41580188649276567 0.0011236607294851098
25.333333333333332 -0.4082056134067437 0.0011280654575814286
25.366666666666667 -0.38899353368743583 0.0011121748318159153
25.4 -0.3547674389779193 0.001092174102200416
25.433333333333334 -0.30362502956311527 0.001081537991926118
25.466666666666665 -0.24594334331895917 0.0010386873036835609
25.5 -0.18343848748723826 0.000996319397607387
25.533333333333335 -0.10910570815279584 0.0009405320435351555
25.566666666666666 -0.03251169408082951 0.0008820325727408457
25.6 0.04258294799442658 0.0008881467682582134
25.633333333333333 0.11784335019019182 0.0009500228304362562
25.666666666666668 0.1881237965849326 0.0009997126897200725
25.7 0.24829891190682407 0.0010521527088948879
25.733333333333334 0.30430405566153407 0.0010770560277134078
25.766666666666666 0.34478786389344684 0.0010968615090175549
25.8 0.370432125512686 0.001111227834430295
25.833333333333332 0.3868495747407844 0.0011303214721707366
25.866666666666667 0.38469624792244783 0.0011171233860906016
25.9 0.37218883507048417 0.0011113092773132327
25.933333333333334 0.34808722847656304 0.0011128964955798848
25.966666666666665 0.3094766124487312 0.0010824352193887776
26.0 0.2557924733703618 0.0010512161919294938
26.033333333333335 0.19817178597913704 0.0010206318908617673
26.066666666666666 0.12727088885681986 0.0009672471730625409
26.1 0.05075993492735078 0.0008916077580892745
26.133333333333333 -0.025439381784385835 0.0008725320529683056
26.166666666666668 -0.10010078329027568 0.0009297610835902886
26.2 -0.16854491196488405 0.0009833990859952901
26.233333333333334 -0.23616944010495874 0.0010325101155878313
26.266666666666666 -0.29414687236567055 0.0010645427343091152
26.3 -0.3461388226242507 0.0010893998984141118
26.333333333333332 -0.37738054723612524 0.0011132666083474296
26.366666666666667 -0.4042845431252731 0.0011199753952711444
26.4 -0.4126328643589265 0.0011219035563677093
26.433333333333334 -0.40484320625515974 0.0011235015586995023
26.466666666666665 -0.38178756866928415 0.0011086960867645046
26.5 -0.34491173736688346 0.0010938910932841717
26.533333333333335 -0.2968188100622911 0.0010709162137115258
26.566666666666666 -0.23672581502065643 0.0010425352532062448
26.6 -0.1715774584944708 0.0010027707473781178
26.633333333333333 -0.09479394739401717 0.0009491539754758749
26.666666666666668 -0.022309691093659136 0.0008850035194344422
26.7 0.05343901734349266 0.0009022652771308454
26.733333333333334 0.12262947099293514 0.0009491077467130432
26.766666666666666 0.19732614337541465 0.0010089739533413744
26.8 0.2540410942577476 0.001039813629690134
26.833333333333332 0.30533469275451813 0.001088239968894178
26.866666666666667 0.34572091075197786 0.0011046683010513259
26.9 0.36933402333475024 0.0011073041091865798
26.933333333333334 0.3815928730062122 0.001117737353146131
26.966666666666665 0.3803539550906513 0.0011092607437673818
27.0 0.36615263481824056 0.0011071146296828815
27.033333333333335 0.3451771781658762 0.0011077733365964515
27.066666666666666 0.2970666062637964 0.0010722894638186542
27.1 0.24090147439062318 0.0010322799665392346
27.133333333333333 0.1840173435619226 0.0009962135140194062
27.166666666666668 0.11547995168322071 0.000946380612349168
27.2 0.04003253775862709 0.0008871203870070843
27.233333333333334 -0.029213082794693288 0.0008808196015574511
27.266666666666666 -0.10501601521501375 0.0009420064038986459
27.3 -0.17722046438855854 0.0009877665549156422
27.333333333333332 -0.24366652059374175 0.0010271492056404818
27.366666666666667 -0.3008450255693102 0.0010569858147701505
27.4 -0.3478479307811845 0.0010842431641834294
27.433333333333334 -0.37686390442039425 0.001110858371702217
27.466666666666665 -0.39766169839083415 0.001114377792170218
27.5 -0.4083290046496408 0.0011157661511295713
27.533333333333335 -0.3979487463213891 0.00111392420491907
27.566666666666666 -0.3744736845482159 0.0011044435097111172
27.6 -0.33795491929700017 0.0010835690940686482
27.633333333333333 -0.2873393898874941 0.001061434629749336
27.666666666666668 -0.22728624403198383 0.0010251862506258924
27.7 -0.16143325509804693 0.0009767419993097493
27.733333333333334 -0.08963571473858041 0.000923510017640336
27.766666666666666 -0.012954077348243928 0.0008672486899727657
27.8 0.06234193928238928 0.000907625696787942
27.833333333333332 0.14530239049331192 0.0009757603527197622
27.866666666666667 0.20551264556556947 0.001015401306659558
27.9 0.2615939145569438 0.0010561575096140197
27.933333333333334 0.3129062709678033 0.0010887989401202613
27.966666666666665 0.35139100012922186 0.0011089147725731885
28.0 0.36965280604353334 0.0011211696126848247
28.033333333333335 0.38036868387594736 0.0011250385042420041
28.066666666666666 0.3771136831214803 0.0011162647176999885
28.1 0.36338714143882406 0.0011126455903525678
28.133333333333333 0.3363553841612373 0.0010924933954263305
28.166666666666668 0.29449014979738847 0.00107565639895002
28.2 0.2361972815805697 0.0010381872294078498
28.233333333333334 0.17510685696308015 0.0010058928295521297
28.266666666666666 0.10444297348108354 0.0009438118849811467
28.3 0.034904747994824736 0.0008922174894281307
28.333333333333332 -0.042139606006079806 0.0008937274913107529
28.366666666666667 -0.11660858873349125 0.0009493528461964607
28.4 -0.18714806347239688 0.0009965488994582439
28.433333333333334 -0.2507348798386719 0.0010406386519256072
28.466666666666665 -0.30514971362751836 0.0010734759802413785
28.5 -0.35184110337024044 0.0010980349812564905
28.533333333333335 -0.3815801665293732 0.001105528183205029
28.566666666666666 -0.40012644586250457 0.0011269517193702172
28.6 -0.40491271436289883 0.001119969182744207
28.633333333333333 -0.39200257764144014 0.0011153816885459134
28.666666666666668 -0.36531703429800405 0.0011105234303566136
28.7 -0.32860308451758247 0.001091435005296293
28.733333333333334 -0.2759367821981409 0.001067232326289469
28.766666666666666 -0.2196230593802925 0.001021127434602781
28.8 -0.15025903286189557 0.0009712023728440378
28.833333333333332 -0.0781773558270307 0.0009144782903081072
28.866666666666667 -0.004025357727427535 0.0008557322479289965
28.9 0.0713159665594945 0.0009157442442699476
28.933333333333334 0.1399251973809885 0.0009638770974408906
28.966666666666665 0.20752727013326103 0.0010142430671096492
29.0 0.26314424506911616 0.0010481445447985682
29.033333333333335 0.31053587986726483 0.001080098822184128
29.066666666666666 0.3453195251312779 0.0011011975074574631
29.1 0.3679905437055296 0.0011069350408707268
29.133333333333333 0.375910806160111 0.00110925641027243
29.166666666666668 0.37257240482014253 0.0011061694474354122
29.2 0.35519781881068 0.001096260422662143
29.233333333333334 0.32425070955056084 0.0010821617034179054
29.266666666666666 0.281902249469097 0.0010600696223885264
29.3 0.22656864234287097 0.0010261280573498066
29.333333333333332 0.1611649399115399 0.0009812075181395152
29.366666666666667 0.09481134189007105 0.0009307694985161985
29.4 0.021138124219199125 0.0008723963157608906
29.433333333333334 -0.052219627936432256 0.0008944126446728193
29.466666666666665 -0.12728456188401982 0.0009588056700479686
29.5 -0.1952558773907576 0.0010052510094077094
29.533333333333335 -0.25674322839249164 0.0010471276994162282
29.566666666666666 -0.3082683798016163 0.0010691227857219099
29.6 -0.3498166304916318 0.0011001521375080259
29.633333333333333 -0.3799966374461308 0.0011116485363676931
29.666666666666668 -0.39866023629295183 0.0011083242355365286
29.7 -0.40029722174329374 0.0011190402983612957
29.733333333333334 -0.3877857687877016 0.0011124924353163035
29.766666666666666 -0.35682165737968147 0.0010995806166204103
29.8 -0.31627819324716805 0.0010854493204535132
29.833333333333332 -0.2681944533156382 0.001062964118322851
29.866666666666667 -0.2086879965522168 0.0010155057380829557
29.9 -0.14050611480057415 0.0009597698607475558
29.933333333333334 -0.0670067736311394 0.0009040497176975998
29.966666666666665 0.005854336497418379 0.0008544277870077078
30.0 0.07734290425632974 0.0009148623435298181
30.033333333333335 0.14693742766262943 0.0009666796284900081
30.066666666666666 0.21197958195015504 0.0010139895832529666
30.1 0.2673336034625714 0.0010524530316350922
30.133333333333333 0.31324298554896945 0.0010818894898421694
30.166666666666668 0.3463991346728754 0.0010981810087253852
30.2 0.3671659045484289 0.001109973197171099
30.233333333333334 0.374593313537504 0.0011180437362198758
30.266666666666666 0.3674244985756209 0.001112865795828033
30.3 0.34802652907089104 0.0011031730520934535
30.333333333333332 0.31577432779802567 0.0010827925350910261
30.366666666666667 0.2704597238325883 0.001049949911066661
30.4 0.21759004658181702 0.0010305234342498915
30.433333333333334 0.15441470246781452 0.0009832124900492345
30.466666666666665 0.08224982206628148 0.0009219616807227549
30.5 0.011729821887758545 0.0008601398061551559
30.533333333333335 -0.06214884053401016 0.0009194777640865529
30.566666666666666 -0.13561037123113615 0.0009710578351796728
30.6 -0.20211741723054105 0.0010206421024208656
30.633333333333333 -0.2618637595570409 0.0010447400245393035
30.666666666666668 -0.3140316631219843 0.001077254591372645
30.7 -0.354718067254373 0.0010970091271423343
30.733333333333334 -0.379906048887643 0.0011079757184837558
30.766666666666666 -0.3962529707530509 0.0011072765796169004
30.8 -0.396754057649992 0.0011219990692194481
30.833333333333332 -0.38126072440255215 0.0011125555463262216
30.866666666666667 -0.35302228961972354 0.001110755514681372
30.9 -0.31080321152839535 0.0010828686256439957
30.933333333333334 -0.2549655096570165 0.0010465034448161603
30.966666666666665 -0.1971712817637639 0.001001528277543129
31.0 -0.12315641138493647 0.0009550411281779442
31.033333333333335 -0.05631166039426918 0.0008981122170139064
31.066666666666666 0.016017955462893228 0.0008638863422337252
31.1 0.08905908639631037 0.0009260793421458913
31.133333333333333 0.16161956017328896 0.000988153703307959
31.166666666666668 0.22259451578339237 0.00103352720171776
31.2 0.2764638808469457 0.001066591681571527
31.233333333333334 0.3187364487388392 0.0010926298504754794
31.266666666666666 0.35073145629257196 0.0011086929342714047
31.3 0.36464637697036384 0.0011075647894736584
31.333333333333332 0.37112531935633564 0.001111371782209547
31.366666666666667 0.3634692267691207 0.0011032386859493037
31.4 0.3440790582399236 0.0010981897617439729
31.433333333333334 0.3083091500216063 0.0010770555372678903
31.466666666666665 0.2616638441106363 0.0010498585437960228
31.5 0.20666296390482658 0.001018473746748766
31.533333333333335 0.14337412353123552 0.0009734688263859648
31.566666666666666 0.072197431787961 0.0009130327210226108
31.6 0.0008652637068479588 0.0008533365860297902
31.633333333333333 -0.06654569361789803 0.0009102674802462518
31.666666666666668 -0.1414784435937108 0.0009652458598508329
31.7 -0.20577343495245384 0.0010117164464684414
31.733333333333334 -0.26555113069132774 0.0010429928215955897
31.766666666666666 -0.31657600253953444 0.0010727833738060077
31.8 -0.35543015492890845 0.0010947880483330175
31.833333333333332 -0.38068242055923857 0.001106360019268171
31.866666666666667 -0.3928760970216375 0.0011149045163942328
31.9 -0.388933498563239 0.0011114977825409933
31.933333333333334 -0.3726678040522028 0.001103291983326593
31.966666666666665 -0.3452525948393807 0.0010972086272486026
32.0 -0.29902950311512155 0.0010729108201592563
32.03333333333333 -0.2462751242036321 0.0010408023245601916
32.06666666666667 -0.18522409015521488 0.0010078230605009841
32.1 -0.11596110768265364 0.0009531862159590926
32.13333333333333 -0.045780468312380786 0.000890228839381918
32.166666666666664 0.02495591253593816 0.0008724599071069546
32.2 0.10218333348782661 0.0009429130914270917
32.233333333333334 0.1612063298314283 0.000983832366126064
32.266666666666666 0.22720970235659133 0.0010294142001238404
32.3 0.2797484335052834 0.001062947716406859
32.333333333333336 0.31809548990235637 0.001077161190283893
32.36666666666667 0.34666665090071086 0.0010953666776547522
32.4 0.369937287454757 0.0011124149331510624
32.43333333333333 0.3706100874977137 0.0011084301955670561
32.46666666666667 0.36335265264243277 0.001113235627825282
32.5 0.33301441849209573 0.0010884658394054725
32.53333333333333 0.299732919163068 0.0010688477026697951
32.56666666666667 0.26117884200996744 0.001053716719256359
32.6 0.20143945084086168 0.0010103694128823226
32.63333333333333 0.13240900000586392 0.0009559573358252915
32.666666666666664 0.05995795703858759 0.0008992205943001222
32.7 -0.006838418079068418 0.000861113201724507
32.733333333333334 -0.08292725756377374 0.0009172971807006464
32.766666666666666 -0.1525924698720352 0.0009738105502250516
32.8 -0.21984163765118286 0.0010179334035159693
32.833333333333336 -0.274983888241807 0.0010709004536351707
32.86666666666667 -0.32098317759736084 0.0010998651972877194
32.9 -0.35813219484460357 0.0011019933266832593
32.93333333333333 -0.3750202387685683 0.0011147642705022776
32.96666666666667 -0.3883325274804713 0.0011095305302026293
33.0 -0.3887037232798225 0.0011059540191245554
33.03333333333333 -0.37029479022598805 0.001098305750315165
33.06666666666667 -0.33759353691095534 0.0010865025591709765
33.1 -0.29358207039902867 0.0010576932749794543
33.13333333333333 -0.23590120212071264 0.001024261012545824
33.166666666666664 -0.1757758237225359 0.0009854700490808388
33.2 -0.10748670709596214 0.000937341728801
33.233333333333334 -0.0324341788546306 0.0008813133929025524
33.266666666666666 0.036976456848183445 0.0008857991138468968
33.3 0.10697017254162539 0.000938370334994873
33.333333333333336 0.1754260582668999 0.0009950336019362571
33.36666666666667 0.2336950313910523 0.0010337703132829168
33.4 0.28102382930244046 0.0010577719509422545
33.43333333333333 0.31957503442847124 0.0010783413100121098
33.46666666666667 0.34752009080397095 0.0010954963635323445
33.5 0.36330727084973435 0.0011095695882987755
33.53333333333333 0.36291226723125475 0.001111625792850346
33.56666666666667 0.35070637403340543 0.0011037694642551665
33.6 0.3261075113179419 0.0010895935535733536
33.63333333333333 0.2935073736955007 0.0010652989021727177
33.666666666666664 0.24244525025712638 0.0010371692494258455
33.7 0.18707125505642402 0.0010020386558678152
33.733333333333334 0.12453789950069574 0.0009668863243021131
33.766666666666666 0.05607889186203003 0.0009142511616558532
33.8 -0.019406768708241495 0.0008729067472105743
33.833333333333336 -0.09413419796654615 0.0009313262486196766
33.86666666666667 -0.16231081177213802 0.0009761802741389825
33.9 -0.22439829126443145 0.0010205285336112035
33.93333333333333 -0.28120329007616063 0.0010508541362457824
33.96666666666667 -0.32502844362278727 0.0010836046287237
34.0 -0.35824572252517173 0.0010992630148321525
34.03333333333333 -0.38034343428991313 0.0011061007770521991
34.06666666666667 -0.38982793665469584 0.001114710376701633
34.1 -0.38188852003128543 0.0011116169515790753
34.13333333333333 -0.3618354876900853 0.0011042242668909408
34.166666666666664 -0.3266613508186001 0.0010927767790166465
34.2 -0.27724053882999844 0.0010590343042156114
34.233333333333334 -0.22681315440215682 0.0010274598512793887
34.266666666666666 -0.16452225123014727 0.0009839740163411492
34.3 -0.09725663802851886 0.000936931393405907
34.333333333333336 -0.02500587748111534 0.0008793318678073161
34.36666666666667 0.04543893091951726 0.0008965259232051187
34.4 0.11426914882090816 0.0009505122936114135
34.43333333333333 0.18037380449270912 0.0010002964278775228
34.46666666666667 0.2382671834279028 0.001035281887290962
34.5 0.28545477584615103 0.0010682396498646884
34.53333333333333 0.3230311904056526 0.0010865438307176567
34.56666666666667 0.349058290388602 0.0011072322891573783
34.6 0.36175526338730274 0.001106282875964426
34.63333333333333 0.35916023665749874 0.0011047901763058254
34.666666666666664 0.34562745882438695 0.0011002064719156102
34.7 0.32379273877402737 0.0010951368000324813
34.733333333333334 0.27938405398213145 0.0010580025064629295
34.766666666666666 0.2315027338720587 0.0010273233943133286
34.8 0.17093824543404115 0.0009857227449042993
34.833333333333336 0.1136167471603674 0.0009453635935778443
34.86666666666667 0.0411899978794831 0.0008862337827548541
34.9 -0.034416741683285505 0.0008795317999019323
34.93333333333333 -0.10468637518574515 0.0009438645544498081
34.96666666666667 -0.16784665242968633 0.0009912227373470306
35.0 -0.23026421614838624 0.0010222240358476187
35.03333333333333 -0.28523269426591663 0.001054546579954685
35.06666666666667 -0.3299151076904743 0.0010765275686962505
35.1 -0.3619096158929978 0.0010957013724047782
35.13333333333333 -0.3810599830990909 0.0011063678497094664
35.166666666666664 -0.3866200416589543 0.0011066454384508484
35.2 -0.37809243577033785 0.0011062918278328393
35.233333333333334 -0.35437344956272426 0.0011034534929417195
35.266666666666666 -0.3159617842357716 0.0010798829515552555
35.3 -0.2749219337776125 0.0010541475122206045
35.333333333333336 -0.21667401652322765 0.0010171905562659234
35.36666666666667 -0.15317702440405911 0.0009693287500894265
35.4 -0.08484651538142439 0.0009238289246606274
35.43333333333333 -0.013298763110458658 0.0008685114357212722
35.46666666666667 0.05760671176292131 0.0009127418948682575
35.5 0.12941249449085013 0.0009670016465214426
35.53333333333333 0.18898957799369628 0.0010051062042128467
35.56666666666667 0.2494978468387492 0.0010417775411101782
35.6 0.29258479387188796 0.0010688126836089773
35.63333333333333 0.3254257503147151 0.0010853063651666273
35.666666666666664 0.3464748593566134 0.0010948446584584381
35.7 0.3563316800300689 0.001101421458178431
35.733333333333334 0.3541087336088082 0.0011034391604810012
35.766666666666666 0.339902602448566 0.001096587892731371
35.8 0.30941632641611827 0.0010769815660097715
35.833333333333336 0.27375736397566053 0.0010608492661840496
35.86666666666667 0.22103109789400074 0.001028658206817662
35.9 0.16166401840348985 0.0009853037621961325
35.93333333333333 0.10194598861247671 0.0009482748689195603
35.96666666666667 0.03348045378685025 0.0008964778986020536
36.0 -0.04510195740973574 0.0009263575157957629
36.03333333333333 -0.11534084328280396 0.0009444147649865786
36.06666666666667 -0.1803119316124072 0.0009994054380104145
36.1 -0.24058928868336668 0.0010348886490961495
36.13333333333333 -0.291786323238035 0.0010610543589181787
36.166666666666664 -0.3302172654578802 0.0010829323391251533
36.2 -0.36164881712394265 0.0011024560385747284
36.233333333333334 -0.38004920426389316 0.0011073835908633756
36.266666666666666 -0.3829001319037075 0.0011108544275004184
36.3 -0.3727239539788349 0.0010952450987034568
36.333333333333336 -0.3470073428850475 0.0010846282399962215
36.36666666666667 -0.3079425959899431 0.0010656584815222359
36.4 -0.2612788775488451 0.001040308665929357
36.43333333333333 -0.20092368958349696 0.0010079186373806448
36.46666666666667 -0.1371967727526814 0.0009656735433201391
36.5 -0.07192466135537064 0.0009099242463278673
36.53333333333333 0.0011529150067811026 0.000853565814015527
36.56666666666667 0.06891230540775992 0.0009110567355010701
36.6 0.13507276147026687 0.0009657251590710347
36.63333333333333 0.19724475785050866 0.0010042191004846768
36.666666666666664 0.24984236520478423 0.0010392148029187698
36.7 0.2924264904199795 0.0010699874678944954
36.733333333333334 0.32826862170279963 0.0010874321770488193
36.766666666666666 0.34607370173470614 0.0010966492375221182
36.8 0.35550649532740913 0.0011032304433730156
36.833333333333336 0.3501324060510702 0.0011020563669268402
36.86666666666667 0.33165272229936754 0.0010893365521091325
36.9 0.3019851667070745 0.0010704166468742393
36.93333333333333 0.2617676499434929 0.0010437418023884204
36.96666666666667 0.21534113438654745 0.0010211429809122152
37.0 0.14915672181723205 0.00097315052234756
37.03333333333333 0.08360858271997161 0.0009217198584299813
37.06666666666667 0.015742022313288976 0.0008624571279384069
37.1 -0.052182802888995794 0.0008972353844075923
37.13333333333333 -0.12219417599323111 0.0009516347152216942
37.166666666666664 -0.18817640513712516 0.0009951701929847567
37.2 -0.2495060060927441 0.001032638078500403
37.233333333333334 -0.2993675101724561 0.001059885260651594
37.266666666666666 -0.33568662263758586 0.0010847784774212221
37.3 -0.3633161941602123 0.001095759658869766
37.333333333333336 -0.3790871665820141 0.0011032118814888747
37.36666666666667 -0.37982000731577914 0.0011067489206909586
37.4 -0.3662850935824166 0.0010986822130629181
37.43333333333333 -0.3361936635827075 0.0010821122888968193
37.46666666666667 -0.2992007390642517 0.0010622215651029387
37.5 -0.2519272755482385 0.0010322418565537617
37.53333333333333 -0.19367628026659622 0.0009956848607218793
37.56666666666667 -0.1291187993587403 0.0009532225596641242
37.6 -0.06183527884041047 0.0009022915199116549
37.63333333333333 0.009599026038096259 0.0008614633427902491
37.666666666666664 0.07782112122787829 0.0009144107311712946
37.7 0.14261749701144955 0.0009635363257324836
37.733333333333334 0.20360468995463393 0.0010094209803612197
37.766666666666666 0.2563611746990267 0.0010443481269276633
37.8 0.30030329668657574 0.0010702260638172922
37.833333333333336 0.33039441735483716 0.001085492868052429
37.86666666666667 0.34537301004110893 0.0010966763370229282
37.9 0.3518004628607378 0.0011001012237094598
37.93333333333333 0.3451588064278579 0.0010949380257860297
37.96666666666667 0.32513689000931684 0.001093457381053431
38.0 0.2940935421311178 0.0010682406560827973
38.03333333333333 0.2511370962079232 0.0010524631715744248
38.06666666666667 0.19858976638860634 0.0010161067422649328
38.1 0.13623524487197153 0.0009640350571842593
38.13333333333333 0.06999980250804191 0.0009124878022238742
38.166666666666664 -0.0008878960585297407 0.0008596685919654956
38.2 -0.06792980928708424 0.0009094114061684866
38.233333333333334 -0.13669125616306016 0.0009589106306682749
38.266666666666666 -0.20044735062601726 0.001001482595832992
38.3 -0.25214708389780965 0.0010366225953297725
38.333333333333336 -0.30169332525231957 0.0010700109662031276
38.36666666666667 -0.3397844842505357 0.0010876638312545261
38.4 -0.36523178848763876 0.0010977639183451515
38.43333333333333 -0.3728115159633855 0.0011100086909348605
38.46666666666667 -0.375392432192825 0.0011076397073312427
38.5 -0.3594769353845422 0.0011025265118022043
38.53333333333333 -0.3307054481683229 0.0010848054924681994
38.56666666666667 -0.2915055101429628 0.0010604173497339997
38.6 -0.23831960211836561 0.001030725931910087
38.63333333333333 -0.17922868062214523 0.0009919367734280982
38.666666666666664 -0.11428661953183433 0.0009485610851461684
38.7 -0.04541543591184053 0.0008966620062505898
38.733333333333334 0.019069853636390192 0.000870891954124757
38.766666666666666 0.0955801873763303 0.000936202244266382
38.8 0.15967623903613273 0.0009822946287568468
38.833333333333336 0.21076610437475804 0.0010120173357875961
38.86666666666667 0.2634321965167907 0.0010524182162842122
38.9 0.3045948419232874 0.001075222027140832
38.93333333333333 0.33214208927912714 0.001088539650315079
38.96666666666667 0.3476955223562796 0.0010968189373728454
39.0 0.3492687526411337 0.0010993749708711475
39.03333333333333 0.3486697124466506 0.0011068932508289664
39.06666666666667 0.322124462804392 0.001096575156369295
39.1 0.28752554487928655 0.001071448325835056
39.13333333333333 0.24022684909929995 0.001043174409707609
39.166666666666664 0.18663114929061664 0.0010008508194192522
39.2 0.1266182053907352 0.0009552970581913622
39.233333333333334 0.05794983114705259 0.0009011075377200195
39.266666666666666 -0.012112723925150401 0.0008650659708252951
39.3 -0.07027279040861702 0.0009268920666996444
39.333333333333336 -0.14126335912994378 0.0009767163443149263
39.36666666666667 -0.19813948825825814 0.0010123694860882104
39.4 -0.257023814142997 0.001045828507264479
39.43333333333333 -0.3033641448281389 0.0010727667610221925
39.46666666666667 -0.3406961449515963 0.001088231273069673
39.5 -0.3565599915867391 0.001110917145532908
39.53333333333333 -0.37234695760087483 0.0011089751745512744
39.56666666666667 -0.36245499748832255 0.00110969017755147
39.6 -0.34585599878823853 0.0011029841628001913
39.63333333333333 -0.3180677285757847 0.0010826196305271374
39.666666666666664 -0.27951123077183676 0.0010609639173188024
39.7 -0.22444041265172157 0.0010388191634647659
39.733333333333334 -0.17075054266643538 0.0010038868057109795
39.766666666666666 -0.1014594598355146 0.0009446968350440565
39.8 -0.035122756633249014 0.0008958756110744037
39.833333333333336 0.04190801555518981 0.0009015112559065883
39.86666666666667 0.10692418966485134 0.0009529305148212874
39.9 0.16646016156976298 0.0009933647441473514
39.93333333333333 0.2222082604198217 0.0010302908113497544
39.96666666666667 0.2727962994041639 0.0010589527075938743
40.0 0.3117307743438032 0.0010813471631815896
40.03333333333333 0.33895104169554907 0.0010937504096062423
40.06666666666667 0.3436630936463897 0.0011094843469965365
40.1 0.34428245372985483 0.0010995707471603278
40.13333333333333 0.33346521592116385 0.0010968068496333139
40.166666666666664 0.309722050468596 0.001078787838446671
40.2 0.27604719194447924 0.001059569488926937
40.233333333333334 0.22946003677033144 0.001029078902318098
40.266666666666666 0.17663385753623012 0.0009892659592257436
40.3 0.11450568127292209 0.0009430485771791675
40.333333333333336 0.046802367494719194 0.0008907291048662266
40.36666666666667 -0.021008218634141058 0.0008691254218690728
40.4 -0.08129335307708774 0.0009263344926383615
40.43333333333333 -0.14652484086324474 0.000981286643385565
40.46666666666667 -0.20795646723351036 0.0010243965625326146
40.5 -0.26615349261464205 0.0010538585536514211
40.53333333333333 -0.3106078170413347 0.0010747512350278154
40.56666666666667 -0.3436249925571334 0.0010922910775413852
40.6 -0.35625970051391204 0.001111993364215802
40.63333333333333 -0.36756700890754973 0.001118810738084619
40.666666666666664 -0.3638150200277436 0.0011138767046295905
40.7 -0.3455038399346741 0.001095668453027221
40.733333333333334 -0.3122825373845103 0.0010781409403575193
40.766666666666666 -0.26763148784694135 0.0010596572254101266
40.8 -0.20649290332148001 0.0010284310495441429
40.833333333333336 -0.1531285709535051 0.000984074200212709
40.86666666666667 -0.08837783161267225 0.0009304459636642337
40.9 -0.02106081923241483 0.000880142341836556
40.93333333333333 0.046884096702239704 0.0008995237467680287
40.96666666666667 0.11323458668888199 0.0009476109014248113
41.0 0.1721666907730048 0.0009880406267751274
41.03333333333333 0.2274287240335675 0.0010227992028527533
41.06666666666667 0.27260715686381926 0.001060240471784435
41.1 0.31260884144998663 0.0011045387325333
41.13333333333333 0.34147293030838105 0.0011290089662395197
41.166666666666664 0.3502128934329505 0.0011136521974243752
41.2 0.34086842067604656 0.0010965775557655877
41.233333333333334 0.32820140432539685 0.0010911451254773108
41.266666666666666 0.3134507129897148 0.0010967339848290125
41.3 0.2726510092754257 0.001066914233609051
41.333333333333336 0.2236545615063965 0.0010379347570707576
41.36666666666667 0.16809905757134602 0.0010013691830189075
41.4 0.11009267810758294 0.0009529674150629136
41.43333333333333 0.035164332004016724 0.0008831939822311272
41.46666666666667 -0.029805987083646672 0.0008794418233974838
41.5 -0.09657867036967267 0.0009342306465963401
41.53333333333333 -0.1594371888189556 0.0009820330988067338
41.56666666666667 -0.21681878879310587 0.0010277661226895662
41.6 -0.26432017463093327 0.0010605595822617553
41.63333333333333 -0.3131429899519059 0.0010948152363413621
41.666666666666664 -0.3415052988114631 0.0011016090636952192
41.7 -0.35680344708935313 0.0011152300542761062
41.733333333333334 -0.36398652752467425 0.0011129240310437938
41.766666666666666 -0.35821134204915567 0.0011154887267411095
41.8 -0.33794673574478323 0.001095959784810252
41.833333333333336 -0.29998158853267776 0.0011050483328178817
41.86666666666667 -0.25510568282319057 0.0010563778025735049
41.9 -0.20761949947852898 0.0010098978437043937
41.93333333333333 -0.14236578010424422 0.000966220567734738
41.96666666666667 -0.07827070736544124 0.0009207027677206325
42.0 -0.011553236307281167 0.0008708812700532597
