0.0 -0.39518594501891363 0.0011271665151858512
0.03333333333333333 -0.32639594573820513 0.0010857238632787647
0.06666666666666667 -0.2439305050555684 0.0010333698705748129
0.1 -0.1543735731464805 0.0009739354346942897
0.13333333333333333 -0.05634477134571143 0.000900472524495724
0.16666666666666666 0.03942394029530002 0.0008892963926482103
0.2 0.13652955129385808 0.0009645696554645977
0.23333333333333334 0.2237666990084801 0.0010248470379554397
0.26666666666666666 0.3018298002000986 0.0010715006222882795
0.3 0.38002621216810506 0.0011147247692336881
0.3333333333333333 0.4334455449488779 0.0011434293700207099
0.36666666666666664 0.47256427864629363 0.001163794540594898
0.4 0.4947614551737073 0.0011697605431125746
0.43333333333333335 0.4992843709121888 0.0011743941147003278
0.4666666666666667 0.4897369194529608 0.001175550352189747
0.5 0.46254920012750567 0.0011748725280986139
0.5333333333333333 0.41462334271864587 0.001149330035070062
0.5666666666666667 0.3553559837397387 0.0011052966195252978
0.6 0.2810715158074373 0.0010626854160343813
0.6333333333333333 0.19723289048461815 0.0010095377228736546
0.6666666666666666 0.10417933602330452 0.0009456879088894921
0.7 0.005255968233277378 0.0008582335675347127
0.7333333333333333 -0.09240256336865706 0.0009344393031649467
0.7666666666666667 -0.18110427247256938 0.0009928527138642618
0.8 -0.269613032904147 0.001046478759627878
0.8333333333333334 -0.3458501303695052 0.001089186005997278
0.8666666666666667 -0.41344798058733573 0.001117133783754387
0.9 -0.46430721219982146 0.0011383849938455537
0.9333333333333333 -0.49721304534928146 0.0011512335018427633
0.9666666666666667 -0.514361699218759 0.001153340653741064
1.0 -0.5107025074988526 0.001158373883214825
1.0333333333333334 -0.5166973439792323 0.0011426203703925886
1.0666666666666667 -0.49461781405167193 0.0011225264358592502
1.1 -0.4259338647827804 0.0011199785179357713
1.1333333333333333 -0.34061474229730354 0.0010923446794181557
1.1666666666666667 -0.26375482044347787 0.001055314632601001
1.2 -0.1908663741198349 0.0010020806214898204
1.2333333333333334 -0.09479932717326042 0.0009479013863640251
1.2666666666666666 0.03619951134044476 0.0009009867536448404
1.3 0.12800681577402923 0.0009674134759972419
1.3333333333333333 0.20873353490473226 0.001020176491580732
1.3666666666666667 0.29408644603493544 0.0010739591548545313
1.4 0.35959057958235463 0.0011088396466211736
1.4333333333333333 0.4181302762832754 0.0011476570610501335
1.4666666666666666 0.46545056659067535 0.0011648061903943852
1.5 0.49472379927548127 0.0011726423498573113
1.5333333333333334 0.5032002085325098 0.0011688246291056137
1.5666666666666667 0.4914248852107699 0.0011670865552558252
1.6 0.4816092920235521 0.0011715423532797087
1.6333333333333333 0.42857158802809103 0.0011438356307946762
1.6666666666666667 0.36115355826782486 0.001107762376290733
1.7 0.30172029481801527 0.001083467957428752
1.7333333333333334 0.2082524451503149 0.0010209088138899147
1.7666666666666666 0.1362811742278062 0.0009797537809667078
1.8 0.014027219024786933 0.0008665159714307466
1.8333333333333333 -0.07839677584677135 0.0009229738525633746
1.8666666666666667 -0.17598805644318538 0.0009953444890845597
1.9 -0.23791187002073402 0.0010596254467858945
1.9333333333333333 -0.33827031005903163 0.0010908992318944266
1.9666666666666666 -0.4015147773898364 0.00112376753320248
2.0 -0.4391428855310497 0.0011813800871899316
2.033333333333333 -0.48954274972473183 0.0011683903461146006
2.066666666666667 -0.508821466616365 0.00116818496049087
2.1 -0.496234515736934 0.0011825913429463486
2.1333333333333333 -0.490481064766066 0.00115660394219802
2.1666666666666665 -0.44966734915888806 0.0011387620203248128
2.2 -0.3971074399569361 0.0011219049609814125
2.2333333333333334 -0.3299854661077521 0.0010855626886792091
2.2666666666666666 -0.2491969087467793 0.0010462162110917994
2.3 -0.16400083391884906 0.0009879956967465409
2.3333333333333335 -0.06910019146327767 0.0009169235921426266
2.3666666666666667 0.026017445173028154 0.0008822420399055148
2.4 0.11961432141788243 0.0009595955025360342
2.433333333333333 0.2086304574074895 0.0010220034038337655
2.466666666666667 0.2868279478262302 0.001066350111183556
2.5 0.35672494697179025 0.0011053299557515217
2.533333333333333 0.41192807709080453 0.00113472352158972
2.566666666666667 0.4544813973257495 0.001146904628256007
2.6 0.48009747421276533 0.0011579125317706662
2.6333333333333333 0.488181538530449 0.0011573531424651229
2.6666666666666665 0.4800361356800937 0.001162695357124377
2.7 0.4554136157120264 0.0011576438814955292
2.7333333333333334 0.4160700035000142 0.0011398479281445328
2.7666666666666666 0.3546218023067305 0.0011066549561272732
2.8 0.28622935216639395 0.0010649577104861474
2.8333333333333335 0.20359184008739345 0.001015124814891244
2.8666666666666667 0.11404869849477352 0.0009498067381937675
2.9 0.020125395289839202 0.0008699128685431788
2.933333333333333 -0.07441030222735258 0.0009182664906723925
2.966666666666667 -0.16772285289670402 0.0009874490843031214
3.0 -0.25398272641519554 0.0010393596319041576
3.033333333333333 -0.3307525815722314 0.0010811169033260737
3.066666666666667 -0.39909221989211563 0.001113491832445912
3.1 -0.4490444267785068 0.0011387549962175725
3.1333333333333333 -0.48351152650140256 0.0011526219557276285
3.1666666666666665 -0.5025897736360663 0.0011597539045058447
3.2 -0.5028034005813126 0.0011535586735018644
3.2333333333333334 -0.48714176402100257 0.0011516541904478261
3.2666666666666666 -0.45004179955227963 0.0011451612988361837
3.3 -0.3964867799167583 0.0011219663566520155
3.3333333333333335 -0.33061984070030026 0.0010842117005239738
3.3666666666666667 -0.25184739365420006 0.001042050220972257
3.4 -0.1653646315159075 0.0009921876072951918
3.433333333333333 -0.0770291171005048 0.0009188137018063675
3.466666666666667 0.01961923495858366 0.0008728618650002927
3.5 0.11149520983391974 0.0009482498641843612
3.533333333333333 0.20176488119175578 0.001015865053764664
3.566666666666667 0.28293371053050115 0.0010661529345043497
3.6 0.3531321705156709 0.0010973539757260231
3.6333333333333333 0.4115771049753072 0.00113023079443908
3.6666666666666665 0.45659478740526394 0.0011524341931116733
3.7 0.4736466779180304 0.0011509759979374534
3.7333333333333334 0.4817174403113089 0.001155454001525169
3.7666666666666666 0.4745187573885517 0.0011569663492292381
3.8 0.4526112843244625 0.0011472399708315484
3.8333333333333335 0.40965061271709163 0.0011248640065634197
3.8666666666666667 0.3533662730469622 0.0011006579501132707
3.9 0.28640291610801866 0.0010594965368490028
3.933333333333333 0.2047269658667601 0.0010103376217149296
3.966666666666667 0.1137726815396866 0.000950369248069266
4.0 0.02064289696406965 0.0008743974233575008
4.033333333333333 -0.07139127458010029 0.0009136788963956255
4.066666666666666 -0.16326746675155082 0.0009859139674400774
4.1 -0.24914016536599481 0.0010474874432988002
4.133333333333334 -0.32524715134650023 0.0010851947841098442
4.166666666666667 -0.38887650260544965 0.0011160180873995285
4.2 -0.44154115547506473 0.0011342704736779785
4.233333333333333 -0.47788443545648424 0.0011414582697164555
4.266666666666667 -0.4961689020688571 0.00114764499361647
4.3 -0.4950278327367295 0.0011549765800442646
4.333333333333333 -0.48154982728774737 0.0011451702828699228
4.366666666666666 -0.4451708252246695 0.0011335874097860854
4.4 -0.3951665354889205 0.0011226303932733717
4.433333333333334 -0.3300215203352802 0.001088944681608972
4.466666666666667 -0.2548984857870795 0.0010408487406880496
4.5 -0.16922963023765866 0.0009836809809475322
4.533333333333333 -0.0799326903862027 0.0009161851496747586
4.566666666666666 0.012957512604461166 0.0008628758335620986
4.6 0.1075188677733516 0.0009386426739614734
4.633333333333334 0.19923774125316784 0.0010088252413452126
4.666666666666667 0.27908393355832134 0.0010610760207386272
4.7 0.34714127009163104 0.0010979596910531964
4.733333333333333 0.40517553207396234 0.0011307636222163686
4.766666666666667 0.44488946563283727 0.0011432861136048134
4.8 0.4701927158480473 0.0011600037271674024
4.833333333333333 0.4785588217867856 0.0011559510015701213
4.866666666666666 0.4730477447937583 0.0011546844671656564
4.9 0.4503915106134233 0.0011488684274481575
4.933333333333334 0.41127829094353746 0.0011317530234826179
4.966666666666667 0.35665326247446594 0.0011060240372698371
5.0 0.2865111396711568 0.0010718575813390419
5.033333333333333 0.2049767315787964 0.0010192954854170155
5.066666666666666 0.11772423415329517 0.0009569777736645607
5.1 0.028317129854817765 0.0008794169309921177
5.133333333333334 -0.06469626277678886 0.000911915516532677
5.166666666666667 -0.15466577503795967 0.0009796050054799443
5.2 -0.24324929544248527 0.0010348181733896566
5.233333333333333 -0.31781048255778505 0.0010815719414424274
5.266666666666667 -0.38305665932383637 0.001112859121782328
5.3 -0.43551168121113265 0.001137464476962169
5.333333333333333 -0.47267934566666414 0.0011459351411857721
5.366666666666666 -0.49252503659412306 0.0011549561754628512
5.4 -0.4943915145675398 0.001157444214430925
5.433333333333334 -0.47914064121619443 0.0011448160335147395
5.466666666666667 -0.4447388592958931 0.0011391916740992047
5.5 -0.3960723270178397 0.0011200129620120847
5.533333333333333 -0.33235383256541196 0.001109705217343493
5.566666666666666 -0.25578659050974273 0.0010616125016413847
5.6 -0.17359144806901367 0.0009899164786352777
5.633333333333334 -0.08194877211964902 0.0009247698885206518
5.666666666666667 0.010337308311752188 0.0008645601731799915
5.7 0.1025415472105638 0.0009400613921604906
5.733333333333333 0.1904744439981554 0.0010081342874458388
5.766666666666667 0.2700634931782167 0.0010524109165557238
5.8 0.33949878710301523 0.0010947097235243786
5.833333333333333 0.39550016426152723 0.0011185835780706532
5.866666666666666 0.4389126084270038 0.0011389698042032492
5.9 0.46503776386960827 0.0011540636243101976
5.933333333333334 0.4726643741308021 0.0011509450377351627
5.966666666666667 0.4679299540321669 0.001149059339867864
6.0 0.4429005097183173 0.0011414999307949314
6.033333333333333 0.40572127281774784 0.0011248962205012147
6.066666666666666 0.3496440141010615 0.001094242431072312
6.1 0.28278567798773313 0.0010596704223445053
6.133333333333334 0.20391998357905194 0.0010091954240363243
6.166666666666667 0.11925203052466718 0.000947724233799227
6.2 0.026430998075372615 0.0008730004039665604
6.233333333333333 -0.06255687175114896 0.00090613661826415
6.266666666666667 -0.15458520264720707 0.0009736926629848874
6.3 -0.23574417454278143 0.0010282538031358424
6.333333333333333 -0.31651928786162603 0.0010755631343573047
6.366666666666666 -0.3790844617632949 0.0011105284449292596
6.4 -0.4294870772350428 0.0011439215284432258
6.433333333333334 -0.4649278951082553 0.001161369224232156
6.466666666666667 -0.4891636015975073 0.001149851268024138
6.5 -0.48937780513216333 0.0011498289128434869
6.533333333333333 -0.4756202397671625 0.001144550227222485
6.566666666666666 -0.44268990339197445 0.0011359831269024956
6.6 -0.39348376579784083 0.0011117280175413358
6.633333333333334 -0.33146954735615086 0.0010804924564943308
6.666666666666667 -0.25489505675331264 0.0010374773061314624
6.7 -0.1721665576542985 0.000981391985957869
6.733333333333333 -0.08279324923816676 0.0009176873324264756
6.766666666666667 0.015623423451047563 0.0008694530719971071
6.8 0.09952469019912281 0.0009336078454579982
6.833333333333333 0.1924284883144745 0.0010078178158967055
6.866666666666666 0.2739170261844071 0.001065309135333703
6.9 0.34224004237226224 0.0011162079330992447
6.933333333333334 0.39894799870435926 0.0011390165417494158
6.966666666666667 0.4368316304583848 0.0011410152877188162
7.0 0.4615926290926341 0.0011550289108106515
7.033333333333333 0.4694095054822307 0.001156082486038823
7.066666666666666 0.46884217467426825 0.0011904930900155097
7.1 0.44042286530661956 0.0011531018578320174
7.133333333333334 0.40236387252691064 0.0011243563346912677
7.166666666666667 0.3491536913810357 0.0010952901960787353
7.2 0.2842299666409256 0.001062453303967259
7.233333333333333 0.20638265999815067 0.0010144828357586122
7.266666666666667 0.12264715956868925 0.0009549298587594596
7.3 0.029100609265046623 0.0008794142434806092
7.333333333333333 -0.05398743071699942 0.0009044736838999187
7.366666666666666 -0.1514231764542777 0.0009714059038329614
7.4 -0.23456509563137515 0.0010242418591683566
7.433333333333334 -0.30752411312783634 0.0010729419051472289
7.466666666666667 -0.37366840900436776 0.0011201686118416099
7.5 -0.4252633689999084 0.0011214704225808725
7.533333333333333 -0.45776361802886634 0.0011439473310549952
7.566666666666666 -0.47833795635769316 0.0011502814842050957
7.6 -0.4803967858330388 0.00115523847882254
7.633333333333334 -0.4651925227251237 0.0011553756050979858
7.666666666666667 -0.43569044989662603 0.0011318645477220168
7.7 -0.3787874881820652 0.0011242213028451742
7.733333333333333 -0.31937425873610137 0.001086057317585043
7.766666666666667 -0.23557666023724133 0.0010564044270080508
7.8 -0.15999936350868924 0.0009909876731789002
7.833333333333333 -0.07271043390439166 0.0009207756851573323
7.866666666666666 0.0142376082867503 0.0008748334644917734
7.9 0.10784484942582791 0.0009493190031832077
7.933333333333334 0.18520940122463814 0.0009959471074458548
7.966666666666667 0.26712507676557773 0.0010509227536349974
8.0 0.3348233317767713 0.0010922805715903872
8.033333333333333 0.38942138282686856 0.0011222292384910348
8.066666666666666 0.43239043279476785 0.001145125231915678
8.1 0.4549776984467561 0.0011545212729715537
8.133333333333333 0.46306388435254514 0.0011475800594947794
8.166666666666666 0.457624322219133 0.001147040393236709
8.2 0.4397038912048277 0.0011510093304117341
8.233333333333333 0.4031713355897691 0.0011397499582377901
8.266666666666667 0.3490227849215487 0.0011190556962246134
8.3 0.27984148990149454 0.001074920576925431
8.333333333333334 0.2060675909545905 0.001019936540308547
8.366666666666667 0.12493892971781631 0.0009635023928204756
8.4 0.033925363987437285 0.0008906396599420927
8.433333333333334 -0.05359400200729914 0.0008994757093999869
8.466666666666667 -0.1390650385783208 0.000985116105269801
8.5 -0.2212676143083001 0.0010307330780910118
8.533333333333333 -0.3002694293717893 0.001070255933020181
8.566666666666666 -0.36422340033575185 0.001111538224001507
8.6 -0.41740183707472184 0.001130525851761599
8.633333333333333 -0.4475867208340536 0.001152119497110915
8.666666666666666 -0.4691140163673818 0.0011670065925133422
8.7 -0.473956704767337 0.0011686870473557875
8.733333333333333 -0.46007592012153414 0.001161409207177777
8.766666666666667 -0.4296239819830173 0.0011387030351869276
8.8 -0.3833585618162527 0.0011161540773654832
8.833333333333334 -0.3208909768580336 0.0010900548743195126
8.866666666666667 -0.24717251194912404 0.0010444959534915699
8.9 -0.1679074038494236 0.000984451639170214
8.933333333333334 -0.08436537331995772 0.0009254782268721673
8.966666666666667 0.010362268150139037 0.0008708297926227192
9.0 0.09602647215374997 0.0009362137001605875
9.033333333333333 0.18319165812604782 0.0009967367534012006
9.066666666666666 0.2607794339918973 0.0010481744264979609
9.1 0.32778784393638616 0.0010894210631707257
9.133333333333333 0.3827088938327816 0.0011187814745731162
9.166666666666666 0.4239324482511894 0.001155269820914795
9.2 0.45045436957252794 0.0011612128815133294
9.233333333333333 0.4587074979022148 0.0011512005951702653
9.266666666666667 0.4534320558502725 0.0011455636144340198
9.3 0.43117657701030826 0.0011428093220853808
9.333333333333334 0.3947871147547566 0.00112002651377896
9.366666666666667 0.35311587174971315 0.001114969377910613
9.4 0.28602824287872747 0.0010774134105803745
9.433333333333334 0.20198266973245144 0.0010097100602083076
9.466666666666667 0.12037189559760665 0.0009493732058957621
9.5 0.03505211897422039 0.000886701156989099
9.533333333333333 -0.05853407125648444 0.0009085458382069242
9.566666666666666 -0.14637128437087207 0.0009689891675882523
9.6 -0.22790362014419344 0.0010217487782927248
9.633333333333333 -0.2984331818433988 0.0010690385501900823
9.666666666666666 -0.3656302839323864 0.0011030749626499414
9.7 -0.416923415319596 0.001130857704631727
9.733333333333333 -0.45386945607795004 0.0011451733621263283
9.766666666666667 -0.4710229030787937 0.0011584392437231084
9.8 -0.4738127425619942 0.0011531065514759908
9.833333333333334 -0.4588001973693916 0.0011494201864654663
9.866666666666667 -0.4265607053576848 0.0011351669520311969
9.9 -0.3762199638252634 0.0011186234069829881
9.933333333333334 -0.3168774395406447 0.0010883386935442996
9.966666666666667 -0.24378983167172755 0.001050869528142706
10.0 -0.16374764052568394 0.0009846166257527766
10.033333333333333 -0.08022346642742773 0.0009216076728459643
10.066666666666666 0.010521505865499232 0.0008700993514530429
10.1 0.10228915567947558 0.0009620957453122664
10.133333333333333 0.1835363145464437 0.0010113938225050356
10.166666666666666 0.2591591516312486 0.0010615407729218096
10.2 0.3252298816738046 0.0011038604348843628
10.233333333333333 0.380592273345552 0.0011212218308533362
10.266666666666667 0.4188344934433717 0.0011418461490778076
10.3 0.4464044001564306 0.001152882820181278
10.333333333333334 0.4541683669784923 0.0011549450954759233
10.366666666666667 0.44793319648880253 0.001158285669711434
10.4 0.4271443899982893 0.0011521281656871607
10.433333333333334 0.3919733976972878 0.0011492084852388618
10.466666666666667 0.3379063247796985 0.0011096167443788718
10.5 0.2725211686878622 0.0010567946368478798
10.533333333333333 0.19869226751264646 0.001019319836196797
10.566666666666666 0.11651503388124862 0.0009571484462060215
10.6 0.03028047166079496 0.0008865599673196535
10.633333333333333 -0.048997593120891886 0.0009061378491063143
10.666666666666666 -0.14362344576622257 0.0009761392805808511
10.7 -0.22548343494503967 0.0010314309961357848
10.733333333333333 -0.299746110829681 0.0010799071781296687
10.766666666666667 -0.3613736757456399 0.0011033580868196613
10.8 -0.4157950964961013 0.0011210783525751333
10.833333333333334 -0.44665755362160703 0.0011373309034372614
10.866666666666667 -0.4697593633506394 0.0011366450970712316
10.9 -0.47191906568290487 0.001138195916318696
10.933333333333334 -0.4547659821522735 0.0011392368889213689
10.966666666666667 -0.4209843579413578 0.0011367490858582019
11.0 -0.3779200215100099 0.0011098106641613814
11.033333333333333 -0.3185271416201525 0.0010819882984686169
11.066666666666666 -0.24919236547343593 0.0010380019949066122
11.1 -0.16609294560580887 0.0009848149852975385
11.133333333333333 -0.08094690579169807 0.0009253003904967083
11.166666666666666 0.008961466635627212 0.0008668578113234307
11.2 0.09283418876538116 0.0009315936735721786
11.233333333333333 0.1774069304601894 0.0009928365626336033
11.266666666666667 0.25100516429184805 0.0010373086149130795
11.3 0.3154344646763787 0.0010792010853186706
11.333333333333334 0.37667477613058425 0.0011168782023330825
11.366666666666667 0.41565974263772326 0.0011345011183565568
11.4 0.4387678936891762 0.001143593269641141
11.433333333333334 0.45033458026036227 0.001148337112933051
11.466666666666667 0.4441911136264318 0.0011457161650280656
11.5 0.4248132977304127 0.0011371967304270036
11.533333333333333 0.39217099347290624 0.0011303175996293935
11.566666666666666 0.33919570594915505 0.0010965463171520584
11.6 0.2721881457090885 0.0010577511241052773
11.633333333333333 0.20192702977692245 0.001020097322101815
11.666666666666666 0.11789642922336774 0.0009578569291743833
11.7 0.027673104662136502 0.000878508877557211
11.733333333333333 -0.058326355822120625 0.0009003223928202575
11.766666666666667 -0.1440127740404653 0.0009687477875147676
11.8 -0.22004614584235566 0.0010247329475069622
11.833333333333334 -0.27382106954242563 0.0010852021719760518
11.866666666666667 -0.35234493922573307 0.0011223037151038007
11.9 -0.40411040808528825 0.0011328498591056113
11.933333333333334 -0.45738870235198914 0.001142918891661182
11.966666666666667 -0.522627432539724 0.0011386129212461737
12.0 -0.6247433497065904 0.0010593582523368283
12.033333333333333 -0.68000191653736 0.001005204531537185
12.066666666666666 -0.6703848289459596 0.000988815982818525
12.1 -0.6581868355743219 0.0009641039092888049
12.133333333333333 -0.6171499788788306 0.0009703456745401295
12.166666666666666 -0.5933130883971796 0.0009614257918649782
12.2 -0.5858019063325793 0.0009346534396662554
12.233333333333333 -0.4994853629903331 0.0009759253884767949
12.266666666666667 -0.40997241612448293 0.0009775867225191859
12.3 -0.3646343745905211 0.0009792385288512895
12.333333333333334 -0.27922856705956417 0.0009712311733909851
12.366666666666667 -0.212145925125552 0.0009690494592340948
12.4 -0.18645368162092077 0.0009809355160131927
12.433333333333334 -0.13412804291158525 0.0009810951201092433
12.466666666666667 -0.06976798497948485 0.0009440447466783769
12.5 -0.04420786163322046 0.0009303846858229187
12.533333333333333 -0.056977601292317326 0.0009408795460336614
12.566666666666666 -0.07547172008371861 0.0009622202253528334
12.6 -0.059096909094193885 0.0009402653039819811
12.633333333333333 -0.07099104007134291 0.0009293844978761762
12.666666666666666 -0.030266389605085535 0.0009010283749407155
12.7 -0.0708273288341298 0.0008992380157944735
12.733333333333333 -0.09084006917841114 0.0009130994282673666
12.766666666666667 -0.1383107190913588 0.0009307103801954042
12.8 -0.19770967801705736 0.000959545294895725
12.833333333333334 -0.2698538678854327 0.0009863368319412702
12.866666666666667 -0.3422354039429503 0.0010076786927011305
12.9 -0.4264550382421881 0.0010246521738748737
12.933333333333334 -0.4621762842548717 0.001047390701016171
12.966666666666667 -0.5036588186015616 0.0010688219844163793
13.0 -0.5442334775933113 0.0010657920222536532
13.033333333333333 -0.5641521837003093 0.0010705498263233748
13.066666666666666 -0.5538825993272023 0.0010929697755370782
13.1 -0.5517286976431035 0.001101717213693676
13.133333333333333 -0.525051942469776 0.0011055514551081558
13.166666666666666 -0.4857701827169403 0.0011085410747103674
13.2 -0.4346851642562653 0.0010990582314938657
13.233333333333333 -0.35781226718655357 0.0010925929500966713
13.266666666666667 -0.27105139942783835 0.0010475427354539324
13.3 -0.16972668498867258 0.0009863165194121948
13.333333333333334 -0.07324370033454738 0.0009175963564334172
13.366666666666667 0.01996180933061702 0.000879631294931394
13.4 0.0993533068587801 0.0009333272429556949
13.433333333333334 0.18339926743749296 0.0009991764906651657
13.466666666666667 0.2532052835730405 0.0010417348763272494
13.5 0.3208094902622044 0.0010859058708727054
13.533333333333333 0.37578515475298435 0.001114219320750176
13.566666666666666 0.4135300575898346 0.0011368289455943037
13.6 0.43315315271045773 0.0011528576207630037
13.633333333333333 0.4413397205838357 0.0011539921972090195
13.666666666666666 0.4379850991637695 0.0011499713904435382
13.7 0.4145130246199634 0.0011363778621981124
13.733333333333333 0.3797272179473063 0.0011200865557373652
13.766666666666667 0.32591466063226915 0.0010884990555232177
13.8 0.2692078208536035 0.0010572159486777477
13.833333333333334 0.1969377407911735 0.0010110237425079438
13.866666666666667 0.11162841587146105 0.000948187297969208
13.9 0.023104213282473772 0.000879190723371271
13.933333333333334 -0.06069501345662466 0.0009092531614771637
13.966666666666667 -0.1435254103260652 0.0009764640172602868
14.0 -0.22596077724044739 0.0010330752308105318
14.033333333333333 -0.2935918016577617 0.001076723897187104
14.066666666666666 -0.3540007826655741 0.0011025842628927252
14.1 -0.4020467319989089 0.0011310831782213038
14.133333333333333 -0.43893556134981077 0.0011352187668895453
14.166666666666666 -0.45499199947712454 0.0011511566949290453
14.2 -0.45419398497542723 0.0011484837033622908
14.233333333333333 -0.440477552670969 0.001142508498323147
14.266666666666667 -0.41115444948231744 0.001121451986107913
14.3 -0.3624660410106608 0.0010972279768076687
14.333333333333334 -0.3007379146654145 0.0010693976347268541
14.366666666666667 -0.23273235049959473 0.0010273464453929015
14.4 -0.155838876045884 0.0009837262691288762
14.433333333333334 -0.0644152777184853 0.0009118842797085774
14.466666666666667 0.02366928884815039 0.0008820918257049018
14.5 0.10517309791703487 0.0009542362571217516
14.533333333333333 0.1827868310826895 0.001000424555248014
14.566666666666666 0.2521730643993068 0.0010547516035908644
14.6 0.3182747743425111 0.0010932189159924
14.633333333333333 0.37382671305687437 0.0011209089319247356
14.666666666666666 0.4094728162050344 0.001136900317611822
14.7 0.4335570720414074 0.0011435620380735867
14.733333333333333 0.44003467687867037 0.0011419245160033675
14.766666666666667 0.43051888576490366 0.0011357812490325747
14.8 0.41098767941970304 0.0011292628214373268
14.833333333333334 0.3727168499355239 0.0011149257309211458
14.866666666666667 0.3223649648216908 0.0010980905992558077
14.9 0.26083455039907 0.0010576583896099168
14.933333333333334 0.18638269604477462 0.001013860445749526
14.966666666666667 0.10646952161139671 0.0009468770520538877
15.0 0.01835584367054127 0.0008701210908731855
15.033333333333333 -0.06264532763692657 0.0009056153243287984
15.066666666666666 -0.1464213758982489 0.0009687380422369607
15.1 -0.22561744983688103 0.0010173455133052067
15.133333333333333 -0.29363015616033844 0.0010589924052085697
15.166666666666666 -0.35222313390337506 0.0010966819759691826
15.2 -0.4009816623148306 0.0011237516969644368
15.233333333333333 -0.4339688291738635 0.0011350341016316268
15.266666666666667 -0.4541330878798302 0.0011368629342046743
15.3 -0.4505797020267758 0.0011456187250518113
15.333333333333334 -0.4362229550019831 0.0011428405552291743
15.366666666666667 -0.39334633803859065 0.0011331777419431033
15.4 -0.34979859800660146 0.0011056561951975352
15.433333333333334 -0.2929196790951041 0.001069463020993755
15.466666666666667 -0.22335376980408905 0.0010284038667585926
15.5 -0.14540362941781462 0.0009738945252652231
15.533333333333333 -0.06288229730624137 0.0009091521492694404
15.566666666666666 0.01840568644688464 0.0008732747489520534
15.6 0.10386878237425061 0.0009415307352487884
15.633333333333333 0.1839933336793943 0.0010071885738233421
15.666666666666666 0.2555094184134213 0.001051492374796792
15.7 0.3168397049194278 0.0010795834401307047
15.733333333333333 0.3679164036497965 0.001109579202388633
15.766666666666667 0.4038761087901165 0.0011242799156762628
15.8 0.4274307581143196 0.0011358162964799634
15.833333333333334 0.437463077648477 0.0011400007577091475
15.866666666666667 0.42885540993489835 0.0011363806275468957
15.9 0.406162414115181 0.0011318056602979132
15.933333333333334 0.36745515164699555 0.001114200501313889
15.966666666666667 0.31523480607410076 0.001084643725238199
16.0 0.2509940343326045 0.0010500720914018435
16.033333333333335 0.1793647684353292 0.0009958546858119255
16.066666666666666 0.10018889708781051 0.0009395409630600371
16.1 0.017078013413888354 0.0008728162844586634
16.133333333333333 -0.060227394230818874 0.0009120171498133989
16.166666666666668 -0.14668940022019136 0.0009718161736501085
16.2 -0.22457801259910828 0.0010213864876616185
16.233333333333334 -0.2906729158722436 0.0010664820355558713
16.266666666666666 -0.34792806654209296 0.0011024764381241114
16.3 -0.4016584710337822 0.0011141498316964427
16.333333333333332 -0.43149945542578544 0.0011305810278126605
16.366666666666667 -0.45030760946694215 0.0011348212127942903
16.4 -0.44963725100677704 0.001131481779259813
16.433333333333334 -0.43128587801411483 0.0011329741078997535
16.466666666666665 -0.39725361571295503 0.001115775354639581
16.5 -0.3490821311292308 0.001098767190671146
16.533333333333335 -0.28929620934384703 0.0010635157373254933
16.566666666666666 -0.22311932903205403 0.0010185144185078931
16.6 -0.14546823708662393 0.0009673283448284331
16.633333333333333 -0.05903856485759802 0.0009038007972710232
16.666666666666668 0.02176317092123677 0.0008854173456661375
16.7 0.11261030661195885 0.0009596555405803064
16.733333333333334 0.19016583854269978 0.001008073686819655
16.766666666666666 0.2578932242657181 0.0010503655043115345
16.8 0.3221310249557811 0.0010886981274640384
16.833333333333332 0.3762552084088162 0.0011241754478525379
16.866666666666667 0.41347630194756835 0.0011421943333617124
16.9 0.42881714795543774 0.0011480820073705988
16.933333333333334 0.4295700874882471 0.0011373921994917713
16.966666666666665 0.42202502724377505 0.0011374316703647858
17.0 0.39739884451612195 0.0011182601574281636
17.033333333333335 0.35882598833263285 0.0011000737481631218
17.066666666666666 0.3083126548652616 0.001074182556971226
17.1 0.24559112078132492 0.0010377505024900813
17.133333333333333 0.1750874318840833 0.0009897816503705026
17.166666666666668 0.09449167920353199 0.0009284435110727823
17.2 0.01015868185493183 0.0008599213240732574
17.233333333333334 -0.07202133699267035 0.0009108380169062791
17.266666666666666 -0.14693475466553774 0.0009711159361835975
17.3 -0.22984952746062712 0.001042714317301241
17.333333333333332 -0.29699724095906066 0.001078717596231682
17.366666666666667 -0.35631863587894563 0.0011048422672303437
17.4 -0.4007164088132342 0.0011172936824228596
17.433333333333334 -0.4320869822203798 0.0011333378718504372
17.466666666666665 -0.44596775412267226 0.001131310255726159
17.5 -0.4440341001965827 0.0011375909255136873
17.533333333333335 -0.42741197506443324 0.0011282832895167516
17.566666666666666 -0.3937839595105407 0.0011116586131709183
17.6 -0.3478154138024748 0.0010904870390414656
17.633333333333333 -0.28758512294211863 0.0010561997347133256
17.666666666666668 -0.21457277835591285 0.001016389866269951
17.7 -0.13674375015613063 0.0009711165925830323
17.733333333333334 -0.053453704682396096 0.0009046515972886485
17.766666666666666 0.027775275829674526 0.0008822271901432512
17.8 0.1080084541059267 0.0009443550523916683
17.833333333333332 0.18584107211898318 0.0010044045814136815
17.866666666666667 0.2582914388200055 0.0010541356256077994
17.9 0.3184235426314111 0.0010874057733170073
17.933333333333334 0.3649602654625259 0.0011068505599918788
17.966666666666665 0.4064317031601222 0.001130784595582246
18.0 0.4273948746363402 0.0011388039301160058
18.033333333333335 0.43089266377630264 0.0011383032244866587
18.066666666666666 0.4225861119710462 0.0011362020450541022
18.1 0.39716723050596914 0.001121530642465507
18.133333333333333 0.35678598904023556 0.0011027686422630523
18.166666666666668 0.30995325094348647 0.0010875768442825118
18.2 0.2397016688713404 0.0010396499107941937
18.233333333333334 0.1718779966496506 0.0009985775169673583
18.266666666666666 0.0911470032166458 0.0009298831622513992
18.3 0.00723436017911612 0.0008622819993021769
18.333333333333332 -0.07239751984133319 0.000913098669620277
18.366666666666667 -0.1538292997364664 0.0009837258710825025
18.4 -0.23084512239110958 0.001031163747023639
18.433333333333334 -0.2978853704642586 0.0010650903562480218
18.466666666666665 -0.35272321359105807 0.0011040144752711978
18.5 -0.3991460785703872 0.001114419445973014
18.533333333333335 -0.42819091122601 0.001135154995551002
18.566666666666666 -0.44259999564379404 0.0011341274577559846
18.6 -0.44168083814983167 0.0011284309710007379
18.633333333333333 -0.4227222707563444 0.0011475908604333118
18.666666666666668 -0.38816318732125976 0.0011249235353371079
18.7 -0.3410408436581818 0.0011011138894107542
18.733333333333334 -0.2826927388069669 0.0010677630758227363
18.766666666666666 -0.21120165344070496 0.0010268790030943387
18.8 -0.13148819985096363 0.0009688469902084385
18.833333333333332 -0.048880212415189084 0.0008979789947368769
18.866666666666667 0.034686825377206305 0.000890486235472103
18.9 0.11061584861519198 0.0009428608809919636
18.933333333333334 0.18561943888155827 0.0009984405460080337
18.966666666666665 0.2571135419613039 0.0010390600700486696
19.0 0.3178017081879378 0.0010784181753257793
19.033333333333335 0.36596404154214185 0.0011084880065443392
19.066666666666666 0.3970280465240062 0.0011171105974122075
19.1 0.4136050178953043 0.0011237394752858232
19.133333333333333 0.42132499170917076 0.0011367093734014344
19.166666666666668 0.4116907077117295 0.0011315111320918114
19.2 0.38837817156301574 0.0011152800878655444
19.233333333333334 0.3530878187931641 0.0011036563782071962
19.266666666666666 0.2991202573076641 0.0010743058378183123
19.3 0.23751332115113694 0.0010393401624163578
19.333333333333332 0.16088348793817567 0.0009864485322869376
19.366666666666667 0.0841397666222348 0.0009255210000676667
19.4 0.003611464762728479 0.0008598769306186883
19.433333333333334 -0.07953990263605522 0.0009209356584594791
19.466666666666665 -0.1543641079134021 0.000983421161302539
19.5 -0.22972688689483464 0.0010325023339267936
19.533333333333335 -0.2981471469161472 0.0010715921436231235
19.566666666666666 -0.3552581464476098 0.0011041288972908903
19.6 -0.3911981036423417 0.0011229158552123475
19.633333333333333 -0.422246632591058 0.0011320264467923336
19.666666666666668 -0.43257925474996417 0.0011490223640990282
19.7 -0.43712364697640343 0.0011359509460746597
19.733333333333334 -0.4169654937366156 0.0011343395918954058
19.766666666666666 -0.3774922081238609 0.0011287330285532082
19.8 -0.3288348689166259 0.0010936643897657694
19.833333333333332 -0.26783260994243313 0.0010623220558093616
19.866666666666667 -0.2007387062186307 0.0010181220803764657
19.9 -0.12086526508842987 0.0009532191330946932
19.933333333333334 -0.041900928175703435 0.0008964875490016025
19.966666666666665 0.03843810054857115 0.0008877273298654384
20.0 0.11653916553340385 0.0009696295989818221
20.033333333333335 0.19245259212827792 0.0010159689034256736
20.066666666666666 0.2590642117858876 0.0010510473555032651
20.1 0.316869278274827 0.0010777758696559614
20.133333333333333 0.3632350298442279 0.0011032867342725128
20.166666666666668 0.39963233169607465 0.0011294426859858042
20.2 0.41374640865384155 0.0011326640357010587
20.233333333333334 0.4184705489225604 0.001137752579246698
20.266666666666666 0.40925044537719507 0.0011330409287751975
20.3 0.39362294228243694 0.001132635314409991
20.333333333333332 0.34422489192123584 0.001096319299501547
20.366666666666667 0.2899008406007836 0.0010654459682590822
20.4 0.22569229804201418 0.0010266747315421099
20.433333333333334 0.1557894671544938 0.0009780048286580079
20.466666666666665 0.07742853323609206 0.0009153999506325977
20.5 -0.004603919895773444 0.0008568759134388497
20.533333333333335 -0.08347338425654413 0.0009264019721545447
20.566666666666666 -0.16400734779678047 0.0009834006273536089
20.6 -0.23850088984824483 0.0010317962715473972
20.633333333333333 -0.3022668420676198 0.0010667062711515185
20.666666666666668 -0.35619146488703557 0.001112235022585062
20.7 -0.39762360135841995 0.001114411589349218
20.733333333333334 -0.42290636725140085 0.0011341502508591672
20.766666666666666 -0.43479761478126866 0.0011367188592642519
20.8 -0.42894586269399004 0.0011363248707605411
20.833333333333332 -0.40372890710286063 0.0011295873174922422
20.866666666666667 -0.3674282176435963 0.0011108778305300993
20.9 -0.32013061099405465 0.0010843342972318704
20.933333333333334 -0.2591729936312819 0.001045940181780003
20.966666666666665 -0.19230146854596245 0.0010021967820938449
21.0 -0.11717974497067053 0.0009501681913551691
21.033333333333335 -0.03779853697897843 0.0008900028653668277
21.066666666666666 0.04441501288117003 0.0008912887907786896
21.1 0.12241984099722347 0.0009645775228174919
21.133333333333333 0.20019147694420114 0.0010190085903027668
21.166666666666668 0.26357905773296414 0.0010671284289759941
21.2 0.32227071966274784 0.0010888517085786975
21.233333333333334 0.3651422788566841 0.0011095365416606828
21.266666666666666 0.3949654723896325 0.001122781406883544
21.3 0.41440853905263764 0.0011345267005594128
21.333333333333332 0.4157051643963858 0.0011355555862878064
21.366666666666667 0.4020597008640517 0.0011300621702283187
21.4 0.376282313232752 0.0011204403327449985
21.433333333333334 0.3352916973928139 0.0010944304620336132
21.466666666666665 0.28679019403460004 0.0010759672705398238
21.5 0.2206047529502075 0.0010259809450006707
21.533333333333335 0.1509585097715735 0.0009735740112552793
21.566666666666666 0.07092134364111637 0.0009084544857085874
21.6 -0.008116991059820444 0.0008663862656055465
21.633333333333333 -0.09185366397319103 0.0009322640277235617
21.666666666666668 -0.16762612000463867 0.0009929651840048792
21.7 -0.23854255627654922 0.001034038263443754
21.733333333333334 -0.3021320792464807 0.0010698570365135773
21.766666666666666 -0.35704187429032125 0.0011050807756025072
21.8 -0.3965453093122035 0.0011248414751890423
21.833333333333332 -0.41608753490097206 0.0011284779619321617
21.866666666666667 -0.42706484570408826 0.001138458949998089
21.9 -0.4239600338119486 0.0011341436460606813
21.933333333333334 -0.40693186358335764 0.001124636847122218
21.966666666666665 -0.36920581163568783 0.0011041020808625346
22.0 -0.32155062972297993 0.0010792598776425688
22.033333333333335 -0.25945169019462894 0.001038176629848675
22.066666666666666 -0.18969376355849896 0.0009955867974588695
22.1 -0.11205748405239797 0.00094634022437938
22.133333333333333 -0.03209545017987598 0.0008839350193895132
22.166666666666668 0.06258835667903617 0.0009240614893026022
22.2 0.12484081762710436 0.0009598887912933562
22.233333333333334 0.20025720738500724 0.0010127036387788946
22.266666666666666 0.2672370445339797 0.001056446366040853
22.3 0.318533791134164 0.0010845363302370847
22.333333333333332 0.3639385249916934 0.001104964112386142
22.366666666666667 0.3907950709658296 0.0011148976691717771
22.4 0.4071748850888716 0.0011279612588701582
22.433333333333334 0.4080720011137456 0.001132503713267452
22.466666666666665 0.3964433769674424 0.0011287359615368975
22.5 0.3695388858845621 0.0011085862586024953
22.533333333333335 0.34538830818321076 0.0011199771839255357
22.566666666666666 0.27890060098772834 0.001073598455739344
22.6 0.2160892347239394 0.0010276842344897896
22.633333333333333 0.13817093038212833 0.0009634308316619489
22.666666666666668 0.06108266682484063 0.0009075447452820823
22.7 -0.01959664534975831 0.0008706079213810745
22.733333333333334 -0.09595341491032122 0.0009333422146443199
22.766666666666666 -0.17109412262037313 0.0009905552871891654
22.8 -0.23862372309870383 0.0010347080250934504
22.833333333333332 -0.2991872397977166 0.001070932051425777
22.866666666666667 -0.3507121004798355 0.0010961881016353647
22.9 -0.395134875330542 0.001116254366093472
22.933333333333334 -0.42133101880458756 0.0011282259521970817
22.966666666666665 -0.4290542120633069 0.0011269887573208126
23.0 -0.4172464976805509 0.0011217881591392698
23.033333333333335 -0.3968359287350499 0.00111765453096202
23.066666666666666 -0.36088654343648463 0.0010956730912182189
23.1 -0.3105999582782222 0.0010697997738496334
23.133333333333333 -0.24904135023589244 0.0010390928831811863
23.166666666666668 -0.1812079660078033 0.0009961918076602516
23.2 -0.10434147584156883 0.0009388878656593075
23.233333333333334 -0.024973410352412 0.0008815352067071333
23.266666666666666 0.05485605194489914 0.0009025933531643104
23.3 0.14368015804148038 0.0009800522857389138
23.333333333333332 0.21153282507349958 0.0010233333343755424
23.366666666666667 0.27446345130339417 0.0010708154475229659
23.4 0.32094493603379576 0.0010844790099551749
23.433333333333334 0.3642685219661776 0.0011092860109183644
23.466666666666665 0.3910467243562928 0.0011233903087559116
23.5 0.40508677477107896 0.0011254461097017776
23.533333333333335 0.4080717943516707 0.0011404865232525485
23.566666666666666 0.3988736197148607 0.001135398287978595
23.6 0.3695966088245287 0.001121566695840126
23.633333333333333 0.3261840170274564 0.0010948178164189581
23.666666666666668 0.26969717262559995 0.0010604764515610987
23.7 0.20765853179795019 0.001018765079047912
23.733333333333334 0.13463294949529553 0.0009707190910315522
23.766666666666666 0.0561194864939825 0.0009069135236531856
23.8 -0.026512603338059954 0.000877428877841601
23.833333333333332 -0.1049817598069918 0.0009425832117270494
23.866666666666667 -0.17995184158932756 0.0009931192214066575
23.9 -0.24832978209626838 0.0010332304438895878
23.933333333333334 -0.305196602237522 0.0010700606146671898
23.966666666666665 -0.35375794422536966 0.0011030594490856749
24.0 -0.3954154245872906 0.0011132813087112448
24.033333333333335 -0.4170980424579434 0.001120617605784302
24.066666666666666 -0.4256401817803193 0.0011269452020823967
24.1 -0.4169838901791778 0.0011325837286083051
24.133333333333333 -0.3939187690945474 0.0011179717958884616
24.166666666666668 -0.35252146156430614 0.0011032837280700036
24.2 -0.3032682293416894 0.0010757249472815311
24.233333333333334 -0.24316331704816796 0.0010325446174144215
24.266666666666666 -0.1681657678254584 0.0009953179970396409
24.3 -0.09411492261864106 0.0009317477238540844
24.333333333333332 -0.006755175871796269 0.0008695732546400567
24.366666666666667 0.06792283202845932 0.0009149098229754155
24.4 0.1398688607161076 0.0009674742047146578
24.433333333333334 0.2122461291183023 0.0010314395721072178
24.466666666666665 0.2707988926918836 0.0010557468870930897
24.5 0.324883730341491 0.0010832341519387279
24.533333333333335 0.36376816274273244 0.001107174396693389
24.566666666666666 0.39513099620801695 0.001130724806635508
24.6 0.40523593185089374 0.0011383448500730808
24.633333333333333 0.40293680506435725 0.0011337167383403401
24.666666666666668 0.3871633490977802 0.0011348585960530566
24.7 0.35452103487909015 0.0011115044301959753
24.733333333333334 0.31255641673584156 0.0010791496973013848
24.766666666666666 0.25964976808909784 0.0010462709691516081
24.8 0.19583000395365702 0.0010070506799216283
24.833333333333332 0.12269900231041214 0.0009541081176380195
24.866666666666667 0.04971057655979793 0.0008986408078742805
24.9 -0.03145305246265939 0.0008829461559122787
24.933333333333334 -0.10347863722077072 0.0009440502396963063
24.966666666666665 -0.1734669684741252 0.0009997073759416553
25.0 -0.2520335998809306 0.001035671279649708
25.033333333333335 -0.30854268780000405 0.0010709567678764964
25.066666666666666 -0.3590060911715706 0.0010985503243470252
25.1 -0.39432946385083106 0.0011170513275555183
25.133333333333333 -0.4134260850734632 0.00113709213755947
25.166666666666668 -0.41887295132966906 0.001133475456794597
25.2 -0.4103543196596973 0.0011336701684042105
25.233333333333334 -0.38718745649119385 0.001116311210989207
25.266666666666666 -0.34931805392982296 0.001099848048476182
25.3 -0.297687556135464 0.0010743161100697507
25.333333333333332 -0.23610303025538154 0.0010327460556582846
25.366666666666667 -0.16457008456654285 0.0009858621789637922
25.4 -0.08839324042254498 0.0009220347169236753
25.433333333333334 -0.011895400552979794 0.0008648325317052747
25.466666666666665 0.0689814169468867 0.000912447256160534
25.5 0.14509450414122296 0.0009712270719356431
25.533333333333335 0.21417459195872046 0.001021547973350162
25.566666666666666 0.2798092690023777 0.0010639440019983293
25.6 0.3333517578665322 0.001093093589787597
25.633333333333333 0.36784814050617337 0.0011249745464603778
25.666666666666668 0.38998781775633146 0.0011208599601891245
25.7 0.3994746217096789 0.0011230033331658396
25.733333333333334 0.39872930844925647 0.0011320913887744588
25.766666666666666 0.38110257662015806 0.0011232147887318966
25.8 0.3497191977851491 0.0010982700366520826
25.833333333333332 0.3059346693228237 0.0010766867682006631
25.866666666666667 0.25284798219956384 0.001043482177349564
25.9 0.18928058078870713 0.0010008069303173162
25.933333333333334 0.11604099655787657 0.0009489735969605562
25.966666666666665 0.03740904966585587 0.0008886508947225438
26.0 -0.04121043681336533 0.0008860278467925572
26.033333333333335 -0.12050477093281928 0.0009524786127887569
26.066666666666666 -0.19050554862998328 0.000995433430870496
26.1 -0.2585473187679027 0.0010386258820865302
26.133333333333333 -0.3097422393306717 0.0010726639638284907
26.166666666666668 -0.35565166524746844 0.001097365171082998
26.2 -0.39224239012557494 0.001112995271700834
26.233333333333334 -0.408674517007762 0.0011287843715968582
26.266666666666666 -0.4045555462347419 0.0011435536888766973
26.3 -0.39364011668313464 0.0011375307149222302
26.333333333333332 -0.3748684112849258 0.0011129182233741708
26.366666666666667 -0.33825777780343047 0.0010935062709472865
26.4 -0.28675871616286247 0.001061923311364732
26.433333333333334 -0.21992470277634377 0.0010276620901465694
26.466666666666665 -0.15432473098506294 0.0009773384375708627
26.5 -0.07815159473853268 0.0009202722631777849
26.533333333333335 -0.003320123801023458 0.0008568012823455418
26.566666666666666 0.07725351891615895 0.0009248049162457195
26.6 0.1508164247805011 0.0009742171246926445
26.633333333333333 0.21893407747595853 0.0010295547346867995
26.666666666666668 0.28310154849682395 0.0010677196480796125
26.7 0.32661075160891856 0.0010965797138227096
26.733333333333334 0.36317130208309023 0.001108477564343513
26.766666666666666 0.3871546375756863 0.0011232828276942497
26.8 0.39574222703611994 0.0011291400347739344
26.833333333333332 0.4028133150569935 0.0011373384934770248
26.866666666666667 0.38925790346046885 0.0011370154024200607
26.9 0.3446924762185011 0.0011067392044525892
26.933333333333334 0.3012312398534481 0.001076963937851283
26.966666666666665 0.24474667937193792 0.00104026086557088
27.0 0.17751119719245836 0.0009939805402625346
27.033333333333335 0.10551433744110995 0.0009472831502872203
27.066666666666666 0.03063583624177563 0.0008810794078429017
27.1 -0.04677522478491745 0.000892348740946472
27.133333333333333 -0.12425321746693609 0.0009537153429332174
27.166666666666668 -0.19776626126049343 0.0010154778874548465
27.2 -0.26037804269653303 0.0010599867579625388
27.233333333333334 -0.31630889317850625 0.001088442239805587
27.266666666666666 -0.36198515731522285 0.0011088432775857582
27.3 -0.3939471005352791 0.0011264073274441233
27.333333333333332 -0.4111991103028093 0.0011197281830481187
27.366666666666667 -0.4104714671065214 0.001121933300544553
27.4 -0.39936485795580806 0.0011129894208775082
27.433333333333334 -0.3741960754630188 0.0011023201093725565
27.466666666666665 -0.3317840567340575 0.001086794031490701
27.5 -0.2802455993207265 0.0010606800489802448
27.533333333333335 -0.21471422475573793 0.0010234556321611632
27.566666666666666 -0.14762504929358541 0.0009720752494930818
27.6 -0.07201316312950858 0.0009181660087263788
27.633333333333333 0.006101972475737311 0.0008669772813168801
27.666666666666668 0.08423514624453524 0.0009251097363353056
27.7 0.156741806550717 0.0009882339860627642
27.733333333333334 0.224702753165904 0.001029253576346617
27.766666666666666 0.2854865682879835 0.0010665774514258541
27.8 0.33290374650797017 0.0010995822262588884
27.833333333333332 0.36771235097260463 0.001127774848486418
27.866666666666667 0.3966148082067037 0.0011341388848466472
27.9 0.3989515911104502 0.0011285594404401023
27.933333333333334 0.3898608050466576 0.001123407459550807
27.966666666666665 0.37115565157142855 0.0011173220097070446
28.0 0.33883535912580737 0.0011103232740019564
28.033333333333335 0.29171779101899076 0.0010841541886100758
28.066666666666666 0.2375272758614356 0.001048691405801605
28.1 0.1699140910930957 0.0009920489110353259
28.133333333333333 0.09729986648337803 0.0009332269391779946
28.166666666666668 0.02108680233400908 0.0008745759553522026
28.2 -0.055160010261297375 0.0008989537343952192
28.233333333333334 -0.12912245381902965 0.000957481769264884
28.266666666666666 -0.20036640807551562 0.0010066363932927647
28.3 -0.26551474868006847 0.0010429581586902104
28.333333333333332 -0.31795783834204766 0.0010872445170059808
28.366666666666667 -0.3619053495380696 0.0011022676664153574
28.4 -0.3940909981581674 0.0011212504737822537
28.433333333333334 -0.4090314383489124 0.0011143589191025538
28.466666666666665 -0.4057419164015572 0.0011183170696352218
28.5 -0.390555490390188 0.0011174674283009889
28.533333333333335 -0.3678324575720423 0.0010976925004605453
28.566666666666666 -0.32576520902994804 0.0010758843445029531
28.6 -0.2714481978354995 0.0010444409876652072
28.633333333333333 -0.20929748577251814 0.001012049518278435
28.666666666666668 -0.13590953840808598 0.0009623456764482341
28.7 -0.06048857115273402 0.0009038230605862424
28.733333333333334 0.013554449592035573 0.0008761540926374677
28.766666666666666 0.08867461737989439 0.0009372593041931804
28.8 0.16019177749827748 0.0009809726206691238
28.833333333333332 0.22711105751761346 0.001030944010843693
28.866666666666667 0.2833845471997449 0.001064292520422394
28.9 0.3276039250002059 0.001092731967688998
28.933333333333334 0.3699207432485943 0.0011210669964840103
28.966666666666665 0.3908177288818638 0.001131981480729849
29.0 0.3923185320065901 0.0011276151150795832
29.033333333333335 0.38104181829988276 0.0011171434796282131
29.066666666666666 0.36115030939887854 0.0011171083094743128
29.1 0.32433373204745547 0.0010812484261342181
29.133333333333333 0.28739052280865707 0.0010721158713069556
29.166666666666668 0.23251212518628442 0.0010414400885805086
29.2 0.1674697494008805 0.0009938478738115986
29.233333333333334 0.08755798358381997 0.0009239192321609108
29.266666666666666 0.011582510548882761 0.0008596305158735679
29.3 -0.06469339934430327 0.000905593908334848
29.333333333333332 -0.13665965165213834 0.0009608087864051151
29.366666666666667 -0.20698545070011892 0.0010216052198107617
29.4 -0.2689439869435284 0.0010576894451059249
29.433333333333334 -0.3225159406117575 0.0010795242516515313
29.466666666666665 -0.3580376676734133 0.0011022674274270283
29.5 -0.38699512093213523 0.0011198614557059172
29.533333333333335 -0.4026721974597737 0.0011181046815594842
29.566666666666666 -0.40199461012302107 0.0011220909917044608
29.6 -0.38733819751607684 0.0011169777393070235
29.633333333333333 -0.3569698869345437 0.0010944933626494402
29.666666666666668 -0.3119199849884608 0.001077473455225464
29.7 -0.25572618100502187 0.0010469576143282144
29.733333333333334 -0.195313648799691 0.0010055397860240234
29.766666666666666 -0.12504254081023902 0.0009530894198195861
29.8 -0.05332798660700244 0.0008961162060614203
29.833333333333332 0.02154946269517635 0.0008765982212684334
29.866666666666667 0.10227670157605803 0.0009414307526131593
29.9 0.18084429519020717 0.0010044873277620658
29.933333333333334 0.24939345700864057 0.0010532522220994545
29.966666666666665 0.2906700078549405 0.001066398647138922
30.0 0.33208717105341706 0.001087562563615474
30.033333333333335 0.3652250617114029 0.0011014566371939094
30.066666666666666 0.3864547832302001 0.0011214077853176074
30.1 0.3891017713706673 0.0011209973759052083
30.133333333333333 0.38164417741285406 0.0011203220625737864
30.166666666666668 0.3584144277305345 0.0011086555164846468
30.2 0.32633538334215517 0.0010904049691941031
30.233333333333334 0.27960839616880223 0.0010653321616964084
30.266666666666666 0.21836877182040884 0.001019353031258885
30.3 0.14889961067371202 0.0009743558848112621
30.333333333333332 0.07917217048632715 0.0009178771915089173
30.366666666666667 0.008954235860870435 0.0008662983983384002
30.4 -0.0667036522664427 0.000913353568461478
30.433333333333334 -0.14833650248621855 0.0009673130467823532
30.466666666666665 -0.21784219854891887 0.0010157332815202424
30.5 -0.27560257120900633 0.0010550210474432054
30.533333333333335 -0.3241537150111447 0.0010952493681753994
30.566666666666666 -0.3611558461621852 0.0011067350569146095
30.6 -0.3895043914017983 0.001120078867755836
30.633333333333333 -0.40375728757792795 0.001121195339435943
30.666666666666668 -0.3993122564346398 0.0011276323616001283
30.7 -0.3804810197004397 0.0011164556994958108
30.733333333333334 -0.345483866887807 0.0011106197861966427
30.766666666666666 -0.3019554808675514 0.0010882890851789395
30.8 -0.25175158236644846 0.0010506330226183747
30.833333333333332 -0.18922408691340845 0.000998998028538589
30.866666666666667 -0.11774852931371926 0.00095169245968664
30.9 -0.042460853042989695 0.0008941827814788472
30.933333333333334 0.03407706511132693 0.000889080534806172
30.966666666666665 0.11210519912323462 0.0009476625575127046
31.0 0.17580610105933372 0.0009914366073859038
31.033333333333335 0.23769779593736284 0.0010298220455277618
31.066666666666666 0.29392724411422744 0.0010649268727663252
31.1 0.33366464704598775 0.001086393855557699
31.133333333333333 0.36368526557410646 0.0011090506372776754
31.166666666666668 0.3814556830020805 0.0011236297168505383
31.2 0.3887009268114318 0.0011250095184975883
31.233333333333334 0.3735351232207277 0.0011247236936999805
31.266666666666666 0.3499212080564035 0.0011095974747526993
31.3 0.31174681422943096 0.0010854461402006188
31.333333333333332 0.2620396306427385 0.001052514626407819
31.366666666666667 0.19993248315540504 0.001011628013003807
31.4 0.13198368686022863 0.0009585340200726211
31.433333333333334 0.06244522588277399 0.0009060235003214914
31.466666666666665 -0.00872878616398392 0.0008623171891747987
31.5 -0.08063599378792186 0.000919912310723997
31.533333333333335 -0.15478723739327954 0.0009704815533271849
31.566666666666666 -0.21862016767661024 0.0010184637312966593
31.6 -0.27930019346954493 0.0010696834307478142
31.633333333333333 -0.3280611405086144 0.0010892715314372858
31.666666666666668 -0.3656977709705787 0.001107250705483509
31.7 -0.3881047261698629 0.0011279280262735392
31.733333333333334 -0.3997953262493728 0.001117218854473634
31.766666666666666 -0.3961772570739342 0.0011124422189735528
31.8 -0.37682206499741777 0.0011033887649974372
31.833333333333332 -0.34332665476315 0.0010901409525113648
31.866666666666667 -0.2984060414416702 0.0010654014816880997
31.9 -0.23937399990042268 0.0010330982496231655
31.933333333333334 -0.17853395017098483 0.000993264156292667
31.966666666666665 -0.10798953692379813 0.0009364855132940192
32.0 -0.03332390813260149 0.0008799059057448683
32.03333333333333 0.04352097662729608 0.0008891769377050232
32.06666666666667 0.1166316641762235 0.000949437153011351
32.1 0.1836161756258464 0.0009946793420984867
32.13333333333333 0.24228880789985863 0.0010303273574821803
32.166666666666664 0.2929815519289387 0.001063696205460929
32.2 0.33287369122852684 0.0010851096443191821
32.233333333333334 0.3707035842878226 0.0011098531757128827
32.266666666666666 0.3820418415886988 0.0011142777431167872
32.3 0.3772188201989979 0.0011159339514500988
32.333333333333336 0.36614510448235926 0.0011089179383030334
32.36666666666667 0.3428054240232858 0.0011030460907879291
32.4 0.3038626339737011 0.0010769809068239544
32.43333333333333 0.2555129916264413 0.0010508505277528335
32.46666666666667 0.1988168565853806 0.0010071265592827283
32.5 0.1341509437424491 0.0009636351721729886
32.53333333333333 0.0561186301636056 0.000898578519968371
32.56666666666667 -0.016340227636469796 0.0008704249480068794
32.6 -0.08926236545246587 0.0009284221675460447
32.63333333333333 -0.1633585137340546 0.000976462902994385
32.666666666666664 -0.23086199408810337 0.0010221248984875753
32.7 -0.28596773343921567 0.0010552992579292986
32.733333333333334 -0.3315969910499109 0.00108378158508321
32.766666666666666 -0.36850358021017776 0.001105393949354272
32.8 -0.3889443606318607 0.001111405983968805
32.833333333333336 -0.3967612595960941 0.0011164159813844
32.86666666666667 -0.38950129667968486 0.0011149748083744138
32.9 -0.36876327484892213 0.0011011527589866454
32.93333333333333 -0.331563503422668 0.0010866913267859601
32.96666666666667 -0.2865253145409054 0.0010590017095423732
33.0 -0.2308218800112013 0.0010248388943448483
33.03333333333333 -0.16343816047431642 0.0009824540229206036
33.06666666666667 -0.09619773407645667 0.0009302485787738568
33.1 -0.02045717886395405 0.0008774223514471102
33.13333333333333 0.05284831388323979 0.0009083341443315018
33.166666666666664 0.12589054401733388 0.0009600121294934261
33.2 0.19456203798373728 0.0010064506436035792
33.233333333333334 0.2529996086008348 0.00104564476324559
33.266666666666666 0.3124549780536582 0.0010868943631181516
33.3 0.3402622494197651 0.0011131675633274662
33.333333333333336 0.3663923604143282 0.0011158961210671614
33.36666666666667 0.37444547439621056 0.0011098727692384625
33.4 0.37352119074377155 0.0011171701106338916
33.43333333333333 0.3668519203513747 0.0011132919905583183
33.46666666666667 0.333561964610969 0.001095794864828803
33.5 0.29636086105006254 0.0010688308206372454
33.53333333333333 0.24524839602313775 0.0010384371247967594
33.56666666666667 0.18680991783434128 0.0009986616613489874
33.6 0.11819614636493217 0.0009451657331712437
33.63333333333333 0.04494598641556261 0.0008894737613415957
33.666666666666664 -0.027638382846968308 0.0008740178169768104
33.7 -0.09873606608360173 0.0009378473529410014
33.733333333333334 -0.17101696849975573 0.0009856738614799632
33.766666666666666 -0.22939846865738686 0.001030453816025012
33.8 -0.2900011312910082 0.0010575615059926768
33.833333333333336 -0.3357428827033081 0.0010836238317770142
33.86666666666667 -0.36813728995186157 0.0011039714387315325
33.9 -0.3889075316248444 0.0011166320874861912
33.93333333333333 -0.3948419349016275 0.0011172983558636607
33.96666666666667 -0.386992499509886 0.0011172921880804876
34.0 -0.36399688075519177 0.0011064027305768276
34.03333333333333 -0.32760710796086306 0.0010817393406422626
34.06666666666667 -0.2786226497680855 0.0010617924846125226
34.1 -0.2218383014642669 0.0010398080787275832
34.13333333333333 -0.15189224008826924 0.000981163448956962
34.166666666666664 -0.08373014489006092 0.0009323100250697436
34.2 -0.009549029283656345 0.0008673504626876861
34.233333333333334 0.06331890824183446 0.0009201132161066328
34.266666666666666 0.13382745517677108 0.0009688476455281814
34.3 0.19959443783985228 0.0010098669406333471
34.333333333333336 0.25331841183306114 0.0010401978485335417
34.36666666666667 0.3009973552614029 0.0010658286831146668
34.4 0.3366073561516244 0.0010906338707659113
34.43333333333333 0.36064703384605507 0.0011036681693962769
34.46666666666667 0.374921005545595 0.0011144043764758083
34.5 0.3726331802813822 0.0011096208783524797
34.53333333333333 0.3552431459281566 0.0011035231793221079
34.56666666666667 0.3276596189485773 0.001085966274136707
34.6 0.28547804826717493 0.0010589308882609783
34.63333333333333 0.23406438077194458 0.0010282437611556783
34.666666666666664 0.17231281568905787 0.0009863798896153353
34.7 0.10637529768160688 0.0009450679647018956
34.733333333333334 0.0325868806961852 0.0008817444873579008
34.766666666666666 -0.03470624123929608 0.0008871665533677561
34.8 -0.11067514499602865 0.0009423085382295887
34.833333333333336 -0.17409370456919845 0.0009967878763408045
34.86666666666667 -0.2352941078831646 0.0010323184123721685
34.9 -0.2911850578374052 0.00106362478837696
34.93333333333333 -0.3370323447814138 0.001084517440552546
34.96666666666667 -0.36790170205292805 0.0011069144470412517
35.0 -0.3876864208661806 0.0011070795516507914
35.03333333333333 -0.3910997689498577 0.0011064878283976176
35.06666666666667 -0.37870109830811965 0.0011098451427384304
35.1 -0.35606169576998764 0.0010917833952179823
35.13333333333333 -0.31966897419657203 0.0010735868166855678
35.166666666666664 -0.27183966999153797 0.001047182994608875
35.2 -0.21254548976214807 0.0010123334583576893
35.233333333333334 -0.13779732904193803 0.000971678521862307
35.266666666666666 -0.07310217098765726 0.0009148063452485561
35.3 -0.0011234833690335357 0.000862096905739611
35.333333333333336 0.06930013810295095 0.0009134795911584226
35.36666666666667 0.14229288814636248 0.0009675829430014493
35.4 0.20635734686811977 0.0010112948796714427
35.43333333333333 0.2593793223900966 0.0010459265793985595
35.46666666666667 0.3065353503764247 0.001072039870773256
35.5 0.34500223458893536 0.001097407689411134
35.53333333333333 0.36013981686010793 0.0011029196992578538
35.56666666666667 0.37301374632406503 0.0011122710387230783
35.6 0.3673869419087062 0.0011058278890586082
35.63333333333333 0.3489965844978913 0.0010989609818842228
35.666666666666664 0.3185474769267708 0.0010896789175189325
35.7 0.2789372736784015 0.0010625710632363172
35.733333333333334 0.23256017952062646 0.001038482289576148
35.766666666666666 0.16898989616802765 0.0009927306533999702
35.8 0.10141903209516019 0.0009453655097461655
35.833333333333336 0.00597253615780683 0.0008678064532644629
35.86666666666667 -0.08289589463700793 0.0009212206691028568
35.9 -0.13585425692051245 0.0009664863894314202
35.93333333333333 -0.19489235717686024 0.0009991177564933895
35.96666666666667 -0.23687188848753227 0.0010423439843177118
36.0 -0.2907886007421648 0.0010706142264486629
36.03333333333333 -0.347499162369006 0.001090803629272552
36.06666666666667 -0.41527094951807336 0.0010921101274164458
36.1 -0.4411484386888201 0.0010953892701923706
36.13333333333333 -0.5016079035105553 0.0010784427000501973
36.166666666666664 -0.5303452231137716 0.0010614316088665143
36.2 -0.5459565089259021 0.0010300879846441013
36.233333333333334 -0.5297995802692753 0.0010211486869661224
36.266666666666666 -0.4990145910505308 0.0010122371043119749
36.3 -0.4477108582816582 0.001019246217967562
36.333333333333336 -0.37475197822792167 0.000999845652653819
36.36666666666667 -0.3365989311669121 0.0009968479307145839
36.4 -0.22407490284646606 0.0009752711316480811
36.43333333333333 -0.09939674139707277 0.000917488307758646
36.46666666666667 -0.00950888803092245 0.0008745108790361462
36.5 0.08557770848543497 0.000945902865861048
36.53333333333333 0.11610319596630675 0.000965342625311949
36.56666666666667 0.1253961639168433 0.0009843651191436265
36.6 0.10454085224559681 0.0009730365478215763
36.63333333333333 0.050541877783788124 0.00092871390067812
36.666666666666664 0.05171887451720151 0.0009297152345904697
36.7 0.03280006029933075 0.0009155973090551883
36.733333333333334 -0.02482078948197304 0.0008864092557703401
36.766666666666666 -0.04310618501382463 0.0008929540234033292
36.8 -0.03224312482636008 0.0008883298586082056
36.833333333333336 -0.11600369274756517 0.0009267863462728565
36.86666666666667 -0.2585838972321866 0.000978936492203264
36.9 -0.34228319442816585 0.0009740418579815002
36.93333333333333 -0.38325322922232874 0.0009749584366472996
36.96666666666667 -0.4396299739477785 0.0009845242432739432
37.0 -0.45850526775511224 0.0010035527653170506
37.03333333333333 -0.5085956789600063 0.000978906367835819
37.06666666666667 -0.5299378671336462 0.0010025872937430291
37.1 -0.595220476795611 0.0009779207725318928
37.13333333333333 -0.582582097422571 0.0010320251660612678
37.166666666666664 -0.610462195651585 0.0010350581702552875
37.2 -0.6148640861098992 0.0010167384376700284
37.233333333333334 -0.5575759228761351 0.00105992601617233
37.266666666666666 -0.5194953561508936 0.0010793142415181922
37.3 -0.46348649115592605 0.001081012860087105
37.333333333333336 -0.4486835792576025 0.0010533599938726268
37.36666666666667 -0.3755534805215238 0.0010478044380878848
37.4 -0.42926447623495223 0.0010153749197252537
37.43333333333333 -0.36727182888459015 0.0010037489423140311
37.46666666666667 -0.36586696349574016 0.0009869186768802773
37.5 -0.30587659900543807 0.0009825107825018886
37.53333333333333 -0.2050896676721577 0.0009600262555853611
37.56666666666667 -0.10400994111151252 0.0009241782799757486
37.6 -0.003863410335828097 0.0008594182663101495
37.63333333333333 0.10912823161731693 0.0009596698924356079
37.666666666666664 0.19599587330373935 0.0010268613319013575
37.7 0.27710693633187256 0.0010833733684318392
37.733333333333334 0.3444137454957311 0.0011095304828589447
37.766666666666666 0.37245373004009785 0.0011290702867528535
37.8 0.3562220630203586 0.0011124731373340357
37.833333333333336 0.34607303947889156 0.0011076523426316043
37.86666666666667 0.31489965065452996 0.001088122116674195
37.9 0.2668602430191897 0.0010633417440900628
37.93333333333333 0.2112809700681155 0.0010222781514628576
37.96666666666667 0.14656586262272736 0.0009778238691656171
38.0 0.07253427295909698 0.0009147974754886851
38.03333333333333 0.0037655565091312976 0.0008572271225051028
38.06666666666667 -0.06829723993643844 0.0009110165480917254
38.1 -0.13384534299049686 0.0009633801414190568
38.13333333333333 -0.1976329348869853 0.0010129769056692883
38.166666666666664 -0.25634450455563274 0.0010469118274062938
38.2 -0.30335970026666886 0.001074903453608167
38.233333333333334 -0.3444135955423164 0.0010923299285724997
38.266666666666666 -0.368796771849782 0.0011012581750315387
38.3 -0.3726845549806415 0.0011213792377748333
38.333333333333336 -0.3775180797299836 0.001111924455487412
38.36666666666667 -0.3607861302399415 0.001103043073715615
38.4 -0.3202491038306491 0.0010956930419248612
38.43333333333333 -0.2834547012699404 0.0010685509842950913
38.46666666666667 -0.23793056286924458 0.001040273308416384
38.5 -0.18073987444010084 0.0009965919981481108
38.53333333333333 -0.11186118848159314 0.0009475521425273553
38.56666666666667 -0.041924860317841345 0.000894341108538893
38.6 0.02540607121945206 0.0008765330195193086
38.63333333333333 0.09570719106187298 0.0009332529574230808
38.666666666666664 0.16150314798084794 0.0009801035566538163
38.7 0.22609762660214078 0.0010297360392644561
38.733333333333334 0.27729224598847846 0.0010603964837619384
38.766666666666666 0.31427902351850195 0.0010799873040198138
38.8 0.3397842869833242 0.0010966960161422623
38.833333333333336 0.35995029558133285 0.0011170165166108914
38.86666666666667 0.35884099354053267 0.0011075421890099357
38.9 0.3498205524184157 0.0011046476362199242
38.93333333333333 0.3257049505230532 0.0010914686630504877
38.96666666666667 0.29322154463078526 0.001070736061438371
39.0 0.24358558649051326 0.0010416610844949103
39.03333333333333 0.19149820825183123 0.0010037025898349539
39.06666666666667 0.1344295112188852 0.0009730258818792525
39.1 0.060878106953451194 0.0009112655701755262
39.13333333333333 -0.00981094269243033 0.000869153682050483
39.166666666666664 -0.07948827056283746 0.0009186160141605032
39.2 -0.1480272713531381 0.0009705043467409524
39.233333333333334 -0.2061484731604693 0.0010179746618133867
39.266666666666666 -0.2536953411073166 0.0010599359824380872
39.3 -0.3000013524869951 0.0010847086438833808
39.333333333333336 -0.3555875402368682 0.0010934305785092469
39.36666666666667 -0.3700474567957806 0.0011051468262829878
39.4 -0.38089369683858487 0.001104240014430824
39.43333333333333 -0.36719882109568175 0.0011124052522051286
39.46666666666667 -0.3382052734558036 0.0011111141837841787
39.5 -0.31505650698577903 0.001085221931184377
39.53333333333333 -0.28057697341306825 0.001058690380260796
39.56666666666667 -0.2250938027852546 0.0010320967110638846
39.6 -0.16788235644360192 0.000989243167056314
39.63333333333333 -0.09645364357070216 0.0009465391342403234
39.666666666666664 -0.044538808384969104 0.0008974802701808005
39.7 0.0386756277024379 0.0009020953160646106
39.733333333333334 0.1165114806771076 0.000956830651954399
39.766666666666666 0.17871397660551055 0.0010092092353706505
39.8 0.2520536834551763 0.0010576196236566915
39.833333333333336 0.2855134738124201 0.0010709085039411481
39.86666666666667 0.32174762737166285 0.001091819283801032
39.9 0.3635540183083806 0.0011225923871185373
39.93333333333333 0.36890947541230357 0.0011168278722197278
39.96666666666667 0.38550068378508373 0.0011376463277060211
40.0 0.35137691429188156 0.001099540974566715
40.03333333333333 0.31925038692113217 0.0010958421175220057
40.06666666666667 0.2813864279474806 0.0010743873403238902
40.1 0.20804741935992596 0.00102611770553801
40.13333333333333 0.16167103404722752 0.0009917994091576121
40.166666666666664 0.1133281275121005 0.0009492925753536718
40.2 0.05811060284614665 0.0009071517629253636
40.233333333333334 -0.006174239622035152 0.0008755295569126374
40.266666666666666 -0.05905743021309903 0.0009302704406471823
40.3 -0.1457419825148696 0.000978042660390338
40.333333333333336 -0.2232639613972971 0.001032282714231364
40.36666666666667 -0.2623649090162736 0.0010935893536007657
40.4 -0.33127327848746096 0.0011010293451254038
40.43333333333333 -0.3734818340660149 0.001106780217691894
40.46666666666667 -0.3909038258240095 0.0011215652898705075
40.5 -0.40366849142676264 0.0011203986197138027
40.53333333333333 -0.3789775491605103 0.0011355333312923488
40.56666666666667 -0.3880033549754482 0.0010991985760885892
40.6 -0.35897709904266834 0.0010887184163398955
40.63333333333333 -0.29199590100517525 0.0010703858513282372
40.666666666666664 -0.25403238184284804 0.0010370809499253841
40.7 -0.19108951593853687 0.0009874717447634629
40.733333333333334 -0.1045676445105053 0.0009381103673797297
40.766666666666666 -0.02639451644345555 0.0008835062923038713
40.8 0.07099602246972378 0.0009597738527615252
40.833333333333336 0.06773756866312042 0.0009379117203435344
40.86666666666667 0.11865187254540503 0.000960879914369106
40.9 0.10746043139637915 0.0009615290525778475
40.93333333333333 0.12549108027481495 0.000983169159088304
40.96666666666667 0.1274457401647598 0.000978098025001456
41.0 0.14451652865262948 0.0009956266511761125
41.03333333333333 0.14630182264137728 0.0010047854814991264
41.06666666666667 0.13114620624449477 0.000986247538836138
41.1 0.08474720847141341 0.0009499377673684722
41.13333333333333 0.07738994324866272 0.0009446419565661973
41.166666666666664 0.06254438235416052 0.0009306112623049811
41.2 0.012378359036812362 0.0008667137768122619
41.233333333333334 -0.03489069649245068 0.0008710256821912524
41.266666666666666 -0.018795183842391157 0.0008648337803947824
41.3 -0.05074040746555662 0.0008917128481468195
41.333333333333336 -0.08710893511538108 0.0009175088297690148
41.36666666666667 -0.15533357563907604 0.0009703633820351554
41.4 -0.21619445874146406 0.0009979739485744266
41.43333333333333 -0.3083384981763268 0.0010295039291641772
41.46666666666667 -0.33720741727464526 0.0010510122903724661
41.5 -0.37026928347286214 0.001073050167476608
41.53333333333333 -0.39324449745318335 0.0010822440492189722
41.56666666666667 -0.3744652197698411 0.001108466690636578
41.6 -0.37586593102546756 0.0011089210005926775
41.63333333333333 -0.36665302619901563 0.001104240478290608
41.666666666666664 -0.3400346907877185 0.0011012996391653318
41.7 -0.3034255412950594 0.0010715266787563182
41.733333333333334 -0.26023608863401054 0.0010428173211788905
41.766666666666666 -0.2057794211019281 0.0010067095563645878
41.8 -0.13186993147519585 0.0009647837044900187
41.833333333333336 -0.07070294062699779 0.0009151245366519345
41.86666666666667 -0.003503543791171335 0.0008622757280929145
41.9 0.05999683944173282 0.0009038138877004442
41.93333333333333 0.12975580794327665 0.0009543349074897511
41.96666666666667 0.19380683600010276 0.0010012434748634114
42.0 0.2430819930168257 0.0010332241101584094
