0.0 0.49330993044800997 0.0011595292637026078
0.03333333333333333 0.47911693400730443 0.001167661837092715
0.06666666666666667 0.44182613655583697 0.001146456112865124
0.1 0.38946223827818965 0.0011288079499700565
0.13333333333333333 0.3008450072633507 0.0010746557490067254
0.16666666666666666 0.2307614690398332 0.0010344072511137836
0.2 0.14036460403813458 0.0009743883889344052
0.23333333333333334 0.05821034643242172 0.0009105647072644579
0.26666666666666666 -0.03090505210678664 0.0008850966679818627
0.3 -0.12259910282749927 0.0009664031832440911
0.3333333333333333 -0.21582728686358185 0.0010321595562210184
0.36666666666666664 -0.3004006587283224 0.0010773773471811632
0.4 -0.3634410188177088 0.0011251814512833747
0.43333333333333335 -0.43169334037754087 0.001141740965360849
0.4666666666666667 -0.47588716377850376 0.001163572756443687
0.5 -0.5041904772463262 0.0011589309779456158
0.5333333333333333 -0.5153130513244597 0.0011564000839099364
0.5666666666666667 -0.5057487687906649 0.0011678064004230215
0.6 -0.4658808878769773 0.0011645079950123316
0.6333333333333333 -0.4287438020583793 0.0011340271674992741
0.6666666666666666 -0.3453044463119534 0.001131752794282237
0.7 -0.28750582270103325 0.0010651269857719359
0.7333333333333333 -0.20969871405070933 0.0010139533752130114
0.7666666666666667 -0.11779460345130492 0.000950128186335511
0.8 -0.025356087110157705 0.0008772298185493813
0.8333333333333334 0.0764978166074962 0.00092269559532146
0.8666666666666667 0.16420474801655036 0.0009859293182043205
0.9 0.2517032169324218 0.001040971485511355
0.9333333333333333 0.32653120333075025 0.0010853983541400103
0.9666666666666667 0.3996629239034405 0.0011310472177451514
1.0 0.4392475847205339 0.0011451423488763601
1.0333333333333334 0.47278966496983277 0.0011632500084336472
1.0666666666666667 0.48738240254470794 0.0011705603576656065
1.1 0.4865430209666936 0.0011676949323392027
1.1333333333333333 0.46770506354085795 0.0011567304517093313
1.1666666666666667 0.4397873921513992 0.001147102496234842
1.2 0.38056556736408725 0.0011222629235878023
1.2333333333333334 0.31647927798893344 0.0010914668063609634
1.2666666666666666 0.24360604386019094 0.0010480207047739165
1.3 0.15644684371018902 0.0009871085243231825
1.3333333333333333 0.0648476158378512 0.000917726329311877
1.3666666666666667 -0.0328973318168283 0.0008921584989416212
1.4 -0.12772261668090482 0.0009598610993465928
1.4333333333333333 -0.2190296069053998 0.001023222620189057
1.4666666666666666 -0.29908277210866946 0.0010683731541635821
1.5 -0.3708820997742682 0.0011070331694995605
1.5333333333333334 -0.43236279254837673 0.0011339367516544074
1.5666666666666667 -0.4754006763651233 0.0011476094131745995
1.6 -0.5000665997751179 0.001157603744299629
1.6333333333333333 -0.508989224983276 0.001171235568549145
1.6666666666666667 -0.4993624310178836 0.001169168387931352
1.7 -0.47595340330687436 0.0011512760110657383
1.7333333333333334 -0.4296372670172434 0.00112945852306362
1.7666666666666666 -0.36779221093837544 0.001105824379350473
1.8 -0.29592799574991924 0.0010643887161254084
1.8333333333333333 -0.2131313831977679 0.001017325074487485
1.8666666666666667 -0.12312767178023483 0.0009526311279654254
1.9 -0.027221910742829442 0.0008773497527892575
1.9333333333333333 0.0645522398349878 0.0009070159205006451
1.9666666666666666 0.1579563201656834 0.0009823634048566066
2.0 0.24329942497822438 0.0010333413263602376
2.033333333333333 0.32153424852484624 0.0010808662603733477
2.066666666666667 0.3843429480196742 0.0011186348344977004
2.1 0.4345986731696006 0.0011406585511600786
2.1333333333333333 0.47045125212838135 0.0011564232899267113
2.1666666666666665 0.48606348298640895 0.0011685625862550841
2.2 0.48457797994758894 0.0011630842987399581
2.2333333333333334 0.47306982919621243 0.0011572804469755504
2.2666666666666666 0.43707174983922564 0.0011422089695198312
2.3 0.38317914302377803 0.0011154697759385157
2.3333333333333335 0.3203674434295172 0.0010830446199375232
2.3666666666666667 0.24912528490447217 0.0010454292121145348
2.4 0.1597007908646296 0.0009771023589758288
2.433333333333333 0.06987601308221396 0.000911845347386836
2.466666666666667 -0.021433929381786506 0.0008804401794508428
2.5 -0.11931036873359667 0.0009558530597105486
2.533333333333333 -0.20863600531327034 0.0010171434821558967
2.566666666666667 -0.2921790494624302 0.0010595404248307516
2.6 -0.3638180568913793 0.0010961666072726306
2.6333333333333333 -0.4245602816429165 0.0011262625258131598
2.6666666666666665 -0.469130264954904 0.0011407999263612911
2.7 -0.49534105237902304 0.0011490423676250305
2.7333333333333334 -0.5020410373643089 0.0011656478051903507
2.7666666666666666 -0.49578374282269727 0.0011531894351367589
2.8 -0.4706147581157027 0.0011575694315221208
2.8333333333333335 -0.4271134287427949 0.0011369139314852394
2.8666666666666667 -0.3673563241027695 0.001110193505777013
2.9 -0.293390327830989 0.001064571831033534
2.933333333333333 -0.212365475908656 0.0010168804485160554
2.966666666666667 -0.12564514155836912 0.0009534129650652923
3.0 -0.03182966763806694 0.000879205061445211
3.033333333333333 0.06010478074635969 0.000902548486713374
3.066666666666667 0.15496942614129286 0.0009774806580086781
3.1 0.24146078079271602 0.001041975876204998
3.1333333333333333 0.31421137419598505 0.001079429741608906
3.1666666666666665 0.37851665221292174 0.0011143375477926654
3.2 0.42773688815629024 0.0011404946206081124
3.2333333333333334 0.4620389089685761 0.0011513364498536016
3.2666666666666666 0.47813502039485595 0.0011544470006417673
3.3 0.47969764712564966 0.001154492511415195
3.3333333333333335 0.4616052768061872 0.0011481994015956065
3.3666666666666667 0.43272297587119085 0.0011377224407138065
3.4 0.38163279450750803 0.001113915826791656
3.433333333333333 0.3210100736446057 0.0010839670102941734
3.466666666666667 0.25631075949960663 0.001049845229680546
3.5 0.1694699926696201 0.0009895255358822186
3.533333333333333 0.07684675906410399 0.0009260020677470809
3.566666666666667 -0.02111290752192979 0.0008836601036265289
3.6 -0.1184413884907841 0.0009560067121464344
3.6333333333333333 -0.20662736484867747 0.001011582376429676
3.6666666666666665 -0.2882243046085273 0.0010614673868253877
3.7 -0.36025581059377687 0.0011006152259090962
3.7333333333333334 -0.4200486312042416 0.0011299750591360902
3.7666666666666666 -0.46306744394486166 0.0011487866373448008
3.8 -0.4903648744422329 0.0011541460732836795
3.8333333333333335 -0.4993938454075326 0.0011559368044641305
3.8666666666666667 -0.49194819765082515 0.00115479511486144
3.9 -0.46562737921345104 0.0011494207751976404
3.933333333333333 -0.4250759155235774 0.001131341193946811
3.966666666666667 -0.36895762244708746 0.001100678429760138
4.0 -0.2986107769675994 0.0010627107755910026
4.033333333333333 -0.21976143003246418 0.00102267693329805
4.066666666666666 -0.12895255695707092 0.0009548339658604632
4.1 -0.039046372623582806 0.0008839253448954115
4.133333333333334 0.055793629833397154 0.0008993305657053821
4.166666666666667 0.1439477162637678 0.0009673552051159828
4.2 0.23100452901620733 0.00102926745827836
4.233333333333333 0.30508221514107176 0.00107205443262548
4.266666666666667 0.37164124084284067 0.0011186066349098134
4.3 0.41992614114493554 0.001138821132083745
4.333333333333333 0.46205526610560904 0.0011510556357235968
4.366666666666666 0.47254826996906923 0.0011564801899862642
4.4 0.4736638962973319 0.0011597942280013318
4.433333333333334 0.45961357229841415 0.0011506924060235013
4.466666666666667 0.42752887172675047 0.0011352786545978932
4.5 0.3820745355270683 0.0011155918114784669
4.533333333333333 0.3213034121357258 0.0010851765972167415
4.566666666666666 0.24826501569896575 0.0010470923319628178
4.6 0.16163106651551978 0.000986579937866744
4.633333333333334 0.0716092392621347 0.0009199478388491888
4.666666666666667 -0.014823901135920371 0.0008767359328507012
4.7 -0.11332083968773596 0.0009497826507089552
4.733333333333333 -0.20016281556988602 0.0010114852019773857
4.766666666666667 -0.2805528344327958 0.0010595291559873377
4.8 -0.35285467477620697 0.0010948925631411588
4.833333333333333 -0.41261981032088385 0.0011227832176916586
4.866666666666666 -0.45648190282118595 0.0011396370675168521
4.9 -0.48262653995066807 0.00115059946669116
4.933333333333334 -0.4969101878036872 0.0011489815813545134
4.966666666666667 -0.4898559717857548 0.001147197783059939
5.0 -0.4664793121044296 0.0011433707989345065
5.033333333333333 -0.4264806538597525 0.0011361820382166932
5.066666666666666 -0.37022059742199603 0.0011067804292506644
5.1 -0.2951642281964308 0.0010706856685636645
5.133333333333334 -0.21394123430174375 0.0010264123645530865
5.166666666666667 -0.13431193682138967 0.0009569276577121866
5.2 -0.04260298761002355 0.0008883591270596874
5.233333333333333 0.05219776950565367 0.0008972220501842834
5.266666666666667 0.141988150151036 0.0009754763009987011
5.3 0.2268237011513559 0.0010389414324388502
5.333333333333333 0.30259347537321 0.001074188031735479
5.366666666666666 0.36449045662315255 0.0011067015075296172
5.4 0.41471441610814214 0.0011311450767450548
5.433333333333334 0.4489941047177298 0.0011449510099359461
5.466666666666667 0.4735722642278289 0.0011635803642261466
5.5 0.47620328101369236 0.0011696998108393086
5.533333333333333 0.4620784370021908 0.0011536625945811618
5.566666666666666 0.42942756954099426 0.0011421898846259992
5.6 0.38380744465113514 0.0011195375471556024
5.633333333333334 0.32101476340194995 0.001082812455210802
5.666666666666667 0.24526161337606306 0.001036912845612581
5.7 0.17246213258639043 0.000996295901172145
5.733333333333333 0.08448684938143756 0.0009325014219271621
5.766666666666667 -0.01591745719405966 0.0008679038471923473
5.8 -0.10509715352076633 0.0009417069586477034
5.833333333333333 -0.1920085163273782 0.0010050802790145252
5.866666666666666 -0.2709210938979526 0.0010533501618106844
5.9 -0.3469288407528824 0.0011019840994733743
5.933333333333334 -0.40803955292441896 0.0011428556283443192
5.966666666666667 -0.4476267399505844 0.001141957306192154
6.0 -0.4805522508630009 0.0011503033169800725
6.033333333333333 -0.49125858451676513 0.001154692389920331
6.066666666666666 -0.48384497319193837 0.0011505707840033241
6.1 -0.4569460989510921 0.0011457963905855406
6.133333333333334 -0.4204532069662255 0.0011230715504016997
6.166666666666667 -0.3600893376429805 0.0011184086238831825
6.2 -0.29245433504021373 0.0010661874985865016
6.233333333333333 -0.21583345262754974 0.0010115450654862301
6.266666666666667 -0.12973462504052227 0.0009527468070299749
6.3 -0.03673148187163804 0.0008869245996754108
6.333333333333333 0.05066525724203415 0.0008954888159166188
6.366666666666666 0.13701782402692286 0.0009651526529569354
6.4 0.22652871643323064 0.0010250952023018456
6.433333333333334 0.3053752288692727 0.001077478307723423
6.466666666666667 0.3653229880752862 0.0011082112477970862
6.5 0.4137407886374804 0.0011326950795624846
6.533333333333333 0.4442065874041009 0.0011397563547667633
6.566666666666666 0.4625465016481296 0.0011474409148881093
6.6 0.4698900915610928 0.0011676870882719181
6.633333333333334 0.4548862935622469 0.001156179468119245
6.666666666666667 0.4226382612808709 0.0011421679637542703
6.7 0.38554138182412223 0.0011361414914728418
6.733333333333333 0.31885217208584915 0.0010893091524427079
6.766666666666667 0.24353652550689392 0.0010438012964738563
6.8 0.16289685444849722 0.0009883322762668512
6.833333333333333 0.07762757728626081 0.0009192482583209594
6.866666666666666 -0.012887955552986859 0.0008636438605301045
6.9 -0.10213603877785676 0.0009403975986683882
6.933333333333334 -0.19263109387743912 0.0010126960157691711
6.966666666666667 -0.27398484159558145 0.0010584733616313957
7.0 -0.34139606882767964 0.0010949810250027725
7.033333333333333 -0.39692241793588245 0.0011247768169401207
7.066666666666666 -0.43345962418139083 0.0011518244005188083
7.1 -0.4641303864709517 0.0011682559150750227
7.133333333333334 -0.47268767896229846 0.0011765801640217788
7.166666666666667 -0.47631895073477454 0.001160200925486965
7.2 -0.45265819328007667 0.0011516915169320074
7.233333333333333 -0.4159514300751535 0.001125514523870108
7.266666666666667 -0.3620446603157302 0.0011024331361239037
7.3 -0.2918509513333465 0.001069871677586598
7.333333333333333 -0.21575632415500806 0.0010208713353006826
7.366666666666666 -0.12919432416223167 0.0009626154350107219
7.4 -0.03952204496897054 0.0008897008910498383
7.433333333333334 0.053325129813509585 0.0009040066412500589
7.466666666666667 0.14292945723673597 0.0009733939507929612
7.5 0.22031429128063826 0.0010270178994549184
7.533333333333333 0.29656914182587935 0.0010704532180506043
7.566666666666666 0.36563397154129296 0.0011101819686991088
7.6 0.41273813147080474 0.0011372037008705038
7.633333333333334 0.44480142720926913 0.0011510888195427893
7.666666666666667 0.4619260214149937 0.0011601554187699037
7.7 0.46063706025855977 0.0011527765887845987
7.733333333333333 0.44765502362707255 0.0011529363995064768
7.766666666666667 0.41795724536575624 0.0011374000269162021
7.8 0.3737767546582712 0.001126486358596357
7.833333333333333 0.3160315632096863 0.0010937463029091488
7.866666666666666 0.24242328927091272 0.0010376825462033168
7.9 0.16272420240027674 0.0009780974726956715
7.933333333333334 0.0768757683809601 0.0009223080661854705
7.966666666666667 -0.019576100990104952 0.0008738643389292755
8.0 -0.10278659632117215 0.0009400785905476494
8.033333333333333 -0.1850064900815602 0.0010020308736522765
8.066666666666666 -0.2635592426582772 0.0010580401225331326
8.1 -0.3391035746233308 0.0010884758377677772
8.133333333333333 -0.39733190715724315 0.001113703715445391
8.166666666666666 -0.44184073168755245 0.001145024326792421
8.2 -0.4730087330784 0.001155135511390848
8.233333333333333 -0.48304003989537947 0.0011703440431794498
8.266666666666667 -0.4783622798748165 0.0011648168272748727
8.3 -0.45482212247174436 0.0011532359913337675
8.333333333333334 -0.41552534150833026 0.0011319961241453291
8.366666666666667 -0.3601911533461365 0.0011072099639935495
8.4 -0.2912875870845501 0.0010731631945941622
8.433333333333334 -0.21561546502339238 0.0010249640901792978
8.466666666666667 -0.13220571164482414 0.0009664572921583292
8.5 -0.04374835900190419 0.0008940192358792565
8.533333333333333 0.045560278031576966 0.0008928183756125863
8.566666666666666 0.13034784985410341 0.0009615812768504761
8.6 0.21518477624512386 0.0010269093565147824
8.633333333333333 0.30063378439399147 0.0010828311466381524
8.666666666666666 0.3709616075100126 0.001122508866706673
8.7 0.397985876545097 0.0011231425242579363
8.733333333333333 0.4308826074756237 0.0011344665991706027
8.766666666666667 0.4510504782898383 0.0011454725427793577
8.8 0.46177000298425125 0.0011525071583171065
8.833333333333334 0.46465222680759083 0.0011614204888396595
8.866666666666667 0.4291431599368358 0.0011483953270684522
8.9 0.36869787377828184 0.0011081138794109546
8.933333333333334 0.32266753966386746 0.0010936802829338288
8.966666666666667 0.2508717095594485 0.0010535348647885412
9.0 0.1615584633554951 0.000987870688291731
9.033333333333333 0.08436119369088176 0.0009358191888312883
9.066666666666666 -0.013271067735796218 0.0008741168298359789
9.1 -0.10254170719741613 0.000936490611671198
9.133333333333333 -0.1808942448854391 0.0009979616834945582
9.166666666666666 -0.2677925650545267 0.0010562273816577261
9.2 -0.32891532687020636 0.0010967356138594786
9.233333333333333 -0.38041158574430717 0.0011324613669392303
9.266666666666667 -0.41510093625894556 0.0011649335771908298
9.3 -0.46562251861845644 0.0011521989457164983
9.333333333333334 -0.47594607025294733 0.0011544985489203574
9.366666666666667 -0.46477934194267706 0.0011689359870276639
9.4 -0.44982153840367695 0.0011546572996910531
9.433333333333334 -0.45409227091385646 0.0011090735611623548
9.466666666666667 -0.41639587559387464 0.0010928105514795283
9.5 -0.35477730046632355 0.0010777313759982587
9.533333333333333 -0.27592045978547136 0.0010455223781356549
9.566666666666666 -0.17805061943342224 0.0009914008490339021
9.6 -0.07965364400257385 0.0009241607991807843
9.633333333333333 0.01859222864530909 0.0008755368178971906
9.666666666666666 0.10841856984651603 0.0009500512264690453
9.7 0.2010703432068372 0.001020945071637358
9.733333333333333 0.2697376511958372 0.0010700931867088093
9.766666666666667 0.340547564566356 0.0011143747227479461
9.8 0.3792946194140009 0.0011365828661664135
9.833333333333334 0.41815467418899865 0.0011473020248201071
9.866666666666667 0.4364079298260388 0.0011582948083895261
9.9 0.43149215748390507 0.0011615781963353333
9.933333333333334 0.3293886318988603 0.0011312961997587134
9.966666666666667 0.27461491028446744 0.0010959203439513954
10.0 0.1739917536732682 0.001021462406225776
10.033333333333333 0.07312882456610807 0.0009262398670223798
10.066666666666666 0.01805455750778929 0.0008669606414618246
10.1 -0.15514312885624418 0.0009335098838759159
10.133333333333333 -0.3432375929596284 0.0009658726104060933
10.166666666666666 -0.47460407007065203 0.0009485512790173845
10.2 -0.5620157744596616 0.0009200986024286983
10.233333333333333 -0.6247795485235025 0.0008985221237411967
10.266666666666667 -0.672202902069187 0.000893222543230987
10.3 -0.7228201234766314 0.0008753855441405722
10.333333333333334 -0.7580849307389923 0.0008714918035449548
10.366666666666667 -0.7799430045201081 0.0008757421343223992
10.4 -0.7877648247006456 0.0008769122312700661
10.433333333333334 -0.7876422772413118 0.0008908014533194342
10.466666666666667 -0.7748978616134157 0.000889508517265436
10.5 -0.7558874081044393 0.0008961496872037511
10.533333333333333 -0.7308584084435769 0.0009045098017416153
10.566666666666666 -0.6814308945587244 0.0009198115599846624
10.6 -0.634346671366025 0.0009314038867659358
10.633333333333333 -0.5697315491355257 0.0009521780529784252
10.666666666666666 -0.4945106572561471 0.000964411219730732
10.7 -0.42975001375524274 0.000980416395349848
10.733333333333333 -0.37431758440331575 0.0009850010092125605
10.766666666666667 -0.3129684278513629 0.0009845862835951014
10.8 -0.250265257859061 0.0009814665732479355
10.833333333333334 -0.1816169976475306 0.0009649083784430967
10.866666666666667 -0.123918404063064 0.0009512748508309493
10.9 -0.07953078326824242 0.0009367729310535977
10.933333333333334 -0.05315917825428962 0.0009199868392787136
10.966666666666667 -0.04800888473699293 0.0009262758899939091
11.0 -0.046957869070399644 0.0009305522580506376
11.033333333333333 -0.05697809118003096 0.0009303566432696184
11.066666666666666 -0.1009963615702621 0.000954609183926175
11.1 -0.1333212257273541 0.0009529070708260978
11.133333333333333 -0.19084457860782655 0.0009577757846148394
11.166666666666666 -0.2507258004727026 0.0009611025447922028
11.2 -0.32143416659687174 0.00097201599551755
11.233333333333333 -0.3244515770277632 0.000973952794121935
11.266666666666667 -0.3599204989263971 0.0009747889740292504
11.3 -0.4746917295499242 0.0009768968554518254
11.333333333333334 -0.5569634302628794 0.0009669501713561734
11.366666666666667 -0.6043651408173253 0.0009504628503401724
11.4 -0.62351741391323 0.000964756040560788
11.433333333333334 -0.6277089057611347 0.0009892303806885439
11.466666666666667 -0.6647891838943095 0.000982808506204802
11.5 -0.6864048505368757 0.000976127148201833
11.533333333333333 -0.6922304113382972 0.0009793676583769173
11.566666666666666 -0.649770582027223 0.0010145019907880082
11.6 -0.6485678550882108 0.0010102145542244534
11.633333333333333 -0.6057891440693943 0.001011903773900702
11.666666666666666 -0.5574860927022003 0.0010176144130188414
11.7 -0.4958522535696546 0.001035090796949245
11.733333333333333 -0.4391043703969851 0.001013325015825739
11.766666666666667 -0.35756746844194354 0.0010164014413562295
11.8 -0.28494334353952994 0.000990555691687045
11.833333333333334 -0.18601197716443674 0.0009582237861897047
11.866666666666667 -0.10482784426196605 0.000926129516133245
11.9 -0.018279114225131853 0.0008767644208474007
11.933333333333334 0.06724655948355945 0.0009383382423114178
11.966666666666667 0.10680556246997683 0.0009732636342770773
12.0 0.1389485798589517 0.0009916082897100942
12.033333333333333 0.20052185230614203 0.0010749669763870096
12.066666666666666 0.2210641991608589 0.0010867336477904943
12.1 0.2117162208837815 0.0010773285377027597
12.133333333333333 0.18657257690645482 0.0010446574911826267
12.166666666666666 0.15962075573541148 0.0010170212082665775
12.2 0.12558923610445932 0.0009876629744953735
12.233333333333333 0.07828416920246953 0.000929537889470769
12.266666666666667 0.004610506169350522 0.0008542174531277168
12.3 -0.07533489249046722 0.0008972461768296663
12.333333333333334 -0.15851067458276272 0.0009431218182046897
12.366666666666667 -0.23341313630212762 0.0009687915726547536
12.4 -0.31108515452996865 0.0010104446865049077
12.433333333333334 -0.3847691989086865 0.0010112582631899292
12.466666666666667 -0.45782833567975134 0.001033921901960666
12.5 -0.5133603543605805 0.0010499323965799112
12.533333333333333 -0.548362814253724 0.0010406512876719454
12.566666666666666 -0.5781984565913314 0.001058719150556886
12.6 -0.5986486270363703 0.0010576931754178176
12.633333333333333 -0.6033072927254192 0.0010651713544316266
12.666666666666666 -0.6024918780520656 0.0010590005079448295
12.7 -0.5651090451029118 0.0010685048424805554
12.733333333333333 -0.5272653246846476 0.001071586186385698
12.766666666666667 -0.479197949357869 0.0010600229977466014
12.8 -0.4327196610018058 0.0010467348413398248
12.833333333333334 -0.3784165793465108 0.0010187545910177453
12.866666666666667 -0.29256749159514367 0.0010040631260806454
12.9 -0.22099881867795151 0.000978480498007972
12.933333333333334 -0.1395995990023372 0.0009410398839020673
12.966666666666667 -0.050459219728746556 0.0008930345134317424
13.0 0.03764323005766036 0.0008917740872069896
13.033333333333333 0.11157187283786739 0.0009603373953309818
13.066666666666666 0.15507719648118837 0.0010042988603220504
13.1 0.17794480069557683 0.0010365697338899915
13.133333333333333 0.2447081293563644 0.0010828530300450168
13.166666666666666 0.2562800692481185 0.0010922518297321604
13.2 0.2561501242625242 0.001102270288684315
13.233333333333333 0.23097700815747696 0.0010762575031280364
13.266666666666667 0.1914979838523633 0.0010414129086802337
13.3 0.12373657931597364 0.0009790699088190191
13.333333333333334 0.06510904203652575 0.0009216580782229478
13.366666666666667 0.019301416686760046 0.0008789584454698962
13.4 -0.04846442104449427 0.0008801881450508642
13.433333333333334 -0.10393928515092289 0.0009172850510458519
13.466666666666667 -0.16726026146300413 0.0009520519750303158
13.5 -0.24957521538122002 0.0009899610593243069
13.533333333333333 -0.3228357187159338 0.001025596019336772
13.566666666666666 -0.3970129193616391 0.0010457268430398847
13.6 -0.43415183891543363 0.0010702817350699
13.633333333333333 -0.5053968494385458 0.0010736576175871537
13.666666666666666 -0.5509396350608166 0.0010860349986985263
13.7 -0.5773661879449948 0.001072544769590622
13.733333333333333 -0.6066808574775134 0.0010602905841911037
13.766666666666667 -0.5935480462673497 0.0010643704737278714
13.8 -0.5973885743176219 0.001040001961931103
13.833333333333334 -0.5353874426043652 0.0010568553237484402
13.866666666666667 -0.45685132266522477 0.0010636131688041006
13.9 -0.4212852451552103 0.0010421117811468261
13.933333333333334 -0.32854718088856183 0.0010332953488356722
13.966666666666667 -0.2809291810606567 0.0010086683052265566
14.0 -0.21081281765266255 0.0009650528373011391
14.033333333333333 -0.15501008469909935 0.0009381524707255395
14.066666666666666 -0.057451911112869944 0.000885955376844029
14.1 0.018529695163598703 0.0008780905494089539
14.133333333333333 0.05930626233441778 0.0009249986071875188
14.166666666666666 0.10979779387372413 0.0009747164931447477
14.2 0.11842432761465521 0.0010015257486822027
14.233333333333333 0.13351733744270466 0.0010344992373343131
14.266666666666667 0.0872223396231731 0.000993733697317617
14.3 0.04412375108300758 0.0009390931777158648
14.333333333333334 -0.031198481028196827 0.0009182067418379014
14.366666666666667 -0.08154857463171028 0.0009478826832498011
14.4 -0.10045229652418648 0.0009477743906551594
14.433333333333334 -0.2100646957383525 0.0009760885292808552
14.466666666666667 -0.2530784357796135 0.0009808781833995917
14.5 -0.33682880328663783 0.0009882030339349313
14.533333333333333 -0.37949835661969733 0.0009839687419068155
14.566666666666666 -0.41693095741693686 0.0009829128706626555
14.6 -0.5008257249513395 0.0009827383119149768
14.633333333333333 -0.531209400121856 0.0009834884192315707
14.666666666666666 -0.569377056479491 0.000983206098623679
14.7 -0.6236860510555272 0.0009758014619331012
14.733333333333333 -0.6498194339009165 0.0009863980956217322
14.766666666666667 -0.6943311370661743 0.0009699829227584056
14.8 -0.7121565872723049 0.0009657066182439111
14.833333333333334 -0.6991769517721882 0.0009841127459458976
14.866666666666667 -0.7008664406956605 0.0009763793503432261
14.9 -0.7011863532605522 0.0009615728042849936
14.933333333333334 -0.6926741563084271 0.0009425768353656938
14.966666666666667 -0.6278612399407303 0.0009732673022059268
15.0 -0.5160819598429873 0.001033893343966752
15.033333333333333 -0.43704372608104036 0.0010232831532381859
15.066666666666666 -0.32061248129953124 0.001031055924542723
15.1 -0.20242028509463125 0.000994230535461882
15.133333333333333 -0.06791004897185343 0.0009119093225941205
15.166666666666666 0.08815931752143921 0.0009405112910582658
15.2 0.19057691946355143 0.001017366421263377
15.233333333333333 0.2931189448326972 0.001075299326887269
15.266666666666667 0.35006521492935194 0.001103491315950611
15.3 0.39409458901314237 0.0011235112371861256
15.333333333333334 0.4245383386009688 0.0011425327708799449
15.366666666666667 0.44346894490077265 0.0011510604643173439
15.4 0.4391748717577952 0.001145360745026358
15.433333333333334 0.4193638636114184 0.0011337678602111878
15.466666666666667 0.3938710161727277 0.0011285664318625432
15.5 0.33981196118728146 0.0011040666227739027
15.533333333333333 0.2894554917969803 0.0010733489198087032
15.566666666666666 0.21961359195836277 0.0010225121248222946
15.6 0.14298775176378445 0.0009707579670362454
15.633333333333333 0.060030554332125646 0.0009191390128232488
15.666666666666666 -0.021419748782627306 0.0008923362975349382
15.7 -0.10721967521177922 0.0009554275255668487
15.733333333333333 -0.1875698470312525 0.0010058025882748178
15.766666666666667 -0.25583586796729624 0.0010474226409642462
15.8 -0.32204446277161536 0.0010871466072450153
15.833333333333334 -0.3673712379509965 0.0011252987547236692
15.866666666666667 -0.4104258703851933 0.001137145310937504
15.9 -0.4374342401090462 0.00115233903250489
15.933333333333334 -0.44227984466487774 0.0011568867486863588
15.966666666666667 -0.4365345946819031 0.001154080955730774
16.0 -0.41161791745094556 0.0011391316889453051
16.033333333333335 -0.3804589814343739 0.0011066327743964322
16.066666666666666 -0.32799225374169644 0.0010848041127761165
16.1 -0.2573132157678704 0.0010500613929098068
16.133333333333333 -0.1778642115709345 0.001005434277272399
16.166666666666668 -0.10624300645926071 0.0009508930766721352
16.2 -0.018891807349193393 0.0008759740463430629
16.233333333333334 0.06578111485787769 0.000913986482356674
16.266666666666666 0.15060516756600675 0.0009801346631157504
16.3 0.228319138685131 0.0010374187636669474
16.333333333333332 0.2898135588143053 0.0010671749855538093
16.366666666666667 0.35427105253769975 0.001107733379217768
16.4 0.3927119959464494 0.0011219584700836727
16.433333333333334 0.4238412150820153 0.001140881938233529
16.466666666666665 0.43427109748032405 0.0011421888872306662
16.5 0.43364410055694047 0.0011433752448160028
16.533333333333335 0.42531996219164947 0.0011454449352533702
16.566666666666666 0.3873402526018282 0.001121274681176676
16.6 0.3391606736001884 0.0010942480188337878
16.633333333333333 0.2831560604872468 0.0010647586714448432
16.666666666666668 0.21920818676835244 0.0010261766219188118
16.7 0.13735680535969216 0.0009663609286994224
16.733333333333334 0.05405214338265341 0.0008977204787607093
16.766666666666666 -0.03121884281722213 0.0008762751455345004
16.8 -0.10971582580831335 0.000941833076487375
16.833333333333332 -0.18675119121191613 0.0009992381941076878
16.866666666666667 -0.26447582278439713 0.0010452322283254212
16.9 -0.32606569355754456 0.0010804739958494292
16.933333333333334 -0.37552003370813364 0.0011077068622587505
16.966666666666665 -0.41594232476953313 0.00112098107573122
17.0 -0.43994986298476835 0.0011338063721759717
17.033333333333335 -0.4482694313843528 0.0011601087021679835
17.066666666666666 -0.4364364409238221 0.001133779547352387
17.1 -0.41097267938621884 0.0011228937588924626
17.133333333333333 -0.36730410524640833 0.0011037818955262346
17.166666666666668 -0.3165125812815709 0.0010806657913496331
17.2 -0.2558612345998573 0.0010410683584456404
17.233333333333334 -0.1576498989995077 0.001002716685601257
17.266666666666666 -0.0792451838015671 0.0009379979142338651
17.3 -0.012010030590829536 0.000866029484249211
17.333333333333332 0.06430633064475556 0.0009057349586863717
17.366666666666667 0.1420479491217247 0.0009645752533886109
17.4 0.21878229968345678 0.001021314044777788
17.433333333333334 0.2840603511540429 0.0010603930654501936
17.466666666666665 0.34259694261033125 0.0010940260567977589
17.5 0.4050203492931477 0.0011396091851602064
17.533333333333335 0.4264327314828444 0.0011442106011951836
17.566666666666666 0.43819853981803203 0.0011493175719857196
17.6 0.43332387271070855 0.0011445855037807706
17.633333333333333 0.4238391121520889 0.001144560238608483
17.666666666666668 0.380516465167571 0.0011157523518967594
17.7 0.3289481666906826 0.0010873836082843091
17.733333333333334 0.27300853030167566 0.001054497450237557
17.766666666666666 0.21521124970028382 0.0010270267495084695
17.8 0.14324148936885944 0.000979567214133753
17.833333333333332 0.0632533327458845 0.0009176429368164263
17.866666666666667 -0.027015099362393942 0.0008820677702911887
17.9 -0.10943897218378273 0.0009494228090365514
17.933333333333334 -0.19271262160058514 0.0010048030407473485
17.966666666666665 -0.26246289853595506 0.0010485882606327546
18.0 -0.32005955625324384 0.0010931116364816806
18.033333333333335 -0.37701188480978604 0.0011088537661894105
18.066666666666666 -0.40666693693826106 0.0011359461274903504
18.1 -0.4277765646388972 0.0011428543312226314
18.133333333333333 -0.4399693477372702 0.001137091697655912
18.166666666666668 -0.4285609686792156 0.0011496646884032735
18.2 -0.4084144097609635 0.0011279183924686187
18.233333333333334 -0.36318288309093605 0.0011165071486587963
18.266666666666666 -0.29712706995880006 0.0010940047358503624
18.3 -0.22707781145543288 0.001055185716152457
18.333333333333332 -0.17723910416491484 0.0009884084979455976
18.366666666666667 -0.09530388824189795 0.0009301860683127022
18.4 -0.014688261040366895 0.0008659826583326015
18.433333333333334 0.06570035040886013 0.0009079880660073786
18.466666666666665 0.14889983422540498 0.0009728673298045887
18.5 0.21860021069089516 0.0010174210499314662
18.533333333333335 0.28139394078764735 0.001054508321856995
18.566666666666666 0.33765750479855783 0.0010847576846260698
18.6 0.37821745276924545 0.001108388959250528
18.633333333333333 0.4050941033075812 0.0011220432826664073
18.666666666666668 0.4174868897299425 0.001128521858300091
18.7 0.41844729877736503 0.0011280244974712916
18.733333333333334 0.4053459835358935 0.0011254633209064613
18.766666666666666 0.36725444989871264 0.0011027533959769853
18.8 0.3219892552897022 0.0010791101018929328
18.833333333333332 0.26382324319432776 0.0010434027463616657
18.866666666666667 0.19851955116085226 0.0010052042327082789
18.9 0.13230893578075809 0.0009648951210695367
18.933333333333334 0.050281450348702954 0.0009022496782974398
18.966666666666665 -0.03207990377508423 0.0008862792090698277
19.0 -0.12159292060240465 0.0009483971845502814
19.033333333333335 -0.1925935922410513 0.0010046129811475402
19.066666666666666 -0.261018169200279 0.001050199015539377
19.1 -0.3258984184370248 0.001083181735687222
19.133333333333333 -0.37955343340468417 0.001100883636984018
19.166666666666668 -0.4132341240134206 0.0011228594375143341
19.2 -0.43085240771250016 0.0011417395418470977
19.233333333333334 -0.43917408113638023 0.0011346261606847152
19.266666666666666 -0.42637069579020065 0.0011325814740192897
19.3 -0.399250162875072 0.0011208764492662282
19.333333333333332 -0.3623840794515003 0.0010966526545587163
19.366666666666667 -0.3069215223208173 0.0010701814324529657
19.4 -0.24655010851006856 0.001029312490464035
19.433333333333334 -0.1593427468931021 0.000989445567891184
19.466666666666665 -0.0900584544740591 0.0009279537181701714
19.5 -0.011955780952852307 0.0008607290480799439
19.533333333333335 0.07108066678851922 0.0009112589778833002
19.566666666666666 0.1532034664163384 0.0009754870112260172
19.6 0.2240260808885359 0.0010194361865365487
19.633333333333333 0.28619169472478223 0.0010608041658794476
19.666666666666668 0.33786896322534293 0.0010893547156027306
19.7 0.3814880590227841 0.0011124721206628996
19.733333333333334 0.4081010710458709 0.0011253717169250055
19.766666666666666 0.42132878615713315 0.0011352159306271536
19.8 0.4144510755778028 0.0011271860043404192
19.833333333333332 0.39323269658526216 0.0011151378332065476
19.866666666666667 0.3617216637688684 0.001100759596225409
19.9 0.3204168770897005 0.0010826396703278451
19.933333333333334 0.2549506847270106 0.0010432942704440284
19.966666666666665 0.18653343873018272 0.000995035727882676
20.0 0.11314429606556914 0.000941514556270992
20.033333333333335 0.035190120521096414 0.0008831058166774847
20.066666666666666 -0.048753247652031845 0.0008902147481048006
20.1 -0.12877665928271237 0.0009515270564732503
20.133333333333333 -0.19747002506095554 0.001007757420121408
20.166666666666668 -0.26327228660048646 0.001051978647718499
20.2 -0.32262087825208835 0.001086726518766623
20.233333333333334 -0.3678834609482388 0.0011143572941578195
20.266666666666666 -0.41073776417680674 0.0011225475019214226
20.3 -0.432853845615165 0.0011253004840791614
20.333333333333332 -0.4369576503732244 0.001127331526619979
20.366666666666667 -0.4242966093761468 0.0011249564548636015
20.4 -0.39681283071099943 0.00111063801966238
20.433333333333334 -0.35672501948621604 0.0010906491286663544
20.466666666666665 -0.30450853639326225 0.0010679434887221895
20.5 -0.23251032754423342 0.001029280049455572
20.533333333333335 -0.1665315041571929 0.0009798580802745371
20.566666666666666 -0.0806396387616668 0.0009215737640704269
20.6 -0.0020740393570347735 0.0008570088741175637
20.633333333333333 0.08050255711675852 0.0009255567716887209
20.666666666666668 0.15440390915339822 0.0009738046557999647
20.7 0.2244213392179145 0.0010180253942095874
20.733333333333334 0.2888406757371077 0.0010634102767554388
20.766666666666666 0.3368597637199772 0.0010867439274574453
20.8 0.37943951828215805 0.001121469148299692
20.833333333333332 0.4041461738699297 0.0011245697779349029
20.866666666666667 0.41163305545190937 0.0011233337078324634
20.9 0.41339337794342557 0.0011282328920984575
20.933333333333334 0.38979070091873363 0.00111699752790001
20.966666666666665 0.3539146786853116 0.0010968690458219021
21.0 0.30665552221386744 0.0010699759005823872
21.033333333333335 0.2473221474372398 0.0010352075658788262
21.066666666666666 0.18166410574318653 0.0009945043026972078
21.1 0.10919838244134429 0.0009408331947398235
21.133333333333333 0.0311604242373774 0.0008779088032360854
21.166666666666668 -0.04977604397691351 0.0008922666899271875
21.2 -0.13089063661662934 0.0009511761717614364
21.233333333333334 -0.20268168746218856 0.0010054002090775782
21.266666666666666 -0.2685782668599517 0.001053628759994485
21.3 -0.33339650574172763 0.0010836683469264141
21.333333333333332 -0.38077415118871955 0.0011047183337458688
21.366666666666667 -0.4118854717081527 0.0011270778594545394
21.4 -0.430096203535846 0.001124723320582055
21.433333333333334 -0.43368864927614903 0.0011249789434141788
21.466666666666665 -0.42047959002628915 0.001121416249908469
21.5 -0.39307222683556486 0.0011078896792202086
21.533333333333335 -0.3507572466689201 0.0010884964606889813
21.566666666666666 -0.2954195533371976 0.0010617351015082543
21.6 -0.23062958720091215 0.001019844722048191
21.633333333333333 -0.1541027465528413 0.000970568216064005
21.666666666666668 -0.08060917333353629 0.0009174147253543236
21.7 0.010447260125782457 0.0008647528860455406
21.733333333333334 0.08237455940112605 0.0009197896677862472
21.766666666666666 0.15813460679351382 0.0009758761294040574
21.8 0.22859235221831117 0.001026873397899225
21.833333333333332 0.29102174176645434 0.0010662475309937691
21.866666666666667 0.34034089403479284 0.0010887915000573067
21.9 0.37774646173347953 0.0011112379785794269
21.933333333333334 0.40598861470039305 0.001129371991971051
21.966666666666665 0.4158514629178947 0.0011353869860087351
22.0 0.4032537023819351 0.001123786065555965
22.033333333333335 0.3828495403393774 0.001113119635359483
22.066666666666666 0.3617096372620802 0.00110976818834152
22.1 0.30544526505250896 0.0010731990154103643
22.133333333333333 0.25489304851528155 0.0010530500239616658
22.166666666666668 0.17922272926867153 0.000995922311795433
22.2 0.10425232893519785 0.0009454600723420026
22.233333333333334 0.03125062127000682 0.0008886567049994354
22.266666666666666 -0.05512852434931274 0.0009013849576235411
22.3 -0.1351393618670444 0.0009594711076636175
22.333333333333332 -0.20733472516165188 0.0010134137888940797
22.366666666666667 -0.2764293753733447 0.0010479230673033357
22.4 -0.33432427667183995 0.0010787396136877625
22.433333333333334 -0.3782439565822589 0.001101417009425787
22.466666666666665 -0.40916908054310164 0.0011156886100189278
22.5 -0.4253609819117079 0.0011328599634862768
22.533333333333335 -0.42697214901177577 0.0011269592343971513
22.566666666666666 -0.4139121975316924 0.001118630368820539
22.6 -0.38338648390902424 0.0011095824919936104
22.633333333333333 -0.3409745827231755 0.0010852947534587543
22.666666666666668 -0.28322577838329394 0.0010607583064708437
22.7 -0.2180870125995738 0.0010223119410595338
22.733333333333334 -0.14166481258101818 0.0009672434206395575
22.766666666666666 -0.06353206545935926 0.0009112072400491722
22.8 0.010891040209165644 0.0008598394565721024
22.833333333333332 0.08985469349333931 0.0009260669158580453
22.866666666666667 0.16249041387634716 0.0009801332989073652
22.9 0.23102070607701997 0.0010281599287520482
22.933333333333334 0.2906141296421171 0.001061521457475345
22.966666666666665 0.33898092773172694 0.0010869506109533744
23.0 0.3767793693154746 0.0011072407643584192
23.033333333333335 0.3969273705276341 0.001117755054096281
23.066666666666666 0.403712522623162 0.001119898469552738
23.1 0.3975929017045516 0.001127174390857355
23.133333333333333 0.37719561754619485 0.0011160150660163293
23.166666666666668 0.3418382239247476 0.0010907960407559592
23.2 0.29642141009662715 0.0010656178200180166
23.233333333333334 0.23547999708544207 0.0010268387400838574
23.266666666666666 0.16587941462950234 0.0009840666335205195
23.3 0.09233277758320875 0.0009296733862011741
23.333333333333332 0.01107294849177276 0.0008591504406876959
23.366666666666667 -0.06339604601329857 0.0009037034303870373
23.4 -0.13414061117278894 0.0009631298562078616
23.433333333333334 -0.20861370553015746 0.0010171549682833902
23.466666666666665 -0.2738409727146106 0.001061106432101333
23.5 -0.3312487054606909 0.0010861685193772064
23.533333333333335 -0.37053721498050596 0.0011128497931018333
23.566666666666666 -0.4053302112984611 0.0011199307659657265
23.6 -0.42162050409368385 0.0011456887702757101
23.633333333333333 -0.41760066526192074 0.0011441669059121806
23.666666666666668 -0.40538020945096914 0.0011288715301059349
23.7 -0.3791762134951401 0.0011019949825548658
23.733333333333334 -0.3363566101422757 0.0010801947714056959
23.766666666666666 -0.2731045410577739 0.0010560886909323774
23.8 -0.2138112950339396 0.0010158054643269465
23.833333333333332 -0.141500397333661 0.00095923837859202
23.866666666666667 -0.06547240655534688 0.0009039874386167907
23.9 0.01282556595616066 0.0008607065004034662
23.933333333333334 0.09565761098375102 0.0009311731528992145
23.966666666666665 0.17477344810954912 0.0009914173269786886
24.0 0.23480809921825863 0.0010256793351209048
24.033333333333335 0.30749525630165075 0.0010774569260054712
24.066666666666666 0.3456595560317287 0.0010938682650734055
24.1 0.3864991827714558 0.001120715368728542
24.133333333333333 0.3992772143166439 0.0011210054843706074
24.166666666666668 0.4091568232013101 0.0011300580350027123
24.2 0.39703883401359596 0.0011197779276606035
24.233333333333334 0.3719874681553685 0.0011384733713888373
24.266666666666666 0.33957967817144297 0.0011107368957631314
24.3 0.28657033014127964 0.0010631224994900323
24.333333333333332 0.2262558252183373 0.0010252823299304326
24.366666666666667 0.15999256305215995 0.0009926740328849437
24.4 0.08765992169067645 0.0009276050535954594
24.433333333333334 0.006155967567619757 0.0008603122105118608
24.466666666666665 -0.07040371222501632 0.0009187487502563818
24.5 -0.1450758374315013 0.0009714694926364342
24.533333333333335 -0.2087418721381004 0.001023129029656511
24.566666666666666 -0.274990266643864 0.001065069708064359
24.6 -0.32968714537446847 0.0010972741259806518
24.633333333333333 -0.37734305351936237 0.0011076690420379065
24.666666666666668 -0.4059669759083385 0.0011171612960427235
24.7 -0.4170538586880205 0.0011268597581912676
24.733333333333334 -0.4156748224672054 0.0011318617060700475
24.766666666666666 -0.39069488315360185 0.0011313098389016396
24.8 -0.3639064086107356 0.0011285629901290894
24.833333333333332 -0.31634322184230407 0.0011016650388075422
24.866666666666667 -0.2666528748975041 0.0010533024947294578
24.9 -0.20067414756502983 0.0010065055653817878
24.933333333333334 -0.12852014157216063 0.0009591913357631376
24.966666666666665 -0.05004514777004421 0.0008967375274590017
25.0 0.025620357713852127 0.0008797668626141231
25.033333333333335 0.10558391979209074 0.0009456433810238057
25.066666666666666 0.17400240871541028 0.0009960608808850524
25.1 0.240813284958576 0.0010315657604563488
25.133333333333333 0.2965562625524192 0.0010747014002024935
25.166666666666668 0.3441431554724124 0.001092361721128976
25.2 0.37597542667023076 0.0011081109074737028
25.233333333333334 0.3938108697617392 0.0011164495689824916
25.266666666666666 0.41620504665612523 0.0011441668306552133
25.3 0.40615011075643914 0.0011331672323708353
25.333333333333332 0.37308231764115596 0.0011207771585200477
25.366666666666667 0.33906176977262786 0.0011018342773037038
25.4 0.28344861121818127 0.0010624731648055663
25.433333333333334 0.22138735186245645 0.0010186666808103262
25.466666666666665 0.15388941443864962 0.0009752059042344441
25.5 0.07832566281435047 0.000919663876964974
25.533333333333335 0.002268061847039067 0.0008556206905147843
25.566666666666666 -0.07440820566884208 0.0009274794142267728
25.6 -0.14929412030006925 0.0009795550052517366
25.633333333333333 -0.21698938456651964 0.0010197865641438097
25.666666666666668 -0.2832917529231399 0.0010586664421578518
25.7 -0.33619868503561995 0.0010960477234426835
25.733333333333334 -0.37786104639438417 0.001121485180960724
25.766666666666666 -0.40563504605420214 0.0011207912062320968
25.8 -0.4164301376387695 0.001123650258127551
25.833333333333332 -0.4125443299201201 0.0011266892529993577
25.866666666666667 -0.39706618789991643 0.0011239369573610714
25.9 -0.36519247968044066 0.001097773003233271
25.933333333333334 -0.31888382950608624 0.001070089401000729
25.966666666666665 -0.2632136959025979 0.0010398140887148966
26.0 -0.19742811554319012 0.000999030929447725
26.033333333333335 -0.11795490567560912 0.0009507534918684196
26.066666666666666 -0.040934199056765645 0.0008911976958975651
26.1 0.03541433319989498 0.0008839888873535817
26.133333333333333 0.11272467457425364 0.0009476487113390802
26.166666666666668 0.1810223635150681 0.0009937939212475155
26.2 0.24338190943392954 0.0010331293007726505
26.233333333333334 0.2977149659368336 0.0010656183967189814
26.266666666666666 0.34090860786701954 0.0010894046482201603
26.3 0.3824819311828914 0.0011159498801024959
26.333333333333332 0.39543267904363005 0.0011197795313767633
26.366666666666667 0.3954457072056034 0.001118631763711464
26.4 0.38680200792548186 0.0011157488551765127
26.433333333333334 0.36526764071438717 0.001109592249757374
26.466666666666665 0.3249886218425561 0.0010868010504113124
26.5 0.27483546742958936 0.0010570640142980037
26.533333333333335 0.2127557445902237 0.001021199125598976
26.566666666666666 0.14418855090712865 0.0009707290635982968
26.6 0.06372225482337196 0.0009045955786662063
26.633333333333333 -0.013037352278016749 0.0008607950893564555
26.666666666666668 -0.09225110301056827 0.0009252276204078785
26.7 -0.15728950673091618 0.0009815009686449105
26.733333333333334 -0.2249269454374537 0.0010312619735075024
26.766666666666666 -0.29084000036714686 0.001062977391437514
26.8 -0.3443715519815654 0.0010865779127971487
26.833333333333332 -0.38236442305235885 0.0011017031217051554
26.866666666666667 -0.4034718563495064 0.0011180663538540858
26.9 -0.4156827208486975 0.001118834502175925
26.933333333333334 -0.4059917379124141 0.001121992093977675
26.966666666666665 -0.3899524258881433 0.0011099888568591454
27.0 -0.35200645517649065 0.0011004863170286372
27.033333333333335 -0.3039716720156382 0.001062739862228712
27.066666666666666 -0.24536846406710255 0.0010403119837353036
27.1 -0.17894417244769706 0.0010007119303659662
27.133333333333333 -0.11292360951234974 0.00094383357709861
27.166666666666668 -0.03315805335471297 0.0008864943249806342
27.2 0.03919974473369043 0.0008851126301253134
27.233333333333334 0.11772613302863358 0.0009486613919651582
27.266666666666666 0.18766293402514028 0.0010004210899805244
27.3 0.2510601503189399 0.0010393052495871191
27.333333333333332 0.3012061794322429 0.001066980331856815
27.366666666666667 0.3501956489779035 0.0010974030218992015
27.4 0.37826882224416 0.0011120140095186581
27.433333333333334 0.38629882626213635 0.0011128595457448043
27.466666666666665 0.3889286042443621 0.0011141494305222377
27.5 0.37816724341663893 0.0011157206796956753
27.533333333333335 0.34855089919642657 0.0010929201540008648
27.566666666666666 0.3126115029322833 0.001074699426077519
27.6 0.25996595179770343 0.0010433342615122632
27.633333333333333 0.19569043162540634 0.0010006334444288278
27.666666666666668 0.127746450660679 0.0009542579525925465
27.7 0.05850356647050816 0.0009027422038046795
27.733333333333334 -0.018136367492345557 0.0008678847018762648
27.766666666666666 -0.09501499463417085 0.0009270434322452004
27.8 -0.16464266414412299 0.0009820998361044497
27.833333333333332 -0.23393655727017626 0.0010276242733898988
27.866666666666667 -0.2930248393727997 0.0010673509196895137
27.9 -0.33718425724420004 0.0010931412074420832
27.933333333333334 -0.3745608988145955 0.001111750534971756
27.966666666666665 -0.3992710505322958 0.0011212847498240919
28.0 -0.41029098687784493 0.0011229076026794682
28.033333333333335 -0.4059421387555951 0.001115796921457246
28.066666666666666 -0.3827717673163015 0.0011107734871073638
28.1 -0.34486911786706903 0.001094204623854289
28.133333333333333 -0.3008413050533958 0.0010641494399749596
28.166666666666668 -0.24613086057883862 0.001031286550680216
28.2 -0.17487073018625934 0.0009916032421235232
28.233333333333334 -0.0995458830516041 0.0009386107307575303
28.266666666666666 -0.01783039599720424 0.0008747210859295605
28.3 0.053368128306113934 0.0009021904639089987
28.333333333333332 0.12313436576726769 0.0009529372911166734
28.366666666666667 0.20417317275152658 0.0010209439236529283
28.4 0.2563577911726803 0.0010425503730915886
28.433333333333334 0.30496877641515896 0.0010706996173195926
28.466666666666665 0.34669396923476303 0.0010951137106766096
28.5 0.37662017758490685 0.0011141483937306407
28.533333333333335 0.39224370219779153 0.0011223988795787676
28.566666666666666 0.38946018495390416 0.0011174505641139976
28.6 0.38381530432003774 0.0011217609822263275
28.633333333333333 0.36301173866755687 0.0011180933223465805
28.666666666666668 0.3137326034942512 0.0010837508000351437
28.7 0.25845324673054143 0.0010487851366651202
28.733333333333334 0.1920801949539346 0.001002499771856874
28.766666666666666 0.1253967264574973 0.0009549833733585589
28.8 0.05217082254857376 0.0009004587530364386
28.833333333333332 -0.027498731098023206 0.0008733311381889722
28.866666666666667 -0.10453525377141921 0.0009356003666867868
28.9 -0.17127031723020075 0.0009892047994682074
28.933333333333334 -0.24279193050074738 0.0010310894899512313
28.966666666666665 -0.293626993695144 0.0010681242680464775
29.0 -0.34267646571963817 0.0010906298019715543
29.033333333333335 -0.37906257437973184 0.0011111351718832152
29.066666666666666 -0.40063311786799205 0.001117882753621735
29.1 -0.40129749106271123 0.0011270720067703133
29.133333333333333 -0.39051639564380075 0.0011281377988160979
29.166666666666668 -0.3700773582270534 0.0011151364159744381
29.2 -0.33832740886276674 0.0010915192799063056
29.233333333333334 -0.2956513574001205 0.0010590935554709024
29.266666666666666 -0.23581570242614694 0.0010226600751056802
29.3 -0.16620033557268268 0.000981869587390355
29.333333333333332 -0.08716480872798968 0.0009296291539452467
29.366666666666667 -0.011062726622179197 0.0008679102093612119
29.4 0.062152222541202735 0.0009064222095756039
29.433333333333334 0.12747537759524782 0.0009525725183093525
29.466666666666665 0.1968663794910858 0.0010074010902281771
29.5 0.25367011616935037 0.0010403595535446453
29.533333333333335 0.3034580335136465 0.0010704559285020232
29.566666666666666 0.3565854221822786 0.0011076894039573904
29.6 0.3846540206783545 0.0011232595484002017
29.633333333333333 0.38511968831067656 0.0011156125303131148
29.666666666666668 0.39158177471152344 0.0011256351296703992
29.7 0.3708307177199133 0.0011101379760801167
29.733333333333334 0.33858773580592677 0.0010936060148398208
29.766666666666666 0.2967656489202262 0.0010684579366109226
29.8 0.23845282981765417 0.0010309584140059669
29.833333333333332 0.1791097914271481 0.000990464725462492
29.866666666666667 0.11057421812376819 0.0009398420486364245
29.9 0.03682155862029047 0.0008838534353638183
29.933333333333334 -0.04241828802504391 0.0008855215059973692
29.966666666666665 -0.11110770311868426 0.0009434429365956926
30.0 -0.18580533109802827 0.0009914735656995077
30.033333333333335 -0.25057184258263204 0.0010329550448677227
30.066666666666666 -0.2994946019074698 0.0010682201284893944
30.1 -0.3471300485898132 0.0010908228632280914
30.133333333333333 -0.38267592509412945 0.0011016964215136427
30.166666666666668 -0.4023348099945778 0.001111029657430096
30.2 -0.4053201109791956 0.0011157402821340145
30.233333333333334 -0.39805971696033704 0.0011129686346309509
30.266666666666666 -0.3702666741133028 0.00110051422675983
30.3 -0.3329769831621856 0.0010960515946689675
30.333333333333332 -0.2869720402009314 0.0010716487736840974
30.366666666666667 -0.22491331450633628 0.001020493701751446
30.4 -0.1566184753372969 0.0009763621867135697
30.433333333333334 -0.07969556601982741 0.0009208922320334822
30.466666666666665 -0.005012882979107541 0.0008610842782145554
30.5 0.07914490094456891 0.0009307499880911174
30.533333333333335 0.13947377283423062 0.0009658762010094912
30.566666666666666 0.20694957233931197 0.0010163106162612012
30.6 0.26225515876133904 0.0010483331065387347
30.633333333333333 0.3177828108280308 0.0010865779026948963
30.666666666666668 0.346268218132024 0.001093093127049305
30.7 0.3749445405339971 0.0011137360488518433
30.733333333333334 0.379484510940884 0.001114369760782108
30.766666666666666 0.38188629310393896 0.0011146482218487574
30.8 0.3616912936581064 0.0011082326539896825
30.833333333333332 0.32856454936837254 0.0010832012086194331
30.866666666666667 0.2881058435038007 0.0010613154945128267
30.9 0.23744071530877475 0.001034705472971964
30.933333333333334 0.17707294063815754 0.0009952131651375373
30.966666666666665 0.10537003635070596 0.0009454805728928151
31.0 0.03113490593571976 0.0008844250856315274
31.033333333333335 -0.04157590564010447 0.0008924211983152158
31.066666666666666 -0.11766672511311636 0.0009498816381865449
31.1 -0.19025470173702314 0.0009969616307236029
31.133333333333333 -0.24695112778688255 0.0010452858120532094
31.166666666666668 -0.2980787065762911 0.0010781125587218665
31.2 -0.34048901506701806 0.00109962053414292
31.233333333333334 -0.37333473578532517 0.0011155166289789076
31.266666666666666 -0.3910311456904745 0.0011224232901953513
31.3 -0.3964730297333746 0.0011194298974027683
31.333333333333332 -0.3878015529735717 0.0011091893148930665
31.366666666666667 -0.3655921482143688 0.001093714691766945
31.4 -0.3258972633491211 0.0010729538887694345
31.433333333333334 -0.2765621594767567 0.0010454820199653492
31.466666666666665 -0.2174204166047652 0.0010098403797664246
31.5 -0.14893247546654684 0.0009679866535050596
31.533333333333335 -0.07850399277893683 0.000914014598195248
31.566666666666666 -0.005165605016431072 0.0008536766478926556
31.6 0.06929215191369421 0.0009064123250887984
31.633333333333333 0.14249328372008008 0.0009654580946805991
31.666666666666668 0.20932376074587128 0.0010122830347001621
31.7 0.26910657278868866 0.0010536593583838627
31.733333333333334 0.31594302314820216 0.0010815042093772487
31.766666666666666 0.36731481756752654 0.001116837860834552
31.8 0.37038099008117636 0.0011063291381960272
31.833333333333332 0.39265685946002676 0.0011278877608407178
31.866666666666667 0.3839218540648206 0.0011204326421702104
31.9 0.3636339632311737 0.001111149175015702
31.933333333333334 0.33000313632795797 0.0010952427647941132
31.966666666666665 0.28027900758399243 0.0010579890147620064
32.0 0.2295404666039145 0.001036314001125832
32.03333333333333 0.15620206018713562 0.0009752430365780607
32.06666666666667 0.08496515536094217 0.0009212426110033756
32.1 0.015412253956358148 0.000862668675540806
32.13333333333333 -0.0611075266391713 0.0008981984662881567
32.166666666666664 -0.13244151568576945 0.0009508658340744436
32.2 -0.20038250556549142 0.0009962793493969446
32.233333333333334 -0.26102624784119066 0.0010376475828544063
32.266666666666666 -0.31125394858975575 0.0010684950015449335
32.3 -0.3545939503337086 0.0010894807536720452
32.333333333333336 -0.38296960192691704 0.0011007121663709762
32.36666666666667 -0.3982492296043952 0.001107712279962314
32.4 -0.3992852171050899 0.0011081099351050727
32.43333333333333 -0.38635411890220717 0.0011031037593751125
32.46666666666667 -0.35759113248144403 0.0010878617401425261
32.5 -0.3181154938154015 0.001069021911524859
32.53333333333333 -0.2682767469678751 0.0010413766319230522
32.56666666666667 -0.20693235843062976 0.0010044559288018562
32.6 -0.13684777168721202 0.0009564848694454398
32.63333333333333 -0.06680214295258163 0.0009021374602302124
32.666666666666664 0.004607117281147503 0.0008541878202889602
32.7 0.07933450000388485 0.000917323500791753
32.733333333333334 0.14841222838031543 0.0009677246464388223
32.766666666666666 0.20889198504795367 0.0010095608097802633
32.8 0.2626988241026126 0.0010449365491602136
32.833333333333336 0.30944205836124206 0.001070926683355955
32.86666666666667 0.34407191164290757 0.001090865077289782
32.9 0.364491927215082 0.0011007674577804827
32.93333333333333 0.37167939674231404 0.001105333160759614
32.96666666666667 0.3654149175991218 0.0011022653686582062
33.0 0.3474713218572261 0.0010918684597254757
33.03333333333333 0.3148129128192871 0.0010747827553774791
33.06666666666667 0.2708037864574892 0.0010485593281948646
33.1 0.21710523855716277 0.0010159892576552532
33.13333333333333 0.15568900156760537 0.0009766297035803118
33.166666666666664 0.08906390321483126 0.0009255688817076668
33.2 0.008755159354091858 0.0008594609515862987
33.233333333333334 -0.06398227850179788 0.0009015675356380259
33.266666666666666 -0.1370545514619361 0.0009560951676459706
33.3 -0.2043172814958013 0.0010018843526910792
33.333333333333336 -0.2619630692334648 0.0010391890438491425
33.36666666666667 -0.31459541378299766 0.00106537770631987
33.4 -0.35438768984003866 0.001087150715431584
33.43333333333333 -0.3824092675267364 0.0011030365460795721
33.46666666666667 -0.3962294609147882 0.0011090927690166064
33.5 -0.3959643320640494 0.0011077529868393499
33.53333333333333 -0.3810042299520149 0.0011022920609878306
33.56666666666667 -0.3517975455636047 0.0010869201807675033
33.6 -0.3122912399631823 0.0010663602974444464
33.63333333333333 -0.25884361451599464 0.0010358117421636615
33.666666666666664 -0.19881464789166065 0.000997802614439658
33.7 -0.12591500096162456 0.0009550516782272367
33.733333333333334 -0.05503558409848313 0.0008960130342785672
33.766666666666666 0.015667596284993424 0.0008641231753542013
33.8 0.08727697750052335 0.000922515810352853
33.833333333333336 0.1551689746148822 0.0009730170465406529
33.86666666666667 0.2172450629906816 0.0010164503655586687
33.9 0.27536047028157234 0.001049946782564093
33.93333333333333 0.3188691178994173 0.0010788365293746827
33.96666666666667 0.34684129772029404 0.0010948022998237272
34.0 0.36538127455499947 0.0011048317771383265
34.03333333333333 0.36825060029115486 0.0011053878943604323
34.06666666666667 0.3579379501072678 0.0011016416543352947
34.1 0.33315543805507686 0.001084673374218026
34.13333333333333 0.29677989295520124 0.0010634721915996348
34.166666666666664 0.24929205871159588 0.0010354505747087739
34.2 0.19287861849957555 0.0009992963075759198
34.233333333333334 0.12694468896005123 0.0009523283956254236
34.266666666666666 0.0635679811208907 0.0009059281728558966
34.3 -0.011292797181431299 0.0008657679248089429
34.333333333333336 -0.08548262731753087 0.0009216448768373797
34.36666666666667 -0.15106519670427612 0.0009749927367697087
34.4 -0.21404399747407765 0.0010180984196450915
34.43333333333333 -0.2772838171184247 0.001053078101354854
34.46666666666667 -0.32489712579301566 0.0010759334179289426
34.5 -0.3613357085436895 0.001091163516831195
34.53333333333333 -0.37766480842105743 0.0011179740061071919
34.56666666666667 -0.3870194721394658 0.0011231704972756718
34.6 -0.38754098351923527 0.0011105391724546276
34.63333333333333 -0.36759290073573997 0.0011008928348095193
34.666666666666664 -0.33822272310739343 0.001082615199419934
34.7 -0.2941301819726459 0.0010577453098469247
34.733333333333334 -0.23964639621091888 0.0010271952011672303
34.766666666666666 -0.17775497896248776 0.0009821998101836593
34.8 -0.09870397788452435 0.0009389168747099275
34.833333333333336 -0.03595560146232994 0.0008809318061673357
34.86666666666667 0.03650013872086893 0.0008817362093939407
34.9 0.10718350368442008 0.0009352502135156482
34.93333333333333 0.17349141317022482 0.0009837435440360753
34.96666666666667 0.23463465939055891 0.0010267357992044535
35.0 0.2903104214133121 0.0010673018577234128
35.03333333333333 0.32859663826482993 0.0010883190658739217
35.06666666666667 0.3517876752472395 0.001099997853272583
35.1 0.3658144337960225 0.001105116159410502
35.13333333333333 0.3659333748359489 0.0011046184878792942
35.166666666666664 0.35347013930618276 0.0010967027106847382
35.2 0.3296090335940322 0.0010847568390515705
35.233333333333334 0.29807888292143986 0.0010770306275966757
35.266666666666666 0.24995889107357136 0.0010461331838106103
35.3 0.1882549626705278 0.0010023555258921735
35.333333333333336 0.12918605492541693 0.0009656509097452914
35.36666666666667 0.060499422331917456 0.000915073167787557
35.4 -0.002997652648854722 0.0008657338050640272
35.43333333333333 -0.08161616557406634 0.0009270367505718469
35.46666666666667 -0.15687790958460113 0.0009704582047642685
35.5 -0.22075424826441964 0.0010174882972227295
35.53333333333333 -0.27775520205627086 0.0010452946926447493
35.56666666666667 -0.3194283336479704 0.00108390939594194
35.6 -0.351496759292987 0.0011015998331244115
35.63333333333333 -0.37738292691607206 0.00110868766389155
35.666666666666664 -0.39094942697378543 0.0011073384290062882
35.7 -0.3857492133155551 0.0011040826396840897
35.733333333333334 -0.3666321360908093 0.0010933236934117518
35.766666666666666 -0.33468054709651135 0.0010785837656887565
35.8 -0.2913829838163685 0.0010554525393284275
35.833333333333336 -0.23569638210919788 0.0010223522627230142
35.86666666666667 -0.17284758035968334 0.000981755186574007
35.9 -0.10591559315126728 0.0009351779685643768
35.93333333333333 -0.032360245434286325 0.0008768854849168992
35.96666666666667 0.05255390937259163 0.0009014747177439261
36.0 0.11254835455788569 0.0009424541573046369
36.03333333333333 0.1762313387913374 0.0009878816069399943
36.06666666666667 0.23660100917888474 0.0010293070655651992
36.1 0.2838070774644013 0.0010574176469865249
36.13333333333333 0.32508472539678934 0.0010857111573966405
36.166666666666664 0.34878099707989535 0.0010962489898828087
36.2 0.3619837907571125 0.0011039021966828821
36.233333333333334 0.36146321681054094 0.0010999493169955854
36.266666666666666 0.34756080048421606 0.0010927417354702484
36.3 0.3274448753033511 0.0010878478535334968
36.333333333333336 0.292900536310826 0.001072131538907839
36.36666666666667 0.2321256700081159 0.0010287467883952073
36.4 0.17530919174217746 0.0009884437909533084
36.43333333333333 0.10889096069043863 0.0009372205057004285
36.46666666666667 0.04088674574215741 0.000887053688966799
36.5 -0.0344244378115367 0.0008808725710868284
36.53333333333333 -0.10411695783432023 0.0009362095858256175
36.56666666666667 -0.16994794292448798 0.0009869451504842808
36.6 -0.23641047152333916 0.0010257551986042335
36.63333333333333 -0.28907163906610944 0.001057805791870703
36.666666666666664 -0.3348296271190068 0.0010776779194612285
36.7 -0.36563025813775035 0.001093107187807807
36.733333333333334 -0.384693267467807 0.0011025420005027486
36.766666666666666 -0.38956753043312425 0.0011059429625026596
36.8 -0.3759397574197335 0.0011059468112705195
36.833333333333336 -0.3541878598226704 0.0010931958761420946
36.86666666666667 -0.31841402335863317 0.001076826609549164
36.9 -0.2721693417913322 0.0010466915951464761
36.93333333333333 -0.21906955817176688 0.001012523216339739
36.96666666666667 -0.15186185058579357 0.0009694714282218464
37.0 -0.07678640136276332 0.000921745106074498
37.03333333333333 0.006746330354456876 0.0008734352302242178
37.06666666666667 0.062422312885957995 0.0009105054461508028
37.1 0.147861675680225 0.0009895483814097161
37.13333333333333 0.20295778749645882 0.001020994737325004
37.166666666666664 0.2486892257596292 0.0010460989177438484
37.2 0.29131616591376625 0.0010628955920856664
37.233333333333334 0.3325746794877453 0.0010897843144552222
37.266666666666666 0.35936154178583746 0.0011113368169346494
37.3 0.36373754730295793 0.0011165960604531122
37.333333333333336 0.35949479563126396 0.001105938583250421
37.36666666666667 0.34378569685672533 0.0010946026883931204
37.4 0.31025727544057347 0.0010730284222280617
37.43333333333333 0.27014557470639416 0.0010542117081349667
37.46666666666667 0.2186142684985182 0.0010191852220485798
37.5 0.1586545312918927 0.0009775196590069146
37.53333333333333 0.08982995562778584 0.0009251691210835078
37.56666666666667 0.020546303600139662 0.0008674138369714618
37.6 -0.049106880138564235 0.0008919709590454253
37.63333333333333 -0.11929401010273938 0.0009468646269857883
37.666666666666664 -0.1903407122921816 0.0009943994602918949
37.7 -0.24373966229061614 0.001029810553950239
37.733333333333334 -0.2956451942745715 0.0010617080291103198
37.766666666666666 -0.33589312150051964 0.0010850154518850519
37.8 -0.3625282630036988 0.001100965704611212
37.833333333333336 -0.38089328558654423 0.0011053291450981995
37.86666666666667 -0.3830337217456101 0.0011042115627598048
37.9 -0.3666293345301257 0.0011021809558588447
37.93333333333333 -0.3426048679686739 0.0010853295312949762
37.96666666666667 -0.3029531851211498 0.001064774667294266
38.0 -0.25027261401208284 0.0010388662555907424
38.03333333333333 -0.18966704291547967 0.0010057265992638176
38.06666666666667 -0.13340550501281237 0.0009547298428341511
38.1 -0.06396923081287452 0.0009044644632773824
38.13333333333333 0.007086524878595486 0.0008583049524392905
38.166666666666664 0.07889047880616576 0.0009184474638633394
38.2 0.14562816961519817 0.0009684046584856609
38.233333333333334 0.20580194499425225 0.0010129563440511025
38.266666666666666 0.260282342157259 0.0010414532217519756
38.3 0.3003835125453423 0.0010652666959662938
38.333333333333336 0.33230315714170955 0.0010828395548571623
38.36666666666667 0.3494224067918463 0.0010938187294141088
38.4 0.35817668438921474 0.001100293941126762
38.43333333333333 0.3490264605116387 0.001095020534880864
38.46666666666667 0.3288786793313068 0.0010846814518391534
38.5 0.297724396881656 0.0010656887484049027
38.53333333333333 0.2554442809632597 0.001042696424839784
38.56666666666667 0.19742092015912635 0.0010011248935376804
38.6 0.14162935685546119 0.0009725589349910135
38.63333333333333 0.07135045570887556 0.0009154353998528098
38.666666666666664 -0.0017194707372557877 0.0008565798256661365
38.7 -0.06707398191225891 0.0009152727577865366
38.733333333333334 -0.13495411718859823 0.0009647694905643434
38.766666666666666 -0.18663788358908398 0.0010178545286651797
38.8 -0.252712598693682 0.0010502599684882319
38.833333333333336 -0.2968395670250365 0.0010810761365547816
38.86666666666667 -0.3356499339968657 0.0011008119698726615
38.9 -0.35966948506135693 0.0011146332598164221
38.93333333333333 -0.37073483019000364 0.001115733654607931
38.96666666666667 -0.3649873658468702 0.0011207744292340283
39.0 -0.3499152415161824 0.0011027913520582078
39.03333333333333 -0.3290383788470301 0.0010837883180304653
39.06666666666667 -0.28605446081381736 0.0010633633501343498
39.1 -0.23716791198622067 0.0010305846833730536
39.13333333333333 -0.17962023352812453 0.000990861989899422
39.166666666666664 -0.11054504108978841 0.0009475168076308049
39.2 -0.03909777762645808 0.000889985737440202
39.233333333333334 0.028423859589674704 0.0008757544134740912
39.266666666666666 0.10202938374448282 0.000940649306284902
39.3 0.1672616590476022 0.0009891174760995047
39.333333333333336 0.2257721274946401 0.0010316434020489207
39.36666666666667 0.2740104038856043 0.0010543261117820224
39.4 0.31785073178676354 0.0010791969291149561
39.43333333333333 0.34134097692909815 0.0010926996322516147
39.46666666666667 0.3537118945710446 0.001099113061434398
39.5 0.3591857986451044 0.0011053122630132473
39.53333333333333 0.34627673613990917 0.0010951165667064111
39.56666666666667 0.3238035739008741 0.0010836497563339598
39.6 0.28353895213478025 0.0010592947707163125
39.63333333333333 0.23569156657733012 0.001026050182717897
39.666666666666664 0.18388230177364082 0.000999093530156342
39.7 0.12209826698799418 0.0009531047235187134
39.733333333333334 0.05825850575854514 0.0009083258593876042
39.766666666666666 -0.010652686191776187 0.0008662569103142833
39.8 -0.07999446925558648 0.0009285797148707031
39.833333333333336 -0.14879991606826887 0.0009792204385057346
39.86666666666667 -0.21802303297172237 0.00101265346852622
39.9 -0.26521174669247466 0.0010517693699556019
39.93333333333333 -0.3123185508006804 0.0010767165745254603
39.96666666666667 -0.3472227633998595 0.0010928223142513405
40.0 -0.368146696826905 0.0011011558033833246
40.03333333333333 -0.37825444343604747 0.0011011750257383657
40.06666666666667 -0.3720445352508355 0.0010990229882045788
40.1 -0.3513683505425815 0.0010951282427567044
40.13333333333333 -0.3117180467924003 0.00107882269186238
40.166666666666664 -0.26551927798875236 0.001057907836642391
40.2 -0.21852127943258406 0.0010211228825980634
40.233333333333334 -0.15412755037218523 0.0009781377324629692
40.266666666666666 -0.08532799579062345 0.000931140020540247
40.3 -0.01775162886069941 0.0008725982180514194
40.333333333333336 0.05141804795883049 0.0009023007404101724
40.36666666666667 0.1146874946352177 0.0009491616819880533
40.4 0.17556090599656193 0.0009888552571343523
40.43333333333333 0.23013561748139671 0.0010281575482102845
40.46666666666667 0.28029354323480304 0.0010565940923876194
40.5 0.317051909611554 0.0010788342203677526
40.53333333333333 0.33790671442650744 0.001093743666170155
40.56666666666667 0.35512148863081433 0.0011015776408020428
40.6 0.3534052182941368 0.0011006222964651258
40.63333333333333 0.3415300716257795 0.0010953894173159617
40.666666666666664 0.31616922923593865 0.0010823045689404842
40.7 0.2813379159006437 0.0010645052849660441
40.733333333333334 0.23122101740905876 0.0010288459335498212
40.766666666666666 0.17184228932020965 0.0009946981246887199
40.8 0.09349148647415355 0.0009311916208372822
40.833333333333336 0.02528813889034317 0.0008753846520904822
40.86666666666667 -0.044486126765059156 0.0008918116877700485
40.9 -0.11489856676921614 0.0009477985138563322
40.93333333333333 -0.18065279833982212 0.0009893844149058695
40.96666666666667 -0.23909747712917917 0.0010279232632797175
41.0 -0.2881683197127212 0.0010540914320475991
41.03333333333333 -0.32787705474127504 0.0010764385261340381
41.06666666666667 -0.3565650822292911 0.0010900505060928989
41.1 -0.36752342882009004 0.0011104789581078967
41.13333333333333 -0.37241421854784396 0.001104825416827715
41.166666666666664 -0.36132121639150283 0.0011012367415919044
41.2 -0.3380440425734499 0.0010857093870180745
41.233333333333334 -0.3031663682954903 0.0010699981511846923
41.266666666666666 -0.24987687164981934 0.0010498691966445428
41.3 -0.19735855178623 0.0010035411623868506
41.333333333333336 -0.13420651852809626 0.0009579758567564989
41.36666666666667 -0.0661462043799737 0.0009099585897911211
41.4 0.0002169411099533751 0.0008522796038936028
41.43333333333333 0.07082028092480715 0.0009169401313014747
41.46666666666667 0.13870931742493456 0.0009660962145076057
41.5 0.1947767500364656 0.001004308014044386
41.53333333333333 0.24983434740072688 0.0010403444991594346
41.56666666666667 0.2954397764000064 0.001068921284318236
41.6 0.3263962167850936 0.0010841346693412635
41.63333333333333 0.3479087672033121 0.0010961385368904453
41.666666666666664 0.3531930412067657 0.0011001928923561888
41.7 0.3477600809144639 0.0010979412436807334
41.733333333333334 0.3324009887406889 0.001089875469159729
41.766666666666666 0.2960916871710472 0.0010667432466479054
41.8 0.26081548381612163 0.0010514736506292421
41.833333333333336 0.20934998883452063 0.0010177167599298709
41.86666666666667 0.14724424494092225 0.0009707042769674379
41.9 0.09105073152307372 0.000935418167541141
41.93333333333333 0.021189310418436535 0.0008785304258797262
41.96666666666667 -0.0525999022858082 0.0008980545330871878
42.0 -0.12467511764626045 0.0009480029936114048
