0.0 0.4296769862163964 0.0009629875639261543
0.03333333333333333 0.37265791584265023 0.0009411294656990199
0.06666666666666667 0.3047877542513285 0.0009110046833936125
0.1 0.22794350079824746 0.0008806292625864187
0.13333333333333333 0.1419178824176271 0.0008297108814681597
0.16666666666666666 0.05197064666641098 0.0007674500082641075
0.2 -0.03735752915238947 0.0007509887797948964
0.23333333333333334 -0.12664767806487265 0.0008138878858062193
0.26666666666666666 -0.2153324669101692 0.0008630461707275494
0.3 -0.29246352799561043 0.00090833443445415
0.3333333333333333 -0.3619552941568329 0.0009333932382443733
0.36666666666666664 -0.4219423409651837 0.000955452990016481
0.4 -0.4678570166908019 0.0009758692290811055
0.43333333333333335 -0.49437667233077 0.0009883601684435583
0.4666666666666667 -0.5160565037744681 0.0009840418563348274
0.5 -0.5173577710485265 0.0009821945921352215
0.5333333333333333 -0.5028837132994689 0.000977366525956369
0.5666666666666667 -0.4712413566605593 0.0009721798088435096
0.6 -0.42564455787006156 0.0009527136991522855
0.6333333333333333 -0.3652517159305116 0.0009315466960601038
0.6666666666666666 -0.2980653358336308 0.0009015927354638631
0.7 -0.21987730281140924 0.000861322929787911
0.7333333333333333 -0.1355959501845448 0.0008141710892839993
0.7666666666666667 -0.04480292898115605 0.0007541540503389274
0.8 0.04336546762105928 0.0007546028902573748
0.8333333333333334 0.13356569671947818 0.0008169506952381
0.8666666666666667 0.21706469816933896 0.0008650624075552116
0.9 0.2959086284468294 0.0009066495224895887
0.9333333333333333 0.365021014626258 0.0009411832849116619
0.9666666666666667 0.4201113033969614 0.0009643882845276064
1.0 0.4732733455831895 0.0009846237297077565
1.0333333333333334 0.502418478935299 0.0009907515632383568
1.0666666666666667 0.5178894425373118 0.0009981088085945222
1.1 0.5127489313001057 0.0009953285966876058
1.1333333333333333 0.4986775623138285 0.000992820634589553
1.1666666666666667 0.4650832244028568 0.0009771051211434623
1.2 0.4241436867571407 0.0009644834022918825
1.2333333333333334 0.3660108460050151 0.0009396571755065919
1.2666666666666666 0.3001203920357205 0.0009104271261756725
1.3 0.2215742073044203 0.0008691488088336807
1.3333333333333333 0.13356441106351363 0.0008124625125362495
1.3666666666666667 0.04912970908302053 0.0007608484917165509
1.4 -0.03338219930048222 0.0007576321192082416
1.4333333333333333 -0.12714322688242777 0.0008097662109734227
1.4666666666666666 -0.20999226985239997 0.0008580723051661299
1.5 -0.2896344339755319 0.0008969716309740194
1.5333333333333334 -0.36120927777302686 0.0009241722081254067
1.5666666666666667 -0.41748249584336516 0.0009483920221030617
1.6 -0.4632465870743041 0.0009629112739008017
1.6333333333333333 -0.49421254058271974 0.0009869771642163627
1.6666666666666667 -0.5081590267389845 0.0009923169723471403
1.7 -0.5063003842622942 0.0009920817102407886
1.7333333333333334 -0.4931436790902221 0.0009842045338828154
1.7666666666666666 -0.46189099305387893 0.0009719242383878779
1.8 -0.4202956060045056 0.0009547768227380904
1.8333333333333333 -0.3609539858441011 0.0009392787820022841
1.8666666666666667 -0.2915222761376346 0.0009059582181237813
1.9 -0.21151660484221807 0.0008615381994115379
1.9333333333333333 -0.12723543038978782 0.000810118781093494
1.9666666666666666 -0.03768920581006122 0.0007506863647442352
2.0 0.055342352700827574 0.0007750401541386231
2.033333333333333 0.14408954473022628 0.0008355184991640507
2.066666666666667 0.2261279727948832 0.0008835398921843152
2.1 0.29972609805066797 0.0009105705462035818
2.1333333333333333 0.3656417976456501 0.0009424421134210936
2.1666666666666665 0.4192475313540618 0.0009605198018047822
2.2 0.46165220954165437 0.0009848697942529405
2.2333333333333334 0.4899852369456578 0.0009966851605628935
2.2666666666666666 0.5047793565722817 0.0010077930393055379
2.3 0.5032312369140921 0.0009989611310360358
2.3333333333333335 0.4871277174523105 0.0009851317111317925
2.3666666666666667 0.45709071159467946 0.0009735505895240859
2.4 0.41684808018149117 0.0009638682823121525
2.433333333333333 0.3584470954015438 0.0009355083130285213
2.466666666666667 0.2902240331608898 0.0009088106999793899
2.5 0.21381891102822323 0.0008673622496762345
2.533333333333333 0.1316246189769669 0.000815445806818027
2.566666666666667 0.041940336500273775 0.0007536377277132036
2.6 -0.04712817339277482 0.0007548006851319025
2.6333333333333333 -0.13531548537077911 0.0008098753504075795
2.6666666666666665 -0.21963153397689944 0.0008563639028361381
2.7 -0.2949564701026015 0.000897329894386456
2.7333333333333334 -0.3611878302884331 0.000927969218186997
2.7666666666666666 -0.41829534824895603 0.0009487794305118591
2.8 -0.4615328393831115 0.000960929297881219
2.8333333333333335 -0.49181684602453357 0.0009763543728973367
2.8666666666666667 -0.5064577440493871 0.000978964439614094
2.9 -0.5062470591722888 0.0009792041579569366
2.933333333333333 -0.4896321796003342 0.0009783743396586941
2.966666666666667 -0.4571191437315037 0.0009682477920448518
3.0 -0.41061728483016746 0.0009514348795936489
3.033333333333333 -0.3527102017554205 0.0009279385274829077
3.066666666666667 -0.2817185204080121 0.0008947923648487399
3.1 -0.2087469191658478 0.0008582215357924861
3.1333333333333333 -0.11908988270292334 0.0008041463660997394
3.1666666666666665 -0.03353631065798919 0.0007492686380515118
3.2 0.05299950468935549 0.0007628530945223491
3.2333333333333334 0.14558388005790135 0.000833386497968297
3.2666666666666666 0.23207733758413085 0.0008767259375860037
3.3 0.29919423642013193 0.0009094669519827958
3.3333333333333335 0.36376019358084377 0.0009397522624861598
3.3666666666666667 0.4198466752815942 0.0009737534359631761
3.4 0.45853118517551084 0.0009759332100290896
3.433333333333333 0.48558251050622464 0.0009983404625076298
3.466666666666667 0.4981571541276548 0.0010092678126122356
3.5 0.49643246421560455 0.0009961479698893938
3.533333333333333 0.4806872904665574 0.0009921410430251965
3.566666666666667 0.45068008541796817 0.0009716664934129038
3.6 0.4060978692692304 0.0009565675365695303
3.6333333333333333 0.34627080491944434 0.0009311635208203439
3.6666666666666665 0.2815649101884302 0.000902563577205362
3.7 0.2040592356168681 0.0008563014841502792
3.7333333333333334 0.1212468537699957 0.0008062128650132422
3.7666666666666666 0.03288429064156596 0.0007466652972809851
3.8 -0.05129450810175943 0.000756947376669384
3.8333333333333335 -0.13681083657594212 0.0008193504232985871
3.8666666666666667 -0.21871436374112768 0.0008631401641683023
3.9 -0.2950037936166314 0.0009099724462251491
3.933333333333333 -0.36208090868175774 0.0009353710329893516
3.966666666666667 -0.41503340607390454 0.0009579405490414139
4.0 -0.4600043396640807 0.0009649871453630277
4.033333333333333 -0.49034358676596823 0.000991766978417019
4.066666666666666 -0.500666392521405 0.0009927420161817135
4.1 -0.4968458843181359 0.0009847137638060999
4.133333333333334 -0.4804963249260093 0.0009773025343929875
4.166666666666667 -0.4472507315539852 0.0009672422474904518
4.2 -0.40186639969137705 0.0009533667089518527
4.233333333333333 -0.34468831846418874 0.0009258659371640388
4.266666666666667 -0.27227903421962707 0.0008936757789603789
4.3 -0.19372871069040185 0.000855950108904241
4.333333333333333 -0.11354235032048994 0.0008005578503753052
4.366666666666666 -0.02772113507272403 0.000742273685827969
4.4 0.05724326504974828 0.0007689465591266473
4.433333333333334 0.14584724776444283 0.0008220835934243942
4.466666666666667 0.23042896807974855 0.0008775698718619662
4.5 0.2992109383454397 0.0009130105676288802
4.533333333333333 0.363625579174507 0.0009445972655874324
4.566666666666666 0.41452098938120047 0.00096468476941175
4.6 0.4556057539209026 0.0009848243243478771
4.633333333333334 0.4808039846320894 0.0009838670500127433
4.666666666666667 0.4926920876473166 0.000990620343747417
4.7 0.49211192437318335 0.000992406719849237
4.733333333333333 0.4753909207109175 0.000994123030167826
4.766666666666667 0.44276293570670233 0.0009668260291296749
4.8 0.3972129999470028 0.0009511527942641096
4.833333333333333 0.34632830906033196 0.0009393179835128218
4.866666666666666 0.27853276328816023 0.0009042251887793618
4.9 0.19820335991657478 0.0008552016091172288
4.933333333333334 0.1122600141785834 0.0008003539033320656
4.966666666666667 0.024502585007415853 0.0007493793865112688
5.0 -0.05712120022389724 0.0007651527783803028
5.033333333333333 -0.14620946288121092 0.0008200753040992492
5.066666666666666 -0.2248429819342347 0.0008638830340669534
5.1 -0.2954924766406772 0.0009012867767808075
5.133333333333334 -0.3619879276070271 0.0009263669537370456
5.166666666666667 -0.4112992555841194 0.0009522867351954845
5.2 -0.4536835417049655 0.0009691107126877929
5.233333333333333 -0.4804190171540759 0.0009766132471590305
5.266666666666667 -0.496103619742164 0.0009750039688946055
5.3 -0.4926944773423903 0.0009788571796761625
5.333333333333333 -0.47468868943641807 0.0009776788233907263
5.366666666666666 -0.4403936227665046 0.0009678850299992825
5.4 -0.39372959943130675 0.0009487529102178427
5.433333333333334 -0.3352050914206331 0.0009273651918760284
5.466666666666667 -0.26762042771036754 0.0008984124546045358
5.5 -0.1892288015307093 0.0008541766991383148
5.533333333333333 -0.10633460567564669 0.0008019383550666587
5.566666666666666 -0.01987994113591814 0.0007399580836477994
5.6 0.06647520076782898 0.0007700648716851
5.633333333333334 0.14988295713476474 0.0008226047797370295
5.666666666666667 0.23011839917995272 0.0008701984751559311
5.7 0.302969191539423 0.00092125035835533
5.733333333333333 0.3661529259604783 0.0009421829662907832
5.766666666666667 0.4165699720211361 0.0009647299009026833
5.8 0.45416784929633747 0.0009713596507688327
5.833333333333333 0.47713186111046857 0.00098381358130617
5.866666666666666 0.48641030702030996 0.00098588690285073
5.9 0.4829541879241461 0.0009902534741588198
5.933333333333334 0.46504990501215243 0.0009759474324309014
5.966666666666667 0.4439486776677856 0.0009778792947292003
6.0 0.3891175328721505 0.0009526182514617565
6.033333333333333 0.3299470842501035 0.0009214238766545035
6.066666666666666 0.2610041336718131 0.0008923749406691828
6.1 0.18557411078401317 0.0008493243462869837
6.133333333333334 0.10610595060719695 0.0008027320974475088
6.166666666666667 0.018264619434588552 0.0007400793704859451
6.2 -0.06562149497219588 0.0007762150699780757
6.233333333333333 -0.1511220370143451 0.0008293037104309953
6.266666666666667 -0.22921640619037878 0.0008734194993464672
6.3 -0.3003815058140361 0.000911193019584644
6.333333333333333 -0.36446372845811453 0.0009421374749624123
6.366666666666666 -0.4166193207687278 0.0009568647272014674
6.4 -0.4562201008278906 0.0009659958222523746
6.433333333333334 -0.47780483479533586 0.0009827838292178481
6.466666666666667 -0.4894735206858802 0.0009877669144365275
6.5 -0.48721559461586 0.00098228712477888
6.533333333333333 -0.4659528142436773 0.000971890848585566
6.566666666666666 -0.4321975902722619 0.0009618644852463776
6.6 -0.3835595274675163 0.000941267490878861
6.633333333333334 -0.3239872705177078 0.0009192351624402462
6.666666666666667 -0.24852951590625091 0.0008880684934605421
6.7 -0.17393903895684293 0.0008412673430220896
6.733333333333333 -0.09170448616379094 0.0007894327437491383
6.766666666666667 -0.009731703182588855 0.0007328987764833681
6.8 0.07621422835563418 0.0007836745195334838
6.833333333333333 0.1597719782344952 0.0008374518524395247
6.866666666666666 0.23286668675016778 0.0008770469876929754
6.9 0.30772451793481626 0.0009145872327452342
6.933333333333334 0.37818431269075364 0.0009525229805988911
6.966666666666667 0.4140833716835073 0.0009569651544731328
7.0 0.4512167628935998 0.0009719548716344284
7.033333333333333 0.47246918316297515 0.0009753837008252275
7.066666666666666 0.48337719279188757 0.0009831335445619205
7.1 0.4760121460561766 0.000981803675534909
7.133333333333334 0.45549283019059844 0.0009712154760849745
7.166666666666667 0.4248207277067274 0.0009654650846320223
7.2 0.3772482309323524 0.0009497312514856193
7.233333333333333 0.31815337532192917 0.0009210819605598441
7.266666666666667 0.2490690930744237 0.0008853144929384105
7.3 0.1739569512377133 0.0008488088789169179
7.333333333333333 0.09450546876513813 0.0007937457320843361
7.366666666666666 0.014182296205335988 0.0007402033348281756
7.4 -0.0697943951034343 0.0007741379066566884
7.433333333333334 -0.15152140604790418 0.0008297470256850015
7.466666666666667 -0.2295329362574568 0.00088160887552724
7.5 -0.30283689992701884 0.0009093096372047027
7.533333333333333 -0.3634973504482235 0.0009314518468078736
7.566666666666666 -0.4167265532158261 0.000955016741725323
7.6 -0.4507453771083263 0.0009652147013131107
7.633333333333334 -0.4764247907545641 0.0009714802259394029
7.666666666666667 -0.484200110317265 0.0009889210050791353
7.7 -0.47780475993521354 0.000982604469968007
7.733333333333333 -0.4578621626025633 0.0009768604889050514
7.766666666666667 -0.421425541425788 0.0009681930777312719
7.8 -0.37606945653230756 0.0009439580367160416
7.833333333333333 -0.3141987255427309 0.000926136758493179
7.866666666666666 -0.2455758557781485 0.0008847595544464182
7.9 -0.16706590192916976 0.0008388962801012256
7.933333333333334 -0.08432319344857292 0.0007865374342243131
7.966666666666667 -0.0023555338712298868 0.0007290313451323578
8.0 0.08126976538855663 0.0007789993991242361
8.033333333333333 0.16791192776777944 0.0008408221445097563
8.066666666666666 0.23774154781743562 0.0008793214353301493
8.1 0.30797757238777135 0.0009136076889934563
8.133333333333333 0.3659563431593387 0.0009435882802589779
8.166666666666666 0.4151066835943709 0.0009571717912092992
8.2 0.45966716755405784 0.0009820916776077104
8.233333333333333 0.47313918302284247 0.0009786790589008665
8.266666666666667 0.47791034070326893 0.0009817446127645124
8.3 0.47114172287582473 0.0009792615124015192
8.333333333333334 0.4486196199934736 0.0009688974574537101
8.366666666666667 0.41585246581919477 0.0009578351358411896
8.4 0.365574533362245 0.0009388182500202347
8.433333333333334 0.30738505036213093 0.0009160184186181031
8.466666666666667 0.24434875817270849 0.0008802812766749157
8.5 0.16666288713758245 0.0008399926693381798
8.533333333333333 0.08378945711183887 0.0007871842169789312
8.566666666666666 0.0013700451859063613 0.0007325730144180291
8.6 -0.08304840032743693 0.0007821931877257521
8.633333333333333 -0.16526713270296814 0.000830874245368235
8.666666666666666 -0.24265663015826452 0.0008716241809284542
8.7 -0.31098148977245077 0.0009171302595685216
8.733333333333333 -0.36835387425497174 0.0009460404758008245
8.766666666666667 -0.4165023216905231 0.0009670789544650726
8.8 -0.4506235588326589 0.0009781890481329047
8.833333333333334 -0.47336028619372356 0.0009877802404582026
8.866666666666667 -0.4816624737924911 0.0009896742104417156
8.9 -0.4696186446921862 0.000983637133789128
8.933333333333334 -0.4449469828645888 0.0009803148053961763
8.966666666666667 -0.4119790252242627 0.0009532641353774962
9.0 -0.36451099628717615 0.0009338180480487623
9.033333333333333 -0.30192414962635 0.00090060389178509
9.066666666666666 -0.23402832413540475 0.0008754833921681693
9.1 -0.15882517149886363 0.0008271825271182198
9.133333333333333 -0.07418716117960121 0.0007730609249516629
9.166666666666666 0.00777331655115863 0.0007368779900138057
9.2 0.0901368119561183 0.0007882487726293963
9.233333333333333 0.1717698702199579 0.0008391890444954531
9.266666666666667 0.24638744623227518 0.0008768370777014478
9.3 0.3119225750554885 0.0009199657157875629
9.333333333333334 0.36945708562324897 0.0009495332599487316
9.366666666666667 0.4145216274271686 0.0009673346360938861
9.4 0.44587519907094325 0.0009686089978698798
9.433333333333334 0.4653242711928261 0.0009743471652909896
9.466666666666667 0.47196342348796483 0.000983235529168014
9.5 0.4609892919544558 0.0009764640719073792
9.533333333333333 0.43892425607610536 0.0009646088585328894
9.566666666666666 0.4028731645625289 0.0009534286233853217
9.6 0.3540103241636418 0.0009324150290538902
9.633333333333333 0.2964521411698957 0.0009064169732936334
9.666666666666666 0.22888906235130443 0.0008737909867139182
9.7 0.1506877447145204 0.0008258911802681568
9.733333333333333 0.07218621426998915 0.0007786220023198315
9.766666666666667 -0.00917605289756203 0.0007326023497515669
9.8 -0.09540609887424949 0.0007864059055600892
9.833333333333334 -0.17354262267501094 0.0008331627825260701
9.866666666666667 -0.24217563733915073 0.0008780536999026256
9.9 -0.3112314000651141 0.0009154421584269823
9.933333333333334 -0.36668483803306823 0.0009403143088179133
9.966666666666667 -0.41664937492846355 0.0009518918131930509
10.0 -0.4519558858138682 0.0009643896927885032
10.033333333333333 -0.47141785771991246 0.0009758836892337919
10.066666666666666 -0.4760795932928924 0.0009715077098646496
10.1 -0.4650140823794702 0.0009656594045877043
10.133333333333333 -0.43933109480142446 0.0009592621941738599
10.166666666666666 -0.40434306495876693 0.0009461048392946925
10.2 -0.3542387823151031 0.0009251603415238452
10.233333333333333 -0.29010405005317674 0.0008948026593297853
10.266666666666667 -0.22229771266806836 0.0008635304616878559
10.3 -0.14155343671633852 0.000820352482039266
10.333333333333334 -0.0623190595331623 0.0007749093072662444
10.366666666666667 0.01880184023189795 0.0007434480545671467
10.4 0.09941523216909905 0.0007960463472943685
10.433333333333334 0.1773250416753494 0.0008554179977668941
10.466666666666667 0.2511561567694392 0.0008921336123741685
10.5 0.31624038902063123 0.0009237208740590086
10.533333333333333 0.3718575344079711 0.0009501787654550009
10.566666666666666 0.4139891577594795 0.0009601239419017582
10.6 0.4432725589205879 0.000966028127521279
10.633333333333333 0.4603378201068799 0.0009747502751021875
10.666666666666666 0.4641439610152374 0.000977227718063245
10.7 0.45371934544958975 0.000974802108733186
10.733333333333333 0.4306660597675393 0.0009639220768480894
10.766666666666667 0.3895046087058796 0.0009483574884223689
10.8 0.3452651463927728 0.0009282198630655714
10.833333333333334 0.2853651491768575 0.0009049251044636608
10.866666666666667 0.2243333673231784 0.0008774777241409293
10.9 0.14259930186636335 0.0008309744136748842
10.933333333333334 0.060890842066803355 0.0007785632401505621
10.966666666666667 -0.02415598676435959 0.0007458902326944947
11.0 -0.10493195567337041 0.0007960196926077162
11.033333333333333 -0.18457946019200472 0.0008436731391026075
11.066666666666666 -0.2560833795248534 0.00087888792912727
11.1 -0.3196140711547223 0.0009101023260836283
11.133333333333333 -0.3733972787537851 0.0009349675354268783
11.166666666666666 -0.4180104173328094 0.0009521727810143377
11.2 -0.44694882650598067 0.0009630710724661262
11.233333333333333 -0.46651501999567097 0.0009665638254302555
11.266666666666667 -0.46559810720247236 0.0009726908912084942
11.3 -0.4567927800050006 0.0009672395025898672
11.333333333333334 -0.43122185702937854 0.0009670149868099553
11.366666666666667 -0.3912392034065632 0.0009451333886852376
11.4 -0.34012275529664254 0.0009231982392087223
11.433333333333334 -0.27959333272245673 0.0008930120290866483
11.466666666666667 -0.20676837776432222 0.0008569533505391191
11.5 -0.13163532056113725 0.0008128396053011522
11.533333333333333 -0.05061516777722559 0.0007650830663806577
11.566666666666666 0.030431747734272326 0.0007528680146150803
11.6 0.11207672176392455 0.0008098456303853446
11.633333333333333 0.1943699659487547 0.000854451179178789
11.666666666666666 0.25469911418190855 0.0008858522988623441
11.7 0.3175605773086552 0.0009255651499454065
11.733333333333333 0.3740309279212387 0.0009464809905701532
11.766666666666667 0.41487525888009774 0.0009566929912419586
11.8 0.447997792776073 0.0009765621432510363
11.833333333333334 0.4566628096393508 0.0009777289709002601
11.866666666666667 0.4583912433350147 0.0009789682199061733
11.9 0.444024114077215 0.0009669065663453491
11.933333333333334 0.41962943255052393 0.0009578501616934187
11.966666666666667 0.3800524509543792 0.0009422642107845824
12.0 0.33248692199860663 0.0009262184457703992
12.033333333333333 0.26890565901050656 0.0008909627449149582
12.066666666666666 0.19983058186863148 0.0008555810281317688
12.1 0.12433152326549167 0.0008100714184840901
12.133333333333333 0.048665276403004894 0.0007678727562474563
12.166666666666666 -0.03205907152291027 0.0007500050272566325
12.2 -0.11515961312520155 0.000803325766268001
12.233333333333333 -0.19400819519016968 0.0008474825150662779
12.266666666666667 -0.2654262258875861 0.0008847346995063399
12.3 -0.3274539577601927 0.0009140869848353605
12.333333333333334 -0.3782566300869658 0.0009410523960869943
12.366666666666667 -0.4205664306860758 0.0009591415586174823
12.4 -0.4467071319903111 0.0009691978470491858
12.433333333333334 -0.46344527456606216 0.0009738282850849656
12.466666666666667 -0.46406367140960075 0.0009697752025139561
12.5 -0.4510341878331457 0.0009655573193909084
12.533333333333333 -0.4216502989462957 0.000953475895194511
12.566666666666666 -0.37645492574639206 0.0009412722296779363
12.6 -0.32856091244710195 0.0009139281891624718
12.633333333333333 -0.26455777576072514 0.0009014737859542876
12.666666666666666 -0.1949622075374091 0.0008598433984627618
12.7 -0.12064126440888785 0.0008084400583118767
12.733333333333333 -0.03675069975310763 0.0007507587200667326
12.766666666666667 0.04198895203837265 0.0007539924736600367
12.8 0.12068142446538956 0.0008057630353474898
12.833333333333334 0.19884971136042617 0.0008510587787336488
12.866666666666667 0.2669604480098198 0.0008961178826534799
12.9 0.33233568450782447 0.0009336362716445001
12.933333333333334 0.3848303826296202 0.0009667776436363962
12.966666666666667 0.41977942111001154 0.0009734973131396707
13.0 0.4397563298950349 0.0009692325330508678
13.033333333333333 0.4514996806533671 0.0009750974362947029
13.066666666666666 0.45066193741003213 0.0009710662238867074
13.1 0.43512835358647656 0.0009641165549256758
13.133333333333333 0.41245650911490184 0.0009626722849443436
13.166666666666666 0.3726560476506575 0.0009484369218433764
13.2 0.31838981654674814 0.0009248491863945163
13.233333333333333 0.2608605520252211 0.0008948671218992899
13.266666666666667 0.18811377195121498 0.0008519702091067394
13.3 0.10730619659686617 0.0008005607258140812
13.333333333333334 0.028667809721055617 0.0007457817374225129
13.366666666666667 -0.048782055150239596 0.000756216408025305
13.4 -0.12757434256887182 0.000806042591652012
13.433333333333334 -0.20066385990919897 0.0008544705234272698
13.466666666666667 -0.2641653512706332 0.0008977399972227573
13.5 -0.3312211419157078 0.0009155833313500561
13.533333333333333 -0.38248256190156016 0.0009387038482666643
13.566666666666666 -0.422496397709118 0.0009547588664221562
13.6 -0.4484672886059049 0.0009600396075547524
13.633333333333333 -0.461192074749627 0.0009775053257856658
13.666666666666666 -0.458039301212834 0.0009712189966607498
13.7 -0.4425001324587746 0.0009647965618876375
13.733333333333333 -0.41301183009994324 0.0009500404073943813
13.766666666666667 -0.36716139450126634 0.0009369727800402905
13.8 -0.3150177310460036 0.0009104109689398454
13.833333333333334 -0.2516233209492846 0.0008778772229925402
13.866666666666667 -0.17852826001120142 0.0008486283197841615
13.9 -0.10513251973716485 0.000800634471032069
13.933333333333334 -0.017557706760504367 0.0007474251503080433
13.966666666666667 0.06043731785898395 0.0007722317861543274
14.0 0.13459748868412105 0.000814232612689314
14.033333333333333 0.20992114484579194 0.000860582174526836
14.066666666666666 0.27321692163895056 0.0008959616312669838
14.1 0.3322978374282974 0.0009255841893706651
14.133333333333333 0.3805835608793011 0.0009499538593218393
14.166666666666666 0.4149675808472406 0.0009720608968569744
14.2 0.4383634958768895 0.0009816270223853563
14.233333333333333 0.44669986425069236 0.0009717186992683202
14.266666666666667 0.44425232859132696 0.0009678878887702247
14.3 0.4291111467078938 0.0009621397396836762
14.333333333333334 0.3991136385015467 0.000953302816878443
14.366666666666667 0.3579226475523385 0.0009490122895894348
14.4 0.3062362385616873 0.000920740027588629
14.433333333333334 0.2483709721931609 0.0008915826067946997
14.466666666666667 0.1740645607088135 0.000846786785875353
14.5 0.09489148894765462 0.0007902803983837747
14.533333333333333 0.01686513895350202 0.0007342030124172505
14.566666666666666 -0.061494660145452296 0.0007644185821721258
14.6 -0.14219876468858283 0.0008157651922540976
14.633333333333333 -0.21405515251692864 0.0008544512474532029
14.666666666666666 -0.28030377153667185 0.0008905351392456962
14.7 -0.33684443723118457 0.0009178971683080905
14.733333333333333 -0.38516014744031113 0.0009414519929549225
14.766666666666667 -0.42280068059137377 0.0009596500170240274
14.8 -0.4459589101171481 0.000967709430000574
14.833333333333334 -0.45524403711596634 0.0009735923723382389
14.866666666666667 -0.4501611122592331 0.0009704273799659435
14.9 -0.43242704905138757 0.0009628326386723063
14.933333333333334 -0.40040716364213114 0.0009460993016161545
14.966666666666667 -0.3506155033350053 0.000935227643398373
15.0 -0.29992471859687997 0.0009035635808040676
15.033333333333333 -0.23544578818734102 0.0008758932502891947
15.066666666666666 -0.16467689036395966 0.0008351431888953542
15.1 -0.09003972581829431 0.0007916360139863382
15.133333333333333 -0.009241392447101251 0.0007350825770602362
15.166666666666666 0.06728954749761377 0.000772162727429096
15.2 0.14619787437742054 0.0008267747753258059
15.233333333333333 0.21941750163894203 0.0008750201132843305
15.266666666666667 0.28276286600126876 0.0008964472047383598
15.3 0.3373406732718718 0.0009255134899675554
15.333333333333334 0.3828105685577044 0.0009452558724384885
15.366666666666667 0.4148031104518784 0.0009575750215564116
15.4 0.43526538032376255 0.000969079702535347
15.433333333333334 0.4428700396292688 0.0009726746119750329
15.466666666666667 0.4396465428669731 0.0009752316724588872
15.5 0.420578244296733 0.0009639831739425841
15.533333333333333 0.38818886791283036 0.0009540964755784809
15.566666666666666 0.3434687653666864 0.0009323077362707322
15.6 0.2891887612792261 0.0009066950419987507
15.633333333333333 0.22539049852733972 0.0008688652596840485
15.666666666666666 0.1568441910672625 0.0008407313699262675
15.7 0.08465128439382075 0.0007888624367324293
15.733333333333333 0.0030274755446636614 0.000728434027176688
15.766666666666667 -0.07141225801520858 0.0007771461698675985
15.8 -0.1498701798387439 0.0008290292881508177
15.833333333333334 -0.22251934492614842 0.0008714204181435314
15.866666666666667 -0.2874791002681202 0.0009075368357132629
15.9 -0.3448724951773727 0.0009225420054000399
15.933333333333334 -0.38893864334872413 0.0009532215138282618
15.966666666666667 -0.4238339490229435 0.0009618212794560432
16.0 -0.44479443872675783 0.0009624664763041579
16.033333333333335 -0.44595801320794665 0.0009676642908121869
16.066666666666666 -0.44476529682862026 0.0009575048230150429
16.1 -0.4241805879246834 0.0009517482612069195
16.133333333333333 -0.3904984563258417 0.000939257368545332
16.166666666666668 -0.3439984908869666 0.0009216502179633657
16.2 -0.28843797244493385 0.0009006270343835387
16.233333333333334 -0.22216317498916546 0.0008721471070445297
16.266666666666666 -0.146287192346028 0.0008242308182809244
16.3 -0.07267369842505589 0.0007770289006585884
16.333333333333332 0.005551541902776983 0.0007340153664090864
16.366666666666667 0.08181813687137736 0.0007822535926234053
16.4 0.15707065461709085 0.000834612305953164
16.433333333333334 0.22737644081704397 0.0008787146835499138
16.466666666666665 0.29548128921850614 0.0009217783743210028
16.5 0.34635907609446703 0.0009502437882866754
16.533333333333335 0.3850413698762997 0.0009617659725000283
16.566666666666666 0.4148922524294988 0.000961165097016381
16.6 0.43174438633244283 0.0009636092999646961
16.633333333333333 0.4378848966739546 0.0009768707152645328
16.666666666666668 0.42852601464320256 0.000965642745592632
16.7 0.4089039615111989 0.0009565843514324768
16.733333333333334 0.3846254292524214 0.0009534114750816558
16.766666666666666 0.3325743853827622 0.0009263655268935134
16.8 0.2746035907702562 0.0008963582759190514
16.833333333333332 0.2109087732400496 0.0008650512930286902
16.866666666666667 0.14068151002301443 0.0008256209244906498
16.9 0.06492980517431014 0.0007813959023273837
16.933333333333334 -0.011431086581448036 0.0007341609857001632
16.966666666666665 -0.09057706687153934 0.0007856518962133519
17.0 -0.16432818634981455 0.0008362497076952469
17.033333333333335 -0.23512714893079723 0.0008692015977526113
17.066666666666666 -0.2968295517424483 0.0009030494966782987
17.1 -0.34436152170656337 0.0009263330466596775
17.133333333333333 -0.38993660992882334 0.0009453296176806236
17.166666666666668 -0.41992923829754025 0.0009580848101690131
17.2 -0.4425166193394797 0.0009596090949534619
17.233333333333334 -0.44643773948890814 0.000961147699708842
17.266666666666666 -0.43521056431997635 0.0009627650143154143
17.3 -0.4128188443466681 0.0009510747119505503
17.333333333333332 -0.37021769107154323 0.0009413964080436377
17.366666666666667 -0.3293140704980715 0.0009143332689450778
17.4 -0.2722939501608128 0.000889827155442724
17.433333333333334 -0.20492825306970705 0.0008535195275460039
17.466666666666665 -0.13072616694451591 0.0008136862307700221
17.5 -0.05752055107686483 0.0007674286935209981
17.533333333333335 0.01799975788895194 0.0007361835768432932
17.566666666666666 0.09631756835567049 0.0007899346129731782
17.6 0.1714307657556505 0.0008412117217216353
17.633333333333333 0.23712210374183526 0.0008754052918458488
17.666666666666668 0.2975015744489135 0.0009067145185505665
17.7 0.34844400449169227 0.0009364931660963416
17.733333333333334 0.3871241910169661 0.0009504071805629954
17.766666666666666 0.418476371822408 0.0009757231108287745
17.8 0.43343603699511446 0.000987679531357477
17.833333333333332 0.43574216945161814 0.00097419161032547
17.866666666666667 0.42536360947241947 0.000970828159692072
17.9 0.39974413308374374 0.0009545602946851584
17.933333333333334 0.36430353161015655 0.0009442163713623275
17.966666666666665 0.31647046111137317 0.0009237191234760522
18.0 0.2597887294205645 0.0008864437954655413
18.033333333333335 0.19504687857954153 0.0008539536195192876
18.066666666666666 0.12584163661152892 0.0008139953655829923
18.1 0.04841180679768079 0.000758385552907484
18.133333333333333 -0.02929836508858677 0.0007432937180083081
18.166666666666668 -0.10527548210929415 0.0007942039263146294
18.2 -0.17355120408899044 0.0008493402634974223
18.233333333333334 -0.24422485776377126 0.0008853627129383201
18.266666666666666 -0.3034035976562064 0.0009125349679020567
18.3 -0.3531888893512791 0.000935786553278195
18.333333333333332 -0.39661640898770995 0.0009429127817193739
18.366666666666667 -0.42149750663072183 0.0009642927111992994
18.4 -0.4374615859284325 0.0009621830544735421
18.433333333333334 -0.43776293109113606 0.0009635163318846285
18.466666666666665 -0.42578653158339047 0.0009639788239929059
18.5 -0.4027293961577012 0.0009527626445841597
18.533333333333335 -0.3650177215706002 0.0009342926405227492
18.566666666666666 -0.30860818617861235 0.0009201794233129057
18.6 -0.25240943714600406 0.0008871118775571341
18.633333333333333 -0.18140692841052866 0.0008491044667482683
18.666666666666668 -0.11331975944426725 0.000805665679490225
18.7 -0.03447593000962216 0.0007557106428848562
18.733333333333334 0.038530854676398676 0.0007531990506266864
18.766666666666666 0.11868489811286322 0.0008134358872183278
18.8 0.187996122903457 0.0008521346929572793
18.833333333333332 0.2519593321901629 0.000888042745363804
18.866666666666667 0.3084821026987707 0.0009202150053248537
18.9 0.35477822521186214 0.0009386036275440546
18.933333333333334 0.3913372152166737 0.0009496176009896051
18.966666666666665 0.4145799957188996 0.0009689140267234442
19.0 0.4257769347085038 0.0009628603203762354
19.033333333333335 0.4265402667895031 0.0009750176022078616
19.066666666666666 0.4183659878781863 0.0009718974464548169
19.1 0.39084761114605737 0.0009513943637752265
19.133333333333333 0.35258035050768305 0.0009333330865740064
19.166666666666668 0.3032532884030442 0.0009106664229179828
19.2 0.24663578930216656 0.0008809447708233997
19.233333333333334 0.1778214817211093 0.0008417850973542473
19.266666666666666 0.10534241850882017 0.0007980035064448221
19.3 0.030216136014922502 0.0007424659997389178
19.333333333333332 -0.0415040874059885 0.0007522848030343324
19.366666666666667 -0.11988321916354129 0.0008003190103336999
19.4 -0.18582986531686352 0.0008444680794700843
19.433333333333334 -0.251661224684274 0.0008809848730415015
19.466666666666665 -0.312430521890385 0.000904403197019843
19.5 -0.36103834086309394 0.0009281657969844592
19.533333333333335 -0.3994628925353377 0.0009423414018102649
19.566666666666666 -0.42223881151817433 0.0009553655876236022
19.6 -0.43419340398760564 0.0009685888138616927
19.633333333333333 -0.4359119590604535 0.0009638081288108058
19.666666666666668 -0.4206831612937793 0.0009619766556958065
19.7 -0.38799699841387764 0.0009479938224252749
19.733333333333334 -0.34910337109525874 0.0009306362025572334
19.766666666666666 -0.297953502581832 0.0009073974068660173
19.8 -0.24115303470517305 0.0008810151458418791
19.833333333333332 -0.17310965514924925 0.0008376533579323719
19.866666666666667 -0.10144579278186304 0.000795181524890845
19.9 -0.021769557397818134 0.0007425011036796721
19.933333333333334 0.05657314489169187 0.0007706375725350795
19.966666666666665 0.12585982647518493 0.0008121963774964935
20.0 0.1973770710821521 0.0008542029899580028
20.033333333333335 0.2601670804438902 0.0008904747364753551
20.066666666666666 0.3140757783498821 0.0009244713058826903
20.1 0.3576077761811519 0.0009341595220651033
20.133333333333333 0.3911348417544672 0.0009485846058352454
20.166666666666668 0.41373837182932277 0.0009548093368798027
20.2 0.42328712388754597 0.0009603882653023144
20.233333333333334 0.41961456259435903 0.0009594310161818442
20.266666666666666 0.4051933732005727 0.0009550977307131725
20.3 0.3791108829282593 0.0009493137467400103
20.333333333333332 0.33896766157301095 0.0009272881155066859
20.366666666666667 0.29313609359393294 0.0009185549613513477
20.4 0.23527757933864302 0.000886167766795426
20.433333333333334 0.1662380053676356 0.0008431483763694791
20.466666666666665 0.09069274611326691 0.0007896192129631524
20.5 0.016323442530671847 0.0007391852593133658
20.533333333333335 -0.05872323371688428 0.0007676490740909994
20.566666666666666 -0.13317828493905995 0.0008109474563841312
20.6 -0.20296886738113676 0.0008497915485168039
20.633333333333333 -0.26576048385358825 0.0008863706200334942
20.666666666666668 -0.31969842654602176 0.0009137126873534629
20.7 -0.36701192870343624 0.0009309272441942462
20.733333333333334 -0.39992725443974386 0.0009461670876103612
20.766666666666666 -0.42324071544490727 0.0009522106702078981
20.8 -0.43308969005985776 0.0009575647693078615
20.833333333333332 -0.4270825877799316 0.0009638788351153948
20.866666666666667 -0.4065230182229666 0.0009628413431841398
20.9 -0.37817063011029745 0.0009487672354017707
20.933333333333334 -0.33882529798323285 0.0009339633005980286
20.966666666666665 -0.28492143783684265 0.000911009287256237
21.0 -0.22425862292950635 0.0008669431345671164
21.033333333333335 -0.15357749206794055 0.0008278023143750701
21.066666666666666 -0.08183821790113727 0.0007817786458660658
21.1 -0.009519361379256241 0.0007295236513901512
21.133333333333333 0.06519962244554635 0.0007671213552984668
21.166666666666668 0.1385522714067846 0.0008156512112459102
21.2 0.21401938988352648 0.0008656616559094832
21.233333333333334 0.26799800150975955 0.0008896580757006278
21.266666666666666 0.31988171220363404 0.0009150871420483542
21.3 0.36405713897335856 0.0009343651111812235
21.333333333333332 0.39413062530805876 0.0009583108069682877
21.366666666666667 0.4117637709210084 0.0009604316772621746
21.4 0.4195336785859507 0.000964709186006163
21.433333333333334 0.4157434688685009 0.0009754204092701779
21.466666666666665 0.39473104162207157 0.0009519700031457856
21.5 0.36398227938093936 0.0009391114670657119
21.533333333333335 0.33801400362556266 0.0009414985696226674
21.566666666666666 0.27211612334391516 0.0008971614407216055
21.6 0.21177892715737653 0.0008681116977908576
21.633333333333333 0.1424828860577577 0.0008274771520138668
21.666666666666668 0.07103613396470922 0.0007821426176023993
21.7 -0.0015982791191618783 0.0007298108264593335
21.733333333333334 -0.07691944152228862 0.0007809145088572
21.766666666666666 -0.14655824132300233 0.0008253142875637165
21.8 -0.20956597873489524 0.000861066359534729
21.833333333333332 -0.27249972970326414 0.0008955622578176725
21.866666666666667 -0.3222790270390991 0.0009231510750558058
21.9 -0.3712665973550162 0.0009352822099238378
21.933333333333334 -0.40356203914317773 0.000953084461747522
21.966666666666665 -0.42287760960871856 0.0009537312047940283
22.0 -0.42889186702045423 0.0009528242839334511
22.033333333333335 -0.42179563156066624 0.0009523430589182258
22.066666666666666 -0.3982954925341879 0.0009598083272249758
22.1 -0.36537237892128627 0.0009334132452297195
22.133333333333333 -0.32242968825486623 0.0009125532745454246
22.166666666666668 -0.26899983512924536 0.0008869849405663821
22.2 -0.20506409279033605 0.0008524264219049449
22.233333333333334 -0.1359740376715527 0.0008226274957902346
22.266666666666666 -0.06543822735008598 0.0007715534428073961
22.3 0.00881708208591316 0.0007293576176986109
22.333333333333332 0.08207048885443387 0.0007789114095974187
22.366666666666667 0.1524194792137103 0.0008234613389162537
22.4 0.21606279676886284 0.0008617718046917966
22.433333333333334 0.2804930391029886 0.0008961147811896164
22.466666666666665 0.32830807439672244 0.0009210092953769178
22.5 0.3677131684294939 0.0009379129665960106
22.533333333333335 0.3956702091249698 0.0009603532525426783
22.566666666666666 0.4098391143073987 0.0009572566527738524
22.6 0.4128548726365649 0.000956597614896415
22.633333333333333 0.4042527437454336 0.0009541093699844128
22.666666666666668 0.3839108425486295 0.0009501620364525953
22.7 0.351665123852728 0.000937822538669919
22.733333333333334 0.3092229451859311 0.0009164783725210679
22.766666666666666 0.2552130645253989 0.0008910630995585533
22.8 0.19426232154842132 0.0008572328238916072
22.833333333333332 0.12555545914548985 0.0008095137069034641
22.866666666666667 0.05322929650233236 0.0007600339479982149
22.9 -0.019912483755800823 0.0007374885927383772
22.933333333333334 -0.09393039852637257 0.0007872091710721812
22.966666666666665 -0.16077125189709443 0.0008267884218189914
23.0 -0.2295967111077274 0.0008672579698233152
23.033333333333335 -0.2890897466288368 0.0008971555933455777
23.066666666666666 -0.3329129519745121 0.0009210691523691694
23.1 -0.37516203471182785 0.0009365468299675217
23.133333333333333 -0.4058679836981717 0.0009500351076739411
23.166666666666668 -0.4178289566264588 0.0009560792153912034
23.2 -0.42238839675447704 0.0009544448406849648
23.233333333333334 -0.41276265778366983 0.0009507868172235479
23.266666666666666 -0.39129711740945783 0.000940353476883593
23.3 -0.35295058838344995 0.0009277873049747809
23.333333333333332 -0.30589379348395157 0.0009087349928714183
23.366666666666667 -0.2506904876215543 0.0009021962632737024
23.4 -0.18958304847119903 0.0008619482981028492
23.433333333333334 -0.11723792650498582 0.0008072593594574684
23.466666666666665 -0.04671249402519306 0.000754210498720681
23.5 0.021884220873294637 0.0007437118788359426
23.533333333333335 0.10213576289870094 0.000801626112674883
23.566666666666666 0.16811242777837684 0.0008450300457865101
23.6 0.23192638403130467 0.0008718998656129795
23.633333333333333 0.28746634185342346 0.0009009645659396881
23.666666666666668 0.3432133194656774 0.0009305100552743362
23.7 0.37932910574953077 0.0009503408452951612
23.733333333333334 0.4061882893069262 0.0009625207963591675
23.766666666666666 0.41673407406094415 0.000967329870031286
23.8 0.4076878897860253 0.000961117657359345
23.833333333333332 0.39616364264246406 0.0009531443771084724
23.866666666666667 0.37185085918906713 0.0009384229182572978
23.9 0.3388002197629672 0.000927556253316697
23.933333333333334 0.293679580949642 0.000911381258796029
23.966666666666665 0.23879272320642797 0.0008834012125440438
24.0 0.17417651982762497 0.0008425331342609976
24.033333333333335 0.10759108915617283 0.0008006791565147997
24.066666666666666 0.033939571126678766 0.0007464482560260791
24.1 -0.032397599285628895 0.0007495170805292689
24.133333333333333 -0.10390069170331172 0.0008077759092036257
24.166666666666668 -0.172371617763907 0.0008386115042389453
24.2 -0.23607672511265765 0.0008797027876334962
24.233333333333334 -0.2948166816994616 0.0009069636320400143
24.266666666666666 -0.34552133100315713 0.0009327876090160503
24.3 -0.3822649312776298 0.0009384953839237098
24.333333333333332 -0.3990469663627282 0.000954825891201716
24.366666666666667 -0.4100423841442355 0.0009624370262368287
24.4 -0.41837651993313235 0.0009499688506681148
24.433333333333334 -0.40544290136672245 0.0009469648626211913
24.466666666666665 -0.3779115866058423 0.0009361231321318164
24.5 -0.34105597339322774 0.0009183075113035621
24.533333333333335 -0.2908342189724843 0.0009011328309061484
24.566666666666666 -0.23051760112192082 0.0008720049213955527
24.6 -0.15970676535782755 0.0008396083067386539
24.633333333333333 -0.09078424004531838 0.0008160232562604564
24.666666666666668 -0.023913416391047992 0.000747537379924109
24.7 0.041399479808842315 0.0007574001287295185
24.733333333333334 0.11357637346652538 0.0008000730971018111
24.766666666666666 0.1862853522842968 0.0008499233250007232
24.8 0.2446582325936681 0.0008780007849945037
24.833333333333332 0.2954625444556084 0.000902609807666932
24.866666666666667 0.3404129758808522 0.0009237398881244419
24.9 0.37273277264290144 0.0009391862037193555
24.933333333333334 0.3936371662492342 0.0009542563769836532
24.966666666666665 0.40526032034917975 0.0009586186485424086
25.0 0.4068361482383031 0.0009595784927304285
25.033333333333335 0.3881172209845581 0.0009503353593245945
25.066666666666666 0.3631320800403725 0.0009425637798196607
25.1 0.32529700720662696 0.0009224586362702736
25.133333333333333 0.27706737651336194 0.0008963227760885317
25.166666666666668 0.2215364068138161 0.0008762875432299366
25.2 0.15933668026380363 0.0008376172077805555
25.233333333333334 0.08685893242977401 0.0007828750552520553
25.266666666666666 0.02047391732207925 0.0007412960956150356
25.3 -0.05349695358700374 0.0007641911877688257
25.333333333333332 -0.12298389143716577 0.0008095807991845561
25.366666666666667 -0.19157044679351226 0.0008472614893827446
25.4 -0.2530425513580726 0.0008767249371078867
25.433333333333334 -0.30639942700877 0.0009016382074192308
25.466666666666665 -0.3483668206579882 0.0009289064521583734
25.5 -0.38184979500448657 0.0009428659991730926
25.533333333333335 -0.4061012603461741 0.0009488676881061475
25.566666666666666 -0.41640889358515853 0.0009548584483800582
25.6 -0.40176382154185697 0.0009644746686119365
25.633333333333333 -0.39377801011590796 0.0009588693875864363
25.666666666666668 -0.3646838634594685 0.0009424853316580273
25.7 -0.32629736865950804 0.0009221979307783013
25.733333333333334 -0.27575601613741446 0.0008934483524782877
25.766666666666666 -0.20843954659319275 0.00086662175457633
25.8 -0.15051399665922374 0.0008318195392113814
25.833333333333332 -0.07977545893592476 0.0007818275407726893
25.866666666666667 -0.006763130172776311 0.0007347009898452028
25.9 0.0655462351616756 0.0007744154934873487
25.933333333333334 0.13354006889707334 0.0008283300006499128
25.966666666666665 0.19683307398999986 0.00086219930738754
26.0 0.2539671151372472 0.0008902523313067956
26.033333333333335 0.3046170321387645 0.0009144644510785671
26.066666666666666 0.3439868055477292 0.0009260516597576207
26.1 0.3770141553138236 0.0009445947476618977
26.133333333333333 0.39655625369261605 0.0009731233683412666
26.166666666666668 0.39952903175774634 0.0009617528481615234
26.2 0.39642968234390685 0.0009673184801960444
26.233333333333334 0.3778962029255981 0.0009537140623970264
26.266666666666666 0.35007101479004243 0.0009448644321473076
26.3 0.30932903770895565 0.0009177278208171713
26.333333333333332 0.2591119659676944 0.0008933943438425573
26.366666666666667 0.20209325900974623 0.000856996731634474
26.4 0.13836778914611733 0.0008219225744402758
26.433333333333334 0.07171298904501068 0.0007850570832870774
26.466666666666665 0.000890664517940512 0.0007270174997316188
26.5 -0.07301379544816103 0.0007748125581866078
26.533333333333335 -0.14237600525363125 0.0008169336110839809
26.566666666666666 -0.20652237320818115 0.0008529089411689061
26.6 -0.26783289277903416 0.0008827446492413182
26.633333333333333 -0.31261739644599335 0.0009130476636183826
26.666666666666668 -0.35071847950843493 0.0009346150611296844
26.7 -0.38790755836500096 0.000942215530846835
26.733333333333334 -0.40505279409792583 0.0009484378090841572
26.766666666666666 -0.41079374875428587 0.0009507373214175385
26.8 -0.39515141045374796 0.0009605298416102692
26.833333333333332 -0.37680171533720647 0.0009586316747304813
26.866666666666667 -0.349821382628413 0.0009324952826512134
26.9 -0.3097828331197964 0.000909065288709543
26.933333333333334 -0.25731037515031185 0.00088239620100794
26.966666666666665 -0.19895606194977014 0.0008493627425591455
27.0 -0.12477806779223688 0.0008165106992497895
27.033333333333335 -0.04774971694184183 0.0007743077427848841
27.066666666666666 0.012417985785258658 0.0007397773916911574
27.1 0.08026049701651769 0.000782443144813863
27.133333333333333 0.14719293484508997 0.000826357607010747
27.166666666666668 0.20819616725842577 0.0008582063943931018
27.2 0.26535435451894973 0.0008901957791093706
27.233333333333334 0.31636948300306406 0.0009194364916138009
27.266666666666666 0.35476316902334987 0.0009381976843418349
27.3 0.38192955449359645 0.0009536537295358749
27.333333333333332 0.3952893881244504 0.0009586441070774665
27.366666666666667 0.39929833637760176 0.0009548558093008808
27.4 0.38730497726274127 0.0009480836367639633
27.433333333333334 0.36824598295386174 0.0009415975443022861
27.466666666666665 0.33871522303665086 0.0009307541737390013
27.5 0.29467663300157787 0.0009067140976069532
27.533333333333335 0.24401644215142096 0.0008802697379099167
27.566666666666666 0.18260595208765465 0.0008474551453281076
27.6 0.11976786498572727 0.000806553053584444
27.633333333333333 0.053638458062983486 0.0007669691006888107
27.666666666666668 -0.020351730522273632 0.0007380658175201969
27.7 -0.09104774316541384 0.0007874488843010868
27.733333333333334 -0.15671254921680375 0.000835513536468796
27.766666666666666 -0.222234383799674 0.000868051979445561
27.8 -0.2769475772299596 0.0008949138855650074
27.833333333333332 -0.3252824815581616 0.0009132207393753311
27.866666666666667 -0.36279184581097845 0.0009375678623083639
27.9 -0.3899409827346461 0.0009412305772744656
27.933333333333334 -0.4033958481839683 0.0009487053745506069
27.966666666666665 -0.4059770036067774 0.0009484795689261305
28.0 -0.3972053700076025 0.0009422880969855996
28.033333333333335 -0.37485350950010826 0.0009343101572381052
28.066666666666666 -0.3360521886298412 0.0009233711532106725
28.1 -0.2953664319390209 0.0009031007715389339
28.133333333333333 -0.24203427737598382 0.0008751305243008822
28.166666666666668 -0.17605949255519374 0.0008436854974253616
28.2 -0.10903036543143663 0.0008051801092325422
28.233333333333334 -0.040772810208236705 0.000756610059960458
28.266666666666666 0.02733004454055376 0.0007465399021955102
28.3 0.09663443967805672 0.0007968320269731849
28.333333333333332 0.1638466223652013 0.0008386123595168771
28.366666666666667 0.2304867944680611 0.0008812303603071558
28.4 0.2836019299061531 0.0009271497215969648
28.433333333333334 0.3211283234297522 0.0009203231076597151
28.466666666666665 0.35576028325082065 0.0009363264846349861
28.5 0.37932269041656624 0.0009439441544509819
28.533333333333335 0.3915137731521658 0.0009490145989702881
28.566666666666666 0.38983291977578755 0.0009492050196427959
28.6 0.37854404489016014 0.0009489066902987897
28.633333333333333 0.35484677169525025 0.0009387904685949078
28.666666666666668 0.3240188117383866 0.0009243482835209482
28.7 0.27728478585519944 0.0008996617202147172
28.733333333333334 0.22908312457352045 0.0008772990300302541
28.766666666666666 0.16361896093361736 0.0008347491740302859
28.8 0.10263089634978706 0.0007998997458216472
28.833333333333332 0.031720847277958625 0.0007485035041925395
28.866666666666667 -0.02951368389307963 0.000750462058759515
28.9 -0.10554638270167264 0.0007966676896176
28.933333333333334 -0.17147239806193812 0.0008401240248367414
28.966666666666665 -0.23686559959868211 0.0008761874830238714
29.0 -0.28953490705403223 0.0009019056763990285
29.033333333333335 -0.3345366789698198 0.0009169522928703655
29.066666666666666 -0.3679305683920582 0.0009327276298664033
29.1 -0.39133037171909185 0.0009414313159931131
29.133333333333333 -0.40279048604274825 0.000945005790225717
29.166666666666668 -0.40211655313615435 0.0009494353079313456
29.2 -0.3887777753774913 0.0009559708729564576
29.233333333333334 -0.36018667110380415 0.0009380012782160829
29.266666666666666 -0.32268195459605337 0.0009258199758439556
29.3 -0.27851000093902273 0.0009001992527390978
29.333333333333332 -0.21957696335145765 0.0008702134642659398
29.366666666666667 -0.15243693975782863 0.000835939258965801
29.4 -0.09356551510849823 0.0007949880378425311
29.433333333333334 -0.02683144326399148 0.0007459942977760675
29.466666666666665 0.048231101041171676 0.0007612521521531829
29.5 0.12005273053589209 0.0008170531405514436
29.533333333333335 0.1844458594714756 0.0008529676312154788
29.566666666666666 0.24173086833324375 0.0008865870724555636
29.6 0.294043506374689 0.0009155739183982492
29.633333333333333 0.3273790197857351 0.0009268216401754903
29.666666666666668 0.36627816291082005 0.000949168204576023
29.7 0.38087314759773083 0.0009518929650377261
29.733333333333334 0.38700057868910415 0.0009460511725877807
29.766666666666666 0.38314477804655667 0.0009434809275791212
29.8 0.36642109770508613 0.0009410009376846218
29.833333333333332 0.3425969689227015 0.0009284568074378052
29.866666666666667 0.30711735729102985 0.0009118543039374205
29.9 0.2618761211047749 0.000890789593411212
29.933333333333334 0.20970008608431226 0.0008606205032218595
29.966666666666665 0.1484999013284437 0.0008267080224667323
30.0 0.08269392755711341 0.000783867122248566
30.033333333333335 0.012386200856228964 0.0007342326683165874
30.066666666666666 -0.05490471138030684 0.0007637051644179688
30.1 -0.12488606688524206 0.000810721202308684
30.133333333333333 -0.1874492337446466 0.0008475805841539064
30.166666666666668 -0.24651867338187342 0.0008793509228448015
30.2 -0.2962925308461804 0.0009011188574564177
30.233333333333334 -0.33973369334501 0.0009205319777190191
30.266666666666666 -0.36858348601087404 0.0009406057032230186
30.3 -0.39070626375765144 0.000939330205229183
30.333333333333332 -0.4000956059726545 0.0009434001640903356
30.366666666666667 -0.39525022317469743 0.0009403810348300179
30.4 -0.3772655889526237 0.0009352092398851042
30.433333333333334 -0.34550057831593606 0.0009252697406778032
30.466666666666665 -0.31003047218677343 0.0009086625998125375
30.5 -0.25975593707024647 0.0008852462062476363
30.533333333333335 -0.2037017996054521 0.0008576238057297625
30.566666666666666 -0.1370337029501387 0.0008198702818366377
30.6 -0.0720122518167161 0.0007737617991235707
30.633333333333333 0.003912038883829914 0.0007329851175109448
30.666666666666668 0.06923381655828063 0.0007845541104748721
30.7 0.12815706595395673 0.00080995865179051
30.733333333333334 0.19017092470345243 0.0008473621879377946
30.766666666666666 0.24721648176366337 0.0008777553570195884
30.8 0.2953420403611366 0.0009026681467282915
30.833333333333332 0.3317158046249692 0.0009195123768996893
30.866666666666667 0.3606990674311712 0.0009363790508231107
30.9 0.3776772440840411 0.0009492192745457761
30.933333333333334 0.3825675582933591 0.0009463729878395055
30.966666666666665 0.3761476200945539 0.0009429212616312022
31.0 0.3605577460263633 0.0009374411845654018
31.033333333333335 0.3308410101027928 0.0009265083540117569
31.066666666666666 0.29361206931921663 0.0009165072138200281
31.1 0.24524420315225318 0.0008806830847592761
31.133333333333333 0.18659859085545272 0.0008491104336584565
31.166666666666668 0.12581284948762178 0.0008103943836617333
31.2 0.06072671680269316 0.000765641254025444
31.233333333333334 -0.009061975461620807 0.0007293815681281447
31.266666666666666 -0.07817367954683888 0.0007786626428367138
31.3 -0.14388099809744714 0.0008182973586404463
31.333333333333332 -0.2056403733024714 0.0008530414803911979
31.366666666666667 -0.2565951685744368 0.00088548016386919
31.4 -0.3043234727487517 0.0009082984272505423
31.433333333333334 -0.3438613327598658 0.0009234908667433706
31.466666666666665 -0.37393223726057445 0.0009332492851568119
31.5 -0.390168445358375 0.0009421083596682922
31.533333333333335 -0.39336779148430145 0.0009485120826611126
31.566666666666666 -0.38661152673348514 0.0009451478383948886
31.6 -0.3668057649758847 0.0009357437716807082
31.633333333333333 -0.3313290673330902 0.0009260054009532226
31.666666666666668 -0.289572194131949 0.0009037691239677792
31.7 -0.2371930591465529 0.0008800229842186036
31.733333333333334 -0.18436362184642702 0.0008432513283405385
31.766666666666666 -0.12024177262226492 0.0008041905551863932
31.8 -0.055269221544380756 0.0007607797985888856
31.833333333333332 0.014960659623312726 0.0007365774084169482
31.866666666666667 0.08007245446989834 0.0007791077835647975
31.9 0.14702908216240437 0.0008256883802217896
31.933333333333334 0.21018694568316149 0.0008680473124018373
31.966666666666665 0.26217912515489306 0.0008913075163473616
32.0 0.3081983909163293 0.000914043450098434
32.03333333333333 0.34237725825958476 0.0009287310708292473
32.06666666666667 0.36373700594967723 0.0009387771812378598
32.1 0.3768486892324678 0.0009423536706659186
32.13333333333333 0.37921794986613255 0.0009430556324774853
32.166666666666664 0.37057761085580243 0.0009408690309573031
32.2 0.3506859744143687 0.0009314586582509499
32.233333333333334 0.31577270486474024 0.0009148144467688302
32.266666666666666 0.2735545061342286 0.0008934501941121886
32.3 0.22431502493536684 0.0008695993475474895
32.333333333333336 0.1672124701387696 0.0008375904131212308
32.36666666666667 0.1071377895672762 0.0007997357893143736
32.4 0.03839763471314065 0.0007489289584934888
32.43333333333333 -0.03047350218398638 0.0007465341734731526
32.46666666666667 -0.09464612480307345 0.0007918210532519565
32.5 -0.16116091290421278 0.0008330665051944908
32.53333333333333 -0.22102019220032265 0.0008649736493420157
32.56666666666667 -0.27397814753341543 0.0008882399446880074
32.6 -0.31771616677441056 0.0009177171834482967
32.63333333333333 -0.35379081040999705 0.0009314122854265916
32.666666666666664 -0.37747817789946925 0.0009383373098733605
32.7 -0.39030064326976965 0.000941219889737388
32.733333333333334 -0.3901561504669145 0.0009396110242533839
32.766666666666666 -0.37926247424160725 0.0009357618956353786
32.8 -0.3550683334104798 0.0009289412920624462
32.833333333333336 -0.32082067775267703 0.000911354711015222
32.86666666666667 -0.2779431267688811 0.0008912431818685618
32.9 -0.22382303140789367 0.0008633391829026282
32.93333333333333 -0.164656287697604 0.000829548075418185
32.96666666666667 -0.10081107410215685 0.0007898750204900079
33.0 -0.03152055086830998 0.0007472530540878833
33.03333333333333 0.031942912973281314 0.0007463092491999876
33.06666666666667 0.09836288397890451 0.0007898988432419596
33.1 0.16392963671740268 0.0008321812262828132
33.13333333333333 0.21961915236619375 0.0008623090701757874
33.166666666666664 0.27518220232924256 0.0008955628112761183
33.2 0.314882242642269 0.0009148428867413738
33.233333333333334 0.3427876884677269 0.0009253227257917662
33.266666666666666 0.3646144224685698 0.0009373909482967568
33.3 0.3757601025864556 0.0009449210000669339
33.333333333333336 0.37628650280845216 0.0009480963668955233
33.36666666666667 0.3650856907985028 0.00094536261824818
33.4 0.3410064042510114 0.0009318955469328483
33.43333333333333 0.30832781125018327 0.0009181863390643752
33.46666666666667 0.25871129630992556 0.0008906888928209011
33.5 0.21051541763442203 0.0008653614381157471
33.53333333333333 0.15043818845104057 0.000824179490016258
33.56666666666667 0.08621517009446475 0.0007862535759889655
33.6 0.01983729870480963 0.0007395522756765659
33.63333333333333 -0.04418519340990891 0.000757519456461582
33.666666666666664 -0.11340179580145669 0.0008035015495289066
33.7 -0.17391449385862368 0.0008409620823315034
33.733333333333334 -0.2322808028787607 0.0008757443565800271
33.766666666666666 -0.2831465711837183 0.0008926307023027213
33.8 -0.3246700921150555 0.000912069581556596
33.833333333333336 -0.35822461015182 0.0009309686741525436
33.86666666666667 -0.37870152199407703 0.000937050569203679
33.9 -0.38821135468990625 0.0009403695020105962
33.93333333333333 -0.3854254892377792 0.0009377597773808644
33.96666666666667 -0.3692510200808939 0.0009391102762885128
34.0 -0.3412733205327737 0.0009258569860624011
34.03333333333333 -0.3063599514728108 0.0009032631213352627
34.06666666666667 -0.25953076307211215 0.0008826693851112233
34.1 -0.20506485849836772 0.0008536032917544067
34.13333333333333 -0.1470272364446016 0.00081897829581834
34.166666666666664 -0.07951841252280585 0.0007810365435412664
34.2 -0.012001596933872422 0.0007345556647340538
34.233333333333334 0.061208963186921074 0.0007717854711488878
34.266666666666666 0.12037552531283764 0.0008062065449577632
34.3 0.18010266824335744 0.0008448900088454947
34.333333333333336 0.2363313366104295 0.0008773628587381843
34.36666666666667 0.28161495423395444 0.0009010619159369737
34.4 0.3187650041445543 0.0009159865959226798
34.43333333333333 0.34716262129335795 0.0009369553245088258
34.46666666666667 0.36355746392500315 0.0009412492093318625
34.5 0.3706600069170658 0.0009397578407756568
34.53333333333333 0.3657370115731054 0.0009375980264867412
34.56666666666667 0.3499447994739059 0.0009323422612265153
34.6 0.3258937885340045 0.0009257048880070284
34.63333333333333 0.2933282486194886 0.000912043718311939
34.666666666666664 0.25281296483608834 0.0008930539245927127
34.7 0.18931336252096323 0.0008501648988489818
34.733333333333334 0.12877034045371236 0.0008135375136213707
34.766666666666666 0.06590533200804806 0.0007701228784317976
34.8 -0.0006583159199738878 0.0007230999726348324
34.833333333333336 -0.0643681159966663 0.0007678413514775884
34.86666666666667 -0.13036021881534254 0.0008091535814639672
34.9 -0.19060255298357384 0.0008479476993401569
34.93333333333333 -0.24772887625486756 0.0008734606584207827
34.96666666666667 -0.2950184434309155 0.000898536122074689
35.0 -0.328415465492905 0.0009161932826212693
35.03333333333333 -0.3597531768632366 0.0009295757206821409
35.06666666666667 -0.3783261026639132 0.000935810703563078
35.1 -0.38123570469396023 0.0009401842205792321
35.13333333333333 -0.3780575524522502 0.000934613310188348
35.166666666666664 -0.3586279732258251 0.0009284358067172538
35.2 -0.3289527925673722 0.0009164732762615979
35.233333333333334 -0.28606321273472113 0.0009013907505393548
35.266666666666666 -0.23682657055701578 0.0008748468927414765
35.3 -0.18222401111206524 0.0008432683032366939
35.333333333333336 -0.116044121888702 0.0008082796836850342
35.36666666666667 -0.05684622136412535 0.0007619843923566058
35.4 0.006723283089900001 0.0007281840744135142
35.43333333333333 0.07279759361634866 0.0007717706054072987
35.46666666666667 0.1351262664677314 0.0008130960519243668
35.5 0.19468871276998753 0.0008521584099630553
35.53333333333333 0.24703493172722354 0.0008808501042751882
35.56666666666667 0.2975192561773524 0.0009078290745462847
35.6 0.33328938062757046 0.000926165058731443
35.63333333333333 0.35147242255688094 0.0009362887466582981
35.666666666666664 0.36423374955970317 0.0009433584946844653
35.7 0.3661074636159332 0.000940443633466459
35.733333333333334 0.36044845398076103 0.0009455888217932418
35.766666666666666 0.34061518700471993 0.000930937696010492
35.8 0.31417886590725885 0.0009145932757896325
35.833333333333336 0.2725936666631877 0.0008958460621635855
35.86666666666667 0.22979116136386904 0.0008753495474497774
35.9 0.1710591880978327 0.0008386821565207481
35.93333333333333 0.10723203883101846 0.0008001904900426932
35.96666666666667 0.041743902410512755 0.0007516220354390132
36.0 -0.021703704904233383 0.000738507434524794
36.03333333333333 -0.0860304803466574 0.0007851386129384685
36.06666666666667 -0.15042720545712357 0.0008237406573384232
36.1 -0.21005385940605217 0.0008532778242155148
36.13333333333333 -0.2568147758742328 0.000884265403844231
36.166666666666664 -0.3034812149679185 0.0009031099665002262
36.2 -0.339194827408963 0.0009239538612670906
36.233333333333334 -0.36300122763224546 0.0009325771573777675
36.266666666666666 -0.3774293834937244 0.0009356821561658513
36.3 -0.37887233669090464 0.0009373314066055127
36.333333333333336 -0.3663431788931328 0.0009385962400075831
36.36666666666667 -0.34811265412542763 0.0009223115255715397
36.4 -0.3159465660163022 0.0009088581592223699
36.43333333333333 -0.2747547941737035 0.0008891291770484755
36.46666666666667 -0.22339366746475134 0.0008630958048435056
36.5 -0.16625826844859648 0.0008309058652554158
36.53333333333333 -0.09782959580564603 0.0007969926792864707
36.56666666666667 -0.038683858819447144 0.000753956258191274
36.6 0.029155134483455632 0.0007464270824427167
36.63333333333333 0.09409406294465499 0.0007875510058190094
36.666666666666664 0.1535105470601663 0.0008245272343661569
36.7 0.21127672282115198 0.0008616633080319458
36.733333333333334 0.25752733829110946 0.0008866806126510696
36.766666666666666 0.2982209902462258 0.0009080956555638786
36.8 0.33044556003779635 0.0009240523404452916
36.833333333333336 0.3514932154605425 0.0009322679490024743
36.86666666666667 0.3674250723951443 0.0009405150049301425
36.9 0.3613112126306236 0.000936403989109158
36.93333333333333 0.3519834043197694 0.0009356330730596052
36.96666666666667 0.3292671807049522 0.0009283346780403767
37.0 0.2978583908347252 0.000906494236762867
37.03333333333333 0.255015972787522 0.0008872834201744118
37.06666666666667 0.20603879660663627 0.0008578827802089295
37.1 0.14775310506223094 0.0008224911869227913
37.13333333333333 0.08706993693789479 0.000784204519803669
37.166666666666664 0.024397265697093436 0.0007410419137519539
37.2 -0.03798645575707791 0.0007537234785182992
37.233333333333334 -0.10526817377067811 0.0007928492389093766
37.266666666666666 -0.1666526917714751 0.0008317595727715954
37.3 -0.2229056478601204 0.0008653538280895823
37.333333333333336 -0.2710121419817185 0.0008941902743944685
37.36666666666667 -0.3139493009563331 0.0009093124964091315
37.4 -0.34621682922731856 0.0009246404299558808
37.43333333333333 -0.36797566963858047 0.0009323783297068289
37.46666666666667 -0.37213009151648196 0.0009414553864854902
37.5 -0.3724778606158932 0.0009424886137139876
37.53333333333333 -0.36220235068538414 0.0009305796011909173
37.56666666666667 -0.3355274509909681 0.000919164986877441
37.6 -0.2963057025542707 0.0009088227069019017
37.63333333333333 -0.2523739741455688 0.0008836649812182795
37.666666666666664 -0.20243994562492149 0.0008557409841457586
37.7 -0.14658265511574609 0.000822680391829339
37.733333333333334 -0.08430491370619253 0.0007796746647816544
37.766666666666666 -0.0196660047044712 0.0007372935961134641
37.8 0.047232595823283555 0.0007619947939977931
37.833333333333336 0.10662585408996521 0.0007968928686069715
37.86666666666667 0.17185298613714392 0.0008394008648225093
37.9 0.22633652640929483 0.0008696626711639788
37.93333333333333 0.2703695739823589 0.0008967763920503247
37.96666666666667 0.3118848468629012 0.0009175174596283142
38.0 0.3357593795125388 0.0009268860582795635
38.03333333333333 0.3529936066320227 0.0009337016912990825
38.06666666666667 0.36021847530118006 0.0009421249368049556
38.1 0.3557348837084228 0.0009377508392235945
38.13333333333333 0.3416610640597755 0.0009300571329933782
38.166666666666664 0.32207343461887394 0.0009229570584119995
38.2 0.28529272271596234 0.0009049411442633715
38.233333333333334 0.2414299460747994 0.0008928852219695083
38.266666666666666 0.18601099403304475 0.0008526952032252844
38.3 0.12819576665528987 0.0008138677510997061
38.333333333333336 0.06557577679097792 0.0007723966789840858
38.36666666666667 0.0003116219612729795 0.0007238749306433231
38.4 -0.06479434722661649 0.000767821591605225
38.43333333333333 -0.12106811164232362 0.0008061158731854645
38.46666666666667 -0.1812691095238818 0.0008427931612173534
38.5 -0.23766948734088209 0.0008751386246599879
38.53333333333333 -0.28369135674945445 0.0009070443357150904
38.56666666666667 -0.3223691629263143 0.000913982811999503
38.6 -0.35068287734809245 0.0009273643995478809
38.63333333333333 -0.3670753655478054 0.0009372289269297118
38.666666666666664 -0.373459048153172 0.0009408594570167184
38.7 -0.3680924208582988 0.0009351149170436779
38.733333333333334 -0.3505743191465717 0.0009277682030719436
38.766666666666666 -0.3213504411646319 0.0009175012949387829
38.8 -0.2837452757428761 0.0009014949441552567
38.833333333333336 -0.2367819535909373 0.0008754064610640155
38.86666666666667 -0.18406560847171236 0.0008475248932908186
38.9 -0.12458370359332695 0.0008091536203108235
38.93333333333333 -0.062640187884979 0.0007677944313280588
38.96666666666667 0.002002902047473326 0.000725663429293331
39.0 0.067605274401783 0.0007736190982584878
39.03333333333333 0.1286823652105571 0.0008120730594652903
39.06666666666667 0.1850904532980901 0.000843713415177888
39.1 0.23635268110536123 0.0008724209940736416
39.13333333333333 0.28015699294353297 0.0008983334742905802
39.166666666666664 0.31368216896052087 0.0009114702121389429
39.2 0.3376169352653866 0.0009222808568027374
39.233333333333334 0.3525023351883147 0.0009319104853302007
39.266666666666666 0.35676631361919275 0.0009343834568658616
39.3 0.34976267882540113 0.0009313599425008201
39.333333333333336 0.33274217960992264 0.0009253741517151748
39.36666666666667 0.30684095989582005 0.0009157101329373418
39.4 0.2689225412430783 0.0008948974949235522
39.43333333333333 0.21891201812760186 0.0008672770161331222
39.46666666666667 0.166544442995598 0.0008360178650102801
39.5 0.11007558418085342 0.0008011812015183833
39.53333333333333 0.0458616358749012 0.0007559016413684755
39.56666666666667 -0.011702330725777227 0.0007375679072021031
39.6 -0.07642012087651179 0.0007816387642806261
39.63333333333333 -0.13941655895581287 0.0008236902444177518
39.666666666666664 -0.19558229975996633 0.0008586706716784409
39.7 -0.2503445549638176 0.0008838571298334652
39.733333333333334 -0.28438812381168765 0.0009111180300225286
39.766666666666666 -0.3297840585658733 0.0009163487381202984
39.8 -0.3529852264444911 0.0009287570938770751
39.833333333333336 -0.3639835772366105 0.0009360560009605834
39.86666666666667 -0.3664312371933644 0.0009405984808704693
39.9 -0.357183786661463 0.0009386210834909092
39.93333333333333 -0.33599516176631894 0.0009270475748927587
39.96666666666667 -0.30381808324481857 0.0009096062159042462
40.0 -0.2687148655000163 0.0008887525431801047
40.03333333333333 -0.2202633413138797 0.0008611780549869219
40.06666666666667 -0.1639418396121608 0.0008322467254243682
40.1 -0.1027110118032906 0.0007961591913852456
40.13333333333333 -0.033842466887257325 0.0007551238202305952
40.166666666666664 0.021691693575798768 0.0007415685546021122
40.2 0.08528837037029234 0.0007857844785997686
40.233333333333334 0.14710825954522724 0.0008291080510701987
40.266666666666666 0.20201804874616522 0.0008570810354802394
40.3 0.24944359077197395 0.0008825245251682656
40.333333333333336 0.29325459171273777 0.0009043623861060834
40.36666666666667 0.32165300387747375 0.0009225211827039725
40.4 0.34225379641539116 0.000931786251985367
40.43333333333333 0.35105532725625466 0.0009328241134676785
40.46666666666667 0.35137983209705065 0.0009324906320634097
40.5 0.3437111754402233 0.0009299939229459597
40.53333333333333 0.3195046710880068 0.0009173824208095205
40.56666666666667 0.28955017116128845 0.0009021378807982927
40.6 0.24874457575180914 0.0008799980644783045
40.63333333333333 0.2004141137531902 0.0008581973837336609
40.666666666666664 0.14167944124244466 0.0008223307613609288
40.7 0.087647763525523 0.0007906974934479005
40.733333333333334 0.025428716719448345 0.0007443821941975869
40.766666666666666 -0.03679426824583307 0.0007516644359749775
40.8 -0.10023165574929022 0.0007940171720582506
40.833333333333336 -0.1605256148557215 0.0008330542515479489
40.86666666666667 -0.2158370037897139 0.0008665645324434645
40.9 -0.2592945569005769 0.0009048359863245148
40.93333333333333 -0.3008845596889752 0.000918963810480844
40.96666666666667 -0.32867056066194045 0.0009295316884979088
41.0 -0.3529805387950585 0.0009325120445701773
41.03333333333333 -0.3668337209770704 0.0009319043908458946
41.06666666666667 -0.3635107617459146 0.0009364885433799097
41.1 -0.34819034552101624 0.0009343414969502639
41.13333333333333 -0.3279724751974989 0.0009191140520873886
41.166666666666664 -0.2958670656838182 0.000904070944914348
41.2 -0.25055056973080597 0.0008796801904064622
41.233333333333334 -0.2012012681241385 0.0008571684063210516
41.266666666666666 -0.14355142070526183 0.0008274873677682482
41.3 -0.08380936232380298 0.000786778194295068
41.333333333333336 -0.02094220371188923 0.0007426963677379765
41.36666666666667 0.04445320596934449 0.0007608629674526607
41.4 0.1029898685622428 0.0008014660006647606
41.43333333333333 0.16146712110682065 0.0008345416640600789
41.46666666666667 0.2228939442752452 0.0008741371496930883
41.5 0.26012790823151616 0.0008912220621103417
41.53333333333333 0.2995188446345327 0.0009200773812128582
41.56666666666667 0.3250200854269485 0.0009365071505570421
41.6 0.34499031988940004 0.0009425491277617604
41.63333333333333 0.35167585840116183 0.0009452149157063161
41.666666666666664 0.3504847612318987 0.000942529138049153
41.7 0.3340402996896686 0.0009384561452228102
41.733333333333334 0.3078986748112199 0.0009204106438641113
41.766666666666666 0.27598251773585675 0.0009013208221596569
41.8 0.23191432890988523 0.0008721452679676667
41.833333333333336 0.18389054130367477 0.000846173967011643
41.86666666666667 0.12741045003634327 0.0008101317886908266
41.9 0.06562437658773101 0.0007733056044684633
41.93333333333333 0.0029738102792375366 0.0007279110544226902
41.96666666666667 -0.06048230975701148 0.0007664037786502612
42.0 -0.12083849144021645 0.0008040414817125224
