0.0 -0.024251071927957873 0.0007412210569179255
0.03333333333333333 0.06701764098664373 0.0007814192696180694
0.06666666666666667 0.15117134880251828 0.0008319192187087321
0.1 0.23260549937968628 0.0008853928679241618
0.13333333333333333 0.30434040077247015 0.0009172286002607222
0.16666666666666666 0.366066695167443 0.00095052969503856
0.2 0.420913276160007 0.000972156620953013
0.23333333333333334 0.46078377534177045 0.0010329621490640095
0.26666666666666666 0.4871652798508808 0.0010185139794612885
0.3 0.4911969447670622 0.0009960469457422905
0.3333333333333333 0.49007958895694614 0.0009907759122440574
0.36666666666666664 0.47026193016432466 0.0009799361568902376
0.4 0.4396907693186212 0.0009704444895460851
0.43333333333333335 0.39352396638305304 0.000954249854941136
0.4666666666666667 0.33492571915712127 0.0009347753551581794
0.5 0.2670026610309487 0.0008973613706370065
0.5333333333333333 0.18719575680324335 0.0008497570444388203
0.5666666666666667 0.10679361686006636 0.000801938208830219
0.6 0.019559582580413095 0.000747898140231875
0.6333333333333333 -0.0608271931281388 0.0007716744940250569
0.6666666666666666 -0.15044520002322584 0.0008222077409341388
0.7 -0.23260464053705895 0.0008715933965131317
0.7333333333333333 -0.3056281972011748 0.000907929372951255
0.7666666666666667 -0.3689243875363776 0.0009430988478287272
0.8 -0.42161460081112156 0.0009640251390166665
0.8333333333333334 -0.46057769430430534 0.0009712208492596575
0.8666666666666667 -0.48611622043741104 0.0009795444649496332
0.9 -0.4993312035840614 0.0009764854308674242
0.9333333333333333 -0.4961910909096883 0.0009820288137954436
0.9666666666666667 -0.47301773427775684 0.000975880470022894
1.0 -0.4419260331512918 0.0009577351739902817
1.0333333333333334 -0.39439511743996064 0.0009408650898449222
1.0666666666666667 -0.3316675210451514 0.0009202191759435374
1.1 -0.26380591964164407 0.0008856038645025377
1.1333333333333333 -0.18605466504931897 0.0008415787874114511
1.1666666666666667 -0.10244382930311785 0.0007930323217162083
1.2 -0.0169863470583629 0.0007391429084755152
1.2333333333333334 0.07106866885742144 0.000784191234545914
1.2666666666666666 0.15596661392769415 0.0008312703375930597
1.3 0.2312623361408819 0.0008705712223613937
1.3333333333333333 0.30554154680015255 0.000907933207509426
1.3666666666666667 0.3691638124594979 0.0009382524404679682
1.4 0.41994764322972356 0.000961526907821697
1.4333333333333333 0.45453051233360725 0.0009814835412439438
1.4666666666666666 0.47640307621102534 0.0009840025170703703
1.5 0.4826300558056358 0.0009866809153623035
1.5333333333333334 0.47992255794917543 0.0009886821526566836
1.5666666666666667 0.46063926478563355 0.0009828721422553421
1.6 0.42612629170310173 0.0009727889407460388
1.6333333333333333 0.3878596996361493 0.0009700432394335601
1.6666666666666667 0.3268851928683331 0.0009443472820260257
1.7 0.2554907554704323 0.0009049704877630571
1.7333333333333334 0.18389500509200424 0.0008581956797919232
1.7666666666666666 0.0984305631720528 0.0008013344469862127
1.8 0.011739675836698764 0.0007341736285133849
1.8333333333333333 -0.07257486429516898 0.0007705170368037251
1.8666666666666667 -0.15830182008073257 0.0008300873279826482
1.9 -0.23790906689139174 0.0008817433101930561
1.9333333333333333 -0.3095437670690899 0.0009117494950866556
1.9666666666666666 -0.3687093381135198 0.0009309030832272969
2.0 -0.41858400016694214 0.0009657318102718193
2.033333333333333 -0.4611755858957492 0.0009699315477478265
2.066666666666667 -0.48493687150735687 0.0009806586553425256
2.1 -0.49496041618840697 0.0009903701164212242
2.1333333333333333 -0.48836130891293766 0.0009783552442320653
2.1666666666666665 -0.4672973744063067 0.0009726920357355229
2.2 -0.4279335296526791 0.0009660279594810861
2.2333333333333334 -0.3823123311543494 0.0009432590356117099
2.2666666666666666 -0.3187708356266769 0.000919064015379778
2.3 -0.25281299858853384 0.0008841296276085875
2.3333333333333335 -0.17897951531820394 0.0008479594652272548
2.3666666666666667 -0.09755126264665988 0.0007901747930096348
2.4 -0.03922531595780039 0.000753893415864175
2.433333333333333 0.01995266173694332 0.0007445473614346304
2.466666666666667 0.2237223033141488 0.000908194745925045
2.5 0.22116556309165247 0.0008689911448706011
2.533333333333333 0.2811478533618713 0.00090579765633092
2.566666666666667 0.338200583420375 0.0009337245764012292
2.6 0.378228360813785 0.0009591031938566141
2.6333333333333333 0.42533651118084614 0.0009738599583637986
2.6666666666666665 0.44077011459354254 0.000984796226236151
2.7 0.44062358299110976 0.0009852752209582039
2.7333333333333334 0.4375806090993367 0.0009951736603451833
2.7666666666666666 0.43829648138024574 0.0009886425541862365
2.8 0.41688385849902243 0.0009797511997155506
2.8333333333333335 0.3772102542258026 0.0009661150902625093
2.8666666666666667 0.29897413765006126 0.0009123551638590133
2.9 0.2392359307588204 0.0008855808037036006
2.933333333333333 0.15778790228739803 0.0008410822528981399
2.966666666666667 0.06326199093864174 0.0007784161084691266
3.0 0.006416129936796195 0.0007428886853879319
3.033333333333333 -0.16163751657785522 0.0008137685624103608
3.066666666666667 -0.2982537755409189 0.0008663989531394467
3.1 -0.36992179277680853 0.0008867241484300514
3.1333333333333333 -0.36477180214666244 0.0009103951206629879
3.1666666666666665 -0.39271600252910427 0.0009322470124837334
3.2 -0.40980830374602617 0.000977248356249405
3.2333333333333334 -0.45263632438060575 0.0009723118438588196
3.2666666666666666 -0.4756990134491546 0.000983824256804544
3.3 -0.4888799390304943 0.0009768274280492206
3.3333333333333335 -0.48404184345221474 0.0009736866203427508
3.3666666666666667 -0.46652433612530125 0.0009665955344057564
3.4 -0.42758279253000375 0.0009572044450572581
3.433333333333333 -0.38513161241874705 0.0009391734446722033
3.466666666666667 -0.3220453970993558 0.0009118406537101387
3.5 -0.25778045847907416 0.0008809322111783535
3.533333333333333 -0.17745780146308027 0.0008353395541936814
3.566666666666667 -0.1024531520280863 0.0007872318923157623
3.6 -0.020619419948860473 0.0007394219855538994
3.6333333333333333 0.06116902675996977 0.000768701279953897
3.6666666666666665 0.14804796705935747 0.0008205699357687612
3.7 0.227259503300351 0.0008700844632049121
3.7333333333333334 0.29356245206640214 0.0009078429279215094
3.7666666666666666 0.35133051979131136 0.0009304365995222996
3.8 0.39841951914963936 0.000955421208674534
3.8333333333333335 0.43196294828644954 0.0009747478894397421
3.8666666666666667 0.45840234747512715 0.000988060509029054
3.9 0.4588859891702489 0.0009904713047971248
3.933333333333333 0.4558711767964782 0.0009858315823925712
3.966666666666667 0.4351796456213021 0.0009753710718506947
4.0 0.3930899335295635 0.0009566663488529414
4.033333333333333 0.3440562363605043 0.0009376545180754814
4.066666666666666 0.2886510430875157 0.0009051968278339095
4.1 0.22656042668983015 0.000876279764501664
4.133333333333334 0.15134329802360405 0.0008273039574710761
4.166666666666667 0.07008539181796475 0.0007732772705863478
4.2 -0.009955416609227755 0.0007315978642826581
4.233333333333333 -0.09239302540499583 0.0007952796734998491
4.266666666666667 -0.172647214577539 0.0008408353285302983
4.3 -0.252044228055466 0.0008822575708365976
4.333333333333333 -0.31470079317042077 0.0009167463273854759
4.366666666666666 -0.37212578145391434 0.0009340564918574601
4.4 -0.42257771355484397 0.0009536311836972344
4.433333333333334 -0.4584080048926586 0.0009677322078139872
4.466666666666667 -0.47486384008245425 0.0009818350458019598
4.5 -0.484331191119345 0.0009806344262187627
4.533333333333333 -0.46336497293884016 0.0009903497459983202
4.566666666666666 -0.4473807852488385 0.0009765346311695344
4.6 -0.4121684998944605 0.0009647670198731362
4.633333333333334 -0.36017088305523837 0.0009393904441671319
4.666666666666667 -0.29721813093107385 0.000906703331381431
4.7 -0.22921694262894957 0.0008690934560914854
4.733333333333333 -0.1503666368082985 0.0008310957203928049
4.766666666666667 -0.0687741880539956 0.0007766802407464107
4.8 0.01381071533269447 0.0007381434912904633
4.833333333333333 0.09405730444407569 0.0007918044011593489
4.866666666666666 0.17473519882067756 0.0008404404401736454
4.9 0.2469618710582749 0.0008797574086422955
4.933333333333334 0.3148082405060345 0.0009251435520053475
4.966666666666667 0.37095752725874676 0.0009513742314383178
5.0 0.4165689750732692 0.0009613389037906872
5.033333333333333 0.4464168367433912 0.00096967763756034
5.066666666666666 0.4635165940073827 0.0009740117780329127
5.1 0.46871100955380274 0.0009831599134533242
5.133333333333334 0.46323723569084413 0.0009808081501171406
5.166666666666667 0.4422912036115874 0.000977296813041706
5.2 0.40513123837772297 0.0009620264372384724
5.233333333333333 0.35450999771291286 0.0009441928735470784
5.266666666666667 0.2960098142724949 0.000923136328193741
5.3 0.22898284709486644 0.0008946140158468396
5.333333333333333 0.14689895475421852 0.0008442608773137628
5.366666666666666 0.0698616673439065 0.0007884125625703953
5.4 -0.016493749298306274 0.0007533177027846671
5.433333333333334 -0.09897699979336894 0.0008098747782049331
5.466666666666667 -0.16413467370777338 0.0008594542116160675
5.5 -0.24691967430695844 0.0008996711315422401
5.533333333333333 -0.3183626992833668 0.0009228208503214708
5.566666666666666 -0.37298319232018473 0.0009424010059175814
5.6 -0.4220843630042487 0.0009547622532409816
5.633333333333334 -0.4527403752316685 0.0009667264367088091
5.666666666666667 -0.47189585355959596 0.00097967108911734
5.7 -0.4785013188861612 0.0009800920165233817
5.733333333333333 -0.4679948127193012 0.000972449531009667
5.766666666666667 -0.441112013235324 0.0009659675814380209
5.8 -0.40464459613665127 0.0009540821298514857
5.833333333333333 -0.3530917645925975 0.0009404049952125848
5.866666666666666 -0.29190691248492096 0.0009067715810341381
5.9 -0.22052101311826497 0.0008656350823769698
5.933333333333334 -0.14473616033214137 0.0008235109767645021
5.966666666666667 -0.060878160174856616 0.0007719285136106868
6.0 0.020512034249964374 0.0007398163214475707
6.033333333333333 0.10424959388410426 0.000798253275146335
6.066666666666666 0.18252303308248805 0.000848111697355991
6.1 0.25571741965902667 0.0008828552024354175
6.133333333333334 0.3232323534762328 0.0009272876175795419
6.166666666666667 0.3748785682868233 0.0009434426941980489
6.2 0.4173047772226984 0.0009596611124617627
6.233333333333333 0.44622648585692637 0.000975403349667503
6.266666666666667 0.46104804275487593 0.0009809313524450913
6.3 0.4645198146730168 0.0009792265676566436
6.333333333333333 0.4552213889840183 0.0009775562500751178
6.366666666666666 0.4303389003940634 0.0009660847283707308
6.4 0.39087254856520437 0.0009560469804849592
6.433333333333334 0.3395927656685516 0.000931875863379672
6.466666666666667 0.27807839155771613 0.0009017783369462129
6.5 0.21405881495112836 0.000867116883756569
6.533333333333333 0.13370808457246558 0.00081552359833581
6.566666666666666 0.05804635348901191 0.0007705789927944656
6.6 -0.02525442860226957 0.0007428135287437659
6.633333333333334 -0.10995291963422663 0.0008043905842458898
6.666666666666667 -0.19149917983082193 0.0008518271602319383
6.7 -0.26105721104573854 0.0008957786575535254
6.733333333333333 -0.32563589812005717 0.0009178411697957078
6.766666666666667 -0.37946115486741616 0.0009381647813340721
6.8 -0.41849313040603414 0.0009586800982875343
6.833333333333333 -0.45270001646400465 0.000964200518983438
6.866666666666666 -0.46700057996206756 0.0009817509297373461
6.9 -0.46982751277060836 0.0009856403524019508
6.933333333333334 -0.454380903564626 0.0009941530608328364
6.966666666666667 -0.4298729794981278 0.0009743364942804145
7.0 -0.3914918022004758 0.0009566123202660037
7.033333333333333 -0.33769588970649295 0.0009264284085667707
7.066666666666666 -0.2763562730136106 0.00090109339528055
7.1 -0.20498391476281763 0.0008617449145654765
7.133333333333334 -0.12865555728329028 0.0008183311060930287
7.166666666666667 -0.0441727946083947 0.000755725820478996
7.2 0.036487260826406596 0.0007538601861702618
7.233333333333333 0.11557133960015507 0.000808652743439317
7.266666666666667 0.1929894202466137 0.0008601278890649766
7.3 0.2647350918196171 0.0009060801461443502
7.333333333333333 0.32557357238537055 0.0009307491701815995
7.366666666666666 0.37583340255064507 0.0009445309735724439
7.4 0.4174848871254373 0.0009679558400521038
7.433333333333334 0.44801784006196643 0.0009805221298418987
7.466666666666667 0.46066090626300327 0.000992203326738661
7.5 0.45723393721311956 0.0009882284849689338
7.533333333333333 0.44414598290948837 0.0009770046057032133
7.566666666666666 0.4166500818557143 0.000963371070032526
7.6 0.3805024036994921 0.0009549006294535256
7.633333333333334 0.3306545881588195 0.000938445992340442
7.666666666666667 0.2666299116089291 0.0008987378104967081
7.7 0.2000838582850376 0.0008656935700593338
7.733333333333333 0.12452870544262684 0.000815203267368031
7.766666666666667 0.04309812935841288 0.0007606098597464014
7.8 -0.04022638213778178 0.0007605553480671615
7.833333333333333 -0.12007860817005639 0.0008098629521799822
7.866666666666666 -0.1979573196766549 0.0008513681407140428
7.9 -0.2708255143245308 0.0008894764854535664
7.933333333333334 -0.33129948499831363 0.0009130461904431342
7.966666666666667 -0.3853212196446676 0.0009370469355331479
8.0 -0.4258737439769351 0.0009547893265961505
8.033333333333333 -0.45309922766122396 0.00096909567500153
8.066666666666666 -0.4674503788581028 0.0009721082360295008
8.1 -0.4645338839626243 0.0009723828998894901
8.133333333333333 -0.44960057756766253 0.0009659093937617325
8.166666666666666 -0.4227785583605528 0.000953240984289172
8.2 -0.3808225935477999 0.0009345768147402955
8.233333333333333 -0.3269693331137296 0.0009185777105935045
8.266666666666667 -0.26294396117815333 0.0008937129656407805
8.3 -0.190500027866586 0.0008513512014340641
8.333333333333334 -0.1119102041920424 0.000805562370650284
8.366666666666667 -0.020758645388193723 0.0007508051122552609
8.4 0.05353462097054054 0.0007723129894987857
8.433333333333334 0.12774420048877763 0.0008146175503319919
8.466666666666667 0.20121222184435816 0.0008602161588354418
8.5 0.27036881192097373 0.0008995028122574245
8.533333333333333 0.3336410198492703 0.0009330025916796658
8.566666666666666 0.381375250534779 0.0009489090349976137
8.6 0.4189866758559349 0.0009645618530997879
8.633333333333333 0.447256038916587 0.0009822139373515393
8.666666666666666 0.4550871010469928 0.0009840367095640956
8.7 0.4508818225029173 0.0009758410750596025
8.733333333333333 0.43805346666704303 0.0009725306657255572
8.766666666666667 0.40324163043051986 0.0009725422859253596
8.8 0.3643520754049725 0.0009501388463205585
8.833333333333334 0.3154619240073247 0.000928165701992778
8.866666666666667 0.2516059368446749 0.000892861036441539
8.9 0.18396981973999116 0.0008633579204766484
8.933333333333334 0.10904097733180566 0.0008153208033773451
8.966666666666667 0.040279411654269154 0.0007732742084615163
9.0 -0.054273211065625444 0.0007685710898448911
9.033333333333333 -0.1317960513132358 0.0008160475356264463
9.066666666666666 -0.2093834931159381 0.0008579679689872111
9.1 -0.276529851304059 0.0008950433579791861
9.133333333333333 -0.33648181215724976 0.000928711844345731
9.166666666666666 -0.38834374500568136 0.0009472816968268405
9.2 -0.42107639306594663 0.0009624779771376657
9.233333333333333 -0.4469999489889174 0.0009772126259255942
9.266666666666667 -0.463457129983562 0.0009833887050179069
9.3 -0.45848419757791864 0.0009777766552964695
9.333333333333334 -0.44228254229482195 0.0009704171887005564
9.366666666666667 -0.41181615862699705 0.0009485341608121423
9.4 -0.3672949823103855 0.0009381705132724405
9.433333333333334 -0.3121067842643971 0.0009132355216424082
9.466666666666667 -0.24789072853268274 0.0008807936193181987
9.5 -0.17824150682085094 0.0008420144096572268
9.533333333333333 -0.1001550728940889 0.0007918671886438106
9.566666666666666 -0.020575826424789327 0.0007396957152053726
9.6 0.059059263380840124 0.000771559321027987
9.633333333333333 0.13631882724401811 0.0008220644877865446
9.666666666666666 0.21941253178752856 0.0008712608580837833
9.7 0.2872281570460747 0.0009149596488422507
9.733333333333333 0.33661959960299215 0.0009359514050513162
9.766666666666667 0.38327201414540585 0.0009518116138799715
9.8 0.41479195619257 0.00096037964397927
9.833333333333334 0.4424247053873387 0.0009701549820869682
9.866666666666667 0.45295452978610257 0.0009794303963621132
9.9 0.44408377873010035 0.0009721259884002964
9.933333333333334 0.42761446119471164 0.0009658803756433243
9.966666666666667 0.39669931794677665 0.0009542363165624401
10.0 0.35671808286317785 0.0009369201218055734
10.033333333333333 0.299279568652936 0.0009087677034432251
10.066666666666666 0.23483539656891148 0.0008756006141981687
10.1 0.16381550342997078 0.000836104995823983
10.133333333333333 0.09103991200583697 0.0007953256171827766
10.166666666666666 0.008520823101335097 0.0007317309603404477
10.2 -0.06736769406370115 0.0007707705580288909
10.233333333333333 -0.14534408961049447 0.0008246283734125726
10.266666666666667 -0.2203558114145588 0.0008728240803534404
10.3 -0.28691895068707957 0.0008975609332410039
10.333333333333334 -0.34442924494393706 0.0009241423169535912
10.366666666666667 -0.3918907516691939 0.000944537439771409
10.4 -0.4263507285339849 0.0009564169248896248
10.433333333333334 -0.4502654266502125 0.0009628712517366633
10.466666666666667 -0.4588317953888795 0.0009681990662719353
10.5 -0.45414161506741163 0.0009711235161207199
10.533333333333333 -0.43101087048057385 0.0009692182896924306
10.566666666666666 -0.397170557276298 0.0009623767399723482
10.6 -0.3539777054233149 0.0009399927633244043
10.633333333333333 -0.29717029641669934 0.0009067518252819928
10.666666666666666 -0.23523835395706863 0.0008763632974002344
10.7 -0.15949175586757766 0.0008372099982636438
10.733333333333333 -0.08215995972611734 0.0007888041288059006
10.766666666666667 -0.006635906621032083 0.0007330063614329439
10.8 0.07346055910140542 0.0007858756614904788
10.833333333333334 0.1499901298789767 0.0008345472687949218
10.866666666666667 0.21977995462880823 0.0008732696510263538
10.9 0.2897692952952925 0.0009087062969088122
10.933333333333334 0.33917914974237257 0.0009279754630163173
10.966666666666667 0.3816696681958376 0.0009424061212713886
11.0 0.41784570193331994 0.0009648249258256691
11.033333333333333 0.44152628354433193 0.0009763214355696381
11.066666666666666 0.44607469748404827 0.0009824650438797211
11.1 0.43798724821182916 0.0009708839776595424
11.133333333333333 0.4175891312330162 0.0009771738846626188
11.166666666666666 0.3852479516106352 0.0009713220497539199
11.2 0.3446151704346982 0.0009432469799295906
11.233333333333333 0.2870085448752284 0.0009090466796600749
11.266666666666667 0.22634853270570113 0.0008801703778255621
11.3 0.15659538819958285 0.0008347198464150607
11.333333333333334 0.07465939145681479 0.0007783743690391864
11.366666666666667 -0.004847046820591158 0.000730212443654156
11.4 -0.08403644060206854 0.000783893789517362
11.433333333333334 -0.15709360730813424 0.0008326514201666968
11.466666666666667 -0.2318308594908106 0.0008660065932173666
11.5 -0.2944109287320602 0.0008954097130041139
11.533333333333333 -0.3497743098660347 0.0009259808170190564
11.566666666666666 -0.3940417637041605 0.0009441089358602217
11.6 -0.4243369790121456 0.0009674195081675885
11.633333333333333 -0.4419043009631612 0.0009756440928891941
11.666666666666666 -0.45076258790129 0.0009720430347653353
11.7 -0.4449540709327866 0.0009666300619010637
11.733333333333333 -0.42275415418075046 0.0009554693301916939
11.766666666666667 -0.3895378266094763 0.000952001404962044
11.8 -0.3395887046232885 0.0009419362938253295
11.833333333333334 -0.2825613344915382 0.0009053154095856608
11.866666666666667 -0.2205526196876522 0.0008707568325464488
11.9 -0.14789536181364948 0.0008279797538778277
11.933333333333334 -0.07058728592727592 0.000780083190764877
11.966666666666667 0.012412158856364326 0.0007387012139351834
12.0 0.083478209417161 0.0007824075860344976
12.033333333333333 0.16352745588246223 0.0008358802683338384
12.066666666666666 0.2416079648786213 0.0008844717638906985
12.1 0.2929912303529897 0.0009062223845209827
12.133333333333333 0.3465223432880443 0.0009407657085754861
12.166666666666666 0.3863172633164413 0.0009536969475069101
12.2 0.41993874761941186 0.0009627058085510121
12.233333333333333 0.4363027034250595 0.0009680148834239621
12.266666666666667 0.4417144127762644 0.0009744275048355622
12.3 0.4270826024917004 0.0009654973156165148
12.333333333333334 0.4050295267753083 0.0009577304569468037
12.366666666666667 0.3723535184399386 0.0009432120097130348
12.4 0.3276617636292203 0.0009294343913168746
12.433333333333334 0.2704092520768896 0.0008964456749883665
12.466666666666667 0.20802126930410092 0.000863366628661183
12.5 0.13422698795690063 0.0008255047985970265
12.533333333333333 0.05908455812769021 0.0007700034051162721
12.566666666666666 -0.019269137000284795 0.0007404634752385328
12.6 -0.09431864655590043 0.0007933914501264266
12.633333333333333 -0.17009696545362588 0.0008379735534924104
12.666666666666666 -0.2406274786154301 0.0008834761601791141
12.7 -0.3013622326998209 0.0009120852608875407
12.733333333333333 -0.354660630458859 0.0009407847005568626
12.766666666666667 -0.39493524728286633 0.0009562754218425118
12.8 -0.4267119139031522 0.0009638077479687257
12.833333333333334 -0.44247601040454126 0.0009662509983129897
12.866666666666667 -0.4472110426344093 0.000972024119326953
12.9 -0.43895707710991927 0.0009602074096310975
12.933333333333334 -0.4140556329168032 0.0009597555754836673
12.966666666666667 -0.3781840923026273 0.0009482123695520595
13.0 -0.321573561649028 0.0009272015460050631
13.033333333333333 -0.2642394664505193 0.0009058617892870879
13.066666666666666 -0.19473554636037796 0.0008675949827553764
13.1 -0.12658545666089546 0.0008157261592222353
13.133333333333333 -0.04957040140917434 0.0007608092609923955
13.166666666666666 0.027050224483669498 0.0007498383436998525
13.2 0.10021540262125447 0.0007928414400452805
13.233333333333333 0.17486589296884186 0.000844156153207154
13.266666666666667 0.24998673477923813 0.0008921304877642366
13.3 0.3092350795508643 0.0009182430099222705
13.333333333333334 0.35385735608705504 0.0009377763654129789
13.366666666666667 0.3954768285477833 0.0009568291307941457
13.4 0.415703955929102 0.0009582787400180814
13.433333333333334 0.4336766235620863 0.0009813377619606878
13.466666666666667 0.43692894071506905 0.0009824670192165041
13.5 0.4249203533499749 0.0009717975622501873
13.533333333333333 0.39877513572103884 0.0009585710650413803
13.566666666666666 0.36157485555340685 0.0009419354799296009
13.6 0.31465811068739813 0.0009238852713918111
13.633333333333333 0.26278340950862994 0.0008955399503202677
13.666666666666666 0.19652727180858506 0.0008587389637552123
13.7 0.12189237484989589 0.0008152608121293342
13.733333333333333 0.05367700496331736 0.000771915642500523
13.766666666666667 -0.028772143679517612 0.0007462604241884226
13.8 -0.10613365395583041 0.0007963480052229494
13.833333333333334 -0.17479761873094388 0.0008431619315918404
13.866666666666667 -0.24401005968796322 0.0008793615912163766
13.9 -0.3072774107104187 0.000908029199343241
13.933333333333334 -0.35959478423177305 0.0009298041857442318
13.966666666666667 -0.40042012268644145 0.0009432037892825318
14.0 -0.42891885920416783 0.0009512572652554119
14.033333333333333 -0.4428362823319968 0.0009567186404201289
14.066666666666666 -0.44338296129996496 0.0009581759910550214
14.1 -0.430804475523689 0.0009552452929889044
14.133333333333333 -0.40439683883933164 0.0009482706166797916
14.166666666666666 -0.36434291700232646 0.0009339739055024832
14.2 -0.3146720458673235 0.0009104026631706064
14.233333333333333 -0.2556207677623549 0.0008787525126982554
14.266666666666667 -0.18715114437649058 0.0008437927942759882
14.3 -0.1150832058491696 0.0008014583395617864
14.333333333333334 -0.03672572435735118 0.0007519685490026615
14.366666666666667 0.03882244803905931 0.0007573115011361986
14.4 0.11418141369431135 0.0008044849066701637
14.433333333333334 0.1853904275670434 0.0008502273201658195
14.466666666666667 0.24720870329953562 0.0008849987849021412
14.5 0.3065338977683638 0.0009117179196264091
14.533333333333333 0.354447981883274 0.0009331403951974293
14.566666666666666 0.39225594821084303 0.0009489374997493361
14.6 0.4140810549268903 0.0009614749490048369
14.633333333333333 0.42771990263148196 0.0009766164142088196
14.666666666666666 0.428563430147947 0.0009707546605645656
14.7 0.4117005785340299 0.000963619155062434
14.733333333333333 0.3926265370219057 0.0009669393465996934
14.766666666666667 0.35275880620209976 0.0009459658505676649
14.8 0.3044662806931514 0.0009243520931747629
14.833333333333334 0.23982179682899538 0.000880839091911223
14.866666666666667 0.17998279398717182 0.0008488749967727194
14.9 0.10933505410484069 0.0008073075706424016
14.933333333333334 0.026744316213602855 0.0007457038823946299
14.966666666666667 -0.039123582214961136 0.0007616520595680465
15.0 -0.1269674356980761 0.0008154745997079604
15.033333333333333 -0.19714115634562987 0.0008543371131469191
15.066666666666666 -0.26395399528783264 0.0008842859254936108
15.1 -0.3203823528238121 0.0009118123816430623
15.133333333333333 -0.3674127647536413 0.0009377661546727256
15.166666666666666 -0.39303496799707627 0.0009637240857933715
15.2 -0.4233018409521587 0.0009604146874429564
15.233333333333333 -0.43607785145605005 0.0009632721438766478
15.266666666666667 -0.4357494065821933 0.000958115750494537
15.3 -0.4183736449009965 0.0009621572936447942
15.333333333333334 -0.39236034072871145 0.0009469042660001925
15.366666666666667 -0.34981733359354616 0.0009259370087939534
15.4 -0.3004027779825685 0.0009003425138131571
15.433333333333334 -0.24033923170827734 0.0008785950408474741
15.466666666666667 -0.17115846874810495 0.0008341992291378275
15.5 -0.09997925145433559 0.000795847360161181
15.533333333333333 -0.022236021490226996 0.0007383687097151405
15.566666666666666 0.05252605052597351 0.0007618689834157089
15.6 0.1253004326384051 0.0008099944402477077
15.633333333333333 0.19844235821226439 0.0008603649807486513
15.666666666666666 0.2607886112951239 0.0008950885667304287
15.7 0.3151474902100256 0.0009182247227065288
15.733333333333333 0.35898036894272795 0.0009352376170125298
15.766666666666667 0.3936915464597735 0.0009655221320682972
15.8 0.41587863215291493 0.0009748001842931342
15.833333333333334 0.4320397364874801 0.0009718912406891933
15.866666666666667 0.4273238976084149 0.0009752180992759207
15.9 0.4025328828152529 0.0009641440404967727
15.933333333333334 0.37784547278824765 0.0009662245183277296
15.966666666666667 0.33710429616051124 0.000937308990789032
16.0 0.2866036326584664 0.0009124451899993336
16.033333333333335 0.22183638899366395 0.0008687557877668228
16.066666666666666 0.15719705540965212 0.0008361325774322026
16.1 0.08477478982490581 0.0007861906128851376
16.133333333333333 0.010825492191747738 0.0007346386671924603
16.166666666666668 -0.06680531678569732 0.0007684608467701248
16.2 -0.12951378727194185 0.0008208890805263824
16.233333333333334 -0.20347164031025275 0.0008592223466331872
16.266666666666666 -0.2722759698111025 0.0008854416045984137
16.3 -0.3214532063448524 0.0009174776791691097
16.333333333333332 -0.3659329853015513 0.0009383229964091133
16.366666666666667 -0.400778322525957 0.0009553249398680519
16.4 -0.42635787337878717 0.0009559994502151281
16.433333333333334 -0.43226583294776616 0.0009598459364152934
16.466666666666665 -0.4278658421647166 0.0009623526078847422
16.5 -0.41156070442019993 0.000950243972870024
16.533333333333335 -0.37921008104124354 0.0009396617716498912
16.566666666666666 -0.33917906002565257 0.0009332416891023598
16.6 -0.28433809506210206 0.0009050659419321261
16.633333333333333 -0.2214625740466617 0.0008934228306657632
16.666666666666668 -0.15816879879111265 0.0008307541196331258
16.7 -0.08014181201881197 0.0007802658321540284
16.733333333333334 -0.004696038352786678 0.0007291154579401968
16.766666666666666 0.06996677770100916 0.0007739595372811686
16.8 0.14132067985524968 0.0008210824211232204
16.833333333333332 0.21307809118286244 0.0008673356556312406
16.866666666666667 0.2760149290925231 0.0009045975367780179
16.9 0.322811409277827 0.0009218633353203498
16.933333333333334 0.36388516629886414 0.0009367698681225223
16.966666666666665 0.3973343879302075 0.0009520595665020171
17.0 0.4213144502052339 0.0009678748158939987
17.033333333333335 0.42339940724088915 0.0009747668475398874
17.066666666666666 0.4148015057541596 0.0009676443137404123
17.1 0.3940272356565463 0.0009549684204180897
17.133333333333333 0.36236932361807067 0.0009377243026569282
17.166666666666668 0.3195957414848567 0.0009174272456085042
17.2 0.26629427692476826 0.0008972493363073597
17.233333333333334 0.20921635029175487 0.0008675897058205151
17.266666666666666 0.13882793077549563 0.0008199173174329166
17.3 0.06471009685888886 0.0007702423192840618
17.333333333333332 -0.006514267832745119 0.0007295671619066031
17.366666666666667 -0.07417400567973824 0.0007821654970572994
17.4 -0.1528936815775778 0.0008278150641947979
17.433333333333334 -0.21783367730836334 0.0008611682404068843
17.466666666666665 -0.2820257168141463 0.0008945170199434749
17.5 -0.334017566711763 0.000922011285034996
17.533333333333335 -0.37418677954832463 0.0009376811723233458
17.566666666666666 -0.4047635386922738 0.0009482622703846366
17.6 -0.4249225184627901 0.0009529944995905759
17.633333333333333 -0.42982896388670744 0.0009604035015521317
17.666666666666668 -0.42145847779502943 0.0009544060684097966
17.7 -0.4006205347154107 0.0009504456045129062
17.733333333333334 -0.3643230947418737 0.0009404884093809351
17.766666666666666 -0.3228988578276406 0.0009122527142819137
17.8 -0.2674130182792897 0.0008864691710474548
17.833333333333332 -0.20091437631143982 0.0008554317210980322
17.866666666666667 -0.13439098954537781 0.0008145686764045035
17.9 -0.06051268787469013 0.0007684677962135275
17.933333333333334 0.011184797860198664 0.0007333158038276399
17.966666666666665 0.08750336202140487 0.0007888784780976238
18.0 0.1546591675101776 0.0008279876194303148
18.033333333333335 0.22833360997346663 0.0008760931967353724
18.066666666666666 0.29154171252977634 0.0009119154529852458
18.1 0.3296248049772558 0.0009229036616308361
18.133333333333333 0.36783493853938587 0.0009442613905074615
18.166666666666668 0.39709343911671585 0.0009561890768302606
18.2 0.4092484891989116 0.0009549407223200523
18.233333333333334 0.4120038017639122 0.0009540534904423636
18.266666666666666 0.41045808848886334 0.000963707098483424
18.3 0.3856049427685563 0.0009547780633958891
18.333333333333332 0.3512122495846167 0.0009349616942487815
18.366666666666667 0.30604652557509393 0.0009164365969415167
18.4 0.2597439039032554 0.0008982925884651327
18.433333333333334 0.1935672021439633 0.0008686083355695928
18.466666666666665 0.12726091791401592 0.0008223626679291496
18.5 0.04927221201305662 0.0007712283922643032
18.533333333333335 -0.023910779323639907 0.000748673223473606
18.566666666666666 -0.09605519868116318 0.000792210609540045
18.6 -0.16723854080054523 0.0008394285471906848
18.633333333333333 -0.23091850338659073 0.0008780244001227178
18.666666666666668 -0.2896179762118802 0.0009107979895362495
18.7 -0.3435163901760084 0.0009231293423745401
18.733333333333334 -0.38300017265636194 0.0009375517963389757
18.766666666666666 -0.40374041072264766 0.0009551836866245611
18.8 -0.41451517184617576 0.0009716938384138341
18.833333333333332 -0.4211148635001496 0.0009653048763318406
18.866666666666667 -0.4134964146111912 0.0009521128712136062
18.9 -0.39049253861787325 0.0009418519181021434
18.933333333333334 -0.3552853076823356 0.0009339500139124435
18.966666666666665 -0.30634334122584883 0.0009081272633997828
19.0 -0.2513848148907736 0.0008764719209347072
19.033333333333335 -0.18343412273330048 0.0008519941241228735
19.066666666666666 -0.11415019959980902 0.0008106178745106996
19.1 -0.04319316324701273 0.00075448287261555
19.133333333333333 0.026393250563244004 0.0007448140173577922
19.166666666666668 0.10053641157948066 0.000798350282894475
19.2 0.17221891721752183 0.0008495862717341762
19.233333333333334 0.232776889219414 0.000879510561022423
19.266666666666666 0.29028092864402166 0.0009096976081433561
19.3 0.3367193374737524 0.0009333894739360082
19.333333333333332 0.37296700807802513 0.0009431924688805271
19.366666666666667 0.3945529009419266 0.0009494177780658974
19.4 0.4061318051126848 0.0009557272021184504
19.433333333333334 0.4078619746887591 0.0009645017176345139
19.466666666666665 0.395951855181237 0.0009649141370127734
19.5 0.37324553181203934 0.0009488564812837885
19.533333333333335 0.3377250804814766 0.0009342886814503459
19.566666666666666 0.2915654201878705 0.0009099296167276449
19.6 0.2359744127231927 0.0008829997065074036
19.633333333333333 0.17533946460959932 0.0008501575693769803
19.666666666666668 0.10163005845388537 0.0008023764216413126
19.7 0.02694276229349604 0.000746143240354262
19.733333333333334 -0.03582097107984581 0.0007555208599058089
19.766666666666666 -0.10647045221483145 0.000805872547523262
19.8 -0.18267570574212136 0.0008473587885932388
19.833333333333332 -0.2469276485535439 0.0008781833916526871
19.866666666666667 -0.2994280726588428 0.0009044181586153055
19.9 -0.3442884222724982 0.0009257209514572651
19.933333333333334 -0.381828365520292 0.000938707099445435
19.966666666666665 -0.4103094849548944 0.000951935625875977
20.0 -0.4214570468439327 0.0009527991592633844
20.033333333333335 -0.4204964122325109 0.0009493692114360686
20.066666666666666 -0.40675336645440624 0.0009496537346169176
20.1 -0.37811473368483606 0.0009413386911548138
20.133333333333333 -0.3358197428358071 0.0009270444169869885
20.166666666666668 -0.28589592856024076 0.0009092026471188563
20.2 -0.2303813719613726 0.0008744692962118217
20.233333333333334 -0.1700898340401935 0.0008355002902413478
20.266666666666666 -0.10063537528669748 0.0007922836622806656
20.3 -0.027525850708559542 0.0007420391065844217
20.333333333333332 0.05689558964646174 0.0007733011726077793
20.366666666666667 0.1176283258330472 0.0008086006696867015
20.4 0.18450258383569867 0.0008589557837662409
20.433333333333334 0.24437872256280144 0.0008833120724035248
20.466666666666665 0.29772156974636516 0.0009270937692441583
20.5 0.34301199294913814 0.0009544120479170193
20.533333333333335 0.374936944061083 0.00095441290292958
20.566666666666666 0.3961420767446586 0.0009599827794784521
20.6 0.4059001501831814 0.0009593597449482627
20.633333333333333 0.39894777517169194 0.0009574493143388874
20.666666666666668 0.3881767562667338 0.0009610162970212777
20.7 0.360917937164029 0.0009542407435336742
20.733333333333334 0.32286149567219313 0.0009331573395567339
20.766666666666666 0.27289535626434147 0.0008985143483289382
20.8 0.21858332733545152 0.0008674065744633253
20.833333333333332 0.15610067435561653 0.0008444353325831044
20.866666666666667 0.08472566386365893 0.0007852978524583165
20.9 0.013006218175203586 0.0007394644714623731
20.933333333333334 -0.060254498683118066 0.000772876715449497
20.966666666666665 -0.1333000622661003 0.0008169359085404004
21.0 -0.19808484621358505 0.0008701718469943664
21.033333333333335 -0.260372242105284 0.0009014522620568455
21.066666666666666 -0.3114760166649593 0.0009165976942544507
21.1 -0.3550798954407043 0.0009267278866799122
21.133333333333333 -0.3872528086274138 0.000939584740759114
21.166666666666668 -0.4099157622907739 0.0009474487232619677
21.2 -0.41830201712244763 0.0009523727266705917
21.233333333333334 -0.4136616442107423 0.0009486601857687238
21.266666666666666 -0.3969361275416382 0.0009421375113269348
21.3 -0.3665920135359736 0.0009415538076749108
21.333333333333332 -0.3250943047185258 0.000915186489055253
21.366666666666667 -0.2745866792795536 0.0008904271458566315
21.4 -0.21464700621429122 0.0008643582346239131
21.433333333333334 -0.144531744587363 0.000830751915230743
21.466666666666665 -0.0728516673865238 0.0007833604791557258
21.5 -0.009337651839568284 0.0007313473753929375
21.533333333333335 0.06002078214357766 0.0007667645870053919
21.566666666666666 0.13233265152752163 0.0008143641060222029
21.6 0.19786516526235795 0.0008538235581858622
21.633333333333333 0.24926587365891126 0.0008860763669844285
21.666666666666668 0.3040875221631582 0.0009089697827354692
21.7 0.3406510207789116 0.0009293155589765734
21.733333333333334 0.37502413007461405 0.000946902922071835
21.766666666666666 0.3939802660641332 0.0009582046051021531
21.8 0.39979776892257135 0.0009604313550971577
21.833333333333332 0.39490530212455605 0.0009552922646905992
21.866666666666667 0.376766011076708 0.0009500326851199503
21.9 0.3475848059346552 0.0009348840860409768
21.933333333333334 0.3055805126408604 0.0009105743448480919
21.966666666666665 0.2567787538779676 0.0008847654734615573
22.0 0.19767940210443927 0.0008536057416203002
22.033333333333335 0.13757296682026832 0.0008232607864991359
22.066666666666666 0.06790548628618263 0.0007749539890148788
22.1 -0.005991836884605356 0.0007286127051265743
22.133333333333333 -0.07752147724037742 0.000775761826095081
22.166666666666668 -0.1460756160512025 0.0008179019133200127
22.2 -0.20984174898245497 0.0008552695851075376
22.233333333333334 -0.2693760387827783 0.0008887939936027545
22.266666666666666 -0.31590407862987224 0.0009151138229050448
22.3 -0.3613314589220139 0.0009423300658825684
22.333333333333332 -0.39268486683683795 0.0009525730874596627
22.366666666666667 -0.4105197385371161 0.0009576191691400004
22.4 -0.41540287594464254 0.0009605071468057336
22.433333333333334 -0.40646769337823235 0.0009580181460857595
22.466666666666665 -0.3849981585901459 0.0009556370812984771
22.5 -0.348763437097463 0.0009334787595465244
22.533333333333335 -0.30744990984605314 0.0009091385015468911
22.566666666666666 -0.2549393020753992 0.0008845447581000698
22.6 -0.19792078753740716 0.0008538406485489036
22.633333333333333 -0.13258254981601741 0.0008123359629079452
22.666666666666668 -0.05912796231122586 0.0007704995784925325
22.7 0.011801851388655084 0.0007419607067652208
22.733333333333334 0.07443036200164685 0.0007800443967734272
22.766666666666666 0.15566084399703609 0.0008403258934582547
22.8 0.21492553721661453 0.0008722718894188797
22.833333333333332 0.26703699277690895 0.0008953024917497387
22.866666666666667 0.31459632310485064 0.0009170843717937749
22.9 0.35358118081846723 0.0009357991860518
22.933333333333334 0.3812358436247635 0.0009512087426956639
22.966666666666665 0.39763265764445077 0.0009591624180261271
23.0 0.40276996776175106 0.000961972807470568
23.033333333333335 0.3929396504538395 0.0009575279723538221
23.066666666666666 0.36697928756196924 0.0009471369967425369
23.1 0.33905591648173444 0.0009385652244731091
23.133333333333333 0.2912468389922818 0.0009108595655779594
23.166666666666668 0.2380767521129168 0.0008888421888333387
23.2 0.17945962038222482 0.0008500875183158896
23.233333333333334 0.11755386804324894 0.0008162696900371608
23.266666666666666 0.04480179289768209 0.0007666158027138242
23.3 -0.023648586253862916 0.0007482179429262499
23.333333333333332 -0.09371589987022888 0.0007960973039511099
23.366666666666667 -0.16408085357038238 0.000839795013159228
23.4 -0.22827675546968035 0.0008740602222995775
23.433333333333334 -0.2824530716322215 0.0009144172744257051
23.466666666666665 -0.32916696493475356 0.0009263564842772465
23.5 -0.36705167531148014 0.000938042956551921
23.533333333333335 -0.3930598803292051 0.0009494650578618646
23.566666666666666 -0.4063798313238227 0.0009545063066961901
23.6 -0.4080601190679553 0.0009529900804346458
23.633333333333333 -0.39815712939511255 0.0009492818414077453
23.666666666666668 -0.37290486464270467 0.0009443177776489176
23.7 -0.33766287526314676 0.0009338066045521121
23.733333333333334 -0.29499028157717366 0.0009007377938761163
23.766666666666666 -0.23882697688930843 0.0008730606502675986
23.8 -0.1741612462441049 0.0008408818475769686
23.833333333333332 -0.10990322151734008 0.0008050372656010912
23.866666666666667 -0.03870637086392955 0.0007543524201593169
23.9 0.030177042147608125 0.0007505804879547155
23.933333333333334 0.09756230222702642 0.0007955187231787064
23.966666666666665 0.16439746549035533 0.0008432050598857765
24.0 0.22510357661092334 0.000868846233975068
24.033333333333335 0.27917414914578237 0.0008951069747862306
24.066666666666666 0.3147390816587222 0.0009161831387843322
24.1 0.35446068340600484 0.0009373316592881098
24.133333333333333 0.37905659476912495 0.0009482954755991591
24.166666666666668 0.38935944179895476 0.0009511496966953525
24.2 0.3930028703980854 0.0009531100065958698
24.233333333333334 0.39090635300540166 0.0009682163541797628
24.266666666666666 0.3575727918002265 0.0009471774450165449
24.3 0.32287093184756166 0.0009315846082175172
24.333333333333332 0.27859820977574234 0.0009193649788760139
24.366666666666667 0.22330980762854893 0.0008766639032192214
24.4 0.15981563057520148 0.0008334546663171238
24.433333333333334 0.09439816617566255 0.0007937299408820597
24.466666666666665 0.024248568003345523 0.0007415650534712374
24.5 -0.043340144855595 0.0007597591166954992
24.533333333333335 -0.1129915513693412 0.0008041333176895121
24.566666666666666 -0.17736937472034728 0.0008388926624670334
24.6 -0.23166116383014668 0.000878478713324693
24.633333333333333 -0.2843479183390356 0.0009066791045800882
24.666666666666668 -0.3314069620256791 0.0009335244292472678
24.7 -0.36959143250353566 0.0009484522358626513
24.733333333333334 -0.3940102387725186 0.0009463492584774191
24.766666666666666 -0.4045203372896834 0.0009507400801497812
24.8 -0.4041563047891075 0.0009509471673976311
24.833333333333332 -0.38978945275987603 0.0009519058269454317
24.866666666666667 -0.3622169434920673 0.0009361554603689037
24.9 -0.3242277477356592 0.0009170539725125715
24.933333333333334 -0.2771445797827126 0.0008938148899457765
24.966666666666665 -0.2230175568413129 0.0008649721392115783
25.0 -0.15991992196910162 0.0008304754225529065
25.033333333333335 -0.0916242864652669 0.0007885136645827961
25.066666666666666 -0.020327563954664618 0.0007400671762447832
25.1 0.048089920563654874 0.000764132496563659
25.133333333333333 0.12147390866002244 0.0008143696996264493
25.166666666666668 0.18170265005974184 0.0008520468797808822
25.2 0.23592448553890355 0.000878480295870232
25.233333333333334 0.29390424503006013 0.0009134268722058025
25.266666666666666 0.32900650436207085 0.0009237178340180674
25.3 0.3607885558208531 0.0009376221644042948
25.333333333333332 0.3795579075546758 0.0009474422521613679
25.366666666666667 0.3867110467514016 0.0009495321256032807
25.4 0.3851637766746557 0.0009591395107975131
25.433333333333334 0.36798850719390047 0.0009501373274433123
25.466666666666665 0.3416103286498597 0.0009358095564207525
25.5 0.3061580412935452 0.0009191628434198629
25.533333333333335 0.25964309661791746 0.0008964682703451743
25.566666666666666 0.20357947456662517 0.0008642872300731741
25.6 0.14152847805808705 0.0008214739984288844
25.633333333333333 0.07473139458477723 0.0007773125416239701
25.666666666666668 0.01029177546379099 0.0007338267923191685
25.7 -0.06187781632310937 0.00078143239401713
25.733333333333334 -0.12461853154496588 0.0008230214785309165
25.766666666666666 -0.19109495126723014 0.0008522707237230143
25.8 -0.2529534468024513 0.0008798370779001807
25.833333333333332 -0.29999503358136576 0.0009047512253276824
25.866666666666667 -0.34115315497232934 0.0009251211440217122
25.9 -0.37486366640167085 0.0009466366008572535
25.933333333333334 -0.3912151759969164 0.0009561083084966837
25.966666666666665 -0.4009443371372228 0.0009568749603590665
26.0 -0.39649974364740714 0.0009466190819667486
26.033333333333335 -0.37867104635759585 0.0009410113215849725
26.066666666666666 -0.34957265208989624 0.0009236258896748728
26.1 -0.3092194142089906 0.0009090879179475819
26.133333333333333 -0.25772781966756314 0.0008891193724891444
26.166666666666668 -0.20056398630714128 0.0008578458050407523
26.2 -0.13937860729631127 0.0008172705830164495
26.233333333333334 -0.07100040948527328 0.0007832492728240548
26.266666666666666 -0.002976754097729219 0.0007276142586206446
26.3 0.06603196957545418 0.0007722754202180715
26.333333333333332 0.13416031321721922 0.0008173903213490596
26.366666666666667 0.1936420989279081 0.000849509763379469
26.4 0.2506080193589732 0.0008863374014229097
26.433333333333334 0.29926033203636965 0.0009116623513270028
26.466666666666665 0.3357319786649022 0.0009336555695412252
26.5 0.36482574797198725 0.000945903205683718
26.533333333333335 0.37826296462263875 0.0009531284553512265
26.566666666666666 0.38297253146543 0.0009546500692658166
26.6 0.38058214639675286 0.0009514830093616533
26.633333333333333 0.3586957146671957 0.000944548409699042
26.666666666666668 0.330022283046728 0.0009293428020010763
26.7 0.29071841772725265 0.0009121327847128602
26.733333333333334 0.2409440767688508 0.0008794459937060684
26.766666666666666 0.18572459814372455 0.0008522146148549348
26.8 0.12332816301029484 0.0008115497612149886
26.833333333333332 0.05434535544433465 0.0007619992001570083
26.866666666666667 -0.011314575864143696 0.0007337551541519022
26.9 -0.07816395510845615 0.0007859618988357991
26.933333333333334 -0.14499059982660198 0.0008318022939764191
26.966666666666665 -0.20713187265801683 0.0008646122266122436
27.0 -0.2669019524434927 0.0008855220834326216
27.033333333333335 -0.31441303448707414 0.0009142693059736029
27.066666666666666 -0.35194880304415044 0.0009331141449762659
27.1 -0.3786720556698544 0.0009480144189992212
27.133333333333333 -0.39475988585039357 0.0009444300057361299
27.166666666666668 -0.396027435825112 0.000947653647306923
27.2 -0.38863061116509806 0.0009530743702364508
27.233333333333334 -0.36892155170599195 0.0009368406401173424
27.266666666666666 -0.3322932666046372 0.0009306094561840617
27.3 -0.2908794853165501 0.000905713077148429
27.333333333333332 -0.23937771866166963 0.0008784782715014483
27.366666666666667 -0.182633908230013 0.0008551578582509656
27.4 -0.11721129655736968 0.000816390705739925
27.433333333333334 -0.05045098941907833 0.0007606419118256422
27.466666666666665 0.016373323341108054 0.0007382724617945625
27.5 0.09537814898403121 0.0007996902581225568
27.533333333333335 0.14854696834842349 0.0008333099462056737
27.566666666666666 0.21107956600013023 0.0008646632087350448
27.6 0.2609930381688593 0.0008916813165512627
27.633333333333333 0.31029282312071554 0.0009149138023238912
27.666666666666668 0.34575501796710617 0.0009374647797327218
27.7 0.3675735556310919 0.0009462129570786959
27.733333333333334 0.376783432049354 0.0009474997670095298
27.766666666666666 0.38034537055564477 0.000955132915222312
27.8 0.37478879389276526 0.000967092081247678
27.833333333333332 0.3514991668702148 0.00094406402300512
27.866666666666667 0.31589071854207706 0.0009215893684482723
27.9 0.2753524641048263 0.000901798918918062
27.933333333333334 0.22471457723163846 0.0008801505867369053
27.966666666666665 0.17316190441881044 0.0008485587590492116
28.0 0.1094637948686887 0.0008130079548877706
28.033333333333335 0.041422943714321266 0.000766948812805722
28.066666666666666 -0.029464014035135107 0.0007555709384439724
28.1 -0.09851532986186606 0.0007953855795283099
28.133333333333333 -0.16398522360721138 0.0008348438442839778
28.166666666666668 -0.22554596035237967 0.0008678423702110916
28.2 -0.2778365977931845 0.0008945124699716867
28.233333333333334 -0.3217942965862932 0.000920087624130872
28.266666666666666 -0.3580828077000466 0.000936053582146934
28.3 -0.3772523755094559 0.000946206915432013
28.333333333333332 -0.3914043569062143 0.0009478720653348094
28.366666666666667 -0.392913733687997 0.000944916027887599
28.4 -0.3800370990441167 0.0009355063277258213
28.433333333333334 -0.35494388009643457 0.0009295667793846607
28.466666666666665 -0.3121199493795223 0.0009179687461315367
28.5 -0.2773412293454488 0.0008940322516322041
28.533333333333335 -0.22575358059088188 0.0008659007443911904
28.566666666666666 -0.16137404612546388 0.0008326790895988312
28.6 -0.09959151223780065 0.0007969296827218808
28.633333333333333 -0.025684382197876315 0.0007543894807436682
28.666666666666668 0.039843444834227144 0.0007581068548657283
28.7 0.10271969688550242 0.0007983975391579051
28.733333333333334 0.16704310115199772 0.0008376742136334825
28.766666666666666 0.22090830283366517 0.0008703686093736451
28.8 0.2730421918208584 0.0008978848906610604
28.833333333333332 0.3142079057959534 0.0009164483799860568
28.866666666666667 0.3480444450881811 0.0009343962302245656
28.9 0.3656147401388614 0.000942960336700549
28.933333333333334 0.3753535243769832 0.0009470652110878386
28.966666666666665 0.37528271661439133 0.0009434912536885331
29.0 0.3596381521091269 0.0009414695513271232
29.033333333333335 0.33244535698273403 0.0009249616270210481
29.066666666666666 0.2986445679283409 0.0009099457912021824
29.1 0.2556604422584269 0.0008942057521845181
29.133333333333333 0.20653870278515643 0.0008626324485678238
29.166666666666668 0.14552126187864606 0.0008242555054661649
29.2 0.07821424244299337 0.0007837874512800491
29.233333333333334 0.014439916489776109 0.0007376126924223524
29.266666666666666 -0.052073221852709864 0.0007581502013975575
29.3 -0.10458344131281137 0.0008055489339588995
29.333333333333332 -0.18373948980190416 0.0008417034119576894
29.366666666666667 -0.2334561924404946 0.0008808636493728428
29.4 -0.28269758748164586 0.0009016402037591575
29.433333333333334 -0.3138395533067367 0.0009290881128272699
29.466666666666665 -0.3536274416465653 0.0009349248059992155
29.5 -0.3773644524806324 0.000943916815701551
29.533333333333335 -0.37938730810615784 0.0009533873640456547
29.566666666666666 -0.38257969294650174 0.0009454981707099908
29.6 -0.3629192306300815 0.0009430400279554219
29.633333333333333 -0.3310489423509012 0.0009377917639590283
29.666666666666668 -0.29254867545230095 0.0009157335834446001
29.7 -0.2576753602757535 0.0008974092729687744
29.733333333333334 -0.17907238438499776 0.0008799384530810417
29.766666666666666 -0.14291162553727987 0.0008300423797383549
29.8 -0.07642382237802445 0.0007760017950923653
29.833333333333332 -0.012531990234538336 0.0007337784979888524
29.866666666666667 0.056323316347069 0.0007664526410696287
29.9 0.13021655100482718 0.000827129313032221
29.933333333333334 0.17926439132027638 0.0008508636908592104
29.966666666666665 0.21011663047620766 0.0008779578428803059
30.0 0.18091624174715545 0.0008630349977284402
30.033333333333335 0.16424661989638342 0.0008580816212772346
30.066666666666666 0.16874621388104305 0.0008581163834303907
30.1 0.1627405339399942 0.0008566015575883767
30.133333333333333 0.18049017417678306 0.0008742334654369965
30.166666666666668 0.18471238156142397 0.0008738378479174191
30.2 0.14700343181184936 0.0008455865870369561
30.233333333333334 0.14914547395209793 0.00085142112072642
30.266666666666666 0.1593260619421236 0.0008429577187364923
30.3 0.12804860372612137 0.0008242515803304484
30.333333333333332 0.09651869198489642 0.0007982526946281598
30.366666666666667 0.06944659797175545 0.000774194837503836
30.4 0.011775268723909337 0.0007378786747806142
30.433333333333334 -0.029311635528141915 0.0007509624315464973
30.466666666666665 -0.07924602212467632 0.0007863298992617784
30.5 -0.14861147425456914 0.0008158171221834543
30.533333333333335 -0.18628765691303256 0.0008524915268072475
30.566666666666666 -0.24968024430044491 0.0008782474130693274
30.6 -0.293195457881061 0.0009035019193009974
30.633333333333333 -0.3340757789733534 0.0009217908163089983
30.666666666666668 -0.36337624693863524 0.0009366409944717713
30.7 -0.3779880049158133 0.0009470396414975601
30.733333333333334 -0.381844326485439 0.0009675918177284304
30.766666666666666 -0.37800223200545074 0.0009399634731125373
30.8 -0.3601413716160364 0.0009294135798193492
30.833333333333332 -0.3289622959612216 0.0009191171818411226
30.866666666666667 -0.28155042264203645 0.0009150821686338961
30.9 -0.2360797257005473 0.0008919363803889802
30.933333333333334 -0.18436175840141347 0.0008547148050598863
30.966666666666665 -0.12327839947570522 0.0008087290793309526
31.0 -0.05518436027026344 0.0007651362039799575
31.033333333333335 0.010457559225710285 0.0007364854991559391
31.066666666666666 0.07530772018046167 0.0007816351167997393
31.1 0.13865327653735335 0.0008196689824412351
31.133333333333333 0.20111678156136403 0.0008608280233115828
31.166666666666668 0.25058039438305824 0.000882074529027943
31.2 0.2948616454737455 0.0009052965745597885
31.233333333333334 0.3276224020408164 0.0009224080912694776
31.266666666666666 0.34837590981615807 0.0009355575069179833
31.3 0.3668670687592242 0.0009492520166516916
31.333333333333332 0.36867620573672966 0.0009504819178897672
31.366666666666667 0.3620230951101493 0.0009446298070368564
31.4 0.34197677869502163 0.0009351626976027982
31.433333333333334 0.31227900973501366 0.000922851973009231
31.466666666666665 0.2709335536848935 0.0008985821259814841
31.5 0.2220694178112242 0.0008752493138891593
31.533333333333335 0.1700887525204714 0.0008447133363139181
31.566666666666666 0.10824235003265135 0.0008034172103872778
31.6 0.044027328561458 0.0007605736210281044
31.633333333333333 -0.023929706492982924 0.0007443990600691161
31.666666666666668 -0.08861564256433795 0.0007929552940844214
31.7 -0.15457110673833804 0.0008230373230001253
31.733333333333334 -0.20979242031492515 0.0008567464113446999
31.766666666666666 -0.2649985849950495 0.0008838885247541284
31.8 -0.3098777787299594 0.0009085133278675661
31.833333333333332 -0.34359623416511914 0.0009251513800955791
31.866666666666667 -0.3692022897973523 0.0009377716876747821
31.9 -0.38116795146311006 0.0009428233091784421
31.933333333333334 -0.38164472100717345 0.000935272795937192
31.966666666666665 -0.3710050781727908 0.0009315785044582969
32.0 -0.34785115634513425 0.000928419318174889
32.03333333333333 -0.31194487799560017 0.0009172207147903344
32.06666666666667 -0.2693686152070989 0.0009014635821721906
32.1 -0.22235001716469216 0.0008637248399485098
32.13333333333333 -0.1639221974741929 0.0008327306334733053
32.166666666666664 -0.10159993929548515 0.0007918610851199853
32.2 -0.0346135120054356 0.0007508711619791664
32.233333333333334 0.03316902811847571 0.0007587201261980842
32.266666666666666 0.09904524428579557 0.0008015144369806632
32.3 0.15627375289557902 0.000834173884923961
32.333333333333336 0.21201180751945234 0.0008733785730012933
32.36666666666667 0.2609284689374377 0.0008926114616532033
32.4 0.3020468473507334 0.0009095560433953209
32.43333333333333 0.3320720917433178 0.0009240128973365125
32.46666666666667 0.35478773205704495 0.0009436068011105525
32.5 0.3701216861253612 0.0009473055641669448
32.53333333333333 0.36397072120048607 0.000945474208941921
32.56666666666667 0.3508189319876597 0.0009372958686611477
32.6 0.3273450616245118 0.000920724180090482
32.63333333333333 0.3095413721751195 0.0009220527902048525
32.666666666666664 0.2567119608861657 0.0008903613649339226
32.7 0.20504960074146789 0.0008611756107643476
32.733333333333334 0.15114986608255004 0.0008296935249084147
32.766666666666666 0.08438021885303691 0.0007858762176198575
32.8 0.01780388491836413 0.0007398015430100761
32.833333333333336 -0.04255559788264001 0.0007564596882259217
32.86666666666667 -0.10890533941743571 0.0007979584577682552
32.9 -0.17193774353997737 0.0008343204710870578
32.93333333333333 -0.22662155441262724 0.0008710033546687479
32.96666666666667 -0.2766952974758755 0.0008939406802937477
33.0 -0.31570424069804154 0.0009183271525989856
33.03333333333333 -0.3500381040436043 0.0009268504955255996
33.06666666666667 -0.3699045415999859 0.0009356464775227002
33.1 -0.3789374873506294 0.0009422781476783326
33.13333333333333 -0.37725666821571024 0.00093612240627855
33.166666666666664 -0.363066558764323 0.0009297530489050798
33.2 -0.3372196330529757 0.0009180456827079242
33.233333333333334 -0.30211964155486787 0.0009025650158613341
33.266666666666666 -0.25562223718127747 0.0008837019713542893
33.3 -0.20380615474406055 0.0008550426949049394
33.333333333333336 -0.14377659918333746 0.0008211106338880947
33.36666666666667 -0.07703552802839352 0.0007769737437244018
33.4 -0.01561417994527002 0.0007344629203790976
33.43333333333333 0.04783399248341347 0.0007609368734682459
33.46666666666667 0.11089997340091005 0.000798609089176755
33.5 0.17395448350865558 0.0008409813149535539
33.53333333333333 0.22964539422840508 0.0008751372802317803
33.56666666666667 0.27626868457246845 0.0009000284638976952
33.6 0.31055778775668685 0.0009159284460608097
33.63333333333333 0.3380384925042151 0.0009273191946686521
33.666666666666664 0.354127809005659 0.0009328273777324259
33.7 0.362984670470504 0.0009435246741256176
33.733333333333334 0.3587856716074972 0.0009424684018627394
33.766666666666666 0.3449997003531108 0.0009335253583023229
33.8 0.31596236181113335 0.0009184884403741767
33.833333333333336 0.28045780263898296 0.0009011598355817552
33.86666666666667 0.23579942407927848 0.0008751633589685337
33.9 0.18371839326816722 0.0008442572271503412
33.93333333333333 0.13414648636012708 0.0008274444678937343
33.96666666666667 0.06915609031673392 0.0007790850698842916
34.0 -0.003561402710960139 0.0007245782469086871
34.03333333333333 -0.0673524442708787 0.0007710472835055632
34.06666666666667 -0.1276189693866919 0.0008080132919895122
34.1 -0.18794405548594487 0.0008479428049855964
34.13333333333333 -0.24603807689129611 0.0008791015229776544
34.166666666666664 -0.2917360812451272 0.0009010228603104076
34.2 -0.3273158596052253 0.0009207065203960529
34.233333333333334 -0.35096837778460194 0.0009358008136115537
34.266666666666666 -0.37060814911085355 0.0009398813028282382
34.3 -0.37678577500311583 0.0009352616832415395
34.333333333333336 -0.37027459296985565 0.0009351379134386884
34.36666666666667 -0.3498021366118829 0.0009288058307568847
34.4 -0.32146012044913785 0.0009141305400061639
34.43333333333333 -0.2826702081109688 0.0008984245855979123
34.46666666666667 -0.23585626022206493 0.0008717377584301356
34.5 -0.18168620068133007 0.0008438550975943815
34.53333333333333 -0.11954698964648545 0.000806717913394206
34.56666666666667 -0.058639959159726404 0.0007668437865252647
34.6 0.004323903502347905 0.0007265673414394739
34.63333333333333 0.07013660267197455 0.0007775649233269233
34.666666666666664 0.13383429269651995 0.0008206478036047737
34.7 0.1906989478813926 0.0008597442639502739
34.733333333333334 0.2408782837282763 0.0008807817481665814
34.766666666666666 0.2834474098599608 0.0009045209388407471
34.8 0.32105336535941703 0.0009219712113762712
34.833333333333336 0.3395826262785772 0.0009273404464175128
34.86666666666667 0.3574946839161692 0.0009381128450892118
34.9 0.35832637507095116 0.0009389958204624183
34.93333333333333 0.3574895030258021 0.0009426912093296602
34.96666666666667 0.33518797658604704 0.0009347555011701147
35.0 0.30149852474654254 0.0009088825330225703
35.03333333333333 0.2636909736964683 0.000890285097215282
35.06666666666667 0.21697753521972138 0.0008631046673505394
35.1 0.1639417271063066 0.0008326707600874172
35.13333333333333 0.10605643564690505 0.000804426051937937
35.166666666666664 0.03979946927748422 0.000755961718400304
35.2 -0.016715359636150246 0.0007413369735412255
35.233333333333334 -0.07898020705408211 0.0007844526882537506
35.266666666666666 -0.14694226947695255 0.0008253402302348112
35.3 -0.20257662686648586 0.0008532774762800843
35.333333333333336 -0.25632419419915814 0.0008799276997171757
35.36666666666667 -0.29938346951162725 0.0009014934382776674
35.4 -0.33209650658990497 0.0009208165276902158
35.43333333333333 -0.3538121867110381 0.0009332504838246991
35.46666666666667 -0.3660592259457541 0.0009380758414443968
35.5 -0.36877877258380015 0.0009408133571676136
35.53333333333333 -0.3613832455590053 0.000940628480648853
35.56666666666667 -0.3393387425779883 0.0009247477292603223
35.6 -0.31028558511627646 0.0009081365916955852
35.63333333333333 -0.2667309819240567 0.0008906659769808423
35.666666666666664 -0.21756311742180034 0.0008634226732816275
35.7 -0.1609917484256169 0.0008349179706407528
35.733333333333334 -0.10167456229646876 0.0007975849752721031
35.766666666666666 -0.03866814581260864 0.0007528385936149615
35.8 0.03160686649497032 0.000749250298790187
35.833333333333336 0.09113549582347592 0.0007901222983465739
35.86666666666667 0.15241538109917457 0.0008302157633399976
35.9 0.20350625768159533 0.0008565182667820137
35.93333333333333 0.2524583870908582 0.0008939827806727085
35.96666666666667 0.2920750497341638 0.0009143441697671006
36.0 0.31652759875077907 0.0009221921285468282
36.03333333333333 0.3447300633474114 0.000930756265925814
36.06666666666667 0.3534507639124512 0.000933599201400237
36.1 0.35447558199276313 0.0009327982428256609
36.13333333333333 0.3456201108568968 0.0009309495940612034
36.166666666666664 0.3247274849247279 0.0009217967079303557
36.2 0.28966265301434396 0.0009081505791110889
36.233333333333334 0.24960762648273044 0.0008844317216910036
36.266666666666666 0.2030566539902073 0.0008638810604743863
36.3 0.1471793578446297 0.0008288022862557032
36.333333333333336 0.08605956090811094 0.0007885112791200799
36.36666666666667 0.022207799625803985 0.0007447124007814929
36.4 -0.040547732606486246 0.000752753368605287
36.43333333333333 -0.09906321111731155 0.0008000780779006816
36.46666666666667 -0.16042426739850765 0.0008318306620017923
36.5 -0.2187992974778187 0.0008619625597374725
36.53333333333333 -0.2663074140516599 0.0008877867290416619
36.56666666666667 -0.3084500780269496 0.0009051569451021257
36.6 -0.3402095443049259 0.0009179194975799665
36.63333333333333 -0.36004160025757603 0.0009287626217474587
36.666666666666664 -0.36822428224452236 0.0009392254658133203
36.7 -0.3667221993127237 0.0009332150404712247
36.733333333333334 -0.35351401977724883 0.0009248849483962651
36.766666666666666 -0.3292778896404366 0.0009184595840657228
36.8 -0.2957116168977611 0.0009027117046858657
36.833333333333336 -0.25112046487184897 0.000881586656087785
36.86666666666667 -0.19949037798437622 0.0008544555248855557
36.9 -0.14375388528607597 0.0008197406285509468
36.93333333333333 -0.08470170625950559 0.0007976449407988695
36.96666666666667 -0.015179428315593168 0.0007485276814928957
37.0 0.04558796424143008 0.0007547239923908142
37.03333333333333 0.10848659123428474 0.0007969890068428853
37.06666666666667 0.1668285117196499 0.0008371335869995222
37.1 0.21766964105645842 0.0008653668666052383
37.13333333333333 0.2633070518210498 0.0009075404112592333
37.166666666666664 0.3012064742836333 0.0009198593216424578
37.2 0.32840092008058097 0.0009240523701831149
37.233333333333334 0.35046987873607727 0.0009375045579797514
37.266666666666666 0.3511385540752583 0.0009334172612846525
37.3 0.35285509015251004 0.0009417931954515679
37.333333333333336 0.33445315255908215 0.0009288350028684444
37.36666666666667 0.3039829436357221 0.0009113938435648672
37.4 0.2749087361799452 0.0008978859155854835
37.43333333333333 0.23553424173274498 0.0008851415870762269
37.46666666666667 0.1801563153279216 0.000844502613061765
37.5 0.1332460620105348 0.0008243925268650865
37.53333333333333 0.06293934406584516 0.0007690666105849564
37.56666666666667 0.002443940713799117 0.0007292729521438351
37.6 -0.06018076582056562 0.0007669381750788629
37.63333333333333 -0.12212590716867829 0.0008035841081853456
37.666666666666664 -0.18372623401874863 0.0008537866846258235
37.7 -0.23861561342772064 0.0008762232104058687
37.733333333333334 -0.28001754095247183 0.0009000319949420965
37.766666666666666 -0.31706184881172145 0.0009164016622089655
37.8 -0.34201330885838194 0.000932963736293646
37.833333333333336 -0.3603568553878893 0.0009378512136251071
37.86666666666667 -0.36760344147300705 0.0009479873737788247
37.9 -0.3620540803212761 0.0009511943155019464
37.93333333333333 -0.34742663858444905 0.0009338836063969014
37.96666666666667 -0.3166514454063941 0.0009145396682834206
38.0 -0.2788226425114343 0.000894492464674379
38.03333333333333 -0.23343993498610796 0.0008758476351002076
38.06666666666667 -0.1801349308748649 0.0008497235206485487
38.1 -0.12122989325983062 0.0008114414779178958
38.13333333333333 -0.06104274616275084 0.0007665955254573115
38.166666666666664 0.0024160690235789438 0.0007235356747300266
38.2 0.06558088067001372 0.0007709481315463923
38.233333333333334 0.12993974172447156 0.0008181998328311013
38.266666666666666 0.18262475213830195 0.0008433739538140639
38.3 0.234404048369453 0.0008808228686310038
38.333333333333336 0.27488672009297677 0.0008955155000198167
38.36666666666667 0.3075714334257011 0.0009203448394860536
38.4 0.33196151240387356 0.0009329101574109266
38.43333333333333 0.3458737336426664 0.0009366273304732275
38.46666666666667 0.3496760733741703 0.0009316158316537981
38.5 0.34276939513550986 0.0009294247910755504
38.53333333333333 0.3233256027098164 0.0009214443073297662
38.56666666666667 0.2951052423592196 0.0009037711855937047
38.6 0.2587002373911362 0.0008874257956601461
38.63333333333333 0.21310247589954595 0.0008633641342798704
38.666666666666664 0.16060272828360128 0.0008307159783582929
38.7 0.09938516214050332 0.0007934879965448005
38.733333333333334 0.04223795941143045 0.0007562527033788402
38.766666666666666 -0.02287906186478303 0.0007396715542249029
38.8 -0.08345227091951868 0.0007832936379029154
38.833333333333336 -0.14215666825778542 0.0008215043495554131
38.86666666666667 -0.19901465424545997 0.0008528373810357537
38.9 -0.24718458023283205 0.0008804794477990097
38.93333333333333 -0.29395569914297726 0.0009023023276907849
38.96666666666667 -0.32623730868324896 0.0009279515006271888
39.0 -0.3461425704942459 0.0009348665063996786
39.03333333333333 -0.36161399775405173 0.0009512394479195274
39.06666666666667 -0.36211930143074245 0.0009290141021870424
39.1 -0.35335938362815994 0.000925398572676539
39.13333333333333 -0.3331427878672616 0.0009179494780817143
39.166666666666664 -0.3019062101103227 0.0009095901982882348
39.2 -0.2609323071725396 0.0008868253108990087
39.233333333333334 -0.2099917562596112 0.0008650891402144367
39.266666666666666 -0.15522805223647973 0.0008337411853479582
39.3 -0.10063367741178167 0.0007950224435575026
39.333333333333336 -0.03534047723151255 0.0007525577806057199
39.36666666666667 0.03349497179200181 0.0007573117668866619
39.4 0.09175869136075682 0.000793217450855796
39.43333333333333 0.1449306825090938 0.0008333042318574291
39.46666666666667 0.19788914948843625 0.0008591624621442362
39.5 0.24552834871467194 0.0008869189613352757
39.53333333333333 0.2873289060768963 0.0009110689694921681
39.56666666666667 0.31747064969251027 0.0009198226525637954
39.6 0.3353307198020045 0.0009294172975705672
39.63333333333333 0.3449292350360172 0.0009340446998362673
39.666666666666664 0.34376469412799354 0.0009292602211206646
39.7 0.3352763853576147 0.0009356498042966122
39.733333333333334 0.31191045368234416 0.0009230447493759342
39.766666666666666 0.28014490776051815 0.0009056419322511777
39.8 0.2404983274880636 0.0008807290804171419
39.833333333333336 0.1939213687480232 0.0008663690090033871
39.86666666666667 0.14009006515698186 0.0008260323780026058
39.9 0.08196813088871542 0.000781333467963663
39.93333333333333 0.019351670590241024 0.000735605325175831
39.96666666666667 -0.04052213546750923 0.0007503534680814855
40.0 -0.1030632593622324 0.0007960037883261301
40.03333333333333 -0.16058327858542018 0.0008355962905612913
40.06666666666667 -0.21522780093763075 0.0008610576885071664
40.1 -0.2635456523090451 0.000886071015721579
40.13333333333333 -0.3009345405401582 0.0009025234887476974
40.166666666666664 -0.3317320488350632 0.0009206965240144971
40.2 -0.3510036379166692 0.0009284589945893762
40.233333333333334 -0.36026210440738854 0.0009344294171759748
40.266666666666666 -0.35887235429722547 0.0009311996886596785
40.3 -0.34536705687440344 0.0009276585442849483
40.333333333333336 -0.3213669760875036 0.0009276198905530664
40.36666666666667 -0.2831306621568732 0.0009196309226591759
40.4 -0.2426635410286308 0.000879130971127351
40.43333333333333 -0.19488633738652256 0.0008528182374658022
40.46666666666667 -0.13834817161477664 0.000823243854419814
40.5 -0.07965418565577434 0.0007810140116729369
40.53333333333333 -0.010404892310455032 0.0007371402978646052
40.56666666666667 0.04662251657507937 0.000763890195033673
40.6 0.10470682027892755 0.0007963554395951367
40.63333333333333 0.16072649085579596 0.0008322470835275264
40.666666666666664 0.2128357814482106 0.0008612721774464982
40.7 0.2598546019345298 0.0008919902139586378
40.733333333333334 0.29534662875500817 0.0009082255428153885
40.766666666666666 0.3192415987699091 0.0009245102201049238
40.8 0.3372080761735073 0.0009252796340137315
40.833333333333336 0.34423150761517995 0.0009374319636252237
40.86666666666667 0.33989709672722707 0.0009307968659784116
40.9 0.32599185632849786 0.0009369893623998315
40.93333333333333 0.30115989309340285 0.0009256978047336162
40.96666666666667 0.26735072967885204 0.000901813711656374
41.0 0.22538851218957248 0.0008737686935406941
41.03333333333333 0.175866725125827 0.0008439677636742637
41.06666666666667 0.12027164985609351 0.000806739046036356
41.1 0.05877223256361342 0.0007706266123948605
41.13333333333333 -0.0023277041589731054 0.000726175453899745
41.166666666666664 -0.06240855927343468 0.0007687732356615462
41.2 -0.12116611212125569 0.0008055414725741533
41.233333333333334 -0.17989582938911092 0.0008377727844392502
41.266666666666666 -0.2285583810408867 0.0008691883723568605
41.3 -0.276214186420107 0.0008888630061550384
41.333333333333336 -0.31038590634819746 0.000913070837290364
41.36666666666667 -0.33599703654811947 0.0009267557921023295
41.4 -0.35059446895787216 0.0009348320034943125
41.43333333333333 -0.35768233211320805 0.0009393545404990933
41.46666666666667 -0.35231052561067344 0.0009298002871934719
41.5 -0.3329298629561474 0.0009425695690736813
41.53333333333333 -0.3075829644683455 0.0009125444111986458
41.56666666666667 -0.2678853504565161 0.0008902822825631596
41.6 -0.22792857275638911 0.0008680071961527647
41.63333333333333 -0.17484428908472435 0.0008434433337575487
41.666666666666664 -0.11493858859877812 0.0008064224811263482
41.7 -0.05659199461015526 0.0007665942965876457
41.733333333333334 0.004648258388840782 0.0007301315236310285
41.766666666666666 0.06848599557976462 0.0007797930128152775
41.8 0.13375883918392711 0.0008254256483513078
41.833333333333336 0.18130397015035168 0.0008483703051936353
41.86666666666667 0.2281920880930749 0.0008697838845901917
41.9 0.26851801872759623 0.0008942603389320292
41.93333333333333 0.30306391985134673 0.0009146164556473879
41.96666666666667 0.32571623701129143 0.000931536997631377
42.0 0.33938052358314796 0.0009329710436305483
