0.0 -0.48824742963600143 0.0009755285380478873
0.03333333333333333 -0.5117374101101849 0.0009816036071592649
0.06666666666666667 -0.5179140981911656 0.0009816178619059812
0.1 -0.5063384721350821 0.0009823671792694721
0.13333333333333333 -0.4768254930511941 0.0009825976499813205
0.16666666666666666 -0.43748219553470735 0.0009694699246177718
0.2 -0.38485133174085473 0.0009504338253629729
0.23333333333333334 -0.3213279197270112 0.0009177285090941623
0.26666666666666666 -0.25288766788298067 0.0008791665489166767
0.3 -0.16485356224941575 0.0008339413811505325
0.3333333333333333 -0.08112430127356678 0.0007812953204461154
0.36666666666666664 0.005697432382552306 0.0007263825071316485
0.4 0.09425034828594768 0.0007933218478499982
0.43333333333333335 0.1776771019056121 0.0008493864247433591
0.4666666666666667 0.25645002454431476 0.0008874325692969087
0.5 0.32699950675886563 0.0009227872486273769
0.5333333333333333 0.38517871660336706 0.0009460977107094148
0.5666666666666667 0.4337395309023355 0.0009676210671759056
0.6 0.4662769665064635 0.0009826018739245157
0.6333333333333333 0.48352753901520856 0.0009825152681023908
0.6666666666666666 0.4887746794682936 0.0009839801030164796
0.7 0.4784012768089868 0.0009814772289509777
0.7333333333333333 0.45304374216733084 0.0009741942654838409
0.7666666666666667 0.413293657171335 0.0009584007798386085
0.8 0.36339513462984857 0.000939602992654387
0.8333333333333334 0.29672873251840337 0.0009087957164100047
0.8666666666666667 0.2216037166299356 0.0008706314634370493
0.9 0.14188068927229616 0.0008265234410020361
0.9333333333333333 0.05822300879787561 0.00077025372707068
0.9666666666666667 -0.034211013879598115 0.000749686382486861
1.0 -0.1192436333709131 0.0008079318176401756
1.0333333333333334 -0.20032619505719645 0.0008534385500770514
1.0666666666666667 -0.2791378479738051 0.0009056549176104101
1.1 -0.34691073154455787 0.00093725514363735
1.1333333333333333 -0.4057957336519319 0.0009519824266130406
1.1666666666666667 -0.45309779490566404 0.0009692918723538391
1.2 -0.4864147324206436 0.000977669771361267
1.2333333333333334 -0.5076414737411516 0.0009839175451707982
1.2666666666666666 -0.5125412361133799 0.0009795042820115452
1.3 -0.4998257071718418 0.000979988828761047
1.3333333333333333 -0.4715320625440344 0.0009695668269358304
1.3666666666666667 -0.4302217578283182 0.0009587728172599785
1.4 -0.3733569917897981 0.0009396061683271673
1.4333333333333333 -0.3060423177628472 0.0009075804409809374
1.4666666666666666 -0.226911567659437 0.0008714281541070124
1.5 -0.14648764698465266 0.0008236147295104523
1.5333333333333334 -0.06080315390665167 0.000771188851544459
1.5666666666666667 0.02122789599212554 0.0007459000201983715
1.6 0.11271046465394396 0.0008110033907453712
1.6333333333333333 0.1944183768071971 0.0008570524343851638
1.6666666666666667 0.2735999181174908 0.0009090606515377297
1.7 0.33726610203120805 0.0009339509206087171
1.7333333333333334 0.39749567491961696 0.0009624351725227576
1.7666666666666666 0.4381461386198424 0.0009774126703618324
1.8 0.4695419067053253 0.0009838699465393175
1.8333333333333333 0.4809103170189959 0.0009868452810459227
1.8666666666666667 0.48125898934847006 0.000986073187287384
1.9 0.4696004867997146 0.0009828109194718326
1.9333333333333333 0.44254100012793685 0.0009745328956798915
1.9666666666666666 0.40416638380235365 0.000964363475323804
2.0 0.34472677483071523 0.0009345903871508798
2.033333333333333 0.28176009695860565 0.0009046254065924741
2.066666666666667 0.20691233620173405 0.0008674619029855335
2.1 0.1263557947799728 0.0008114312535727752
2.1333333333333333 0.03962455811288808 0.0007625804618388993
2.1666666666666665 -0.046289733529107764 0.0007601097432071158
2.2 -0.13108572979020644 0.0008104570911270093
2.2333333333333334 -0.21701861314169238 0.0008622280688095896
2.2666666666666666 -0.2911000229026774 0.0008965812615395197
2.3 -0.35642825890431334 0.0009296569740514515
2.3333333333333335 -0.41300017512314724 0.0009566817604279576
2.3666666666666667 -0.4562074838716215 0.0009713569602597394
2.4 -0.4884906511626071 0.0009764419086641385
2.433333333333333 -0.5043816484424468 0.00098735172392439
2.466666666666667 -0.5005069236172638 0.000997697453711921
2.5 -0.49072282465494294 0.0009878550172677802
2.533333333333333 -0.4578698615558909 0.0009645266484399895
2.566666666666667 -0.41217771652680746 0.0009545605301787274
2.6 -0.35801460252365347 0.0009315348335092177
2.6333333333333333 -0.2882416580336284 0.0009103325222053482
2.6666666666666665 -0.21060395510474939 0.0008653255992388809
2.7 -0.1283513054067112 0.0008120515507055448
2.7333333333333334 -0.039318415886704434 0.000756708225522526
2.7666666666666666 0.04426053697648582 0.0007563662118698633
2.8 0.1287869824619935 0.0008131313441760157
2.8333333333333335 0.2075420878360416 0.0008638028943869225
2.8666666666666667 0.2779747381736636 0.0009020613640184361
2.9 0.34342338324910937 0.0009375580295639119
2.933333333333333 0.39779632893250705 0.0009647020607334578
2.966666666666667 0.4380369401554511 0.0009769661924394768
3.0 0.46695282878620425 0.000981147228067747
3.033333333333333 0.47636422112426624 0.0009807268104776168
3.066666666666667 0.47610902733595695 0.000982839145798553
3.1 0.4594301208001928 0.0009765332029136875
3.1333333333333333 0.4296449498350327 0.0009653927247321725
3.1666666666666665 0.38636892033045034 0.0009515081542619819
3.2 0.32948054877100186 0.0009233273563956645
3.2333333333333334 0.26266170196135225 0.0008899860872957355
3.2666666666666666 0.18368916174005526 0.0008454513510207096
3.3 0.1037443459924827 0.0007969189517698233
3.3333333333333335 0.021637941852236105 0.0007430151328383927
3.3666666666666667 -0.06308147641660646 0.0007707696946032128
3.4 -0.14825149063728413 0.0008237944160509603
3.433333333333333 -0.22774566330399856 0.000871720904759038
3.466666666666667 -0.3003913879090865 0.0009056162058778128
3.5 -0.36268904343938374 0.0009370964777926649
3.533333333333333 -0.41955394922051803 0.0009500510907713977
3.566666666666667 -0.4582744582757499 0.0009683422260275409
3.6 -0.487648200056939 0.000979131991447113
3.6333333333333333 -0.49859601485362276 0.0009867987406018686
3.6666666666666665 -0.49765906598989385 0.0009863030168347775
3.7 -0.4762139336026185 0.0009805244546713388
3.7333333333333334 -0.4426519184265179 0.0009640729039385731
3.7666666666666666 -0.397516391039761 0.0009482186051070207
3.8 -0.3386525278040292 0.0009284135554950557
3.8333333333333335 -0.26776899581796865 0.0008990101388074434
3.8666666666666667 -0.19366335313532096 0.0008512434804542057
3.9 -0.10839725204393123 0.000805192435789373
3.933333333333333 -0.025417002924232313 0.0007487525410167506
3.966666666666667 0.062218177712922706 0.0007736819646781273
4.0 0.14450560446837515 0.0008273649680043127
4.033333333333333 0.2220323856424065 0.0008692287111006225
4.066666666666666 0.29340319415093435 0.0009029931225333909
4.1 0.358947121914761 0.0009435574162688365
4.133333333333334 0.4095384062246084 0.0009619365133006208
4.166666666666667 0.44656916495149673 0.0009791455784083913
4.2 0.46332753453176034 0.0009857654720306641
4.233333333333333 0.47051754466743706 0.0009835393560761463
4.266666666666667 0.46624816165862554 0.0009861993166040417
4.3 0.44897606955888497 0.000973200665368823
4.333333333333333 0.41660739419386134 0.0009604315511825834
4.366666666666666 0.3725769742533767 0.0009538752328940303
4.4 0.3120648941761047 0.0009170240206469726
4.433333333333334 0.2482597214877829 0.0008903053174240116
4.466666666666667 0.1731431905162532 0.000843478948219345
4.5 0.08587303890556786 0.0007867274529814033
4.533333333333333 0.00339273695758854 0.0007315016260090431
4.566666666666666 -0.08059063829486517 0.0007811517648163985
4.6 -0.1683974657392641 0.0008373734628437657
4.633333333333334 -0.2451227057097475 0.0008732218299075667
4.666666666666667 -0.3161733073113737 0.0009187046425724321
4.7 -0.3760937916002835 0.0009380692157212045
4.733333333333333 -0.4255186557451695 0.0009541049074724972
4.766666666666667 -0.4620063451250955 0.0009694282093465345
4.8 -0.48612881151024795 0.000975700108895472
4.833333333333333 -0.49626712182596433 0.0009853509386155146
4.866666666666666 -0.48896723371983336 0.0009819016107572853
4.9 -0.4656795801397387 0.0009774343751833836
4.933333333333334 -0.42943510706762944 0.0009657489790181328
4.966666666666667 -0.37969970362469496 0.0009438484303248007
5.0 -0.3175479212560052 0.000916138512807918
5.033333333333333 -0.24747166066739376 0.0008814259550537218
5.066666666666666 -0.1701353342059607 0.0008378694959754185
5.1 -0.09096881064182141 0.0007914842933566257
5.133333333333334 -0.008488167177726873 0.000731029962256555
5.166666666666667 0.07491037093735466 0.0007768707457934398
5.2 0.1573450480939481 0.0008305718929230987
5.233333333333333 0.23538040386503858 0.000874569954843113
5.266666666666667 0.3032534572652833 0.000908842329730819
5.3 0.3599311555870238 0.0009321543753275097
5.333333333333333 0.40743797552782324 0.0009539899596069379
5.366666666666666 0.4404030933454109 0.0009640717689689549
5.4 0.46131248632839555 0.000977377595103579
5.433333333333334 0.463944972262904 0.0009742892122463487
5.466666666666667 0.45860932747990796 0.0009776084520528028
5.5 0.4418813733850155 0.000973244217282121
5.533333333333333 0.40703695705711296 0.0009640464441191821
5.566666666666666 0.3588203676497067 0.000947482331389693
5.6 0.29657561370777974 0.0009188681049978054
5.633333333333334 0.22281838664573536 0.0008772752250750804
5.666666666666667 0.1432227903932883 0.0008247890386431089
5.7 0.06354746106101251 0.0007697201695055639
5.733333333333333 -0.02247062655297533 0.0007408051532711325
5.766666666666667 -0.10212716888129093 0.000794812094128905
5.8 -0.1847806567037835 0.0008417925604906618
5.833333333333333 -0.2605618380161558 0.0008852368909403885
5.866666666666666 -0.32833879768479635 0.0009150889335124979
5.9 -0.38336344230595626 0.0009464228486812387
5.933333333333334 -0.42853390754670334 0.0009653933629928946
5.966666666666667 -0.4644764395748447 0.0009782388297813749
6.0 -0.4829866515132269 0.0009786122437270284
6.033333333333333 -0.4905024148065534 0.0009807160062519915
6.066666666666666 -0.4805501735211929 0.0009758314148340941
6.1 -0.45447876943248144 0.0009632447227719831
6.133333333333334 -0.41226272291507177 0.000958859250267674
6.166666666666667 -0.3605435383507943 0.0009376077950757344
6.2 -0.3010746121979503 0.0009076257209151284
6.233333333333333 -0.22974496594409502 0.0008772449995730625
6.266666666666667 -0.15093366856012605 0.0008307370133897596
6.3 -0.065816449172735 0.0007741043781418072
6.333333333333333 0.014662898566227118 0.0007400492528126072
6.366666666666666 0.09779303479101195 0.0007958772378544032
6.4 0.17540447749899216 0.0008422790856823237
6.433333333333334 0.2489734428837697 0.0008893077507753644
6.466666666666667 0.3138849475561065 0.0009244082529994424
6.5 0.3707356522648651 0.0009474687339736665
6.533333333333333 0.41327508210357433 0.0009683989167931784
6.566666666666666 0.44094650858486567 0.0009772502829924479
6.6 0.45789052606676917 0.0009842145858636187
6.633333333333334 0.4594012941448156 0.000983890278611288
6.666666666666667 0.4483517852917652 0.0009746346063226885
6.7 0.4233233350079958 0.0009640487457437952
6.733333333333333 0.38764724035895337 0.0009618987572519999
6.766666666666667 0.3355061984821445 0.0009388146474709758
6.8 0.27466908377894944 0.0009094939962284165
6.833333333333333 0.20137106140217984 0.0008614199872077899
6.866666666666666 0.12596050666556377 0.0008197325403296318
6.9 0.04197744037951586 0.0007621915477851252
6.933333333333334 -0.04103570107661577 0.0007644604738642549
6.966666666666667 -0.12139537029020504 0.0008077381852925614
7.0 -0.1986843352332551 0.0008556156794090053
7.033333333333333 -0.2724673954750948 0.0008988953528250576
7.066666666666666 -0.33502850839418785 0.0009292582959867235
7.1 -0.39322692298165524 0.0009450799719954994
7.133333333333334 -0.43821028208912405 0.0009628650024715024
7.166666666666667 -0.4678506577497227 0.0009692225805150723
7.2 -0.48409705948327747 0.00097330947817581
7.233333333333333 -0.4846899225688904 0.0009747243498824387
7.266666666666667 -0.47004180578135457 0.0009699612901598043
7.3 -0.44063808782225955 0.0009604565611081028
7.333333333333333 -0.39859766279807196 0.0009461536970006845
7.366666666666666 -0.34292267189714704 0.0009262295249898855
7.4 -0.2833700776144761 0.0008981704824624348
7.433333333333334 -0.20653183591416785 0.000860261384378086
7.466666666666667 -0.12835925580051882 0.0008153698680806454
7.5 -0.04762395036413429 0.0007600606355795403
7.533333333333333 0.034513448318155324 0.00075402438445938
7.566666666666666 0.11673954139994894 0.0008191155395516209
7.6 0.19179908923736536 0.0008564889319857549
7.633333333333334 0.26646436910796584 0.0009026698536799271
7.666666666666667 0.32917343358545764 0.0009355230593069419
7.7 0.38443691263181096 0.0009549722253492932
7.733333333333333 0.41570137301494087 0.0009565954684617739
7.766666666666667 0.4457232476489798 0.000981201605914639
7.8 0.4559983612217642 0.0009883866349951198
7.833333333333333 0.45807905740443183 0.0009766966105828612
7.866666666666666 0.4420581026127448 0.0009709635695759333
7.9 0.41798630619785077 0.0009703479295179451
7.933333333333334 0.37330799339701204 0.0009477998402217525
7.966666666666667 0.3189342240389755 0.0009313017516739408
8.0 0.24997328012200018 0.0008855858739142131
8.033333333333333 0.18268351036887337 0.0008519080412267566
8.066666666666666 0.10257107957924926 0.0007943060241733524
8.1 0.019649526785914577 0.0007397140169180215
8.133333333333333 -0.06178130477490489 0.0007671393720984424
8.166666666666666 -0.14157917342919202 0.0008205632910450178
8.2 -0.21764915217541725 0.0008704883098172855
8.233333333333333 -0.2888516883184742 0.0008997005105586542
8.266666666666667 -0.34915778366347644 0.0009274801495609553
8.3 -0.4031003616949857 0.0009568202414494964
8.333333333333334 -0.44161964728992853 0.0009681850096630584
8.366666666666667 -0.46849582637716614 0.0009758837157989309
8.4 -0.4786349283741657 0.0009808362272790139
8.433333333333334 -0.4770111387180425 0.000975227082851915
8.466666666666667 -0.45779375891806406 0.0009722224857461326
8.5 -0.42665157141422977 0.0009553390609662316
8.533333333333333 -0.38131016771584353 0.0009385204652034296
8.566666666666666 -0.32358401158773675 0.000924116519281093
8.6 -0.25823021147511227 0.0008837319589358739
8.633333333333333 -0.18766660365150326 0.0008455997639691681
8.666666666666666 -0.10844608431060972 0.0007959667979739182
8.7 -0.02414922659415999 0.0007444440287852488
8.733333333333333 0.05854728277768285 0.0007692380580907598
8.766666666666667 0.1369998585629144 0.0008228244081135427
8.8 0.21344654481298364 0.0008695908651269457
8.833333333333334 0.28230508917643743 0.0009040733333705031
8.866666666666667 0.3373335830843809 0.0009274516866522586
8.9 0.3861090454920602 0.0009476942512107733
8.933333333333334 0.422756205795417 0.0009714308678289152
8.966666666666667 0.44318364118060766 0.0009761972811663244
9.0 0.4522820436010276 0.0009733446137489277
9.033333333333333 0.44698286081640776 0.00097350245602984
9.066666666666666 0.42794231852618125 0.000961744266993525
9.1 0.39790009447990143 0.0009512678912040329
9.133333333333333 0.35126120047253245 0.0009330552278675186
9.166666666666666 0.297015821724942 0.0009122969055596619
9.2 0.23385524480331982 0.0008775174972386335
9.233333333333333 0.15927906261216246 0.000835988345670613
9.266666666666667 0.08013961885414028 0.0007827594551985673
9.3 -0.0046157940355358576 0.0007269358064280204
9.333333333333334 -0.07710894724606278 0.0007814055152888105
9.366666666666667 -0.1598673383737165 0.0008308806863026319
9.4 -0.2383618284319427 0.0008702290879931407
9.433333333333334 -0.30629231139179935 0.0009086661830982057
9.466666666666667 -0.3604051755374736 0.0009313964578245293
9.5 -0.4084987583436951 0.0009575100336902675
9.533333333333333 -0.445211836573766 0.0009639643912206508
9.566666666666666 -0.46854579495833704 0.0009675199685747482
9.6 -0.4761849858692754 0.000968280628986351
9.633333333333333 -0.4689546864106786 0.0009693128970517106
9.666666666666666 -0.44679983831884773 0.0009656311481686108
9.7 -0.40945236907085414 0.0009539577297570379
9.733333333333333 -0.36411513952517865 0.0009348275747920742
9.766666666666667 -0.3051462285140066 0.0009056011759980831
9.8 -0.24103042963728555 0.0008774633505134743
9.833333333333334 -0.16674469773203318 0.00083232647099446
9.866666666666667 -0.08607862537541122 0.0007830001729407926
9.9 -0.0030755579471781693 0.0007276144283540164
9.933333333333334 0.07832975643519723 0.000780466595833848
9.966666666666667 0.1553373291968979 0.0008287328592976595
10.0 0.2288892038313209 0.0008731522485504462
10.033333333333333 0.2975574055210712 0.0009190430445579212
10.066666666666666 0.35189265117282514 0.0009400837193915268
10.1 0.3937540345877837 0.0009551268928149614
10.133333333333333 0.4247031807350264 0.0009698194850096264
10.166666666666666 0.4422191367981204 0.0009698662513692446
10.2 0.4496241736024315 0.000979931539937473
10.233333333333333 0.44348073758644874 0.000978300552399336
10.266666666666667 0.41933869104385507 0.0009648436141649896
10.3 0.3851633896572414 0.0009522071753603201
10.333333333333334 0.33718441411231964 0.0009329010418195338
10.366666666666667 0.2771249570481946 0.0009009856079577605
10.4 0.2072777659303162 0.0008660705573028116
10.433333333333334 0.13460833402238623 0.0008156294371644279
10.466666666666667 0.053027989087183924 0.0007629413855251149
10.5 -0.024834751464493172 0.0007422191160706901
10.533333333333333 -0.10515163355924721 0.0007967589177707429
10.566666666666666 -0.17925371246890326 0.0008441821250311232
10.6 -0.2525795797376312 0.0008801442195397469
10.633333333333333 -0.3162588005121008 0.0009087626916742808
10.666666666666666 -0.3725186260638867 0.0009353046070814108
10.7 -0.4164560982309772 0.0009567314794417525
10.733333333333333 -0.44640219893769106 0.0009616833547654857
10.766666666666667 -0.4638087779786249 0.0009713953414210996
10.8 -0.4695694060242731 0.0009734294514655573
10.833333333333334 -0.4568133471756542 0.0009700943397799033
10.866666666666667 -0.43415231756188316 0.0009563773165708334
10.9 -0.3966596597540658 0.0009442548910730264
10.933333333333334 -0.34477915465561754 0.0009213484709312825
10.966666666666667 -0.2843176810686009 0.0008968159934409914
11.0 -0.21682355597055714 0.000860623356350787
11.033333333333333 -0.13600017559367225 0.000817888352542262
11.066666666666666 -0.06289502240012232 0.0007693068693058747
11.1 0.021933323090556997 0.0007471513052218701
11.133333333333333 0.1018693302218034 0.0008093189617813662
11.166666666666666 0.1756937873838412 0.0008472876110886818
11.2 0.24554531922743172 0.0008868264063312259
11.233333333333333 0.3050603078614437 0.0009144428162951579
11.266666666666667 0.3576710650189095 0.0009375809672018676
11.3 0.3967278862659969 0.0009478916784833036
11.333333333333334 0.4249789103641281 0.0009660213888628699
11.366666666666667 0.43708200345926873 0.0009665079563466183
11.4 0.4385793064368215 0.0009719791834538749
11.433333333333334 0.4308583709175161 0.0009831043097845438
11.466666666666667 0.4055627235243496 0.0009621862022952121
11.5 0.36556956510299804 0.0009495764950170349
11.533333333333333 0.31779619221290617 0.0009330464725808008
11.566666666666666 0.2589688369660511 0.000895306195481671
11.6 0.1851782393106233 0.0008488024739078392
11.633333333333333 0.11248810750144615 0.0008080376498348085
11.666666666666666 0.031046603785437266 0.0007448784207833951
11.7 -0.04416346338208308 0.0007584487779379659
11.733333333333333 -0.1239076219580191 0.0008130177682082879
11.766666666666667 -0.2004092680111544 0.0008619183761289784
11.8 -0.2660286625877179 0.0008986038894238102
11.833333333333334 -0.3301496775088002 0.0009271118691961955
11.866666666666667 -0.37551136503488547 0.0009505057030040343
11.9 -0.4179519772964791 0.0009685039930901196
11.933333333333334 -0.4470104592327632 0.0009670919230356789
11.966666666666667 -0.4633806608017615 0.0009796080454408385
12.0 -0.4641449414829078 0.000965882264089446
12.033333333333333 -0.440308822559705 0.0009732839730365872
12.066666666666666 -0.4135237300010847 0.0009605971174705963
12.1 -0.37383464239625663 0.0009411442163197448
12.133333333333333 -0.32148247316082523 0.0009151878343070519
12.166666666666666 -0.2620864256001938 0.0008912305851608293
12.2 -0.19385355253918138 0.0008571597338491721
12.233333333333333 -0.11833982157652456 0.0008034357397546793
12.266666666666667 -0.03884750054565528 0.0007517327678431274
12.3 0.04302839453642946 0.0007547296102707671
12.333333333333334 0.12103870003636347 0.0008062502385427356
12.366666666666667 0.19455844886081206 0.0008506010829933963
12.4 0.2618986276371092 0.0008897662793790895
12.433333333333334 0.3223497047703753 0.000922165047698098
12.466666666666667 0.3657325344630684 0.0009355323231772794
12.5 0.4026749710981557 0.0009527116742406583
12.533333333333333 0.42599874376470726 0.0009684823743369986
12.566666666666666 0.435851367686213 0.0009767841468620309
12.6 0.433273859698354 0.0009705535717428604
12.633333333333333 0.4186588858680033 0.0009627016741962646
12.666666666666666 0.39120951032806833 0.0009503697544897549
12.7 0.34810261430018996 0.0009370398522502987
12.733333333333333 0.29556238878372665 0.0009125574161821248
12.766666666666667 0.23366437522878625 0.0008766859525300985
12.8 0.16526348628295542 0.0008378930931693118
12.833333333333334 0.09298820331060108 0.0007940129265063267
12.866666666666667 0.009971929144808421 0.0007322467565240437
12.9 -0.0681644334995598 0.0007770345691349989
12.933333333333334 -0.1478682627239083 0.0008337261385525929
12.966666666666667 -0.21922844304795394 0.0008631669064373959
13.0 -0.2859721424863316 0.0008971997477776883
13.033333333333333 -0.3438163434774445 0.0009199665112964994
13.066666666666666 -0.3911362098624177 0.0009385472200154621
13.1 -0.4286982414571572 0.0009542488268323712
13.133333333333333 -0.4517222554773385 0.0009632167459409091
13.166666666666666 -0.45982071807456293 0.0009733806645098042
13.2 -0.45662905612739046 0.0009709068843034019
13.233333333333333 -0.43704068617387776 0.0009652831284115981
13.266666666666667 -0.4056695331975797 0.0009559588374647432
13.3 -0.36082122186747495 0.000946110274172629
13.333333333333334 -0.3056957813099391 0.000922654938282863
13.366666666666667 -0.24120077347666763 0.0008837178216521691
13.4 -0.16023252931372986 0.0008427204617825201
13.433333333333334 -0.08595764488130254 0.0007982570140363798
13.466666666666667 -0.007132037283502322 0.000739195385475286
13.5 0.06896028262054904 0.0007772134209949599
13.533333333333333 0.1434614420386706 0.0008222830794809566
13.566666666666666 0.2112257718195289 0.0008611382068162421
13.6 0.2804817101689178 0.000898429109985388
13.633333333333333 0.332560941255401 0.0009266498129442136
13.666666666666666 0.37661844434587693 0.0009484615033091837
13.7 0.4076204198547789 0.0009610105578839456
13.733333333333333 0.4276607556557311 0.0009746079919639161
13.766666666666667 0.4342798958477655 0.000973559402763835
13.8 0.4248953344036143 0.0009654389019625453
13.833333333333334 0.4066951077130753 0.0009608650561293564
13.866666666666667 0.3743231459225787 0.0009495212338137549
13.9 0.3338496256386542 0.0009329153765233467
13.933333333333334 0.2819455417834525 0.0009062523963445646
13.966666666666667 0.21286129047858535 0.0008695322765879809
14.0 0.13620225516388 0.0008166556665851199
14.033333333333333 0.06353355764339745 0.0007685881389903754
14.066666666666666 -0.01209509177782429 0.0007344038215365625
14.1 -0.08888410353374682 0.0007873236554499785
14.133333333333333 -0.16302826809473106 0.0008335329972665451
14.166666666666666 -0.23794115764109816 0.00087634829440697
14.2 -0.30267517743493144 0.000907088632285058
14.233333333333333 -0.3544877297433025 0.0009338433327853446
14.266666666666667 -0.40067238861702353 0.0009495299678608515
14.3 -0.43221056208994263 0.0009564907923191868
14.333333333333334 -0.44887663286938223 0.0009655380202006625
14.366666666666667 -0.45256904930835495 0.000971272215394392
14.4 -0.4451338634286123 0.0009655523898197127
14.433333333333334 -0.42178447109394546 0.000957636547038565
14.466666666666667 -0.38846402924210416 0.00094322873180408
14.5 -0.3402656650673872 0.000920687212571103
14.533333333333333 -0.28112008041647263 0.0009005806638487379
14.566666666666666 -0.2170098008242939 0.0008595567288570694
14.6 -0.14293788942459731 0.0008227468597627463
14.633333333333333 -0.06219792171836844 0.0007693203849983288
14.666666666666666 0.01124457055899999 0.0007338237352675237
14.7 0.08872203463672244 0.000785439074565672
14.733333333333333 0.16253134283750284 0.0008374760418752014
14.766666666666667 0.22673153811923635 0.0008737873711324728
14.8 0.29106842513792847 0.000907763754585178
14.833333333333334 0.34102098395011327 0.0009283710565274328
14.866666666666667 0.38368504698219114 0.0009510070005225857
14.9 0.4105489118735342 0.0009571181722300981
14.933333333333334 0.43207831220276155 0.0009730619000816176
14.966666666666667 0.4274683747342733 0.0009704766682129828
15.0 0.42225137893847814 0.0009642858173830038
15.033333333333333 0.39291612294355927 0.0009517716376360452
15.066666666666666 0.3550200398690522 0.0009345865443744494
15.1 0.30974754332690485 0.0009154568916345807
15.133333333333333 0.25192705872643784 0.0008870606786810509
15.166666666666666 0.1855340351026835 0.0008486939639185676
15.2 0.11919873548759345 0.000810265024487819
15.233333333333333 0.0406580531963996 0.0007572311378424498
15.266666666666667 -0.03830556233967364 0.0007511957383398299
15.3 -0.11696704947280563 0.0008044007997553004
15.333333333333334 -0.18870103892896437 0.0008447826648737833
15.366666666666667 -0.2556614751092808 0.0008811407522253956
15.4 -0.3164239153302715 0.0009078115492706651
15.433333333333334 -0.3679753009379898 0.0009353122555488258
15.466666666666667 -0.40326136020532466 0.0009547706142665202
15.5 -0.43371922583611083 0.0009639994760613502
15.533333333333333 -0.44960029369487997 0.0009630757773373966
15.566666666666666 -0.4500746074696342 0.0009658746841021415
15.6 -0.4357662335269622 0.0009614045052128706
15.633333333333333 -0.40929207991902306 0.0009544231248174162
15.666666666666666 -0.36845005677250453 0.0009374846411849824
15.7 -0.3161309260021072 0.0009182894349771265
15.733333333333333 -0.2619177845614769 0.0008899625472584272
15.766666666666667 -0.18688545381160904 0.0008531205617712811
15.8 -0.11680908848181315 0.0008066449978569451
15.833333333333334 -0.04291506921130542 0.0007535307264613933
15.866666666666667 0.03471875654943149 0.0007499890319203478
15.9 0.11179732839859535 0.0008049005841711809
15.933333333333334 0.18508932632273561 0.0008544976766389767
15.966666666666667 0.25106539527957017 0.000901574545141004
16.0 0.30768202524218763 0.0009277024360213049
16.033333333333335 0.35476507967950893 0.0009468569669456306
16.066666666666666 0.39004068312619017 0.0009566790441494777
16.1 0.4110765649308504 0.0009592622045391797
16.133333333333333 0.4205277807260436 0.0009587009894632126
16.166666666666668 0.42017914150415603 0.000961884798341972
16.2 0.40981653491327297 0.000961359882236279
16.233333333333334 0.3836466667182481 0.0009523854534031484
16.266666666666666 0.33992196381328554 0.0009310912769007751
16.3 0.28971551845792154 0.0009073985165368725
16.333333333333332 0.23298866387646636 0.0008840725641689473
16.366666666666667 0.16439877808540412 0.0008442297587125114
16.4 0.08953921856594033 0.0007881006680153235
16.433333333333334 0.015996190762944423 0.0007387824482642941
16.466666666666665 -0.06189990990376742 0.0007675705539112801
16.5 -0.1350882777482159 0.0008148787068940899
16.533333333333335 -0.20500096158130293 0.000859935844815779
16.566666666666666 -0.2738224449564588 0.0008912718503166772
16.6 -0.329331732718097 0.0009242243049707444
16.633333333333333 -0.37729810176357553 0.0009445793168775252
16.666666666666668 -0.41282555169757296 0.0009591854524462207
16.7 -0.4364614137764865 0.000980509465581647
16.733333333333334 -0.44815888875129933 0.0009799585239261832
16.766666666666666 -0.4434173476587909 0.000971159189453008
16.8 -0.4265683027539769 0.0009599820697418493
16.833333333333332 -0.392350859458475 0.0009433543050584303
16.866666666666667 -0.34943755995932424 0.0009276080778241047
16.9 -0.29957773323225795 0.0009022890476926282
16.933333333333334 -0.23397435142705975 0.0008773395682903085
16.966666666666665 -0.16540640328296233 0.0008424339238867207
17.0 -0.09217258367888898 0.0007983254070066392
17.033333333333335 -0.015961377565158648 0.0007439396901562714
17.066666666666666 0.05906452732335923 0.0007658233917488613
17.1 0.13335468474232212 0.0008152179455939157
17.133333333333333 0.20243284406921985 0.0008564569493482166
17.166666666666668 0.2681310864336255 0.000893784588915314
17.2 0.32546066862700396 0.0009278020525591013
17.233333333333334 0.3641085409301091 0.0009393031881962388
17.266666666666666 0.39496563260784595 0.0009512771035085077
17.3 0.4117173846804619 0.0009570994285880152
17.333333333333332 0.4166646195002144 0.0009589471212270717
17.366666666666667 0.4123283326941563 0.0009602060511207933
17.4 0.3934304179444975 0.000948577515400395
17.433333333333334 0.3614114435458375 0.0009406540666875851
17.466666666666665 0.32180549901394295 0.0009293962813210488
17.5 0.26905384273558314 0.0009095361380375144
17.533333333333335 0.20576782661803358 0.000866679499850892
17.566666666666666 0.1365694603181447 0.0008288773714605346
17.6 0.06630176631776041 0.0007869692469774925
17.633333333333333 -0.012585958352521581 0.0007450648822454088
17.666666666666668 -0.08545645256434023 0.0007902068056249018
17.7 -0.15932464281511058 0.0008355095739074891
17.733333333333334 -0.22818170583793457 0.0008698525981286342
17.766666666666666 -0.28844858537012014 0.000909488129842484
17.8 -0.34038564780060626 0.0009359269835790274
17.833333333333332 -0.38450726814900543 0.0009551258948639618
17.866666666666667 -0.41443088065537514 0.000967242829845949
17.9 -0.4348203879699233 0.0009792503845512668
17.933333333333334 -0.44170036398913765 0.0009850920281094244
17.966666666666665 -0.4349692915560825 0.0009662197029695618
18.0 -0.4113399505941309 0.0009520252841991317
18.033333333333335 -0.372775903310609 0.0009458311311939527
18.066666666666666 -0.3298521420251751 0.0009274724601106565
18.1 -0.2767285566316192 0.0008992648776943724
18.133333333333333 -0.2113416798192878 0.0008619041259414484
18.166666666666668 -0.1416050027765366 0.0008173293730938946
18.2 -0.06737514486764096 0.0007715004646535323
18.233333333333334 0.007942758058080876 0.0007310069128875687
18.266666666666666 0.08976820196188283 0.0007925419442463694
18.3 0.16536891549337357 0.0008380118535565584
18.333333333333332 0.2280937325802412 0.0008769842291844188
18.366666666666667 0.28609275850820987 0.000906786660597847
18.4 0.32862829723877973 0.0009202457168938638
18.433333333333334 0.36895284423486235 0.0009432132327196752
18.466666666666665 0.3959256322685619 0.000951533850720776
18.5 0.4110794453224138 0.00095815067688787
18.533333333333335 0.4120342323009646 0.0009570564125825354
18.566666666666666 0.40378161071037166 0.0009584937455193177
18.6 0.3820331511287881 0.0009494340414646918
18.633333333333333 0.3542658701641188 0.0009412429594964355
18.666666666666668 0.30184002173507396 0.0009213557304114661
18.7 0.24727310698770524 0.0008901962402298735
18.733333333333334 0.18172990289312208 0.0008525332322342205
18.766666666666666 0.11228680598747998 0.0008084948157453253
18.8 0.03942201889215324 0.0007574714551871822
18.833333333333332 -0.03610689423199802 0.0007538900087803377
18.866666666666667 -0.11192740160569267 0.0007976135023590736
18.9 -0.1835842699398587 0.0008397899199853454
18.933333333333334 -0.2519482574493128 0.0008763385815287461
18.966666666666665 -0.3067157502427903 0.0009074452915567854
19.0 -0.3583958112256809 0.0009254948042956568
19.033333333333335 -0.3957749618135128 0.0009407529877344389
19.066666666666666 -0.4227609185765303 0.000961318263301203
19.1 -0.4354238081298796 0.0009667331815715885
19.133333333333333 -0.4346916888309596 0.0009641490533580099
19.166666666666668 -0.4236434766424555 0.0009578476221128729
19.2 -0.3971277662857582 0.0009442614389718607
19.233333333333334 -0.35954059962487445 0.0009323521632784715
19.266666666666666 -0.311625028619806 0.0009108588252130234
19.3 -0.2503085920906744 0.0008789295672378405
19.333333333333332 -0.18167371586751982 0.000848593465377051
19.366666666666667 -0.10954430189080946 0.0008030228914738674
19.4 -0.04206711212186434 0.0007566720895775467
19.433333333333334 0.032791377509433506 0.00075043970653383
19.466666666666665 0.11033891770348758 0.0008028330582787041
19.5 0.17804534728200658 0.0008417730927039457
19.533333333333335 0.24000714836239487 0.0008799076790590721
19.566666666666666 0.2981738959422649 0.0009081269477325682
19.6 0.3456566151153695 0.0009323264155596811
19.633333333333333 0.38612100273271666 0.0009548444124077848
19.666666666666668 0.39818237720314237 0.0009535179277253003
19.7 0.4080675764983632 0.0009592315848785393
19.733333333333334 0.4073942358924232 0.0009597589687377339
19.766666666666666 0.39225490718157474 0.0009530451256646311
19.8 0.36828109772471307 0.000947572305413702
19.833333333333332 0.3290131785615992 0.0009264089223556815
19.866666666666667 0.2796625861598394 0.0009064784187070019
19.9 0.22181254100962433 0.0008706306925326812
19.933333333333334 0.15323169484166232 0.0008308408702518144
19.966666666666665 0.08395083195730184 0.0007871929358300445
20.0 0.012070402324448334 0.0007358261538124699
20.033333333333335 -0.06188043778640642 0.0007690652575815804
20.066666666666666 -0.1345485212781718 0.0008158950878681959
20.1 -0.20302958663187573 0.0008553652742396001
20.133333333333333 -0.26122469455525515 0.0008933489028734032
20.166666666666668 -0.3220587961447377 0.0009094319900963543
20.2 -0.36646207455074553 0.0009311757741052307
20.233333333333334 -0.40198356328672913 0.0009509868038863889
20.266666666666666 -0.42260562228013837 0.0009567000598451059
20.3 -0.43233430916184973 0.0009573614147903586
20.333333333333332 -0.42982798745114614 0.0009531379451713784
20.366666666666667 -0.4103792951729298 0.0009503532109785828
20.4 -0.3796327782678615 0.000941122315249121
20.433333333333334 -0.3383851814186472 0.0009270979809399837
20.466666666666665 -0.28632593408432516 0.0009013980062004823
20.5 -0.22461255132949884 0.0008694688280004859
20.533333333333335 -0.15936373536523932 0.0008341300565930798
20.566666666666666 -0.08438986220357775 0.0007903707687936107
20.6 -0.008553629954794698 0.000735067562377319
20.633333333333333 0.06569302338512255 0.0007752540917627115
20.666666666666668 0.1432990916973155 0.0008319825552447757
20.7 0.2042022240496996 0.0008595067742941942
20.733333333333334 0.2603600687833369 0.0008880765622952813
20.766666666666666 0.3105699256005425 0.0009138855360077414
20.8 0.35377206956850205 0.0009346556450054444
20.833333333333332 0.3822907305282507 0.0009543947578488643
20.866666666666667 0.4049365183675937 0.0009625802273039441
20.9 0.40223262804766424 0.0009534079385900562
20.933333333333334 0.39789124703121503 0.0009541319655140268
20.966666666666665 0.38048508350773336 0.0009493607962339778
21.0 0.34901817981365324 0.0009347013014776029
21.033333333333335 0.31021771830836037 0.0009175351777271357
21.066666666666666 0.25426665087283834 0.0008864853461660882
21.1 0.196669434347514 0.0008552733222069175
21.133333333333333 0.13289823616960064 0.0008171075990013321
21.166666666666668 0.05982540597059267 0.0007709602178263691
21.2 -0.013577564640143924 0.0007349241970531582
21.233333333333334 -0.08561314145116163 0.000788390366338293
21.266666666666666 -0.15680759880812178 0.0008310787352039661
21.3 -0.22654459003206173 0.0008715815844899111
21.333333333333332 -0.2849801411427259 0.0009012816348177299
21.366666666666667 -0.3359327926909238 0.0009189399856873726
21.4 -0.3758275325174115 0.0009412197314995763
21.433333333333334 -0.40747089929138486 0.0009513091255962114
21.466666666666665 -0.4241683682592477 0.0009610618297754558
21.5 -0.42965028172098885 0.00095859711706614
21.533333333333335 -0.4210719533728709 0.0009527440941503595
21.566666666666666 -0.4006417856956769 0.0009538995020371699
21.6 -0.3626885506060182 0.0009409408852266155
21.633333333333333 -0.31561020985998256 0.0009128441142713939
21.666666666666668 -0.262207574931989 0.0008869478210891679
21.7 -0.1972056245664267 0.0008547321676136699
21.733333333333334 -0.13182881890750944 0.0008214609451187849
21.766666666666666 -0.05415236804244505 0.0007762985859695246
21.8 0.016012703463352485 0.0007425677338495119
21.833333333333332 0.08223129599673108 0.0007807628703474512
21.866666666666667 0.15205893983570765 0.0008281255713664115
21.9 0.21678858748414812 0.000867307403707801
21.933333333333334 0.2772778580840498 0.0009029005605610818
21.966666666666665 0.3233520665700713 0.0009234074483515098
22.0 0.3604916121936941 0.000933700104952806
22.033333333333335 0.38567165487042593 0.000946413807161206
22.066666666666666 0.39902738073504007 0.0009572267095155906
22.1 0.39749161597865984 0.0009584979973294439
22.133333333333333 0.39216893320556623 0.0009534830396902838
22.166666666666668 0.37163318026090797 0.0009459162113458763
22.2 0.33429429625225554 0.0009261475586223034
22.233333333333334 0.29350953761846926 0.0009129970330837844
22.266666666666666 0.24066811370814023 0.0008861486822079045
22.3 0.17227094905598697 0.0008421813052503502
22.333333333333332 0.10435479184162187 0.0008002062279107297
22.366666666666667 0.030215179419236474 0.0007462780780951132
22.4 -0.03849724314403772 0.000752887961317214
22.433333333333334 -0.11309622573706543 0.0008022563275541239
22.466666666666665 -0.181849888159385 0.0008417372556935587
22.5 -0.2426625884548839 0.0008809615448876207
22.533333333333335 -0.29895749848710534 0.0009030370891686679
22.566666666666666 -0.35023291802456963 0.0009326997153232819
22.6 -0.382548907958613 0.0009538951346139135
22.633333333333333 -0.40843852796730706 0.0009601683581584863
22.666666666666668 -0.4232271732581545 0.0009623010619844163
22.7 -0.4228453185892233 0.0009554785811211608
22.733333333333334 -0.40300505327715 0.0009601763924325657
22.766666666666666 -0.3792413195355344 0.000948972012278837
22.8 -0.3453569650261288 0.000933427134077125
22.833333333333332 -0.29485886696587427 0.0009042940167750535
22.866666666666667 -0.2339111240955458 0.0008774214954672399
22.9 -0.17391584232359145 0.0008422666665201806
22.933333333333334 -0.1053159863713619 0.0008004755336505909
22.966666666666665 -0.03463945348025297 0.000753083451911038
23.0 0.042195555991077986 0.0007538776463911073
23.033333333333335 0.11110031083787382 0.000800423785241991
23.066666666666666 0.17774857900641441 0.0008417176326979137
23.1 0.23756999859346356 0.0008738952873020844
23.133333333333333 0.2920338152263944 0.0009028737695243039
23.166666666666668 0.3338464926771118 0.0009219568392214716
23.2 0.3655625854355743 0.0009371459001580318
23.233333333333334 0.3854968762036725 0.0009461094992314623
23.266666666666666 0.394741816113808 0.0009605523642809422
23.3 0.3931526188544447 0.0009565191870706258
23.333333333333332 0.3772887437383751 0.0009450480152465857
23.366666666666667 0.35373809212204027 0.0009402643096664831
23.4 0.31371813154460043 0.000922147321305411
23.433333333333334 0.26203722883667846 0.0008973430370726176
23.466666666666665 0.20881004415763874 0.0008688133667256737
23.5 0.14703592484379016 0.0008348509219564815
23.533333333333335 0.0750947093178593 0.0007787634655467279
23.566666666666666 0.0036850309212513163 0.0007310977006790131
23.6 -0.06652116366276933 0.0007691525591330406
23.633333333333333 -0.13932823976350595 0.0008218940853702561
23.666666666666668 -0.2058360704619329 0.0008589841498929107
23.7 -0.2640619259708128 0.0008879954719402394
23.733333333333334 -0.31591408910674806 0.0009174452689315604
23.766666666666666 -0.3601983930040696 0.0009327463372446609
23.8 -0.39270830223986264 0.0009538000313951134
23.833333333333332 -0.41406116000806 0.0009530379868473715
23.866666666666667 -0.42018856928453047 0.0009639490353688385
23.9 -0.41521931640837845 0.0009516638448878734
23.933333333333334 -0.3959291014791781 0.0009478565700016262
23.966666666666665 -0.3664376233132704 0.0009363059082396763
24.0 -0.32618577688346884 0.0009166429772244911
24.033333333333335 -0.274632831892119 0.0008930991440630476
24.066666666666666 -0.21463775766722398 0.0008751200573679507
24.1 -0.15044270107963514 0.0008331673378980109
24.133333333333333 -0.07623452888677079 0.0007808817854845773
24.166666666666668 -0.009095030600539664 0.0007329159886892544
24.2 0.06326784105476523 0.0007737924486512365
24.233333333333334 0.13190105251724435 0.0008150013145603041
24.266666666666666 0.19849291114706913 0.0008597300516240691
24.3 0.25812362043890075 0.000903695440206076
24.333333333333332 0.3078669726900299 0.0009248767420105275
24.366666666666667 0.3435351836626802 0.0009489541039796046
24.4 0.3714573528112061 0.0009483894565167628
24.433333333333334 0.3873824957530281 0.000952426514757132
24.466666666666665 0.3914097832896862 0.0009560395923837728
24.5 0.38380632172305396 0.0009504121037082203
24.533333333333335 0.3651223760763804 0.0009413615288199062
24.566666666666666 0.33508542284684933 0.0009270715896257942
24.6 0.29441127575714315 0.000913611109778445
24.633333333333333 0.24371061532345667 0.0008829858321297845
24.666666666666668 0.18186352772313968 0.0008526327684700019
24.7 0.11687333083772716 0.0008100869470032968
24.733333333333334 0.050247150504417984 0.0007688804333060226
24.766666666666666 -0.022102512736045497 0.0007430700972402525
24.8 -0.08840451621150883 0.0007893778366552945
24.833333333333332 -0.15947011438441655 0.0008298503372735355
24.866666666666667 -0.22315497366170087 0.000869541518718181
24.9 -0.2794075529503025 0.0009003082456681133
24.933333333333334 -0.3294867330632614 0.000926771756904643
24.966666666666665 -0.3667255374516322 0.0009422693438126961
25.0 -0.39717516501005656 0.0009432966139885091
25.033333333333335 -0.4115294769490208 0.0009559919777967218
25.066666666666666 -0.416669621741252 0.0009539828001494666
25.1 -0.4058796022555306 0.0009477505018715138
25.133333333333333 -0.3836300632577482 0.0009377738244388811
25.166666666666668 -0.35211971756911475 0.0009250587910609176
25.2 -0.30442472998261144 0.0009066165652746871
25.233333333333334 -0.2506651436372132 0.000877470128555824
25.266666666666666 -0.18894652851910737 0.0008453211003668637
25.3 -0.11902460953638429 0.0008059089702727729
25.333333333333332 -0.048941183397410506 0.0007654880129099803
25.366666666666667 0.018667759559339157 0.0007398151791751482
25.4 0.09028298535228405 0.0007876974633907186
25.433333333333334 0.15789951612899505 0.000829264858539347
25.466666666666665 0.2179107406417555 0.0008634391239165096
25.5 0.2727062208043269 0.000892640346535245
25.533333333333335 0.31770118507282763 0.0009165615136424443
25.566666666666666 0.35265063949841263 0.000929849617932077
25.6 0.37475932758095953 0.0009432867205808049
25.633333333333333 0.38521422541458167 0.0009473772097127187
25.666666666666668 0.3918583870937013 0.0009539882715085546
25.7 0.3795462316298667 0.0009541096622436851
25.733333333333334 0.3551558715938241 0.0009497973997512621
25.766666666666666 0.3226073971914646 0.0009344775375461634
25.8 0.27509558765830466 0.0009047714290607023
25.833333333333332 0.22449779691410796 0.000876597748088237
25.866666666666667 0.16459799356606616 0.000842103009702444
25.9 0.09208101048188004 0.0007944409412913994
25.933333333333334 0.020700001610053535 0.0007459621260477861
25.966666666666665 -0.05221290573595513 0.0007730531795297063
26.0 -0.11680704952890596 0.0008065731542844651
26.033333333333335 -0.1856973957712893 0.0008422147430250382
26.066666666666666 -0.24663016723568051 0.0008745110885911567
26.1 -0.29736003373810355 0.0009019461458433242
26.133333333333333 -0.3429308939801237 0.0009252384278964354
26.166666666666668 -0.3779402686659069 0.0009387978884791703
26.2 -0.4024966030753072 0.0009452811605757394
26.233333333333334 -0.4125140514292436 0.0009517067624024711
26.266666666666666 -0.41063960777742886 0.000960696395919669
26.3 -0.3931100564139425 0.0009558359044842812
26.333333333333332 -0.3648856337362868 0.0009457410167325042
26.366666666666667 -0.326835193899913 0.0009217798846898329
26.4 -0.2793084452403373 0.0008972660437576163
26.433333333333334 -0.22062792784232665 0.0008685398024039226
26.466666666666665 -0.1615339147175892 0.000840559543218905
26.5 -0.09155215060966483 0.0007964909147782917
26.533333333333335 -0.023680319847342354 0.0007445270342680346
26.566666666666666 0.045993905515152145 0.0007602670612199824
26.6 0.11446758601114185 0.0008031917672906286
26.633333333333333 0.17992479129075953 0.0008455475439525795
26.666666666666668 0.2400426185104329 0.000886572951895287
26.7 0.28851380207180544 0.0009041104693973123
26.733333333333334 0.32974156210999384 0.0009261025085031682
26.766666666666666 0.3595363332886102 0.0009402665060295745
26.8 0.37907359784271055 0.0009498117875753054
26.833333333333332 0.38624054775096683 0.0009708423822100687
26.866666666666667 0.3818583806300047 0.0009587715718156753
26.9 0.36621342647236316 0.0009494384327100591
26.933333333333334 0.33653984093351497 0.0009281100688542931
26.966666666666665 0.29832924111153064 0.0009179682639735565
27.0 0.2447953082275827 0.0008842067698091871
27.033333333333335 0.19252605918194476 0.0008535675384376828
27.066666666666666 0.12927155185832467 0.0008142324263232803
27.1 0.061281012155289555 0.0007707175315689388
27.133333333333333 -0.005509446028614004 0.0007300188473270035
27.166666666666668 -0.07586316303643931 0.0007768865005645387
27.2 -0.143918998710133 0.0008236138493779299
27.233333333333334 -0.2062628179057894 0.0008564278235097533
27.266666666666666 -0.26377328358742896 0.0008878200233560785
27.3 -0.3177589204823833 0.0009078344081946965
27.333333333333332 -0.35536003722925014 0.0009261826913174454
27.366666666666667 -0.38485401273318515 0.0009418503919398913
27.4 -0.4029331442156489 0.000948626352434423
27.433333333333334 -0.40799132601021326 0.0009553778540633551
27.466666666666665 -0.39813978889420254 0.000953811493981882
27.5 -0.37996727129982594 0.0009431393320735726
27.533333333333335 -0.3448849609230916 0.0009400433808384179
27.566666666666666 -0.305542135419267 0.0009150491100198277
27.6 -0.25662936870092196 0.0008859912971274642
27.633333333333333 -0.19313875237993824 0.0008561011277295749
27.666666666666668 -0.12671110367798974 0.0008175228574431037
27.7 -0.0595167160398062 0.0007718038403863939
27.733333333333334 0.00597142179771742 0.0007329968069497367
27.766666666666666 0.07660806872876534 0.000782511707549699
27.8 0.1421906412857303 0.0008218275031756095
27.833333333333332 0.2016838284727402 0.0008536529433975371
27.866666666666667 0.2592727093838169 0.000891441258370651
27.9 0.3008488468647057 0.0009121090526844067
27.933333333333334 0.33892658903709283 0.000930391388933749
27.966666666666665 0.3632509776472214 0.0009436149057837073
28.0 0.38109093979523917 0.0009531551693198193
28.033333333333335 0.3780422485333795 0.000942375996679734
28.066666666666666 0.3710788136324237 0.0009426475481911778
28.1 0.3536384227022112 0.0009371679390462462
28.133333333333333 0.32074698867788337 0.0009199499627330909
28.166666666666668 0.2825211436370188 0.000905986239862655
28.2 0.22857578590174094 0.0008801096436414357
28.233333333333334 0.1700003331230325 0.0008432055219090573
28.266666666666666 0.10283428269261174 0.0007972535599564956
28.3 0.03614021947890103 0.0007570351933495131
28.333333333333332 -0.033213447585657564 0.0007519124857352927
28.366666666666667 -0.10166720789186913 0.0007946773914123961
28.4 -0.1652536802666292 0.0008385591891173771
28.433333333333334 -0.2220847863135679 0.0008732386047657636
28.466666666666665 -0.2785487846351929 0.0008967496271813924
28.5 -0.32877202831791447 0.0009155226426816321
28.533333333333335 -0.3649520911723202 0.0009293332320959857
28.566666666666666 -0.39017418268228643 0.0009394872721118497
28.6 -0.4036813462399154 0.0009461976693986851
28.633333333333333 -0.4027260993490239 0.0009461335185104169
28.666666666666668 -0.3882516775458432 0.0009429254353506278
28.7 -0.3656130289072409 0.0009317431563672374
28.733333333333334 -0.3312033990643424 0.000917506789187339
28.766666666666666 -0.28421169855430717 0.0008965887570210329
28.8 -0.23106940513547572 0.0008695584282499558
28.833333333333332 -0.16933915677233147 0.0008344122990150971
28.866666666666667 -0.10382294359846893 0.0007972113478249693
28.9 -0.03573699512867658 0.0007520246127113578
28.933333333333334 0.0341631546205954 0.000752773195302342
28.966666666666665 0.10211837988677559 0.0007948163317400281
29.0 0.1650802733135806 0.0008357603887146903
29.033333333333335 0.22123926953173734 0.0008663139611989612
29.066666666666666 0.27657986418944325 0.0009014907448606224
29.1 0.31399302208061725 0.0009157993516915597
29.133333333333333 0.3472309940822619 0.0009324792360336787
29.166666666666668 0.36487789136329585 0.0009400427499978159
29.2 0.3735399103628453 0.0009433938076683357
29.233333333333334 0.37246293800175045 0.0009522393846578825
29.266666666666666 0.35869433886044366 0.0009441620369051718
29.3 0.3364031472970836 0.0009430389529945793
29.333333333333332 0.2973588785154212 0.000911207665316105
29.366666666666667 0.25552458425154245 0.0008875412248603998
29.4 0.2008067797025018 0.0008624389240708685
29.433333333333334 0.13752130762893455 0.0008269025033446065
29.466666666666665 0.07538578643531821 0.0008017633129212831
29.5 0.008155724079869683 0.0007574075042125639
29.533333333333335 -0.058363264597086115 0.0007771927876281323
29.566666666666666 -0.12821482687509822 0.0008192336397562783
29.6 -0.19351740575307758 0.0008517559337294645
29.633333333333333 -0.24795210738932785 0.0008778800999344472
29.666666666666668 -0.3003658851872279 0.0009057053093854406
29.7 -0.33912862651205933 0.0009265977239319989
29.733333333333334 -0.37013547962433196 0.0009435434773256146
29.766666666666666 -0.3918248261132388 0.0009529139025605815
29.8 -0.39692560150266615 0.0009518653039131131
29.833333333333332 -0.3926452392182908 0.0009529956327130606
29.866666666666667 -0.3763495669171991 0.0009481854384300048
29.9 -0.3464439509584528 0.0009392602928420812
29.933333333333334 -0.30989543011879767 0.0009231218997055035
29.966666666666665 -0.26037722079487025 0.0008953634465788118
30.0 -0.2050821543470094 0.0008590957576825042
30.033333333333335 -0.13949913123387891 0.0008208614579922058
30.066666666666666 -0.07613175162881652 0.0007780135843392655
30.1 -0.008014213588745265 0.0007304427004832213
30.133333333333333 0.06072983422914883 0.0007675115400811519
30.166666666666668 0.12318553166364335 0.0008112890865622224
30.2 0.18591754787045658 0.0008539773939068296
30.233333333333334 0.24562474835755777 0.0008900560536603819
30.266666666666666 0.2902789880693785 0.0009159397388885382
30.3 0.3258834024026934 0.000924902891670798
30.333333333333332 0.3529203911096361 0.0009355971846379818
30.366666666666667 0.36788778081410367 0.0009402212167523016
30.4 0.37344434093116824 0.0009423902280175644
30.433333333333334 0.3680883930230591 0.0009419637730290198
30.466666666666665 0.34818606353978204 0.0009318808176463356
30.5 0.3208889893407177 0.0009207405255381995
30.533333333333335 0.2801756332875149 0.00089860243728207
30.566666666666666 0.23261098924234763 0.0008800019166641249
30.6 0.17519029504430236 0.0008551915716543401
30.633333333333333 0.11438944432327593 0.0008136648586211104
30.666666666666668 0.045236205142597415 0.000759644501873033
30.7 -0.020502990445776244 0.0007429527692377133
30.733333333333334 -0.08842468443634377 0.0007885952879762431
30.766666666666666 -0.15665581280157798 0.0008383555754148397
30.8 -0.21406246175921578 0.0008810672390550389
30.833333333333332 -0.26512241539581827 0.0009006241938026016
30.866666666666667 -0.31543281916100935 0.0009231389296683878
30.9 -0.34932721904661246 0.0009262438958617114
30.933333333333334 -0.3755554890993 0.0009419407316865192
30.966666666666665 -0.3939000669936311 0.0009449302119625691
31.0 -0.3961821386690175 0.000962425834770464
31.033333333333335 -0.3879610869315976 0.0009450724710287628
31.066666666666666 -0.3662410185724547 0.000937529294587014
31.1 -0.3314686311844928 0.0009373026133703277
31.133333333333333 -0.2892237666324031 0.0009064162935413789
31.166666666666668 -0.2377314430923928 0.0008818596640259579
31.2 -0.1728786318329743 0.00084446704451141
31.233333333333334 -0.1144022150020988 0.0008044613029997844
31.266666666666666 -0.046348896919169144 0.0007606586912496938
31.3 0.02326959192440891 0.0007508888648302958
31.333333333333332 0.08686891744236286 0.0007913803395621782
31.366666666666667 0.15259627253845148 0.0008305043314114913
31.4 0.21099157954217726 0.0008633726785678142
31.433333333333334 0.26248895368081454 0.000897229112675868
31.466666666666665 0.3039849840200554 0.0009092742018456668
31.5 0.33534880862133526 0.0009276656097257363
31.533333333333335 0.35520964482584905 0.0009424212398866927
31.566666666666666 0.3669030360055972 0.0009528344652975362
31.6 0.36564266669400103 0.0009526776078707666
31.633333333333333 0.35122736149688866 0.00093756004922535
31.666666666666668 0.3336548455548011 0.0009284650429042807
31.7 0.3013174865996017 0.0009168601668947396
31.733333333333334 0.25903294879059235 0.0008886245603051957
31.766666666666666 0.205424311955495 0.0008630719927092134
31.8 0.1515620229138204 0.0008286611730416726
31.833333333333332 0.08638842918822404 0.0007897777616771712
31.866666666666667 0.019323065244525078 0.0007428947958719387
31.9 -0.04605801523499809 0.0007586356312695927
31.933333333333334 -0.1161976988492592 0.0008022627878361555
31.966666666666665 -0.17868028632049565 0.0008384444580672445
32.0 -0.23128685100557964 0.0008660369689354186
32.03333333333333 -0.28514098484540823 0.0008955977468861342
32.06666666666667 -0.3276379152730225 0.0009152922003823338
32.1 -0.3622453539078935 0.0009285298984238466
32.13333333333333 -0.37695622459947714 0.0009438716152826987
32.166666666666664 -0.3908232905868284 0.0009528359095610783
32.2 -0.39023927461865465 0.0009590924448836247
32.233333333333334 -0.37652815439041126 0.0009367693113748188
32.266666666666666 -0.3494625903825719 0.0009244200813831038
32.3 -0.3097272141054132 0.0009113002802850212
32.333333333333336 -0.26432565573200995 0.0008871360919572857
32.36666666666667 -0.211659774600978 0.0008632356300233013
32.4 -0.15145896179315113 0.0008297200526171111
32.43333333333333 -0.08213271457312346 0.0007828589574664507
32.46666666666667 -0.0195126324614259 0.0007386902210061198
32.5 0.04878363954777267 0.0007608361179717998
32.53333333333333 0.11647872114430974 0.000807112619155656
32.56666666666667 0.1741426996375095 0.0008417199312402424
32.6 0.2380173832786685 0.0008861541313600341
32.63333333333333 0.28112887219745036 0.0009022966462658988
32.666666666666664 0.3170640788451952 0.000924460317496878
32.7 0.34355329181963923 0.0009303291972349581
32.733333333333334 0.3578798498619068 0.0009367897336110542
32.766666666666666 0.3648208089931671 0.0009419600210416879
32.8 0.3639771550206392 0.0009434020019092326
32.833333333333336 0.34388198597510267 0.0009315348769202703
32.86666666666667 0.32046357800168107 0.0009206657245570682
32.9 0.2848150415556265 0.0009089229200402449
32.93333333333333 0.2386762569746704 0.0008839613816882808
32.96666666666667 0.18153789238574064 0.0008497703758041653
33.0 0.12186565281158175 0.0008311510353486706
33.03333333333333 0.05807685529903165 0.0007708630306401051
33.06666666666667 -0.011125774028481618 0.000734174567832438
33.1 -0.07766915233051055 0.0007816624812372192
33.13333333333333 -0.14136097634357486 0.0008211328025465869
33.166666666666664 -0.20120438355496928 0.0008565860298523076
33.2 -0.2563345208581764 0.00088092679514018
33.233333333333334 -0.30311229701059544 0.0009070007515308842
33.266666666666666 -0.33985176916151527 0.0009257564081718295
33.3 -0.35863863587678113 0.0009457935783198645
33.333333333333336 -0.3793259717164529 0.0009558022881087092
33.36666666666667 -0.38848810765177527 0.0009448678629491725
33.4 -0.37990234995933564 0.0009397051187544636
33.43333333333333 -0.36026416036626824 0.0009332907277733171
33.46666666666667 -0.3321696011367115 0.0009176534204642928
33.5 -0.2924143629243563 0.0008986237608877845
33.53333333333333 -0.2416655565590591 0.0008771708245472187
33.56666666666667 -0.1821159694008322 0.0008434167753625377
33.6 -0.12221729240891427 0.000806614376783657
33.63333333333333 -0.05317153941785196 0.0007627656629021415
33.666666666666664 0.009883813198870783 0.0007332827936069979
33.7 0.07247516308954335 0.0007753598233119219
33.733333333333334 0.13913681049554597 0.0008236407844329774
33.766666666666666 0.19375557152202644 0.0008586773028828876
33.8 0.2499425922812726 0.0008855638705782265
33.833333333333336 0.2934624796913274 0.0009094311639635255
33.86666666666667 0.32488110620416927 0.0009313411094611368
33.9 0.34657275799701265 0.0009389870873743322
33.93333333333333 0.35776722468022376 0.0009400179688194288
33.96666666666667 0.3590287351124025 0.0009431113561107485
34.0 0.35045274652408775 0.0009330816163718447
34.03333333333333 0.3303794319462273 0.0009234438437044634
34.06666666666667 0.3040683926241435 0.0009133774599285327
34.1 0.26529225526001277 0.0008940997635609738
34.13333333333333 0.21361958307611906 0.0008669495124926929
34.166666666666664 0.15470241034605334 0.0008321366026999844
34.2 0.09490954750345305 0.0007936343059749829
34.233333333333334 0.02713767311728915 0.0007496974979566626
34.266666666666666 -0.038159039118046745 0.0007556628640702431
34.3 -0.10775716810631508 0.0007979046609423585
34.333333333333336 -0.16688406702285505 0.0008309391738871297
34.36666666666667 -0.22282065907340834 0.0008647540501488249
34.4 -0.2736908239582982 0.000898362297009625
34.43333333333333 -0.31567008231368526 0.0009191254073375732
34.46666666666667 -0.35200868369995414 0.00093305335882371
34.5 -0.3750251020872393 0.000940930647121252
34.53333333333333 -0.385483472533181 0.0009472565472966599
34.56666666666667 -0.3834662499284578 0.0009529569218721945
34.6 -0.37008698304432847 0.0009410831711980094
34.63333333333333 -0.34334403341097003 0.0009369214086386024
34.666666666666664 -0.31085916893318494 0.0009145466177692962
34.7 -0.265606962947345 0.0008983005059530202
34.733333333333334 -0.21432788813933157 0.0008632227569487227
34.766666666666666 -0.15489470825249266 0.0008331657005188897
34.8 -0.09452581257026357 0.0007937461919759747
34.833333333333336 -0.029277905089142294 0.0007500858983508565
34.86666666666667 0.03673479644082728 0.0007556629271857768
34.9 0.1041715253093287 0.000804007162275161
34.93333333333333 0.16509750283421534 0.0008451964525319211
34.96666666666667 0.2202592669366663 0.0008742398046263089
35.0 0.26278300983506947 0.0008922646567244286
35.03333333333333 0.30133322144539737 0.0009084433172397155
35.06666666666667 0.3300746207739796 0.000923969628526311
35.1 0.34982629776522284 0.0009354423029267478
35.13333333333333 0.3581560963146464 0.0009370315790370176
35.166666666666664 0.35354071970425277 0.000935198776976176
35.2 0.3402468798846554 0.0009289294250365288
35.233333333333334 0.31654262087633467 0.0009204695080149428
35.266666666666666 0.281825986977424 0.0009029977943328937
35.3 0.2366052039039859 0.0008804413814531842
35.333333333333336 0.18399739035069287 0.0008479866224062049
35.36666666666667 0.12651352322162762 0.0008143089850880525
35.4 0.06428680439338329 0.0007701537408341397
35.43333333333333 -0.0010578146582773285 0.0007241046649663868
35.46666666666667 -0.06089210386727192 0.0007689693895023136
35.5 -0.12782631477692846 0.0008086523118341349
35.53333333333333 -0.19047393374087282 0.0008454401680066115
35.56666666666667 -0.24284597039577951 0.0008722491417895162
35.6 -0.2915787540131798 0.0009029168680279587
35.63333333333333 -0.3293446839289705 0.0009254718299641085
35.666666666666664 -0.3593166983207262 0.0009385102328864359
35.7 -0.3774812442543622 0.0009367898484122228
35.733333333333334 -0.3840769959728682 0.0009443217105476465
35.766666666666666 -0.37801648161832785 0.000939474330681811
35.8 -0.36045297704186163 0.0009315186813931287
35.833333333333336 -0.33019999908268494 0.0009207166644986109
35.86666666666667 -0.2914763752199186 0.0009050070669787691
35.9 -0.24413175229545556 0.0008893758878952829
35.93333333333333 -0.18518055452245702 0.0008626993988310738
35.96666666666667 -0.12921982299870088 0.0008156369756706361
36.0 -0.06405898459869547 0.0007710952078417294
36.03333333333333 0.002012605806403871 0.000729600075916069
36.06666666666667 0.06729372550628952 0.0007774132060993505
36.1 0.12972167932842393 0.0008252361494182903
36.13333333333333 0.18687716797113743 0.0008531131691516536
36.166666666666664 0.23658628381206204 0.0008824128607309301
36.2 0.28199490472262717 0.0009132039874242825
36.233333333333334 0.3148867080122087 0.0009256500131836765
36.266666666666666 0.33852142591573925 0.00093975876138086
36.3 0.3504685861366987 0.0009449855693748344
36.333333333333336 0.35602707944749146 0.0009388928840564637
36.36666666666667 0.3474321407437307 0.0009353118891817225
36.4 0.32941999681841805 0.0009258610401153278
36.43333333333333 0.30064669588124804 0.0009086440844435772
36.46666666666667 0.26292584916352685 0.0008938404365147479
36.5 0.21365619828494709 0.0008654879242190883
36.53333333333333 0.15770584072552413 0.0008326172030105883
36.56666666666667 0.09970528543989202 0.0008023891302400554
36.6 0.03563955058736191 0.0007526388396063566
36.63333333333333 -0.02877013509332379 0.0007443291237793706
36.666666666666664 -0.09458604506887357 0.0007860334673306796
36.7 -0.15369018972896892 0.0008253062991991078
36.733333333333334 -0.2121028355855366 0.0008562688549984543
36.766666666666666 -0.26552792710234024 0.0008892877550145672
36.8 -0.30725817390503884 0.0009090575091417752
36.833333333333336 -0.33832850504884704 0.0009257188122967497
36.86666666666667 -0.36546426168436313 0.0009385416820263393
36.9 -0.37801383710206693 0.0009382072016348442
36.93333333333333 -0.3778365586402449 0.0009412230478405559
36.96666666666667 -0.3668622230444058 0.0009337047838813839
37.0 -0.34520829131895403 0.0009393231990162954
37.03333333333333 -0.31079297466007527 0.0009312554460051969
37.06666666666667 -0.27054845447928666 0.0009095852048146558
37.1 -0.21926327217530875 0.0008643436308511665
37.13333333333333 -0.16235915634743506 0.0008353216543307562
37.166666666666664 -0.10306882274351968 0.0007980599300791841
37.2 -0.03807153101886845 0.000755257171616501
37.233333333333334 0.027998025207334656 0.0007454174684786499
37.266666666666666 0.09421136480746449 0.0007936217615985425
37.3 0.15229365233570197 0.0008300611090664156
37.333333333333336 0.20768104201562815 0.0008609043102030811
37.36666666666667 0.2552747338470205 0.0008867147918980023
37.4 0.29339582514616963 0.0009076550638557612
37.43333333333333 0.32248089761516785 0.000920480432452242
37.46666666666667 0.34304130356926615 0.0009400522081997598
37.5 0.35211821849517366 0.00094550304122476
37.53333333333333 0.34991243090648516 0.0009364178354366315
37.56666666666667 0.3333867598006079 0.0009287367056156071
37.6 0.3154708804237187 0.0009257666636054429
37.63333333333333 0.28240322905843196 0.0009055916091580407
37.666666666666664 0.240635099651608 0.000890273843699968
37.7 0.1901119976169848 0.0008537530802730231
37.733333333333334 0.13184069591357417 0.0008182247735337711
37.766666666666666 0.07042060363088491 0.0007806559575285338
37.8 0.005499591670976028 0.0007311781572472672
37.833333333333336 -0.05606954098502557 0.0007650266361850649
37.86666666666667 -0.1184398723559546 0.0008052283611883759
37.9 -0.1773089827161011 0.0008411033382269006
37.93333333333333 -0.23049702329149593 0.0008731393856635516
37.96666666666667 -0.28124085157822043 0.0008992490085067972
38.0 -0.3197106952895315 0.0009106921992959038
38.03333333333333 -0.3462945029662602 0.0009291641237186288
38.06666666666667 -0.36708067205686357 0.0009442108143181693
38.1 -0.3761403258353546 0.0009374675033319568
38.13333333333333 -0.37225627775523956 0.0009331426955239142
38.166666666666664 -0.3550093937041922 0.0009285851580183024
38.2 -0.32783615211582623 0.0009282912642776808
38.233333333333334 -0.2906876276457498 0.0009056380130996744
38.266666666666666 -0.24080459512791783 0.0008880828262066154
38.3 -0.1916257999016817 0.0008563268686656855
38.333333333333336 -0.13503055771820058 0.0008154487912370723
38.36666666666667 -0.06953472300193915 0.0007775066392647911
38.4 -0.007487281781694302 0.0007334505336739844
38.43333333333333 0.05527373621590179 0.0007654762453872532
38.46666666666667 0.12052917659441029 0.0008134121579534415
38.5 0.1739222244911327 0.0008411116170359556
38.53333333333333 0.22417668953575048 0.0008686627950749148
38.56666666666667 0.26713261211305017 0.0008919874382399828
38.6 0.3065719493764643 0.0009329341196739893
38.63333333333333 0.33237924087555654 0.0009429086476699378
38.666666666666664 0.3414980682712344 0.0009297547630972014
38.7 0.3464650626536962 0.0009401592880979859
38.733333333333334 0.3413701660215005 0.0009387363197402854
38.766666666666666 0.3270707991754231 0.000929724806277954
38.8 0.29925185502277185 0.0009188736348906823
38.833333333333336 0.26128867158964414 0.0009048160246654113
38.86666666666667 0.21833567783148328 0.000878210264719792
38.9 0.16725416095469692 0.0008449720361749791
38.93333333333333 0.10392526435399599 0.000807199705785272
38.96666666666667 0.04884862395601361 0.0007670314034484219
39.0 -0.02433299522219238 0.0007383008850648312
39.03333333333333 -0.08727640395374384 0.0007813268182166183
39.06666666666667 -0.14672266663743244 0.0008213153026040698
39.1 -0.2033146122319583 0.0008513760800903658
39.13333333333333 -0.25534862383813733 0.0008786639230077831
39.166666666666664 -0.29935401002115586 0.0009031731314597669
39.2 -0.3327191263361606 0.000917516634384774
39.233333333333334 -0.35754670939347727 0.0009333860050282916
39.266666666666666 -0.372191844123132 0.0009346832371918135
39.3 -0.3728120659074145 0.0009352450287666847
39.333333333333336 -0.3578178274449464 0.0009381285061246247
39.36666666666667 -0.3387116700611116 0.0009258574256226226
39.4 -0.30881019143826294 0.0009095110276273743
39.43333333333333 -0.27013809302064684 0.0008884001606389025
39.46666666666667 -0.22137003014748646 0.0008660406164117673
39.5 -0.1678325554048214 0.0008330521750025965
39.53333333333333 -0.11027729761849163 0.0008005006815725163
39.56666666666667 -0.04332275005861439 0.0007581741855980859
39.6 0.01928122477634089 0.0007404852504226817
39.63333333333333 0.0835810249324353 0.0007844798088164351
39.666666666666664 0.1432192290315166 0.0008247413088541267
39.7 0.19835612480630452 0.0008557277786247763
39.733333333333334 0.24334011163373664 0.0008822597644265184
39.766666666666666 0.28653122516237556 0.0009075315005558915
39.8 0.3167765915051122 0.0009238374032723429
39.833333333333336 0.33624231875202554 0.0009328969754127114
39.86666666666667 0.34468599267854666 0.0009334217960367264
39.9 0.3449883432903812 0.000931348927429354
39.93333333333333 0.3333950817532876 0.0009300669212395918
39.96666666666667 0.31059125738131227 0.0009207502699229986
40.0 0.2799822801457865 0.0009143909257172123
40.03333333333333 0.24155294520816187 0.0008899837233680707
40.06666666666667 0.19052261351737992 0.0008511511255466786
40.1 0.13542612648486338 0.0008155014912532843
40.13333333333333 0.07666366390083339 0.0007752776763948616
40.166666666666664 0.012102215975417932 0.0007304038438664222
40.2 -0.046434629446032265 0.0007560607835285504
40.233333333333334 -0.11053589396777426 0.0007966305873322033
40.266666666666666 -0.17158590509986324 0.0008397830344824275
40.3 -0.22490432015570405 0.0008661732173858017
40.333333333333336 -0.27139543296015933 0.0008908170125248582
40.36666666666667 -0.30940385303612106 0.0009145132207574735
40.4 -0.33781135490530423 0.0009316382632592601
40.43333333333333 -0.36122866446439433 0.0009386317594548554
40.46666666666667 -0.36513070083809296 0.0009411976275925382
40.5 -0.36683215474963415 0.0009505432960425497
40.53333333333333 -0.3527427726771537 0.0009378807493010677
40.56666666666667 -0.3262539183443682 0.0009223420703626251
40.6 -0.2892590965092459 0.0009064537824057806
40.63333333333333 -0.24842481349629647 0.0008793050579538886
40.666666666666664 -0.19563564975715378 0.0008539056985685523
40.7 -0.140273998349945 0.0008161140059111949
40.733333333333334 -0.07667096905841846 0.000780089933529321
40.766666666666666 -0.014658519717054144 0.0007369650463900177
40.8 0.048636355741299396 0.0007632882277176303
40.833333333333336 0.11102186587795224 0.0008079600175059792
40.86666666666667 0.16687261536556822 0.0008386082095304115
40.9 0.21711480624318882 0.0008664863003438605
40.93333333333333 0.2614463436790135 0.0008926642416117181
40.96666666666667 0.29415866654934175 0.0009076283567838184
41.0 0.32202497180536 0.0009179312706935616
41.03333333333333 0.3378764355168689 0.0009261359554207371
41.06666666666667 0.3422869516022194 0.0009322603892582548
41.1 0.33642597584237716 0.0009269541185685792
41.13333333333333 0.3203985742294887 0.0009192740748230621
41.166666666666664 0.2958132622830254 0.0009066376458962133
41.2 0.2589530132207296 0.0008866017626025235
41.233333333333334 0.21637363859922948 0.0008647526508661352
41.266666666666666 0.16251311571729657 0.0008340719555342824
41.3 0.1067244481171275 0.0007978460927395709
41.333333333333336 0.049290739038197806 0.0007621449365549995
41.36666666666667 -0.014971117537674682 0.0007358332757233278
41.4 -0.07669767873624071 0.0007822267315608228
41.43333333333333 -0.13670037386149259 0.0008284013588869821
41.46666666666667 -0.19338411579741682 0.0008485717203136345
41.5 -0.24384942809189966 0.0008839673601329645
41.53333333333333 -0.2866586105670817 0.0009040306470594062
41.56666666666667 -0.32305641138670604 0.0009166554516822911
41.6 -0.3490508843086482 0.0009297372700262097
41.63333333333333 -0.3639758356993391 0.0009324980953890338
41.666666666666664 -0.36670128924756046 0.0009380508591848025
41.7 -0.3589137477358363 0.0009323527290898137
41.733333333333334 -0.33935550042223445 0.0009239798013236933
41.766666666666666 -0.3102914365475971 0.000906428238687973
41.8 -0.2701273096720241 0.0008862999596876975
41.833333333333336 -0.21885780996044102 0.0008657847544398523
41.86666666666667 -0.1672097256912654 0.0008327239964746602
41.9 -0.10868985955058558 0.000799324190424125
41.93333333333333 -0.04596245296084462 0.0007618024968710849
41.96666666666667 0.014619746814815942 0.0007362512223096068
42.0 0.07376902707564933 0.0007838828525992547
