0.0 -0.5998836745257817 0.0009728722780801835
0.03333333333333333 -0.49706437357547467 0.0009498320688308692
0.06666666666666667 -0.3908531443001055 0.0009135059476124696
0.1 -0.2689866961401003 0.0008594707485061748
0.13333333333333333 -0.13773908550650601 0.0007871532089495925
0.16666666666666666 -0.017264993826610692 0.0007127025658065222
0.2 0.10012402074943509 0.0007655601471358575
0.23333333333333334 0.23243754900174898 0.0008456757306687102
0.26666666666666666 0.36085686389732874 0.0009059298989680942
0.3 0.4723738970402117 0.0009478714520108622
0.3333333333333333 0.5668244560857484 0.0009785481960876696
0.36666666666666664 0.6491394805406325 0.0010032176097058976
0.4 0.7142514568123589 0.0010146992919967124
0.43333333333333335 0.7636565575856227 0.001017585539981103
0.4666666666666667 0.7910713083341778 0.0010208865574024006
0.5 0.8006896251250806 0.0010220789843174982
0.5333333333333333 0.7909212542040005 0.0010232143454568243
0.5666666666666667 0.760047626752054 0.0010216114409651311
0.6 0.709832960796676 0.0010181293233416655
0.6333333333333333 0.6310876780300673 0.0010048194986828074
0.6666666666666666 0.5551150846883218 0.000977129798599985
0.7 0.44919063283819494 0.0009438757206061688
0.7333333333333333 0.3243219344549364 0.0008947745842050603
0.7666666666666667 0.20531658690517374 0.0008319942292186466
0.8 0.06950950732139927 0.0007466641710925925
0.8333333333333334 -0.05598594104682723 0.0007337316750253911
0.8666666666666667 -0.17978369945911163 0.0008105481350140498
0.9 -0.31584982274769495 0.0007869603364005218
0.9333333333333333 -0.41116286713974853 0.0009150041309796686
0.9666666666666667 -0.5077304871986246 0.0009465550816952772
1.0 -0.6047330026363299 0.0009700159065901826
1.0333333333333334 -0.679655309849495 0.000988309000833576
1.0666666666666667 -0.741546158661523 0.0009937285981779231
1.1 -0.7861234328650871 0.0009950739382218465
1.1333333333333333 -0.808687156807481 0.0009950583362298149
1.1666666666666667 -0.8134143584981519 0.0009967436135775998
1.2 -0.796886379425758 0.0009979036303137123
1.2333333333333334 -0.7583837976201245 0.0009996840129137263
1.2666666666666666 -0.6998328294270438 0.0009952497535019589
1.3 -0.624468079204982 0.0009790013050466895
1.3333333333333333 -0.5307722521922542 0.0009581734784892548
1.3666666666666667 -0.4209425123190307 0.0009262244357129967
1.4 -0.30970917582723667 0.0008790686688607274
1.4333333333333333 -0.17033659206865348 0.000806944631066342
1.4666666666666666 -0.0620859822960286 0.0007396806882606632
1.5 0.056015589982644824 0.0007394031871765586
1.5333333333333334 0.1735138764917901 0.0008146415002135143
1.5666666666666667 0.32910537780485877 0.0008802657889414034
1.6 0.42184743588333806 0.0009305167010734139
1.6333333333333333 0.5254977545098941 0.0009646272267231915
1.6666666666666667 0.6131129430252047 0.0009924405844670137
1.7 0.6849602684533864 0.001010638079602888
1.7333333333333334 0.7407723637856525 0.0010152427192509084
1.7666666666666666 0.7749302584865501 0.0010182878407959395
1.8 0.7896925014075763 0.0010188637651556975
1.8333333333333333 0.7863184864742199 0.0010203815843633501
1.8666666666666667 0.764436278513374 0.0010210066168203635
1.9 0.7210255247062579 0.001017150781350562
1.9333333333333333 0.6574631772276692 0.0010096380116980663
1.9666666666666666 0.5759417649177896 0.000985017958131884
2.0 0.48098843914236245 0.0009548532295319268
2.033333333333333 0.3665860406491448 0.0009118852491005747
2.066666666666667 0.23121240319052114 0.0008472544809410565
2.1 0.11039351884094523 0.0007775091112948579
2.1333333333333333 -0.017531408297109096 0.0007108382821859188
2.1666666666666665 -0.12036043839645717 0.0007710692695027249
2.2 -0.24795830249651546 0.0008534913856506898
2.2333333333333334 -0.3659725430367835 0.0009017615867049633
2.2666666666666666 -0.47270596840841056 0.0009366171711939208
2.3 -0.5655026533467356 0.000960834742918304
2.3333333333333335 -0.6439913476131124 0.0009783247959739283
2.3666666666666667 -0.7123921966813056 0.0009908837296640494
2.4 -0.760556602556277 0.0009962170393696956
2.433333333333333 -0.7906079787052022 0.0009963134350465808
2.466666666666667 -0.8001290051950963 0.000996851118298614
2.5 -0.7899806090047673 0.0009972230485039146
2.533333333333333 -0.7582767846554462 0.0009958697881046197
2.566666666666667 -0.7079103343275681 0.0009943700237984299
2.6 -0.6395423956069574 0.0009840176009794366
2.6333333333333333 -0.5539812208731484 0.0009620293388840073
2.6666666666666665 -0.45441282654096465 0.0009331459567333278
2.7 -0.34057150575382594 0.0008938689626039054
2.7333333333333334 -0.22721452255936364 0.0008410017828709704
2.7666666666666666 -0.08774018627497902 0.0007600859933388077
2.8 0.018517490502495713 0.0007151246499982854
2.8333333333333335 0.13046592347798408 0.0007872289100194774
2.8666666666666667 0.24980258840027555 0.0008570703612842123
2.9 0.3920201057537716 0.0009215531191962834
2.933333333333333 0.4908969681267256 0.0009551165946446449
2.966666666666667 0.5769523173735761 0.0009828184535926043
3.0 0.6509052605780263 0.0010029765396505352
3.033333333333333 0.7114782087272168 0.0010134869731619478
3.066666666666667 0.7528851205748471 0.0010150665852804996
3.1 0.774095802897336 0.00101714198829439
3.1333333333333333 0.7762403335491469 0.0010186950791805094
3.1666666666666665 0.7595556914959081 0.0010189966401947803
3.2 0.7242676118731248 0.0010161081259396632
3.2333333333333334 0.6681421730006468 0.0010098315243622924
3.2666666666666666 0.595015063809455 0.0009926783504990988
3.3 0.5037389517364277 0.0009629633268468663
3.3333333333333335 0.39407993767386756 0.0009235377387323829
3.3666666666666667 0.2707805723722189 0.0008701579162351814
3.4 0.14316096416026788 0.0007980891364618437
3.433333333333333 0.018406140630387428 0.0007152921589374528
3.466666666666667 -0.09023020346172313 0.0007603050885779256
3.5 -0.2251162871999887 0.0008407628075269569
3.533333333333333 -0.32352327504081413 0.0008838888266912703
3.566666666666667 -0.43677208206654694 0.0009262592062143638
3.6 -0.5314456431256669 0.000954251989263577
3.6333333333333333 -0.6121775352792302 0.0009810983524238814
3.6666666666666665 -0.6778127650649058 0.0009915363948823641
3.7 -0.7395389389965928 0.0009934734669557743
3.7333333333333334 -0.7721039105563056 0.0009959983146423657
3.7666666666666666 -0.7860944303374948 0.0009960873718870555
3.8 -0.7823448741571002 0.0009965001021782216
3.8333333333333335 -0.756350167274621 0.0009950547210253458
3.8666666666666667 -0.7087473461278307 0.0009940875440000996
3.9 -0.6461279016979393 0.000987126073932143
3.933333333333333 -0.56709822563894 0.0009661407623954288
3.966666666666667 -0.4715330730297807 0.0009399875975040772
4.0 -0.3643941949393082 0.000903205741198343
4.033333333333333 -0.26046337422762705 0.0008572464942787628
4.066666666666666 -0.1370855396723006 0.0007919264354222244
4.1 -0.013058198815475052 0.0007116064343658749
4.133333333333334 0.0924319911654824 0.0007628549347534624
4.166666666666667 0.23796771754111037 0.0008485376841985137
4.2 0.3507520591950287 0.0009015049578184886
4.233333333333333 0.4561729684175196 0.0009428138387785889
4.266666666666667 0.5478793563036497 0.0009712821794389814
4.3 0.6264647176144601 0.000998821163445296
4.333333333333333 0.6878611382568619 0.0010104624687287123
4.366666666666666 0.7336227839716719 0.00101442538044616
4.4 0.7595954079285399 0.0010157434830959655
4.433333333333334 0.7646644868480369 0.0010175203636508812
4.466666666666667 0.753663757035428 0.0010171406078492984
4.5 0.7223692056485571 0.0010103694237836303
4.533333333333333 0.6709655430277969 0.0010098292169863354
4.566666666666666 0.6016520253182871 0.0009963565620085824
4.6 0.5154942098850741 0.0009648582504611092
4.633333333333334 0.414525983272062 0.0009317061571972318
4.666666666666667 0.30251371573514224 0.0008827209472072051
4.7 0.17013076900474997 0.0008130484750512035
4.733333333333333 0.05335410240304444 0.0007384734087864872
4.766666666666667 -0.06682604896986354 0.0007467231709474831
4.8 -0.1736945780112484 0.0008126183787041386
4.833333333333333 -0.2881347775082556 0.0008693770369904708
4.866666666666666 -0.40195415957241964 0.0009191179410604211
4.9 -0.5024808469341173 0.0009496949261320609
4.933333333333334 -0.5874725948866145 0.0009772895695637773
4.966666666666667 -0.6591948155840024 0.0009924083149129848
5.0 -0.7148810476129371 0.0009958480071661224
5.033333333333333 -0.7553830646436108 0.0009956145159856211
5.066666666666666 -0.7740303964952245 0.0009965588745375342
5.1 -0.773635619067658 0.0009970361101065972
5.133333333333334 -0.7529099846633436 0.000996643837462452
5.166666666666667 -0.7137085293601909 0.0009961631286260486
5.2 -0.654955990073619 0.000991053667790065
5.233333333333333 -0.5799636698501652 0.0009739963006715202
5.266666666666667 -0.4884040494178596 0.0009426353913407626
5.3 -0.3842172765925982 0.0009059946836584287
5.333333333333333 -0.2736363125680736 0.0008622625918742743
5.366666666666666 -0.16120178263115872 0.000802810276429422
5.4 -0.03945542314175945 0.0007265477321561006
5.433333333333334 0.07027222498607064 0.0007473868838823033
5.466666666666667 0.19446815463521222 0.0008218320729747042
5.5 0.32549581623348534 0.0008930155824251607
5.533333333333333 0.4270344216613039 0.0009341570058237769
5.566666666666666 0.5197580246899192 0.0009665575347546085
5.6 0.6012360593395693 0.0009975250538202252
5.633333333333334 0.6652702632551363 0.0010077278900978426
5.666666666666667 0.7113770159798 0.001014051613157041
5.7 0.7415748484316631 0.00101822355849146
5.733333333333333 0.7514322911813509 0.0010183489418502667
5.766666666666667 0.7450530593624944 0.0010187743380576375
5.8 0.7184242712025438 0.0010169830655009093
5.833333333333333 0.6730605953819667 0.001012036043373854
5.866666666666666 0.6090107046014086 0.0009997083971783338
5.9 0.5274652117433086 0.0009691078364394423
5.933333333333334 0.4321946851779389 0.0009351922104747223
5.966666666666667 0.3245004221297042 0.0008901827265093143
6.0 0.19852635473536398 0.0008256075134026319
6.033333333333333 0.07016469680377639 0.0007462016400342775
6.066666666666666 -0.04274354039572224 0.0007315460349250347
6.1 -0.16095486733910938 0.000801400021149784
6.133333333333334 -0.26854944351124876 0.0008561101785611869
6.166666666666667 -0.3738045403955203 0.0009035208221290225
6.2 -0.4793300856674916 0.0009383626528866595
6.233333333333333 -0.5601327855889878 0.0009646617032065263
6.266666666666667 -0.6350963814903792 0.0009835954604631159
6.3 -0.693391656871619 0.0009913912521629653
6.333333333333333 -0.7342220288031038 0.0009930570195755273
6.366666666666666 -0.7569974858981801 0.000996919899534321
6.4 -0.7609213043594669 0.0009972881571717052
6.433333333333334 -0.7449235854537801 0.0009968756528220268
6.466666666666667 -0.7099410218534818 0.0009975552261071163
6.5 -0.6544497191649092 0.0009925411533846518
6.533333333333333 -0.5840495616544731 0.00097989249833641
6.566666666666666 -0.4968096724493306 0.0009501374964223097
6.6 -0.3970617187106461 0.0009145372594036028
6.633333333333334 -0.28465839770406975 0.0008674614810545989
6.666666666666667 -0.1689042463608738 0.000808149418583537
6.7 -0.062820494176568 0.0007406305921771189
6.733333333333333 0.05275435155317739 0.0007369158751745694
6.766666666666667 0.1701551848202666 0.0008148852906828541
6.8 0.3086726544254013 0.0008806802822891036
6.833333333333333 0.40328506335392056 0.0009261944462715666
6.866666666666666 0.49761940583265907 0.0009578176873504263
6.9 0.5790743099544359 0.0009889674758870592
6.933333333333334 0.6443948066220443 0.0010035365058849166
6.966666666666667 0.6939420724269404 0.0010137323141737875
7.0 0.7246172043992245 0.001016869515380714
7.033333333333333 0.737810464803404 0.0010171638502211033
7.066666666666666 0.7321060264591014 0.0010169318701683805
7.1 0.7097922573281632 0.0010148700133741917
7.133333333333334 0.6693869014066284 0.0010088681065151262
7.166666666666667 0.6088345638582278 0.0010000148836460943
7.2 0.5304069259520461 0.0009709200040315391
7.233333333333333 0.4406520838357214 0.0009419915271370316
7.266666666666667 0.32917656841310367 0.0008956611804337711
7.3 0.21592534326097487 0.0008375785546577141
7.333333333333333 0.09828797172582794 0.0007677656444756153
7.366666666666666 -0.018754078852926452 0.0007133209936678112
7.4 -0.14205143356841513 0.0007899353325682423
7.433333333333334 -0.2524818949356395 0.0008497490659676865
7.466666666666667 -0.3542977182198742 0.0009000881602252986
7.5 -0.45302724318007237 0.0009342170879108602
7.533333333333333 -0.5431395296654976 0.0009638236733475747
7.566666666666666 -0.6165327746199049 0.0009841801627041846
7.6 -0.6765067520980058 0.0009921540576909305
7.633333333333334 -0.7203971262798107 0.0009956083673439142
7.666666666666667 -0.7439239564986401 0.0009967830232814334
7.7 -0.7499554795465981 0.0009972826008392
7.733333333333333 -0.7379372887088866 0.00099722303242622
7.766666666666667 -0.7046782117129683 0.0009949498445719351
7.8 -0.6530609712944536 0.0009916741645220606
7.833333333333333 -0.5850261795392357 0.0009790414537060865
7.866666666666666 -0.5004964180728474 0.000949922236337053
7.9 -0.40592550768034297 0.0009196477327240715
7.933333333333334 -0.29604307560988186 0.0008718095858000208
7.966666666666667 -0.18446297028860748 0.0008153640808697127
8.0 -0.07801394746635047 0.0007536763677395558
8.033333333333333 0.04638370361901081 0.0007349677325666007
8.066666666666666 0.15199412831431466 0.0008029737482898036
8.1 0.2835284124817516 0.0008722521117754956
8.133333333333333 0.38962449338686794 0.000920618173824328
8.166666666666666 0.48319860832824796 0.0009563831628817687
8.2 0.5631637783833507 0.0009843304544385756
8.233333333333333 0.6295939524062537 0.001003809971006242
8.266666666666667 0.6805173325526245 0.0010114282763239446
8.3 0.7136065304126837 0.0010162697205934323
8.333333333333334 0.7290095663869243 0.0010175209492685466
8.366666666666667 0.7269057407041704 0.0010177718614227116
8.4 0.7058828232234073 0.0010137714754425708
8.433333333333334 0.6636997310165554 0.0010100096495723188
8.466666666666667 0.6064311549087271 0.000999993740209093
8.5 0.5316707245205161 0.0009784794063933955
8.533333333333333 0.44322082875157454 0.0009438163944500144
8.566666666666666 0.3386051170463889 0.0009005811411462172
8.6 0.22421962483988492 0.0008435539493045485
8.633333333333333 0.1049159368517779 0.0007724325984852093
8.666666666666666 -0.007323818790883961 0.0007056244412398599
8.7 -0.12453676082833312 0.0007796389689328498
8.733333333333333 -0.23411266334805883 0.0008380140831395211
8.766666666666667 -0.3364308040381536 0.0008887039262175378
8.8 -0.43509298161361365 0.0009247727171189379
8.833333333333334 -0.5262036407977996 0.0009572927981031931
8.866666666666667 -0.6010775349003484 0.0009811804922206235
8.9 -0.6610497208875342 0.0009894909201559887
8.933333333333334 -0.7035207917868781 0.000993447557757654
8.966666666666667 -0.7303308742674343 0.0009952363223488803
9.0 -0.7390534605237481 0.0009971039673306592
9.033333333333333 -0.7290861864211305 0.000997129372143024
9.066666666666666 -0.697701080925082 0.0009951682415089147
9.1 -0.6468262226766129 0.0009894599536890425
9.133333333333333 -0.5808689882421922 0.0009775656681725309
9.166666666666666 -0.5009566706966996 0.000950768164069915
9.2 -0.40562364353517083 0.0009171740574966947
9.233333333333333 -0.29823084136846045 0.0008735470385037303
9.266666666666667 -0.19828330544835338 0.0008221078996169806
9.3 -0.08905923910227578 0.00076156996105263
9.333333333333334 0.03267643497135973 0.0007258255135965744
9.366666666666667 0.14857469974752324 0.000799964939412201
9.4 0.26988018177636475 0.0008658633714418995
9.433333333333334 0.3722326493519491 0.0009139312494136909
9.466666666666667 0.4676942427586871 0.0009508010284091095
9.5 0.5486597938908416 0.0009793988322651659
9.533333333333333 0.614552299043213 0.0010016411544174764
9.566666666666666 0.6665937689884285 0.001009959887713907
9.6 0.7011308162090015 0.0010128521209499253
9.633333333333333 0.7183075571103846 0.0010145908188167185
9.666666666666666 0.7165678102197192 0.0010146265057144888
9.7 0.6969767267573255 0.0010124977356368303
9.733333333333333 0.6592324514308326 0.0010082164461485688
9.766666666666667 0.6018166085105865 0.0009983164232050257
9.8 0.5320826743032538 0.00097920745178659
9.833333333333334 0.4434562197508814 0.000942785146122116
9.866666666666667 0.3439826644058124 0.0009039350375731892
9.9 0.22883617435510253 0.0008460235683055983
9.933333333333334 0.11351303930474765 0.000779392561891426
9.966666666666667 -0.0015689377162764332 0.0007024609196190181
10.0 -0.11205193418180237 0.0007745138110154121
10.033333333333333 -0.22563378493643926 0.000837161826920646
10.066666666666666 -0.32875745831597425 0.0008843712156075267
10.1 -0.4261463943166451 0.0009215048732001407
10.133333333333333 -0.5123138125266581 0.0009547805474356963
10.166666666666666 -0.5883512691637602 0.0009756846189578061
10.2 -0.6477687343065078 0.0009875208045388995
10.233333333333333 -0.6924288379790859 0.0009918107170604484
10.266666666666667 -0.7188144722004046 0.0009944694097956397
10.3 -0.7262496807727776 0.0009948317918231364
10.333333333333334 -0.7177072132341671 0.0009957755968693638
10.366666666666667 -0.6886192382219364 0.00099313751091068
10.4 -0.639944935041552 0.000987385094648019
10.433333333333334 -0.5767559899738773 0.0009765421198936197
10.466666666666667 -0.4984004476184637 0.0009512889686558168
10.5 -0.40361372962197317 0.0009176345831146682
10.533333333333333 -0.3065238648064403 0.0008802757073877454
10.566666666666666 -0.1935828542718473 0.0008213778594630128
10.6 -0.08247790838188192 0.0007568388286388616
10.633333333333333 0.02555344877094868 0.0007202836588933344
10.666666666666666 0.1498698559055392 0.0007995440848544422
10.7 0.26375264111002555 0.0008636083113143234
10.733333333333333 0.36042410253534746 0.0009093035555373108
10.766666666666667 0.45871215669920806 0.0009488409532825148
10.8 0.535901725898788 0.0009781087411229183
10.833333333333334 0.6002636329037376 0.000999625891975331
10.866666666666667 0.6541245735041278 0.001008807848450699
10.9 0.6875930904260519 0.0010138848048528715
10.933333333333334 0.703545386503929 0.0010170892558347688
10.966666666666667 0.7034035235313983 0.0010176630544914689
11.0 0.6840135044243876 0.0010127069156476987
11.033333333333333 0.647345306002366 0.0010081475815659768
11.066666666666666 0.5939259110717093 0.0009953008956599119
11.1 0.5236165062968792 0.0009751262355015555
11.133333333333333 0.437660580306235 0.0009408563557211091
11.166666666666666 0.33964259466262947 0.0009003944482122717
11.2 0.23571018906009322 0.0008482408932059537
11.233333333333333 0.12424157252226035 0.000782623859826484
11.266666666666667 0.003926103152785995 0.0007039142486884656
11.3 -0.11133601490762456 0.0007727448607214304
11.333333333333334 -0.2116672498692943 0.0008322179418668862
11.366666666666667 -0.3231472243369 0.0008843044896842955
11.4 -0.41735793671556304 0.0009213509546919241
11.433333333333334 -0.5033793387266062 0.0009550368619642979
11.466666666666667 -0.5788831163753151 0.0009747542994212877
11.5 -0.6396492201685722 0.0009861797099874892
11.533333333333333 -0.6825624560488995 0.0009918468249532353
11.566666666666666 -0.7094320984499277 0.0009951898630640166
11.6 -0.7179710011978095 0.000997993276089959
11.633333333333333 -0.7079413532970468 0.000997381258387442
11.666666666666666 -0.6764763069934548 0.0009952492499435417
11.7 -0.6302010794467403 0.0009890611490755985
11.733333333333333 -0.5696020737388661 0.000978420985648043
11.766666666666667 -0.4905917744288276 0.0009511843831019329
11.8 -0.38639093182557355 0.0009132401245293131
11.833333333333334 -0.299706324597581 0.0008771392449188897
11.866666666666667 -0.19044030126144504 0.0008208624762055805
11.9 -0.08222186375517994 0.0007568183361925246
11.933333333333334 0.02350750786199172 0.0007179770398574384
11.966666666666667 0.1419152569864669 0.0007952664219377514
12.0 0.25675731476416014 0.0008618074127419439
12.033333333333333 0.35843446022127096 0.0009061845758758791
12.066666666666666 0.45085548049870783 0.0009434241900549978
12.1 0.5284700740779514 0.0009749402593750567
12.133333333333333 0.5963190735487494 0.0009947303231495619
12.166666666666666 0.6462156161705565 0.0010054091036264534
12.2 0.6797164578570405 0.0010108761465654759
12.233333333333333 0.6958342357624023 0.0010132056906644316
12.266666666666667 0.6949442130938962 0.001012655942903784
12.3 0.6768605556498379 0.0010103348608877516
12.333333333333334 0.641519448540902 0.0010068323834615533
12.366666666666667 0.5841702834555701 0.000996218574202068
12.4 0.5155504475418546 0.0009756217544266699
12.433333333333334 0.42915776598150185 0.0009407068929689899
12.466666666666667 0.33373008999307857 0.0009022975118689325
12.5 0.22714256935812227 0.0008460067525065396
12.533333333333333 0.11063669123159363 0.0007785259740364786
12.566666666666666 -0.0012698067482975108 0.0007034596866952519
12.6 -0.10968494131666541 0.0007720652543234674
12.633333333333333 -0.2212563874043975 0.0008350358612361219
12.666666666666666 -0.317092224251408 0.000881324398453176
12.7 -0.41348803397890155 0.0009230038131649021
12.733333333333333 -0.4998952310150051 0.0009505324065154364
12.766666666666667 -0.5734276114679181 0.0009744660895522061
12.8 -0.631681747931896 0.0009823969322138026
12.833333333333334 -0.6743089662541496 0.000989425238367203
12.866666666666667 -0.7013720460031669 0.0009935654032652286
12.9 -0.707396514945814 0.0009936046627394557
12.933333333333334 -0.6977146733246467 0.000991188861864667
12.966666666666667 -0.6693028066834128 0.0009896090712124828
13.0 -0.6227549117642338 0.0009850038591795451
13.033333333333333 -0.5613224742727004 0.0009731770016248031
13.066666666666666 -0.48222636403545777 0.0009453391340166761
13.1 -0.39007165663859017 0.0009146093038638337
13.133333333333333 -0.28951630963299646 0.0008719303084630536
13.166666666666666 -0.18643698961382846 0.0008188445563379054
13.2 -0.07920072327424742 0.0007572265772492204
13.233333333333333 0.02816212945230079 0.0007242013083720508
13.266666666666667 0.14453788140983378 0.0007987046050408897
13.3 0.25485234644957755 0.0008599830476723191
13.333333333333334 0.35357969962007735 0.0009070636580485458
13.366666666666667 0.44839636457676324 0.0009467658183537897
13.4 0.5229435098706754 0.0009758053822611634
13.433333333333334 0.5895646463645987 0.0009950843296593348
13.466666666666667 0.637953333516245 0.0010035948737505684
13.5 0.6710512385774968 0.0010097022661479382
13.533333333333333 0.6865944827684424 0.0010118055512666757
13.566666666666666 0.6849055595494684 0.0010129858951668513
13.6 0.6648566645649752 0.0010093162579463133
13.633333333333333 0.6279189459964586 0.0010032142936553523
13.666666666666666 0.5741186280442305 0.0009912432126402138
13.7 0.503774807807209 0.0009729937169268288
13.733333333333333 0.42119814301259767 0.0009342389037807486
13.766666666666667 0.3252937044107593 0.0008950323014814132
13.8 0.21451189367490528 0.000837690754237258
13.833333333333334 0.10408916840415952 0.0007706363156033402
13.866666666666667 -0.01048973735410661 0.0007116986052785809
13.9 -0.11085054467740517 0.0007754823807204908
13.933333333333334 -0.22224870289582443 0.0008376442162788544
13.966666666666667 -0.3193177364497725 0.0008860224212262069
14.0 -0.41526986210556055 0.0009238791190291917
14.033333333333333 -0.49735431025946564 0.0009567673789720454
14.066666666666666 -0.5700117111796659 0.0009775998065069125
14.1 -0.6259644320190461 0.0009853346808952335
14.133333333333333 -0.6657387009669523 0.000990708030969456
14.166666666666666 -0.6915237952854653 0.0009925124714853517
14.2 -0.6974575771202093 0.000992782904414291
14.233333333333333 -0.6872897910439161 0.0009925224523491538
14.266666666666667 -0.6601455878267839 0.0009884426542896563
14.3 -0.6119215077027209 0.0009842301680941246
14.333333333333334 -0.5478965465024471 0.0009699296580093497
14.366666666666667 -0.4710733316447026 0.000940423665943102
14.4 -0.37851844167366666 0.0009086452408348378
14.433333333333334 -0.27794045298357145 0.0008635545918528886
14.466666666666667 -0.17440620059592551 0.0008106517756647225
14.5 -0.06823002214243047 0.000746944344476308
14.533333333333333 0.04468812692213457 0.0007341503439315528
14.566666666666666 0.15501198392698556 0.0008045567696076394
14.6 0.25869430569402735 0.0008636633620546785
14.633333333333333 0.3576469239845061 0.0009110930483633428
14.666666666666666 0.44833409335708907 0.0009470839979437429
14.7 0.52321001071773 0.000979442075432324
14.733333333333333 0.5867851083069021 0.0009968973935851055
14.766666666666667 0.6320478602086402 0.0010054296640841232
14.8 0.6630929077437252 0.0010096747371578507
14.833333333333334 0.6757992886141939 0.0010108258988198449
14.866666666666667 0.6730091406196897 0.0010092952026855562
14.9 0.6532180769821737 0.001007130142903434
14.933333333333334 0.6157057547916752 0.001000436551872097
14.966666666666667 0.5602112035271805 0.000988794509338975
15.0 0.4912558191874881 0.000965303351498914
15.033333333333333 0.4048002783148919 0.0009292022988749982
15.066666666666666 0.31053453525995955 0.0008862682202464001
15.1 0.1942835240579549 0.00082609968364597
15.133333333333333 0.0880444774591927 0.0007614080344192364
15.166666666666666 -0.01791485495477553 0.0007134731326787214
15.2 -0.12134395545785909 0.0007796558043317164
15.233333333333333 -0.225308812980033 0.0008384294512611967
15.266666666666667 -0.3249436192873969 0.0008882709117606913
15.3 -0.4145004594557616 0.0009211639288797535
15.333333333333334 -0.4982824147655948 0.0009547588606768631
15.366666666666667 -0.5669775485452764 0.0009746086944520949
15.4 -0.6199108003660636 0.0009867302032949832
15.433333333333334 -0.6593657985675774 0.0009906647245736533
15.466666666666667 -0.6804992438243663 0.0009921302331339366
15.5 -0.685145140695993 0.0009925652559096276
15.533333333333333 -0.6731305092692232 0.0009919758048123617
15.566666666666666 -0.6416731361164236 0.0009874762198671672
15.6 -0.5937808299702995 0.0009807690464020968
15.633333333333333 -0.5293727137692754 0.0009660195725434972
15.666666666666666 -0.45399408577094963 0.0009378509044578043
15.7 -0.3624989222690386 0.0009014905686419716
15.733333333333333 -0.26321902509350364 0.0008576936027657189
15.766666666666667 -0.15607779949560388 0.0008017198630189681
15.8 -0.05378513747084453 0.0007371916444918192
15.833333333333334 0.05461887018394247 0.0007392784046378886
15.866666666666667 0.1629649297814395 0.0008071375595739005
15.9 0.2705665279082778 0.000866691883866233
15.933333333333334 0.3651640486869726 0.0009123691248225096
15.966666666666667 0.4524497695530346 0.0009464385072167625
16.0 0.5188416191788303 0.0009767213701645794
16.033333333333335 0.5832189020329851 0.000992859489401532
16.066666666666666 0.6261013526138657 0.0009998648398790166
16.1 0.6563933603199689 0.0010053268793228654
16.133333333333333 0.6657561828675068 0.001009113299286546
16.166666666666668 0.6615819490375484 0.0010075083943446028
16.2 0.6396838058424572 0.0010047412551598134
16.233333333333334 0.6015783156335522 0.0009981988931998531
16.266666666666666 0.5467366354095858 0.0009869233073857009
16.3 0.47759656133736156 0.0009637273519504386
16.333333333333332 0.39120840480638625 0.0009271364344331512
16.366666666666667 0.29525301553157357 0.0008820768656049305
16.4 0.18267764611505793 0.000822031127266809
16.433333333333334 0.07785654945281816 0.0007561966409456999
16.466666666666665 -0.02558240928951055 0.0007217408948792491
16.5 -0.13533313752395312 0.0007894955016609362
16.533333333333335 -0.23760652997249296 0.0008461013932332673
16.566666666666666 -0.333129969943757 0.0008902677651557167
16.6 -0.422431450876639 0.0009268403948950454
16.633333333333333 -0.49910603152963356 0.0009600062169861645
16.666666666666668 -0.5664853677037172 0.0009757213116079466
16.7 -0.6180689791602352 0.0009843102850121133
16.733333333333334 -0.6553874964543674 0.0009917506972649814
16.766666666666666 -0.6741047603154794 0.0009932337334769281
16.8 -0.6761222601096115 0.000992924819499974
16.833333333333332 -0.661967954237169 0.0009904908928077827
16.866666666666667 -0.627596263683462 0.0009854301167036006
16.9 -0.5766885198720668 0.0009747815809503235
16.933333333333334 -0.5136274772633308 0.0009606305001859106
16.966666666666665 -0.4344912402094561 0.0009327015881462342
17.0 -0.34166850351472416 0.0008906557079357835
17.033333333333335 -0.24423162613532007 0.0008469256450503448
17.066666666666666 -0.1421778619330644 0.0007909222528855453
17.1 -0.030472108895048033 0.0007195821548664182
17.133333333333333 0.06853247859316713 0.0007479806754118051
17.166666666666668 0.1772256427728946 0.0008168022186666735
17.2 0.2767029591948773 0.0008724740596066094
17.233333333333334 0.3745596776215491 0.0009145848633380638
17.266666666666666 0.45317549004850466 0.0009503129234498808
17.3 0.5257875868221508 0.0009800265795503194
17.333333333333332 0.5821108277789715 0.0009953360201436778
17.366666666666667 0.6257786975599683 0.0010033235000114216
17.4 0.6509771436861483 0.001008171251651424
17.433333333333334 0.6586630525745479 0.0010101961348071287
17.466666666666665 0.6513944722976616 0.0010095527050183462
17.5 0.628092705906615 0.0010058121487652727
17.533333333333335 0.5855602166123881 0.0009978164763844166
17.566666666666666 0.5242823218846221 0.0009824381443466201
17.6 0.4556342864314003 0.0009551301576078974
17.633333333333333 0.3699130351815329 0.0009155061044908708
17.666666666666668 0.27517876989707435 0.0008705907339314201
17.7 0.17026687117096873 0.0008120057502313538
17.733333333333334 0.06646252925867267 0.0007472270164216865
17.766666666666666 -0.04356558338127413 0.0007307723052847812
17.8 -0.1487397398653888 0.0007954716093150349
17.833333333333332 -0.24786155218217185 0.0008488459563522899
17.866666666666667 -0.34236895569647513 0.0008934415893338543
17.9 -0.4287226772132351 0.000933418464354796
17.933333333333334 -0.5051548349751177 0.0009615624493114483
17.966666666666665 -0.5633803347043101 0.0009749706887143272
18.0 -0.615875859675203 0.0009853060416972204
18.033333333333335 -0.6502164116837137 0.0009904713661220699
18.066666666666666 -0.6654597492936264 0.000993687675335586
18.1 -0.6645489392073621 0.000993130580574375
18.133333333333333 -0.6462861422365009 0.0009924164842605165
18.166666666666668 -0.6113293175617612 0.0009865407075193566
18.2 -0.5598233349394318 0.0009773133940489398
18.233333333333334 -0.4936145318478283 0.0009596122383579431
18.266666666666666 -0.41212119662878294 0.0009264922040440604
18.3 -0.3231589770463585 0.0008887224178202868
18.333333333333332 -0.22296031785317805 0.0008390814090158683
18.366666666666667 -0.12349548450951116 0.0007812790983076356
18.4 -0.015755895192953888 0.0007119985919001766
18.433333333333334 0.08854877690750876 0.0007613141174167559
18.466666666666665 0.19468683171232345 0.00082687762569425
18.5 0.29411106622048344 0.0008785157181352976
18.533333333333335 0.3852925422875198 0.0009215392972735104
18.566666666666666 0.4625877444588442 0.000956298597144134
18.6 0.5293202105227625 0.0009829522732792695
18.633333333333333 0.582011440187721 0.0009921467360266556
18.666666666666668 0.6220428509911713 0.0010028131089181436
18.7 0.6441374922506652 0.001006404823207241
18.733333333333334 0.6483998628546397 0.0010083540631892207
18.766666666666666 0.638153681491485 0.0010070930538990108
18.8 0.6113354780752911 0.0010007459671100838
18.833333333333332 0.5675688180392138 0.0009925945951073656
18.866666666666667 0.5067072317432008 0.0009750568765596324
18.9 0.4333993109456963 0.0009473761510003231
18.933333333333334 0.347478244276921 0.0009084083067872339
18.966666666666665 0.2525907193761899 0.0008595764555108243
19.0 0.15163564393676146 0.0008026698633500362
19.033333333333335 0.04471715100353365 0.0007337112909750407
19.066666666666666 -0.05791742523596804 0.0007401009015301149
19.1 -0.16088942352183558 0.0008041743264795287
19.133333333333333 -0.2633869072518125 0.0008587560672886907
19.166666666666668 -0.35776785225554764 0.000902470253814458
19.2 -0.4369377645417448 0.0009387679495198586
19.233333333333334 -0.5120849772047347 0.0009650961967133664
19.266666666666666 -0.5698929664357347 0.0009763624494580903
19.3 -0.6156212018359853 0.0009872491496334401
19.333333333333332 -0.6462559865934484 0.0009909512797625641
19.366666666666667 -0.6582211990014787 0.0009909661553132443
19.4 -0.6521665044357638 0.0009918317601330662
19.433333333333334 -0.6345857599192994 0.000986855957782251
19.466666666666665 -0.5955170201762925 0.0009813297112882813
19.5 -0.5387771951319672 0.000969986662404998
19.533333333333335 -0.47289265857766033 0.0009485638864296098
19.566666666666666 -0.38828679190153514 0.0009197477419531919
19.6 -0.2996162952708312 0.000874936863654141
19.633333333333333 -0.20099411222736302 0.0008285071423771995
19.666666666666668 -0.09938129722031383 0.000766326578085369
19.7 0.0020795607256529356 0.0007046658676408747
19.733333333333334 0.10315905645243816 0.0007714232559509621
19.766666666666666 0.2087194792040061 0.0008386011400433324
19.8 0.31066754017895853 0.0008899549704006748
19.833333333333332 0.3934389594954094 0.0009253844917538334
19.866666666666667 0.47031037395092035 0.00096446824737495
19.9 0.533406636799911 0.0009847249245810152
19.933333333333334 0.5836035320949517 0.0009962589571413938
19.966666666666665 0.616859272704856 0.0010049920203919482
20.0 0.6358810262447686 0.001008101020171348
20.033333333333335 0.6379717447953758 0.0010076724137209059
20.066666666666666 0.6259401895043898 0.0010050757189249415
20.1 0.595471840889536 0.000996515389965702
20.133333333333333 0.5479449728182789 0.0009849446004707163
20.166666666666668 0.4859979875835779 0.0009661078786800115
20.2 0.4126908508804479 0.0009361098614339425
20.233333333333334 0.3245781365755647 0.0008941326370882074
20.266666666666666 0.22922212015879126 0.0008461322823134498
20.3 0.1217010551730369 0.0007831872604862622
20.333333333333332 0.019970591123508963 0.0007158081933311203
20.366666666666667 -0.08441093555725857 0.0007591474443220392
20.4 -0.18162140214205139 0.0008138735671009145
20.433333333333334 -0.2763685842177727 0.0008645962919587857
20.466666666666665 -0.368973865679889 0.0009072197735366938
20.5 -0.44557541658178285 0.0009428404241765831
20.533333333333335 -0.5174981338021631 0.0009659877686379881
20.566666666666666 -0.5724111716225969 0.0009787817033359847
20.6 -0.6129804936065915 0.0009872002420507897
20.633333333333333 -0.6394760288728708 0.000991706295201067
20.666666666666668 -0.6482842153353722 0.0009926822363262033
20.7 -0.6403641413003041 0.00099020333612454
20.733333333333334 -0.6165546441269436 0.0009874291918613443
20.766666666666666 -0.5772799755058341 0.0009803280932556557
20.8 -0.5193634443345384 0.0009661303492136675
20.833333333333332 -0.44854349003738914 0.0009429791915798735
20.866666666666667 -0.3660824114621007 0.0009065602946767837
20.9 -0.27265782457897064 0.0008662192224351273
20.933333333333334 -0.1721230107159065 0.0008114447303719519
20.966666666666665 -0.07788422192265607 0.0007555965565874817
21.0 0.024974565713301315 0.0007213477183508482
21.033333333333335 0.12652570963042595 0.0007866264195028061
21.066666666666666 0.2240331658111721 0.0008431143580221734
21.1 0.32728700725507615 0.0008979020398879878
21.133333333333333 0.40925127848623727 0.0009335294142834849
21.166666666666668 0.48064678980686504 0.0009662820805239059
21.2 0.5392819911348582 0.0009853119334951588
21.233333333333334 0.5864742713132444 0.0009971058716157222
21.266666666666666 0.6170417867614879 0.0010024796258508717
21.3 0.6305626271323943 0.001006503379248902
21.333333333333332 0.6296675909183869 0.001007082016883487
21.366666666666667 0.6117053325834045 0.0010042110767523038
21.4 0.5772531165140049 0.0009973379832155516
21.433333333333334 0.5281182299624972 0.0009848877889695462
21.466666666666665 0.4632898302890196 0.000965881248474243
21.5 0.38494896136703616 0.0009303132000470504
21.533333333333335 0.2981599834908039 0.0008871875346365132
21.566666666666666 0.1983852132815012 0.0008325604892629457
21.6 0.10019838477476406 0.000771559051899115
21.633333333333333 -0.0005423949623687989 0.0007046009805590284
21.666666666666668 -0.1020946573815349 0.0007696040228799411
21.7 -0.2026025352215844 0.0008275496761517842
21.733333333333334 -0.2989110648686731 0.0008769563286831761
21.766666666666666 -0.38452182139346186 0.0009154847859556003
21.8 -0.46159805705504997 0.0009440058077641034
21.833333333333332 -0.5250355830944549 0.0009660381986726918
21.866666666666667 -0.5762708747404472 0.0009760290563556318
21.9 -0.6137893385267348 0.0009835946519085592
21.933333333333334 -0.6362635454673716 0.0009889127772657602
21.966666666666665 -0.6417884579959533 0.0009917240681066586
22.0 -0.6292274503991284 0.0009885481460770729
22.033333333333335 -0.6017402844417122 0.0009854228897839823
22.066666666666666 -0.5570973131399286 0.0009771194750357592
22.1 -0.4960817292788386 0.000964427166866344
22.133333333333333 -0.42176053934126156 0.0009330799019904856
22.166666666666668 -0.3395914022493739 0.0008992251509301052
22.2 -0.24684882738071187 0.0008512384125162475
22.233333333333334 -0.14928215512111612 0.0008002881810534324
22.266666666666666 -0.05073096138628743 0.0007385972242518954
22.3 0.05182391424178287 0.0007393068354803814
22.333333333333332 0.14746454232291747 0.0008014596837152554
22.366666666666667 0.24949409421404792 0.0008578896987145035
22.4 0.34285577543844736 0.0009064274683706075
22.433333333333334 0.4214503698003859 0.0009425726964134573
22.466666666666665 0.4906120081237862 0.0009686649530033509
22.5 0.5466289706855437 0.0009830577129390505
22.533333333333335 0.5875643298968416 0.0009947613507518271
22.566666666666666 0.6143523822681027 0.0010008553749729643
22.6 0.6237610447261741 0.001002847687224917
22.633333333333333 0.6182673755289806 0.0010013998677107505
22.666666666666668 0.5968247047025371 0.0009969199547419372
22.7 0.5601053512514856 0.0009885447698125827
22.733333333333334 0.5053135478347169 0.0009740067397676633
22.766666666666666 0.4380448236342553 0.0009523258363262066
22.8 0.35751714490294484 0.000914407686642027
22.833333333333332 0.2674242936421061 0.0008675276311752023
22.866666666666667 0.17186607916011518 0.0008164148187519704
22.9 0.06409322176309808 0.0007497418266675937
22.933333333333334 -0.03205702217737758 0.0007271727286670068
22.966666666666665 -0.13326526267996094 0.0007906073920229129
23.0 -0.22460452891351107 0.0008410473724733414
23.033333333333335 -0.317639223583043 0.000886807640816889
23.066666666666666 -0.4020134982113685 0.0009247535953998409
23.1 -0.47322725958712836 0.0009526293445358824
23.133333333333333 -0.535022868479763 0.0009691276197961729
23.166666666666668 -0.5813619104007814 0.0009783752999034112
23.2 -0.6134342180022561 0.0009848446763469632
23.233333333333334 -0.6298845719273225 0.0009870763001434968
23.266666666666666 -0.6305307053807455 0.0009877161273205148
23.3 -0.6143011291188677 0.0009841462170823156
23.333333333333332 -0.5806047818888281 0.0009789784343728902
23.366666666666667 -0.5295675276537452 0.0009697095908671738
23.4 -0.4692804901181969 0.0009501878800332597
23.433333333333334 -0.3948748496257172 0.0009191288308005308
23.466666666666665 -0.30880628624853973 0.0008796555075226142
23.5 -0.21648903045240211 0.0008323949026983468
23.533333333333335 -0.11689333073373043 0.000781974603126151
23.566666666666666 -0.01571869250375605 0.000718277641874758
23.6 0.08069490867024337 0.0007623393667986478
23.633333333333333 0.17710208960226476 0.0008224188016758283
23.666666666666668 0.2702043623637283 0.000869363878807039
23.7 0.3612492417206293 0.0009178149782737566
23.733333333333334 0.4377365918083271 0.000952434035348726
23.766666666666666 0.5014639036895605 0.000975276440580819
23.8 0.5525794268473688 0.000987293581403148
23.833333333333332 0.5878160417441848 0.0009951359661697357
23.866666666666667 0.6076166508625037 0.0009994556276304856
23.9 0.6140716061849292 0.0010012318822626431
23.933333333333334 0.6064333659462453 0.000999241641266746
23.966666666666665 0.5796877100198857 0.0009945006348405228
24.0 0.5390275347108844 0.0009847462853131983
24.033333333333335 0.4814542341743711 0.0009678825852867945
24.066666666666666 0.4095256322114496 0.0009388614580861931
24.1 0.3251410412930689 0.0008950459845065151
24.133333333333333 0.23507724935181784 0.0008503055113072144
24.166666666666668 0.13858696163626344 0.0007945641175260976
24.2 0.036357176816316755 0.000729810816649995
24.233333333333334 -0.061342092293482274 0.0007463392114951325
24.266666666666666 -0.15856160808814054 0.0008042591332594329
24.3 -0.2521947503997689 0.000854585624123716
24.333333333333332 -0.3383230786382521 0.0008978274117601992
24.366666666666667 -0.4188838114689359 0.0009341565240581495
24.4 -0.48863907969226544 0.0009604123715286628
24.433333333333334 -0.5432785842576308 0.0009735231053100701
24.466666666666665 -0.5852348798135912 0.0009793270845891433
24.5 -0.611649401298433 0.0009859165593443242
24.533333333333335 -0.6231814477546705 0.0009868940573188878
24.566666666666666 -0.6173630333597653 0.000985160907577165
24.6 -0.5950810912501644 0.000980561345126696
24.633333333333333 -0.5578974977353803 0.000974189570013162
24.666666666666668 -0.50432262649761 0.0009624911795435009
24.7 -0.4415183332522829 0.0009410957548804388
24.733333333333334 -0.36192485838172767 0.000909268411443509
24.766666666666666 -0.2752755437107044 0.0008666615421163426
24.8 -0.18105951131241577 0.0008179402498718347
24.833333333333332 -0.08417585414039566 0.0007605688528280613
24.866666666666667 0.01508158796380567 0.0007145848971373634
24.9 0.11484208631387277 0.0007803538935129417
24.933333333333334 0.21190763522156847 0.0008375564071975983
24.966666666666665 0.3035281442465093 0.0008834912892938807
25.0 0.38334506797662893 0.0009202805840055617
25.033333333333335 0.45437578441517307 0.0009567303026164486
25.066666666666666 0.5111153548188486 0.0009750869221193392
25.1 0.5580739279500815 0.0009882703857926334
25.133333333333333 0.5889424681233469 0.0009963314045644545
25.166666666666668 0.6038823797068736 0.0009999963429593306
25.2 0.6038528099942985 0.0010000711626985126
25.233333333333334 0.5887139472583514 0.0009973957890513363
25.266666666666666 0.5579966893551999 0.000990743711962283
25.3 0.5107193593344301 0.0009777062886409116
25.333333333333332 0.44948482348268487 0.0009582542125954885
25.366666666666667 0.3790982097551851 0.0009290353850728295
25.4 0.29501754715966816 0.0008829602875879417
25.433333333333334 0.20096633864055224 0.0008349527938016355
25.466666666666665 0.10373144162926026 0.0007737885400005418
25.5 -2.2183436205139247e-05 0.0007039568077401595
25.533333333333335 -0.09392546477017158 0.0007660143749868703
25.566666666666666 -0.18774261365463726 0.000817849253025138
25.6 -0.27758871057640494 0.0008663827369508326
25.633333333333333 -0.3627442550500064 0.0009074353076779507
25.666666666666668 -0.4363933562817953 0.000937272308794368
25.7 -0.5009109760398134 0.0009595842435833335
25.733333333333334 -0.5516896985078276 0.0009706480720397259
25.766666666666666 -0.5880546494874895 0.000977430798716039
25.8 -0.609144127263571 0.0009810066096086478
25.833333333333332 -0.613169649615755 0.0009840205599047636
25.866666666666667 -0.6027887615273597 0.0009835797375077338
25.9 -0.5755245756238794 0.0009795713459724853
25.933333333333334 -0.5342660944623997 0.0009700576263677041
25.966666666666665 -0.4787564808312494 0.000956736190919627
26.0 -0.40936519157291 0.0009292081728500268
26.033333333333335 -0.32950988403680087 0.000892802910273216
26.066666666666666 -0.23845423105304225 0.0008463240633828084
26.1 -0.14500090253105075 0.0007935195170828135
26.133333333333333 -0.05288498758148265 0.0007370866310893245
26.166666666666668 0.053107019549551465 0.000736857716445348
26.2 0.1403713385924426 0.0007949762261000581
26.233333333333334 0.23524106950561421 0.0008473752237377896
26.266666666666666 0.32512325104310363 0.0008929438570219328
26.3 0.4010790099958436 0.0009345656671924663
26.333333333333332 0.46743875428190407 0.0009613825462642667
26.366666666666667 0.5203508273396713 0.000979296152355369
26.4 0.5616447320767882 0.0009898411709812205
26.433333333333334 0.5863813392949161 0.0009962207407488988
26.466666666666665 0.5953277879605846 0.000998178252191284
26.5 0.5920230418203324 0.0009979490875033914
26.533333333333335 0.573732274961147 0.0009953394293156226
26.566666666666666 0.537897902348368 0.0009844104621036243
26.6 0.48573311088674254 0.0009711849307227349
26.633333333333333 0.42113882070421993 0.0009482546933243796
26.666666666666668 0.34752970889449597 0.0009119178926509375
26.7 0.25936193801506247 0.0008668057948754138
26.733333333333334 0.16052394863029934 0.0008098506546033724
26.766666666666666 0.06816150756300189 0.0007508821860597037
26.8 -0.0298052151828987 0.0007235248401265895
26.833333333333332 -0.12936449739629222 0.0007856954360365154
26.866666666666667 -0.21982808713144245 0.0008380017583755339
26.9 -0.3046497855825043 0.0008827759964378235
26.933333333333334 -0.3847012501207403 0.0009184939704987016
26.966666666666665 -0.4529096802218189 0.0009462448805072077
27.0 -0.5130400224942014 0.0009622613617439324
27.033333333333335 -0.5581977526455801 0.0009746397134893225
27.066666666666666 -0.5903381452069442 0.0009811520923348471
27.1 -0.6054078488574186 0.0009838815892095898
27.133333333333333 -0.6043125451616292 0.000983362485004191
27.166666666666668 -0.588033887275094 0.0009809193807823746
27.2 -0.5565459195333927 0.0009741938076581746
27.233333333333334 -0.5109373780470078 0.000965108784548141
27.266666666666666 -0.4488008316285665 0.0009492815077236649
27.3 -0.376185633272126 0.0009183287606487345
27.333333333333332 -0.2946137190814543 0.0008754083365249965
27.366666666666667 -0.206150650533663 0.0008336796207703279
27.4 -0.1131935071823526 0.0007775135951896411
27.433333333333334 -0.013897678106917694 0.0007135818855086747
27.466666666666665 0.082475503839083 0.0007608001265552861
27.5 0.17506999167736012 0.000815721102476602
27.533333333333335 0.2675240447525803 0.0008676712908454176
27.566666666666666 0.35132120067832734 0.0009099878571206532
27.6 0.42251309272245435 0.0009444853270141884
27.633333333333333 0.4859860793805755 0.0009676949655821887
27.666666666666668 0.5326634476525003 0.0009808585002286652
27.7 0.5673942148489423 0.0009894419634309815
27.733333333333334 0.5865009031456832 0.0009933516117274221
27.766666666666666 0.5903055156253696 0.0009951939897604456
27.8 0.5799426575600141 0.0009942092345103237
27.833333333333332 0.5556290266428946 0.000989407472852144
27.866666666666667 0.5133665244522749 0.0009775850851179158
27.9 0.45611930048464855 0.0009604532271174082
27.933333333333334 0.3903756865099406 0.0009337493759156157
27.966666666666665 0.30729202910293646 0.0008895774984221116
28.0 0.22204826740060946 0.0008450421473713277
28.033333333333335 0.12743751597341263 0.0007889998974090207
28.066666666666666 0.027854674805439225 0.0007234636711345756
28.1 -0.06351718189829536 0.0007465181654846692
28.133333333333333 -0.16053024959986556 0.000804985656721019
28.166666666666668 -0.24537537179416052 0.0008519039924221317
28.2 -0.3308515936585055 0.00089413143840128
28.233333333333334 -0.4062337205847819 0.0009270299791887537
28.266666666666666 -0.4707906173067607 0.0009507368634147362
28.3 -0.5241746868276108 0.0009657186618801106
28.333333333333332 -0.5662172399917468 0.0009768891118560052
28.366666666666667 -0.5908910161766986 0.0009807408691537844
28.4 -0.5981679946717757 0.0009836576383074336
28.433333333333334 -0.5931454875631612 0.0009830852894433528
28.466666666666665 -0.5699478343603736 0.0009786471557137189
28.5 -0.5319846073355478 0.0009693122113416663
28.533333333333335 -0.48195879013400805 0.0009545738022885275
28.566666666666666 -0.4157032676603241 0.0009338409933314917
28.6 -0.3391915856966625 0.0008978173857439598
28.633333333333333 -0.25665312733751766 0.0008588801982177818
28.666666666666668 -0.1654929198570691 0.0008074599232127944
28.7 -0.07223796899179165 0.0007505049776888456
28.733333333333334 0.024637655204676232 0.0007194207796965349
28.766666666666666 0.11317383135717418 0.0007783651980369372
28.8 0.21205790926595133 0.0008358129887261478
28.833333333333332 0.29447302659933916 0.0008795141477943025
28.866666666666667 0.3751403629969302 0.0009232462435996291
28.9 0.44120431799166066 0.0009520073217872405
28.933333333333334 0.4967541895616648 0.0009712780449865899
28.966666666666665 0.5393193128273348 0.000982221590572152
29.0 0.5674372630520452 0.0009905322923320359
29.033333333333335 0.5801997292455002 0.0009938306899589522
29.066666666666666 0.5797835550242896 0.0009929412302845941
29.1 0.563937342010629 0.0009890760450504965
29.133333333333333 0.5326087834930723 0.0009822996469790457
29.166666666666668 0.4881792521296876 0.0009708944914796347
29.2 0.42614731901394837 0.0009462817258909517
29.233333333333334 0.3467677180145729 0.0009128950464717955
29.266666666666666 0.27314574468274366 0.0008723573404582075
29.3 0.18297534219002212 0.0008200945834092588
29.333333333333332 0.08829840155497252 0.0007627818983437645
29.366666666666667 -0.005771265876347142 0.0007057471511336209
29.4 -0.10498982103019447 0.0007703401842924923
29.433333333333334 -0.19260440459410716 0.000822865226799474
29.466666666666665 -0.27923725930026877 0.0008683159024439613
29.5 -0.35623333011462543 0.0009046617422183156
29.533333333333335 -0.427439019095573 0.0009378024681325758
29.566666666666666 -0.488013538446843 0.0009576282144329595
29.6 -0.5345679744269274 0.0009696754561937526
29.633333333333333 -0.5671373190323495 0.000977122804971975
29.666666666666668 -0.5798435608679747 0.000979722925212867
29.7 -0.5832544292506309 0.000981352649864653
29.733333333333334 -0.5759693337256093 0.0009791951454859449
29.766666666666666 -0.5480654914710541 0.0009744220148071303
29.8 -0.5082467614055856 0.0009649141603119693
29.833333333333332 -0.4495778904892505 0.0009468273118430348
29.866666666666667 -0.38410900337078036 0.0009218444155763006
29.9 -0.3050810296239634 0.0008855925758450289
29.933333333333334 -0.21887699372930447 0.0008379264018043564
29.966666666666665 -0.12881453302361257 0.0007871696976231302
30.0 -0.03343696241160066 0.0007276041549421422
30.033333333333335 0.05943310373088251 0.0007455561856260853
30.066666666666666 0.1543943526477385 0.0008063626819062863
30.1 0.24862239179229415 0.0008562371422830839
30.133333333333333 0.32841821060606124 0.0009011698094780751
30.166666666666668 0.4006411774039356 0.0009391205466871
30.2 0.46063947435561997 0.0009621760363875964
30.233333333333334 0.5097372826488278 0.000977778995836065
30.266666666666666 0.5459568186433887 0.0009881041532993073
30.3 0.5688396980921692 0.0009940404483875787
30.333333333333332 0.5754852093814355 0.0009956618655191374
30.366666666666667 0.5683510435982018 0.0009920111126971998
30.4 0.545788647705053 0.0009857617158456344
30.433333333333334 0.5064499224714799 0.000976793092686945
30.466666666666665 0.45705728532959405 0.0009611504039217511
30.5 0.39416805262104193 0.0009347481921733736
30.533333333333335 0.3172985850232472 0.0008991646179912771
30.566666666666666 0.23359282488055588 0.0008498437487496902
30.6 0.1417965789248097 0.000799094524735533
30.633333333333333 0.047917056782208686 0.0007373035604506042
30.666666666666668 -0.045335035978445896 0.0007324817270289025
30.7 -0.13510966440813726 0.0007889052277216535
30.733333333333334 -0.22602078994575556 0.0008398983267173254
30.766666666666666 -0.3087953981815514 0.0008848126213073515
30.8 -0.384592550006342 0.0009194566800120318
30.833333333333332 -0.44915320999754155 0.0009462424442445161
30.866666666666667 -0.5031889378873141 0.000961291239227946
30.9 -0.5432730852014194 0.0009715617222003647
30.933333333333334 -0.5705614891484025 0.0009781857494388646
30.966666666666665 -0.5824040854913991 0.0009804766435400625
31.0 -0.5774892623093695 0.0009796425583443735
31.033333333333335 -0.559907198728029 0.0009761237650799393
31.066666666666666 -0.5259806095317596 0.0009695309024123633
31.1 -0.4788538624586096 0.0009557991108071207
31.133333333333333 -0.4178370692113688 0.0009358973986823282
31.166666666666668 -0.34587688868707306 0.0009072537372213363
31.2 -0.2662978655697781 0.0008629794481343489
31.233333333333334 -0.17629211277907342 0.0008135551765694471
31.266666666666666 -0.08922808394451814 0.0007638370990789428
31.3 0.005974025633766808 0.0007084181321739018
31.333333333333332 0.09543139428411576 0.0007676506111107539
31.366666666666667 0.19005230053166755 0.0008249423864176986
31.4 0.2764753086946707 0.0008724661457043537
31.433333333333334 0.3543473084928002 0.0009144336383071772
31.466666666666665 0.42300156964826446 0.0009443416670760763
31.5 0.47759785767732066 0.0009648761159122832
31.533333333333335 0.5211757757939552 0.0009772088341332141
31.566666666666666 0.551234779872 0.0009862943493083032
31.6 0.5668936836714279 0.0009917487216488663
31.633333333333333 0.5666205628588346 0.000992119888154952
31.666666666666668 0.5551122439422884 0.0009893436736457817
31.7 0.5262248509814921 0.000982531163306155
31.733333333333334 0.48038945578748016 0.0009720473117814654
31.766666666666666 0.4232849699813446 0.0009520220467089668
31.8 0.3556584214085782 0.0009206186354640544
31.833333333333332 0.27697671840607463 0.0008811079220347184
31.866666666666667 0.1878440843272483 0.0008284681918998837
31.9 0.09815569436463345 0.0007724722247470922
31.933333333333334 0.0050101823924993205 0.0007101186967238262
31.966666666666665 -0.08379456151772438 0.0007611779143699149
32.0 -0.17662790885055926 0.0008153108461880221
32.03333333333333 -0.26288635385955345 0.0008600889523179278
32.06666666666667 -0.33849236915007985 0.0009001427023134778
32.1 -0.41056841660731863 0.0009319699363712353
32.13333333333333 -0.4721801665307919 0.0009508315681301949
32.166666666666664 -0.5182333302840338 0.0009638942048825205
32.2 -0.5523398302395469 0.0009708103871821638
32.233333333333334 -0.5713315184599428 0.0009752115604712008
32.266666666666666 -0.576928832530481 0.0009766651915812385
32.3 -0.5650156437716163 0.0009749467400376188
32.333333333333336 -0.5410689335207847 0.000970023536242981
32.36666666666667 -0.5010545629864683 0.000960608146464148
32.4 -0.4449105053632074 0.00094543124971469
32.43333333333333 -0.37958750675615693 0.0009232168937922669
32.46666666666667 -0.3046087472367217 0.0008835253369633422
32.5 -0.2211574833625959 0.0008417943640975922
32.53333333333333 -0.13349982474598557 0.0007930609127582422
32.56666666666667 -0.04525277220702453 0.0007377268467329626
32.6 0.05033973000046203 0.0007446950827806609
32.63333333333333 0.1416857911976228 0.0008013165606915174
32.666666666666664 0.22744183369874105 0.0008504571855526555
32.7 0.3126646161746011 0.0008946195252219624
32.733333333333334 0.38218038810294075 0.0009320781943945589
32.766666666666666 0.4444594554950674 0.0009563866453237702
32.8 0.4928617132178128 0.0009721461727827396
32.833333333333336 0.530015326767031 0.0009827929828484239
32.86666666666667 0.5529263573959508 0.0009882942013075269
32.9 0.5622313527737104 0.0009907693172264143
32.93333333333333 0.5561066098121037 0.0009894971520431062
32.96666666666667 0.5361060257333533 0.0009836629742925318
33.0 0.5020778969303031 0.0009735096822958145
33.03333333333333 0.45267352585780035 0.0009588335097354683
33.06666666666667 0.38668402859986656 0.0009329427277809388
33.1 0.3151947086255127 0.0008928078205167611
33.13333333333333 0.23318665565360466 0.0008518702315605253
33.166666666666664 0.146289017147927 0.0008024211220412358
33.2 0.05422157572732165 0.0007429001396478049
33.233333333333334 -0.03599930290029377 0.0007282894227517295
33.266666666666666 -0.128421478897988 0.0007867344276014099
33.3 -0.2143525175213082 0.0008374949497007012
33.333333333333336 -0.29473112654588607 0.000883266626347079
33.36666666666667 -0.3692738776011619 0.0009182026438988578
33.4 -0.43513808847059887 0.0009415635027775759
33.43333333333333 -0.48876265209585434 0.0009577844736548546
33.46666666666667 -0.5284018170273508 0.000967659569914292
33.5 -0.5566342799993532 0.0009747283715619837
33.53333333333333 -0.5684998560109883 0.0009772742693332503
33.56666666666667 -0.5669265417612895 0.0009761528470858538
33.6 -0.5516153673304891 0.0009744329695607901
33.63333333333333 -0.5190295998099557 0.0009664763734097415
33.666666666666664 -0.47338270682075595 0.0009531162050168684
33.7 -0.40784007975639947 0.0009321914878796522
33.733333333333334 -0.34130597035316984 0.0009037614316306786
33.766666666666666 -0.2645388632845291 0.0008656491715376413
33.8 -0.1757691331217365 0.0008146610052845171
33.833333333333336 -0.0869197558298065 0.000761301553819857
33.86666666666667 0.0030451752354690854 0.0007071832475426735
33.9 0.0930372751579248 0.0007694326772765964
33.93333333333333 0.1818941680759601 0.0008220096577402913
33.96666666666667 0.26927307375744935 0.0008721473730385898
34.0 0.34388449443021707 0.0009141994751821758
34.03333333333333 0.40838231672358893 0.0009422054060305718
34.06666666666667 0.4633633439117098 0.0009617850919390047
34.1 0.5082035471249441 0.0009760941518460742
34.13333333333333 0.5373122322765687 0.000984681040890334
34.166666666666664 0.5525161923585815 0.0009878429084636542
34.2 0.5545825980032127 0.0009887490594546744
34.233333333333334 0.5420731305693867 0.0009850693925327336
34.266666666666666 0.5157630585044759 0.0009788382851099175
34.3 0.4727346443365665 0.0009674595309668854
34.333333333333336 0.41439364104118 0.0009469302558586246
34.36666666666667 0.35025094054479655 0.0009174563194064289
34.4 0.27419762992709734 0.000875538218781502
34.43333333333333 0.18657183880651576 0.0008261529711192928
34.46666666666667 0.09735654160101025 0.000769746616767375
34.5 0.009996854952189405 0.0007130180884498544
34.53333333333333 -0.08322537329914242 0.0007588704270983099
34.56666666666667 -0.17215966895784995 0.0008113369920822733
34.6 -0.2527727227203271 0.000857371918054628
34.63333333333333 -0.32871440446679956 0.0008971845224968189
34.666666666666664 -0.397035098439469 0.0009278065346437492
34.7 -0.45647880890760667 0.0009490206812650115
34.733333333333334 -0.5031692054659438 0.0009624716243417097
34.766666666666666 -0.5367174191743054 0.0009710886075566805
34.8 -0.557321365687915 0.0009750694783399183
34.833333333333336 -0.561933015720182 0.0009780865588593368
34.86666666666667 -0.5517955811079186 0.0009753399924200545
34.9 -0.5275670286508855 0.0009699893808478022
34.93333333333333 -0.48997641308723056 0.0009575126658379896
34.96666666666667 -0.43811582692300005 0.0009422844361907101
35.0 -0.37355627513226064 0.0009182486980857107
35.03333333333333 -0.3014184223636091 0.0008873042012466081
35.06666666666667 -0.2190823305937492 0.0008406293758630723
35.1 -0.13502624692815446 0.0007893601077091084
35.13333333333333 -0.04114661744785442 0.0007330838304628606
35.166666666666664 0.04658906205365695 0.0007358445176545297
35.2 0.13603418965967162 0.0007939710650708975
35.233333333333334 0.22177019828799036 0.0008443539296962288
35.266666666666666 0.3019471548543325 0.0008855989505133777
35.3 0.3718252218968146 0.0009286568091784742
35.333333333333336 0.43173466225483964 0.0009516935335321386
35.36666666666667 0.4826833658867152 0.0009675486717170001
35.4 0.5180207356450589 0.0009776016757625516
35.43333333333333 0.5397420666124716 0.0009845664305457857
35.46666666666667 0.5481418218037616 0.0009860598023898604
35.5 0.5423650121003752 0.000984065968664849
35.53333333333333 0.5214240027618033 0.000978363206572408
35.56666666666667 0.48633369937307597 0.0009694467881700697
35.6 0.43808053913834266 0.000951871323103537
35.63333333333333 0.3782520722956956 0.0009279475625756928
35.666666666666664 0.31110299557206994 0.0008986425896853056
35.7 0.23027936966922924 0.0008555685506250743
35.733333333333334 0.14022048741437632 0.0007968338964211286
35.766666666666666 0.05726920995123882 0.0007437968878361081
35.8 -0.03405091565551349 0.0007281244656152236
35.833333333333336 -0.12624999739714188 0.000785634859821499
35.86666666666667 -0.21060095483018135 0.0008344771662170125
35.9 -0.2905422323639082 0.0008776153418295074
35.93333333333333 -0.36074187777698613 0.000912944828527662
35.96666666666667 -0.4228653081251793 0.0009393189113131584
36.0 -0.47796659708849126 0.0009531973199697341
36.03333333333333 -0.5164669278752603 0.0009653248982011142
36.06666666666667 -0.5433414329092093 0.0009717445339515463
36.1 -0.5548879528171922 0.0009737979823820631
36.13333333333333 -0.5526614641450138 0.0009739933179525595
36.166666666666664 -0.535850451573459 0.000970828915117794
36.2 -0.5013056150277716 0.0009624495918276743
36.233333333333334 -0.4606185153865122 0.0009490702994894296
36.266666666666666 -0.40179535146891554 0.0009300521594008959
36.3 -0.3313827719033851 0.0009017785540468282
36.333333333333336 -0.25746612989773027 0.0008611460671266169
36.36666666666667 -0.1763105243310597 0.0008150011443351923
36.4 -0.0865248421837475 0.0007609053586301873
36.43333333333333 0.0018105901336790547 0.000706193964092436
36.46666666666667 0.09009273878581343 0.0007656332205898952
36.5 0.1772619895661202 0.0008198406800559999
36.53333333333333 0.26344636669499577 0.0008698394650451524
36.56666666666667 0.3338356684102988 0.0009093134905707734
36.6 0.40106798963292045 0.0009419453767921526
36.63333333333333 0.4548039356075441 0.000959814094080802
36.666666666666664 0.495871645634407 0.0009755252332840914
36.7 0.5236337220383562 0.0009828601169414863
36.733333333333334 0.5381775270541378 0.0009876712267027354
36.766666666666666 0.5400189829610313 0.0009886361528419485
36.8 0.5289554521118566 0.0009859515352259596
36.833333333333336 0.5009118731152162 0.0009760572821996272
36.86666666666667 0.46162219520182246 0.0009644210840859535
36.9 0.4060944828621188 0.0009431109454690612
36.93333333333333 0.34101976927917943 0.0009121379746561131
36.96666666666667 0.26645965846459757 0.0008740944292765507
37.0 0.1842445670386019 0.0008239049084564076
37.03333333333333 0.09543333683034953 0.0007691432834497358
37.06666666666667 0.005563279812469123 0.0007077865630020974
37.1 -0.08201526017311357 0.0007571764092763611
37.13333333333333 -0.1659651609318889 0.0008082473922354505
37.166666666666664 -0.24852805398823866 0.000855638743905901
37.2 -0.3243435831658653 0.0008974444545437055
37.233333333333334 -0.39125923962684117 0.0009253932593481506
37.266666666666666 -0.44773915104966855 0.0009465566560590832
37.3 -0.4928325399323731 0.0009598992249243987
37.333333333333336 -0.5253668420826475 0.0009669850697385796
37.36666666666667 -0.5447523057579239 0.0009720195018085853
37.4 -0.5493184657296201 0.0009749900875107853
37.43333333333333 -0.5409415284025213 0.000973042286291137
37.46666666666667 -0.5161477896005398 0.0009668897089015749
37.5 -0.47882927828093474 0.0009549872120718228
37.53333333333333 -0.42676595666316636 0.0009399981133929036
37.56666666666667 -0.3637994004026538 0.0009158491332849072
37.6 -0.29099191805932284 0.0008808794031389122
37.63333333333333 -0.21178917924327922 0.0008384589016422195
37.666666666666664 -0.13073635489574303 0.0007889200071026503
37.7 -0.03911405320204916 0.0007325741434602989
37.733333333333334 0.049995116644038017 0.0007406455865592021
37.766666666666666 0.13879054508094438 0.0007981231422180268
37.8 0.22227919141483957 0.0008510485750669317
37.833333333333336 0.2974273636233895 0.0008920579225011327
37.86666666666667 0.3658234670112973 0.0009249692498178308
37.9 0.4249672695203093 0.0009498840619359683
37.93333333333333 0.47393881913475877 0.0009654812476511676
37.96666666666667 0.508212788202661 0.0009766577382115393
38.0 0.5279929865141951 0.00098326341439825
38.03333333333333 0.5355228599493572 0.000983084633852882
38.06666666666667 0.5293195019164763 0.0009819542507849555
38.1 0.509207962872243 0.0009766208603362303
38.13333333333333 0.47502290605994163 0.0009675188260749312
38.166666666666664 0.4264095361758311 0.0009491603123658598
38.2 0.3707100765002013 0.0009261357788301616
38.233333333333334 0.2998512281421213 0.0008923717913153495
38.266666666666666 0.2216591771896951 0.0008491624347139737
38.3 0.13618665566429913 0.0007949702293455763
38.333333333333336 0.0475766501376777 0.0007351468427613667
38.36666666666667 -0.038502909925574466 0.000730107918387228
38.4 -0.12250962845515297 0.0007802903534302463
38.43333333333333 -0.20995332936640498 0.0008342657745689097
38.46666666666667 -0.28517309426467063 0.0008754529057533045
38.5 -0.35570064392537526 0.0009104820200995789
38.53333333333333 -0.4153121797831304 0.0009319950244342512
38.56666666666667 -0.4667175737494989 0.0009497883825548836
38.6 -0.5048089858815878 0.0009615276435699371
38.63333333333333 -0.5304894050484967 0.0009701576479129725
38.666666666666664 -0.5420018903426617 0.0009738829819131434
38.7 -0.5395593816885734 0.0009716382928554035
38.733333333333334 -0.5215920011943525 0.0009678420327284831
38.766666666666666 -0.4898804852063392 0.0009584641394792537
38.8 -0.4445109817338992 0.0009459908695940156
38.833333333333336 -0.3880558348650557 0.0009254476873048478
38.86666666666667 -0.3209638667129196 0.0008985209098894553
38.9 -0.245544414117126 0.0008592228768406207
38.93333333333333 -0.16606995512422834 0.0008133719525365568
38.96666666666667 -0.07937581868161432 0.0007584879556485902
39.0 0.0027014031263230846 0.0007067175531485985
39.03333333333333 0.09227464542585172 0.0007699165506380723
39.06666666666667 0.17662667035458657 0.0008238453676619462
39.1 0.2585149502898608 0.0008701634218092891
39.13333333333333 0.3302688702421995 0.0009107129784763357
39.166666666666664 0.39307964457067807 0.000938314919040395
39.2 0.44620855650193597 0.000955839934257352
39.233333333333334 0.4862958948059317 0.0009685723859624851
39.266666666666666 0.5145243707393976 0.0009758454007133821
39.3 0.5275672862384588 0.0009803465987547888
39.333333333333336 0.5274952432907876 0.000981872869618372
39.36666666666667 0.5147184134061942 0.0009781373552226746
39.4 0.4859712816880002 0.0009695251263112659
39.43333333333333 0.44619465300280875 0.0009566717800679192
39.46666666666667 0.3938496139389105 0.0009380081913824001
39.5 0.32968759002899534 0.0009096596239974164
39.53333333333333 0.2572453345177326 0.0008710835412713003
39.56666666666667 0.172987269547473 0.000822184882920407
39.6 0.09020710131328766 0.0007692805073835768
39.63333333333333 -0.00011436190282253801 0.000705285033790767
39.666666666666664 -0.08402232101452664 0.0007594734177494983
39.7 -0.1695865199503219 0.0008137192703355778
39.733333333333334 -0.25036285953995124 0.0008610503464115404
39.766666666666666 -0.31646278353553414 0.0008926095499536824
39.8 -0.38738901997251407 0.0009235008937446554
39.833333333333336 -0.44201360299828935 0.0009432425917251241
39.86666666666667 -0.48582748419489225 0.0009580883750864855
39.9 -0.5164160523356488 0.0009658274436220582
39.93333333333333 -0.532691281022121 0.0009694012462120316
39.96666666666667 -0.5344607890691104 0.0009720522038053625
40.0 -0.525184631589374 0.0009694016802316296
40.03333333333333 -0.49980787934140036 0.0009629445527240543
40.06666666666667 -0.4612703776326905 0.0009511408681476818
40.1 -0.40848968037955574 0.0009352692445626087
40.13333333333333 -0.3470511181769988 0.00091148053838358
40.166666666666664 -0.2766688488650101 0.0008767528399086788
40.2 -0.19949989035105078 0.0008354624633883923
40.233333333333334 -0.11657047761182998 0.0007815015833308459
40.266666666666666 -0.029470907349304305 0.0007243026427515217
40.3 0.05615167811046479 0.000742274343640853
40.333333333333336 0.1446781486373502 0.0008009542667226643
40.36666666666667 0.22110426515974374 0.000845205231975954
40.4 0.3003177188110261 0.0008910258481098499
40.43333333333333 0.3651791750682406 0.0009222776513276298
40.46666666666667 0.42256121397597507 0.0009459216226751499
40.5 0.4645258621611003 0.000961202777180592
40.53333333333333 0.4979021985961549 0.0009718102228782888
40.56666666666667 0.5175819282806048 0.000978577566494776
40.6 0.522385313824336 0.0009798720792423277
40.63333333333333 0.5150750676467185 0.0009798689110591674
40.666666666666664 0.49503281732718596 0.0009731188129912804
40.7 0.46024201998282677 0.0009616792068650182
40.733333333333334 0.41264109354113115 0.0009442664583720339
40.766666666666666 0.3530320854877745 0.0009195550627208449
40.8 0.28756526802959537 0.0008867239365569213
40.833333333333336 0.20481181704320028 0.0008407820627636953
40.86666666666667 0.12325904609274661 0.0007891236497780396
40.9 0.040455890522875154 0.0007349016910852477
40.93333333333333 -0.04845841299113022 0.000738388851721776
40.96666666666667 -0.13212776047801666 0.0007933458203142063
41.0 -0.21226750842559783 0.0008410309831150264
41.03333333333333 -0.28586066066354754 0.0008801997425404995
41.06666666666667 -0.35823127376589337 0.0009128919828467752
41.1 -0.4151360969357227 0.0009332792373714649
41.13333333333333 -0.4628220636442106 0.0009489938781193641
41.166666666666664 -0.49802594746303214 0.0009593691026992257
41.2 -0.5198876533132505 0.0009644751295185827
41.233333333333334 -0.5299706193890793 0.000966898923925541
41.266666666666666 -0.523692599156548 0.0009679762188407048
41.3 -0.5064665905830102 0.0009639790654559777
41.333333333333336 -0.47522951368660854 0.0009561058263172773
41.36666666666667 -0.4293565910712717 0.0009413166094522918
41.4 -0.37203888307628014 0.0009226728715241439
41.43333333333333 -0.30531389782048823 0.0008922001835717785
41.46666666666667 -0.22893133576929445 0.0008549108103494407
41.5 -0.14764865535805036 0.00080514351165073
41.53333333333333 -0.06641475767456521 0.0007530758187461878
41.56666666666667 0.02138890730477992 0.000721374741136694
41.6 0.10471173970832669 0.000777288483150812
41.63333333333333 0.1843657499686205 0.0008310423917664289
41.666666666666664 0.2645688657730955 0.0008763739474187404
41.7 0.33207112769076513 0.0009113552265726521
41.733333333333334 0.39249210020296466 0.0009361873844015989
41.766666666666666 0.44132479019933923 0.0009543723456123532
41.8 0.4793564760901901 0.0009673654029130896
41.833333333333336 0.5059361978606164 0.000975147091986095
41.86666666666667 0.5162897985602706 0.0009780591174441966
41.9 0.5141778728175022 0.0009772022820238035
41.93333333333333 0.4989668976892224 0.0009726557321224627
41.96666666666667 0.4705523228721839 0.0009631492372443318
42.0 0.42828905541892764 0.0009497471676241931
