0.0 0.6977924256290652 0.0008287496555262619
0.03333333333333333 0.8185025795352617 0.0008312561735631663
0.06666666666666667 0.9204094181058169 0.0008270086102522001
0.1 1.0009875978828073 0.0008171225248945202
0.13333333333333333 1.0633469792743773 0.000805075441352443
0.16666666666666666 1.1006407482410099 0.0007959296139645744
0.2 1.1136843722620144 0.0007940781196080771
0.23333333333333334 1.1024510966800658 0.000797861895578178
0.26666666666666666 1.0685988921984193 0.000807915948188187
0.3 1.0062319842380283 0.0008195870904204039
0.3333333333333333 0.9208225734221211 0.0008338214589704851
0.36666666666666664 0.8114546731341284 0.0008394683691543836
0.4 0.6815564991326657 0.0008338519567574476
0.43333333333333335 0.537178241670952 0.0008062428288685419
0.4666666666666667 0.37319764177946335 0.000759568626222229
0.5 0.2046802269516992 0.000689351558381901
0.5333333333333333 0.03321891666164429 0.0006003315292706091
0.5666666666666667 -0.13702635433637403 0.0006541267569796783
0.6 -0.30324594285720213 0.0007249308242208707
0.6333333333333333 -0.462265907206198 0.0007775774377698497
0.6666666666666666 -0.6074994677494115 0.0008052494688408629
0.7 -0.7410115726690083 0.0008205261297171695
0.7333333333333333 -0.855147140800948 0.0008172992515455002
0.7666666666666667 -0.951674717052636 0.0008062223752837161
0.8 -1.0236446898034575 0.0007966726429944337
0.8333333333333334 -1.074052678618974 0.0007854878199358151
0.8666666666666667 -1.0997430523328504 0.0007788633123553268
0.9 -1.1020763008006864 0.0007803299871524949
0.9333333333333333 -1.0785709802592556 0.0007866759630521525
0.9666666666666667 -1.0328812876132012 0.0007955687180360993
1.0 -0.9586909973951445 0.0008096954273572043
1.0333333333333334 -0.8563918099551129 0.0008234076582690486
1.0666666666666667 -0.7365562528378374 0.00082608496947989
1.1 -0.5979662462846048 0.0008123704716327396
1.1333333333333333 -0.4435136021363313 0.0007772409771859001
1.1666666666666667 -0.2766773930389676 0.0007198517675370275
1.2 -0.10659160278878303 0.0006385480165650714
1.2333333333333334 0.06227898864950027 0.0006165774355651535
1.2666666666666666 0.23303350344149945 0.0006981730935294028
1.3 0.3917883375590432 0.0007632966914706829
1.3333333333333333 0.5411375668777295 0.0008031747419281476
1.3666666666666667 0.6778173843746239 0.0008281384849642137
1.4 0.7971689400396639 0.000834090122402098
1.4333333333333333 0.8972216023169579 0.0008292722955007825
1.4666666666666666 0.9801950607196717 0.0008190440511607333
1.5 1.0384601279432613 0.0008104920754430367
1.5333333333333334 1.0747024160525713 0.0008019981609179716
1.5666666666666667 1.0886577467906466 0.0007999350121841164
1.6 1.080887982462927 0.0008022287656255234
1.6333333333333333 1.0455153490359308 0.0008105265925182348
1.6666666666666667 0.9878672510703036 0.0008199360683746049
1.7 0.9003036034801202 0.000833386024890248
1.7333333333333334 0.7941912260066224 0.0008378497613523717
1.7666666666666666 0.6699275215198132 0.0008317946104252627
1.8 0.5222645809364084 0.0008032015993242325
1.8333333333333333 0.36652227017132655 0.0007598960183969328
1.8666666666666667 0.20078941132333972 0.0006895773047818632
1.9 0.031062097045379336 0.0005992253463350319
1.9333333333333333 -0.1377162502231507 0.0006596917966246174
1.9666666666666666 -0.3006278134559138 0.0007244793145516071
2.0 -0.45362951037720495 0.0007767505934521135
2.033333333333333 -0.5968926679113251 0.0008090927821940985
2.066666666666667 -0.7284494324373171 0.0008204501190997027
2.1 -0.8381690554666028 0.0008210479620232025
2.1333333333333333 -0.9306688252521326 0.0008131867302368923
2.1666666666666665 -1.0058149160585783 0.0008023623232007449
2.2 -1.0521727039009 0.0007910089137650456
2.2333333333333334 -1.0773559680716565 0.000786429371112618
2.2666666666666666 -1.0787818860016773 0.0007859204178648493
2.3 -1.055759894354058 0.0007920221930521887
2.3333333333333335 -1.0074894945319008 0.0008047549486303041
2.3666666666666667 -0.9315829552765635 0.0008166531958996304
2.4 -0.8324723577246756 0.0008253938955492535
2.433333333333333 -0.7140902196618341 0.0008266336089080006
2.466666666666667 -0.5746499684575977 0.0008065262736384193
2.5 -0.4223169846132952 0.0007742371838020401
2.533333333333333 -0.2592113455488427 0.0007131624801207104
2.566666666666667 -0.09168603290072608 0.0006330863503763856
2.6 0.07494383836314673 0.0006250206714295825
2.6333333333333333 0.23859436642912274 0.0007021073565479097
2.6666666666666665 0.3966670963795349 0.000765505748430817
2.7 0.5439483886680267 0.0008069563732630014
2.7333333333333334 0.6761495432535053 0.0008287261761517062
2.7666666666666666 0.7902348055191922 0.0008331161927022102
2.8 0.890134139271256 0.0008303331023076232
2.8333333333333335 0.9663455162929706 0.0008215347590286859
2.8666666666666667 1.0233570111137582 0.0008117430649547952
2.9 1.0565920211916229 0.0008066193684423961
2.933333333333333 1.0674420315941615 0.0008062482474493482
2.966666666666667 1.054352785232477 0.0008094477957907298
3.0 1.0181414995121538 0.0008167566041625829
3.033333333333333 0.9556584981127535 0.0008274349852582796
3.066666666666667 0.8702017081757104 0.0008401789805890791
3.1 0.7627471487284858 0.000836375069964479
3.1333333333333333 0.6367325921128143 0.0008271588742533309
3.1666666666666665 0.4905917475425194 0.0008004675085223067
3.2 0.33557184019596825 0.0007479081275804655
3.2333333333333334 0.17328555766973444 0.0006771291917400668
3.2666666666666666 0.0061329515914621885 0.0005887162511919409
3.3 -0.1540948004483192 0.000661551476886596
3.3333333333333335 -0.32074591233209854 0.0007333590109596666
3.3666666666666667 -0.47213192576837615 0.0007813046608732832
3.4 -0.6078541394532001 0.0008090434947202185
3.433333333333333 -0.7308226753781042 0.0008199788329702473
3.466666666666667 -0.8393749552861433 0.0008195026282566964
3.5 -0.9274443083590459 0.0008122362665964333
3.533333333333333 -0.9947815073002437 0.0008022010816871594
3.566666666666667 -1.0381469305783544 0.0007937118567038493
3.6 -1.058522336308144 0.0007893278435611162
3.6333333333333333 -1.0558902703365751 0.0007903756418607966
3.6666666666666665 -1.0272439021249762 0.0007977730972017483
3.7 -0.9741902967253524 0.0008074855589947916
3.7333333333333334 -0.894980473219302 0.0008204081743318214
3.7666666666666666 -0.7943299630338206 0.0008254706189262384
3.8 -0.671390673297255 0.0008213432996068137
3.8333333333333335 -0.5322458122304116 0.0008020087354955185
3.8666666666666667 -0.38349475354342255 0.000762545379278945
3.9 -0.22147448499540776 0.0007015894964995661
3.933333333333333 -0.05451525855315356 0.0006141046274587558
3.966666666666667 0.10778266340816318 0.0006411225356611205
4.0 0.2687952378600891 0.0007166263274661078
4.033333333333333 0.42167246456640356 0.0007750169495888137
4.066666666666666 0.5628311879513564 0.0008099893759422327
4.1 0.688658588683127 0.0008293844634424952
4.133333333333334 0.7995723912518591 0.0008348717148182194
4.166666666666667 0.8899311344504337 0.0008285065537966263
4.2 0.9616256520533066 0.000820982393191505
4.233333333333333 1.0118324290419733 0.0008146250347143003
4.266666666666667 1.039245174077677 0.0008116145735630464
4.3 1.0446084271757796 0.0008106324947565469
4.333333333333333 1.0269300004681037 0.0008143132807518771
4.366666666666666 0.9841394997851262 0.0008236610771620301
4.4 0.9151776859461378 0.000833191371754638
4.433333333333334 0.8258591957902516 0.0008405974759451151
4.466666666666667 0.7178581790331007 0.000835586559962076
4.5 0.5877225002061524 0.0008216843957031816
4.533333333333333 0.43880239927476133 0.0007873142865303939
4.566666666666666 0.2862341900065366 0.0007247018453804266
4.6 0.12380063766141551 0.0006523197799844366
4.633333333333334 -0.03963256816039602 0.000607707711032586
4.666666666666667 -0.20208887965935832 0.0006851364145705474
4.7 -0.3565450011856956 0.0007460462051852024
4.733333333333333 -0.5003169875119768 0.0007896986916862136
4.766666666666667 -0.6320411040085484 0.0008129970888214322
4.8 -0.7492835294303786 0.0008211016595024434
4.833333333333333 -0.8491869941395771 0.0008200562651363708
4.866666666666666 -0.930168256733666 0.0008114082878243334
4.9 -0.9889411047384445 0.000804602505451002
4.933333333333334 -1.0259720216883037 0.0007971432498368181
4.966666666666667 -1.0390827033805998 0.0007959226398748243
5.0 -1.0282509781053124 0.0007974544681494944
5.033333333333333 -0.9926692799464497 0.0008043652176699112
5.066666666666666 -0.9312798207656324 0.0008143297218355938
5.1 -0.8470369844681785 0.0008228873007384285
5.133333333333334 -0.7408955341624721 0.0008258740458954028
5.166666666666667 -0.6139164663631729 0.0008159417381488066
5.2 -0.4754200871785335 0.0007858165126509165
5.233333333333333 -0.32044204924226477 0.0007399153056742991
5.266666666666667 -0.1626855097014604 0.0006720473712583941
5.3 -0.0029392290771222984 0.0005857809956007274
5.333333333333333 0.16299127202678862 0.0006696125079368453
5.366666666666666 0.319296502625545 0.0007409819229049486
5.4 0.4638660810461887 0.0007873889558726588
5.433333333333334 0.5956594768681666 0.0008161975658491638
5.466666666666667 0.715031173892736 0.0008319382075896442
5.5 0.8152600378452712 0.0008346907133783832
5.533333333333333 0.8974409868938119 0.00083175112297873
5.566666666666666 0.9626183911241207 0.0008225996860796725
5.6 1.0035424069117311 0.0008154988926678541
5.633333333333334 1.0223117561986386 0.000814581605637299
5.666666666666667 1.0190832803069432 0.0008161060472995363
5.7 0.9916041444655769 0.0008224870005691942
5.733333333333333 0.9405320289463448 0.0008276429565405863
5.766666666666667 0.8649650039789878 0.0008368217348195817
5.8 0.7706816207524374 0.0008370253894837143
5.833333333333333 0.6545363761321863 0.0008285414167938931
5.866666666666666 0.519137154332432 0.0008027654358156999
5.9 0.37459871276319456 0.0007621748767281944
5.933333333333334 0.21558004125976973 0.0006970698459412561
5.966666666666667 0.0620748859604716 0.0006202270116377334
6.0 -0.10113080811486157 0.0006401824354325958
6.033333333333333 -0.2619853246114306 0.0007148004790968332
6.066666666666666 -0.4076216507808583 0.0007673486587438383
6.1 -0.5451836889290941 0.0007995287258729666
6.133333333333334 -0.6692083327452505 0.0008178194870811506
6.166666666666667 -0.7777237918709763 0.0008209782229009477
6.2 -0.86709126750065 0.0008189134671033882
6.233333333333333 -0.9379074227728234 0.000814093514958536
6.266666666666667 -0.9865464044113491 0.0008038640189768076
6.3 -1.0128879715284085 0.0008001816162988007
6.333333333333333 -1.0142535632048197 0.0008017082251428054
6.366666666666666 -0.9938539452874258 0.0008033775646461017
6.4 -0.9479471647717622 0.0008134355712684505
6.433333333333334 -0.8759860070065907 0.0008216659792991132
6.466666666666667 -0.7840479752906311 0.0008255327873497587
6.5 -0.6707976566041062 0.0008230815532260793
6.533333333333333 -0.5419261741457241 0.0008045396343594469
6.566666666666666 -0.39775433234523505 0.0007693629069128183
6.6 -0.24403695083985985 0.0007103944489622316
6.633333333333334 -0.08587158745092821 0.0006307756354088229
6.666666666666667 0.07059030107722727 0.0006249541751815607
6.7 0.23035244394133605 0.0007023911607989264
6.733333333333333 0.37971843644890013 0.0007629570581683676
6.766666666666667 0.518813375343081 0.000804076377295182
6.8 0.6403636022154174 0.0008257745578631459
6.833333333333333 0.7496360465525786 0.0008319476910748635
6.866666666666666 0.8420725794807019 0.0008347300152075077
6.9 0.9151234564433328 0.0008276783411574895
6.933333333333334 0.9669408851129896 0.0008208111156520204
6.966666666666667 0.9962683381493324 0.0008179304497670792
7.0 1.0041059379285913 0.0008186075701219764
7.033333333333333 0.9903499177363857 0.0008210591076996954
7.066666666666666 0.9507086565272662 0.0008280947101778624
7.1 0.8889498358729686 0.0008345449420280593
7.133333333333334 0.8040749452885256 0.0008392212784064101
7.166666666666667 0.7014734945800618 0.0008349568145985531
7.2 0.5767801557023031 0.0008194576836120238
7.233333333333333 0.44046421873456304 0.0007868033023240573
7.266666666666667 0.28940634902824514 0.0007355337257486938
7.3 0.13557211569254737 0.0006567960658903083
7.333333333333333 -0.023716817516595445 0.0005992209476375042
7.366666666666666 -0.18210363570788649 0.0006796673352821025
7.4 -0.3337339583999246 0.0007395488951739138
7.433333333333334 -0.4732589817495382 0.0007842937276751338
7.466666666666667 -0.6001033290855055 0.0008097811421098333
7.5 -0.7145611968461133 0.0008194043874848456
7.533333333333333 -0.8114813106685864 0.000822169014412566
7.566666666666666 -0.8885510818209972 0.0008193818149743182
7.6 -0.9491779493324644 0.0008112358152936316
7.633333333333334 -0.9840173531557713 0.0008043751763276985
7.666666666666667 -0.9976765758857526 0.0008040711984884652
7.7 -0.9867297064189985 0.0008060862667635948
7.733333333333333 -0.9535530912231095 0.0008101210338188336
7.766666666666667 -0.8957838464416011 0.0008193848202997511
7.8 -0.8122062878829417 0.0008248283909203513
7.833333333333333 -0.7099071713569602 0.0008262027175478526
7.866666666666666 -0.5896678906037227 0.0008129744451089715
7.9 -0.4528666180520978 0.0007856488802869266
7.933333333333334 -0.30622776275780295 0.0007369405854648625
7.966666666666667 -0.15320692317252058 0.0006650352621272171
8.0 0.006254933034442511 0.0005886887107421851
8.033333333333333 0.16279475655908404 0.0006710522368100769
8.066666666666666 0.3104936290479018 0.0007363519331482493
8.1 0.45049751715104236 0.0007850314102769707
8.133333333333333 0.582063174342436 0.0008159861529681844
8.166666666666666 0.691962609030679 0.0008298578570166137
8.2 0.7911136474241143 0.0008340042689402027
8.233333333333333 0.8702013494119518 0.0008332121712891771
8.266666666666667 0.928526327381466 0.0008278508535529694
8.3 0.9681496469796458 0.0008217539538345475
8.333333333333334 0.9849317419114186 0.0008208046533592084
8.366666666666667 0.9792681205425531 0.0008229122528768951
8.4 0.9499260870763669 0.0008277093629770471
8.433333333333334 0.8995390164138446 0.0008325211122087728
8.466666666666667 0.8242407019685001 0.0008362838492684821
8.5 0.7272170017327892 0.0008356864634497807
8.533333333333333 0.6178159374340475 0.0008228914972620016
8.566666666666666 0.4859543850443178 0.0007990260301261598
8.6 0.3409885101789408 0.0007517311360897838
8.633333333333333 0.191111025296425 0.0006855876493963298
8.666666666666666 0.03542894949533987 0.0006059721381145439
8.7 -0.12145785286238768 0.0006502221890283683
8.733333333333333 -0.270732570373072 0.0007182083502209058
8.766666666666667 -0.41076209602964964 0.0007695729598689027
8.8 -0.5441265951292498 0.0008022150508435466
8.833333333333334 -0.6604634750059769 0.0008157955675359707
8.866666666666667 -0.7621996390205199 0.0008223972590694073
8.9 -0.8486739832010111 0.0008190200058866282
8.933333333333334 -0.9125372592267637 0.0008142187268593837
8.966666666666667 -0.9562016617596852 0.0008078876341672814
9.0 -0.9771439051818358 0.0008047579005557859
9.033333333333333 -0.9745026539669952 0.0008067819828158074
9.066666666666666 -0.9502105028390376 0.0008111122668693627
9.1 -0.8991260068582373 0.0008178614565638176
9.133333333333333 -0.8260008921245727 0.0008239640594978059
9.166666666666666 -0.7325360775365855 0.0008252266069496139
9.2 -0.6206020265300733 0.0008170592062817228
9.233333333333333 -0.4898380692026614 0.0007938421234092163
9.266666666666667 -0.3481073857736055 0.0007482212508474473
9.3 -0.2014919819264034 0.0006905637121803199
9.333333333333334 -0.04717499425920687 0.0006136443551793477
9.366666666666667 0.10809083494210266 0.0006445867985554604
9.4 0.25702580487577137 0.0007163289666541339
9.433333333333334 0.3988950361585819 0.0007710737272362822
9.466666666666667 0.5291698844033305 0.0008028361286368524
9.5 0.6455401286358193 0.0008240395494552022
9.533333333333333 0.749261674247325 0.0008344192940332729
9.566666666666666 0.8331684565000719 0.0008332277211260397
9.6 0.8970559106250275 0.0008307644265748149
9.633333333333333 0.9416932890597925 0.0008271516631364051
9.666666666666666 0.9636770115986798 0.0008252083823749867
9.7 0.9639334718842517 0.0008247162459692481
9.733333333333333 0.942974436496823 0.0008285075525700236
9.766666666666667 0.8990489061074514 0.0008331592482814232
9.8 0.8320012996449673 0.000838240233150267
9.833333333333334 0.7440874039572182 0.0008391793047070051
9.866666666666667 0.6373758551533092 0.0008278156727312691
9.9 0.5142184364122167 0.0008049947287656067
9.933333333333334 0.37540326008667885 0.000767506143429908
9.966666666666667 0.2312750562996634 0.0007016612357096108
10.0 0.07781814283573821 0.0006292094499038281
10.033333333333333 -0.07584556466090454 0.0006255958317786386
10.066666666666666 -0.22293601890059017 0.0006975515520815101
10.1 -0.36671929370729545 0.0007519338003385556
10.133333333333333 -0.49694167048032206 0.0007907741690495462
10.166666666666666 -0.617403923821955 0.0008118968052305275
10.2 -0.7237807720920836 0.0008231095494564133
10.233333333333333 -0.8095719082118032 0.0008230651438131398
10.266666666666667 -0.8826085053930641 0.0008185022740703207
10.3 -0.9283184601383848 0.0008135301765774816
10.333333333333334 -0.9537781600602854 0.0008108078590297607
10.366666666666667 -0.9580294458434914 0.0008102918890593447
10.4 -0.9385315808913799 0.0008145750611880942
10.433333333333334 -0.8955481418321305 0.0008197480018282688
10.466666666666667 -0.8302040372006081 0.000824009009854243
10.5 -0.7407702734073822 0.000824449977680386
10.533333333333333 -0.63386119869555 0.000819669814334012
10.566666666666666 -0.5124735155494773 0.0007961583688065321
10.6 -0.3785702564698675 0.0007625338476278665
10.633333333333333 -0.22974523491358004 0.0007037252026544649
10.666666666666666 -0.07981052148767186 0.0006317082954396674
10.7 0.07497963177649558 0.0006262310168105023
10.733333333333333 0.22231780954186386 0.0006999077008494059
10.766666666666667 0.36081655596993956 0.0007570884524409349
10.8 0.49123475618693646 0.0007959177542527507
10.833333333333334 0.6110176055929343 0.000820132444247168
10.866666666666667 0.7126641749171065 0.000829731916949461
10.9 0.8009281188388079 0.0008351533658963461
10.933333333333334 0.8680399299618466 0.0008315954618036692
10.966666666666667 0.9158510570861544 0.0008301190570845218
11.0 0.9433349501851136 0.0008268356185874293
11.033333333333333 0.9481432751325388 0.000826589357662999
11.066666666666666 0.930449939812553 0.00082900238322281
11.1 0.8917796050468876 0.0008349845930079036
11.133333333333333 0.8328234135290475 0.0008395356304037316
11.166666666666666 0.7480723057577862 0.0008393931937278332
11.2 0.6474422879281505 0.0008294670349755506
11.233333333333333 0.5302346436204505 0.0008101738289519878
11.266666666666667 0.3964406721936426 0.0007740914445538705
11.3 0.25568246918567894 0.0007192346231240654
11.333333333333334 0.10338678149567428 0.0006427511142449716
11.366666666666667 -0.04833718731414646 0.000614849472392931
11.4 -0.19345014380774828 0.0006844352644099772
11.433333333333334 -0.33363335872731664 0.0007431463677639027
11.466666666666667 -0.467947689364423 0.0007838241115056266
11.5 -0.586371645949117 0.0008087402742775751
11.533333333333333 -0.6946186435556572 0.0008203340919682445
11.566666666666666 -0.7823307507819557 0.00082172087408805
11.6 -0.8549910668546191 0.0008197297529707326
11.633333333333333 -0.9067547795578824 0.0008166210849054334
11.666666666666666 -0.9340712612397406 0.0008131500681054504
11.7 -0.942027157969585 0.0008136814730717035
11.733333333333333 -0.9260441042881309 0.0008158430118792026
11.766666666666667 -0.8877547337737036 0.0008198585228740285
11.8 -0.8253258776854105 0.0008248248397851876
11.833333333333334 -0.7414996866869986 0.0008244443106868449
11.866666666666667 -0.6397820654069563 0.0008200999284675436
11.9 -0.5206980470000082 0.0007985697656193169
11.933333333333334 -0.38833088350163997 0.0007648247484267623
11.966666666666667 -0.2470176773671851 0.0007133922303627638
12.0 -0.09821079770062402 0.0006406201185567006
12.033333333333333 0.04964699108468275 0.0006161789981050658
12.066666666666666 0.1976586371091926 0.000690517149637887
12.1 0.3385535095767912 0.0007522719454211568
12.133333333333333 0.46549003050631066 0.0007907809044875869
12.166666666666666 0.5848394220039649 0.0008189836495783309
12.2 0.6876659169231584 0.0008287106064771566
12.233333333333333 0.7770577048203218 0.0008339914773379808
12.266666666666667 0.8449395026293087 0.0008327060507944406
12.3 0.8940254515092813 0.0008311917593568641
12.333333333333334 0.9242495753566716 0.0008273787880548333
12.366666666666667 0.9321340278416828 0.0008277363496403956
12.4 0.9185309098382612 0.0008313138237142637
12.433333333333334 0.8809335317605452 0.0008344753671070126
12.466666666666667 0.824939098226803 0.0008368075864100266
12.5 0.7430365219193835 0.0008362938936599118
12.533333333333333 0.6462774194371612 0.0008296775738720896
12.566666666666666 0.5307432687547502 0.000808605802584017
12.6 0.4041227121071051 0.0007758014476754171
12.633333333333333 0.2630145212249263 0.0007223854104576599
12.666666666666666 0.11548871300766138 0.000651336362456581
12.7 -0.033495337478361836 0.0006054408696352653
12.733333333333333 -0.17835444599199166 0.0006802031033738831
12.766666666666667 -0.31528974663263 0.0007366828478800325
12.8 -0.4463224552433096 0.000778194796935805
12.833333333333334 -0.5677258428062913 0.0008046767858884696
12.866666666666667 -0.6708553583045299 0.000817367856807083
12.9 -0.7587008670086977 0.0008201205089073405
12.933333333333334 -0.8331549690482681 0.0008225614298250639
12.966666666666667 -0.8854629893867985 0.0008197956322255617
13.0 -0.9159441035210519 0.0008142098392391883
13.033333333333333 -0.9253192397930277 0.0008148246524057878
13.066666666666666 -0.9106314967236798 0.0008179170802808944
13.1 -0.8749155544374508 0.0008230081968294556
13.133333333333333 -0.8161205015464741 0.0008239368293753158
13.166666666666666 -0.7342594041627821 0.0008253942965662509
13.2 -0.6356850849884622 0.0008175507906772461
13.233333333333333 -0.518635256537768 0.0007989959889764808
13.266666666666667 -0.38968805917085897 0.0007652907755586469
13.3 -0.2509118975510134 0.0007134456503993802
13.333333333333334 -0.10222795406509902 0.000643926201982184
13.366666666666667 0.043263631754074924 0.00061008040173436
13.4 0.18568709388024882 0.0006865358133989752
13.433333333333334 0.3242906463969942 0.0007425002584684481
13.466666666666667 0.4526542554686296 0.0007876662801841183
13.5 0.5720023966096767 0.0008131723027102744
13.533333333333333 0.6712962340804536 0.0008291834478014737
13.566666666666666 0.7603522441556945 0.0008319834244400193
13.6 0.8269876443482667 0.0008354128572221065
13.633333333333333 0.8763489200147783 0.000831792472427817
13.666666666666666 0.9052854582179484 0.000829790305140965
13.7 0.9150954940869355 0.0008317228039937952
13.733333333333333 0.9016479701609783 0.0008324484330251014
13.766666666666667 0.8663804351724922 0.000835034721750394
13.8 0.8123373622527005 0.0008379515489758127
13.833333333333334 0.7318690847468958 0.000835149677420266
13.866666666666667 0.6357936959943821 0.0008310195419707345
13.9 0.5244341316441308 0.0008056923522369308
13.933333333333334 0.4003409805857141 0.0007751713352217582
13.966666666666667 0.2611840971607517 0.000717659099527368
14.0 0.11534677259904254 0.000652837692959693
14.033333333333333 -0.028414776815959608 0.0006052590005568882
14.066666666666666 -0.17220798861870734 0.0006790011474205049
14.1 -0.30962841759973303 0.0007356065383617438
14.133333333333333 -0.4377436081845385 0.0007765999673251534
14.166666666666666 -0.5574481995496415 0.0008042566248257499
14.2 -0.6604577784058118 0.0008205134171810347
14.233333333333333 -0.7465742789298462 0.000823731689117202
14.266666666666667 -0.8188498947564646 0.0008226429059529083
14.3 -0.8702335655922768 0.0008200014069686956
14.333333333333334 -0.8991817425419727 0.0008172864409975444
14.366666666666667 -0.9068758714687039 0.0008174318151833448
14.4 -0.8928427738302708 0.000820967357428426
14.433333333333334 -0.8563720185381573 0.0008246624358549948
14.466666666666667 -0.7977327521735289 0.0008259152654883639
14.5 -0.7174936411431885 0.0008247067096093241
14.533333333333333 -0.6213860723406892 0.0008147532293222293
14.566666666666666 -0.5049528498365342 0.000798691498487103
14.6 -0.37880983245891636 0.0007638600030345222
14.633333333333333 -0.23942080725118475 0.0007079100614599543
14.666666666666666 -0.09795728452574819 0.0006400651634554944
14.7 0.04429335627935844 0.0006127747960539484
14.733333333333333 0.1847594905515444 0.0006859145522513654
14.766666666666667 0.3233034034846825 0.000745299449043002
14.8 0.4489248927502188 0.0007863308683919157
14.833333333333334 0.5625986788106553 0.0008135396187277655
14.866666666666667 0.6627894068838326 0.0008271786460133379
14.9 0.7494356196463019 0.0008324952588710799
14.933333333333334 0.8176493954089215 0.0008324231849961006
14.966666666666667 0.8652186333976615 0.0008315213229299623
15.0 0.8921922094414538 0.0008307725905449814
15.033333333333333 0.8978821500434566 0.0008320268031928313
15.066666666666666 0.8843216319678459 0.0008339474063748797
15.1 0.8488730199530552 0.0008360407035438167
15.133333333333333 0.7924832981764915 0.0008392348300428898
15.166666666666666 0.7144655683683254 0.0008341996707278421
15.2 0.6192414972884809 0.0008270547454866106
15.233333333333333 0.5088070289606217 0.000804892271947466
15.266666666666667 0.38272758367577736 0.0007679302053082981
15.3 0.2438156193560327 0.0007130696573260653
15.333333333333334 0.10532098688577582 0.000648217522215444
15.366666666666667 -0.036658640523101596 0.0006083990379376694
15.4 -0.17816624112097662 0.000678881755740407
15.433333333333334 -0.31307524133495557 0.0007337834147168043
15.466666666666667 -0.4389036695988107 0.000778315433098864
15.5 -0.5546842378585163 0.0008052392029923583
15.533333333333333 -0.6561414423529115 0.0008168086103186312
15.566666666666666 -0.7409167853233491 0.0008224131567541315
15.6 -0.8095212673689479 0.0008218377568945945
15.633333333333333 -0.8586010604536042 0.0008208086559083894
15.666666666666666 -0.8847113348247372 0.0008188594487962275
15.7 -0.8910001490057685 0.000818966644398067
15.733333333333333 -0.8752138788834604 0.0008214231048853105
15.766666666666667 -0.8370267546476845 0.0008236365335498874
15.8 -0.7769031451573581 0.0008267286965057963
15.833333333333334 -0.6966811907282553 0.000823861405045534
15.866666666666667 -0.5988349050270583 0.0008150848998648152
15.9 -0.48522355909366366 0.000793210314122994
15.933333333333334 -0.35693129367646187 0.0007555837963350576
15.966666666666667 -0.2234305618092782 0.0006999068680060838
16.0 -0.08293915518775886 0.000636219676592345
16.033333333333335 0.06038654181718635 0.0006210516830746221
16.066666666666666 0.1990972144716387 0.0006927617133696828
16.1 0.3308407836033054 0.0007466330417446598
16.133333333333333 0.451913068996006 0.0007879064595103791
16.166666666666668 0.5662179621040561 0.0008161283978830314
16.2 0.6638119892395238 0.000825889520054135
16.233333333333334 0.7467879216188316 0.0008335419098317587
16.266666666666666 0.8107818010693608 0.0008317759347922227
16.3 0.8539500398494969 0.0008323744447069625
16.333333333333332 0.8777795408274373 0.0008313347900592571
16.366666666666667 0.8826961359317489 0.0008310453061290968
16.4 0.8655670493959625 0.0008328793020997427
16.433333333333334 0.8278778692083957 0.0008361890817344397
16.466666666666665 0.7692890759792986 0.000835573237776277
16.5 0.6899184136377705 0.0008343978188583012
16.533333333333335 0.5968913657461764 0.0008219193416229009
16.566666666666666 0.48220723904307977 0.0007977793890965867
16.6 0.3602592192841292 0.0007616178672705254
16.633333333333333 0.22377220328026648 0.0007033682514586692
16.666666666666668 0.08436491198656601 0.0006356973506155272
16.7 -0.0574788380792803 0.0006202643442713499
16.733333333333334 -0.1953852567663054 0.0006887484232748764
16.766666666666666 -0.32785057806192663 0.0007411950508640075
16.8 -0.4523561851068242 0.0007813020398283466
16.833333333333332 -0.5605656751129312 0.0008051780524689356
16.866666666666667 -0.6569111334399124 0.0008181035363904465
16.9 -0.7412404324889508 0.0008223572584296068
16.933333333333334 -0.802554572779736 0.0008219139203181625
16.966666666666665 -0.8480003551887346 0.0008219763867244323
17.0 -0.871693289141095 0.0008203891507221339
17.033333333333335 -0.8744899599338678 0.0008199354399766046
17.066666666666666 -0.8555079302058454 0.0008225157964801832
17.1 -0.8127841936403666 0.0008243133002202585
17.133333333333333 -0.7502431383397261 0.0008254196158559157
17.166666666666668 -0.6689998636819069 0.0008200386245281743
17.2 -0.5691821293901731 0.000809145114919696
17.233333333333334 -0.4579552658870916 0.0007849517691321251
17.266666666666666 -0.33130712649684296 0.000747206354720753
17.3 -0.19509363969168772 0.0006899042634267438
17.333333333333332 -0.056669509218844026 0.000620822735628572
17.366666666666667 0.0841792813962944 0.0006359125782212927
17.4 0.21936806436957526 0.0007020337003607324
17.433333333333334 0.35033820953073574 0.0007546997064395988
17.466666666666665 0.4687733867987099 0.0007908000572562357
17.5 0.5736865879447649 0.0008153704077326074
17.533333333333335 0.6676710703101713 0.0008283534446571483
17.566666666666666 0.746385784937167 0.0008326443442775444
17.6 0.8050024098074666 0.0008336250685608837
17.633333333333333 0.8456432553003572 0.0008335218759463192
17.666666666666668 0.8659659873555822 0.0008338906637638255
17.7 0.8659816506670295 0.0008333562099112068
17.733333333333334 0.8459139321167551 0.0008357106319584195
17.766666666666666 0.8044668900239932 0.0008368244610975628
17.8 0.7401663099556884 0.0008377598196370739
17.833333333333332 0.6608358953797135 0.0008306934320909676
17.866666666666667 0.562498496539816 0.0008167865354572479
17.9 0.45147578018802265 0.0007877116339250478
17.933333333333334 0.323097132867729 0.0007474654177583862
17.966666666666665 0.1910991049777728 0.0006926078952492198
18.0 0.050537644765530736 0.0006162025591222656
18.033333333333335 -0.08738372820849737 0.0006355243193484628
18.066666666666666 -0.22048147015386696 0.0006996657063852441
18.1 -0.34675203572464514 0.0007498119080995846
18.133333333333333 -0.46799115208026487 0.0007842829813687335
18.166666666666668 -0.5725582040398918 0.0008066914106169554
18.2 -0.6662303194130382 0.0008206207622596384
18.233333333333334 -0.7433735055134705 0.0008235588104051894
18.266666666666666 -0.8013876440397222 0.0008234911439355397
18.3 -0.8391562241757073 0.0008224234702580713
18.333333333333332 -0.8584312066692513 0.0008211511358117152
18.366666666666667 -0.856590478873948 0.0008224068335939139
18.4 -0.8330541143556489 0.0008251706228629141
18.433333333333334 -0.7864342807336687 0.0008256095069298919
18.466666666666665 -0.7186851552788163 0.0008262933431288921
18.5 -0.6334869646404697 0.0008185879024168452
18.533333333333335 -0.5326734699199629 0.0008042859285252169
18.566666666666666 -0.41972569574262397 0.0007751677383346922
18.6 -0.29242022935273104 0.0007310085264610744
18.633333333333333 -0.15885421239996572 0.000672487485488038
18.666666666666668 -0.02006330947549514 0.0005985031035164491
18.7 0.11747248731293079 0.0006542180615816129
18.733333333333334 0.24957819431004316 0.0007159492565954328
18.766666666666666 0.37220952246290373 0.0007619763226093812
18.8 0.4887194055718011 0.000796348498418642
18.833333333333332 0.589901143736972 0.0008154751822767592
18.866666666666667 0.6777715865094064 0.0008296730679744346
18.9 0.7506030648871697 0.0008348563458114855
18.933333333333334 0.8057258719917908 0.0008352104578901454
18.966666666666665 0.8396669074303592 0.0008339782388030459
19.0 0.8539651837842194 0.0008334413804690355
19.033333333333335 0.848606505874061 0.0008348230910103505
19.066666666666666 0.8232257439903068 0.0008363205341156421
19.1 0.7778290253550001 0.0008357290706407783
19.133333333333333 0.7111311659735247 0.000834637865363197
19.166666666666668 0.6243070339744367 0.0008264712708669908
19.2 0.5236713485030922 0.000812311443586955
19.233333333333334 0.40897326665421874 0.0007765223831018297
19.266666666666666 0.2884805517912941 0.0007372875900072962
19.3 0.15219614385760608 0.0006717053612040336
19.333333333333332 0.01607453007081139 0.0005984930061008545
19.366666666666667 -0.12156134964706512 0.0006537291170537196
19.4 -0.25267463612737595 0.0007126712204609253
19.433333333333334 -0.3772156191359035 0.0007595812800066937
19.466666666666665 -0.49033066843440437 0.0007893690873894688
19.5 -0.592998871774978 0.000809867721509705
19.533333333333335 -0.6779475943185476 0.0008220568871086797
19.566666666666666 -0.748384868577525 0.000824003113523375
19.6 -0.8019061394728957 0.0008245075459154538
19.633333333333333 -0.834668128787934 0.0008238939640194953
19.666666666666668 -0.8455974744103198 0.0008231899840389634
19.7 -0.8366177754465347 0.0008242796269558594
19.733333333333334 -0.8071099579106955 0.0008253604733451381
19.766666666666666 -0.7561836913893929 0.0008270422293502611
19.8 -0.6847422150561475 0.0008229891985946924
19.833333333333332 -0.5958591536711835 0.0008114833240889796
19.866666666666667 -0.4915533369424808 0.0007928094483217185
19.9 -0.37418438818650607 0.0007609704562321906
19.933333333333334 -0.24696571077473786 0.0007147404985514694
19.966666666666665 -0.11259117997534121 0.0006488774091203547
20.0 0.02008428806318477 0.0005999593650164413
20.033333333333335 0.1555631200485143 0.0006687429542168444
20.066666666666666 0.28168968685469836 0.0007293822217691037
20.1 0.40576660248091095 0.0007721015572204615
20.133333333333333 0.5170562295052962 0.0008039762359387526
20.166666666666668 0.6110248728945962 0.0008208385683641239
20.2 0.6923730080803018 0.0008286127738705851
20.233333333333334 0.7567452848499993 0.0008339256852529786
20.266666666666666 0.802802028934028 0.0008341264971766238
20.3 0.8308506452121674 0.0008343306058893329
20.333333333333332 0.8395271749055954 0.0008353010388719717
20.366666666666667 0.8281612863280982 0.0008363686152825789
20.4 0.7953512915758161 0.0008381929125661491
20.433333333333334 0.7429590865119923 0.0008378635027378456
20.466666666666665 0.6705823018603634 0.000832891098964561
20.5 0.5838734138065085 0.0008195724826505213
20.533333333333335 0.47783947126637066 0.0007974248814560103
20.566666666666666 0.360942274302323 0.0007621554288152477
20.6 0.2345357162312862 0.000711434710332165
20.633333333333333 0.1034570782146218 0.0006464738561441363
20.666666666666668 -0.03249047170457359 0.0006071011455583419
20.7 -0.16700295511233848 0.0006778201140909546
20.733333333333334 -0.2919350328269473 0.000729658461388949
20.766666666666666 -0.40935007280934593 0.0007703771453773101
20.8 -0.5194274320824972 0.0007969696256840963
20.833333333333332 -0.6155941775192106 0.000811854678872681
20.866666666666667 -0.693319497947454 0.0008221407748043585
20.9 -0.7567680769332567 0.0008232597294498545
20.933333333333334 -0.8021041327591267 0.0008238410435423837
20.966666666666665 -0.8273709957253302 0.0008225156310210924
21.0 -0.832123769554946 0.000822741903150459
21.033333333333335 -0.8140266856324699 0.0008244076567962555
21.066666666666666 -0.7778608235513973 0.0008246094210626609
21.1 -0.7187507668466994 0.0008248571636084723
21.133333333333333 -0.644666112213514 0.0008181888871510168
21.166666666666668 -0.5477506962343837 0.0008057068890798824
21.2 -0.4391038753493506 0.000779727173806033
21.233333333333334 -0.3219983854461582 0.0007423986325889587
21.266666666666666 -0.19345766479667606 0.000688151400481618
21.3 -0.06370775784102416 0.0006248506820245442
21.333333333333332 0.06983610861024936 0.0006278786566832478
21.366666666666667 0.20217373067709443 0.0006939996862461439
21.4 0.3266825229069609 0.0007458972281401133
21.433333333333334 0.4411917394111027 0.0007842770641285357
21.466666666666665 0.5429146292499492 0.0008107726498771672
21.5 0.6325256302232393 0.0008240893347521983
21.533333333333335 0.7076023121304637 0.000830328594073837
21.566666666666666 0.7635870865952524 0.0008343801957532149
21.6 0.8042351471572349 0.0008343240369611538
21.633333333333333 0.8244073290634625 0.0008362115596757258
21.666666666666668 0.8239796250391468 0.000837513951983615
21.7 0.8033813768698784 0.0008378664512871392
21.733333333333334 0.7649214083309217 0.0008386745699441311
21.766666666666666 0.7045988399885709 0.0008352805364540972
21.8 0.6237469584176828 0.0008273920101384835
21.833333333333332 0.5346863111537488 0.0008107964994545913
21.866666666666667 0.42510486292510047 0.0007838717942801887
21.9 0.3044972229594308 0.000741034443224875
21.933333333333334 0.17603667356083336 0.0006829075637683479
21.966666666666665 0.04556665734260621 0.0006141689469617503
22.0 -0.08667506535100229 0.0006355500600185027
22.033333333333335 -0.21616439980998353 0.0006997509600407681
22.066666666666666 -0.33823071380729214 0.0007463343787035837
22.1 -0.44964878229626215 0.0007803434189093128
22.133333333333333 -0.5545292831064428 0.0008044261119887208
22.166666666666668 -0.6387359385330531 0.0008142359808844812
22.2 -0.7101383925677757 0.0008213082194459265
22.233333333333334 -0.7669831298379794 0.0008228451255199998
22.266666666666666 -0.8023073385761654 0.0008239560326395168
22.3 -0.8176002749168203 0.0008236120448534834
22.333333333333332 -0.8140733384164924 0.0008252593377660045
22.366666666666667 -0.7887274025915421 0.0008250412551332742
22.4 -0.7423171700546756 0.0008243552187409131
22.433333333333334 -0.6784146819392547 0.000820237862914297
22.466666666666665 -0.5933813190596328 0.0008134768953791394
22.5 -0.49515354392999705 0.0007926661525002876
22.533333333333335 -0.38443746986568184 0.0007659708534869525
22.566666666666666 -0.26230977225687385 0.0007202220035325002
22.6 -0.1367987040556246 0.0006614174254388205
22.633333333333333 -0.005580976563336079 0.0005933074670609086
22.666666666666668 0.12598174691551228 0.0006572239989992845
22.7 0.25458357430284895 0.0007201034671637796
22.733333333333334 0.3701363299329291 0.0007605016426626698
22.766666666666666 0.47941223978071656 0.0007944899448450449
22.8 0.5739604819877786 0.000815694223680441
22.833333333333332 0.6584321312528385 0.000827722562976585
22.866666666666667 0.7226187791470678 0.000832367909587961
22.9 0.7724380651688377 0.0008361156218119614
22.933333333333334 0.8018710709873111 0.0008351875974104139
22.966666666666665 0.8121363156973488 0.000837185459623524
23.0 0.8034671909291086 0.0008359503597580309
23.033333333333335 0.773771849789498 0.0008354259771828909
23.066666666666666 0.7263426137016088 0.0008373978117158787
23.1 0.6589217638210213 0.0008315306161805758
23.133333333333333 0.5757931619221051 0.0008187737671242479
23.166666666666668 0.4761437786828415 0.0007969840617658153
23.2 0.36535151016634126 0.0007635275435910471
23.233333333333334 0.2415851197820265 0.0007151873556449917
23.266666666666666 0.11603264463330071 0.000651990772965863
23.3 -0.013139851093085839 0.0005958136661968864
23.333333333333332 -0.14555101642274193 0.0006665734911237009
23.366666666666667 -0.2677372710406901 0.0007209131984866612
23.4 -0.38545634920689154 0.0007637757710838855
23.433333333333334 -0.4911669033763249 0.000790942679937845
23.466666666666665 -0.5860349579997225 0.0008091167716867131
23.5 -0.6659548628501065 0.0008194439725576208
23.533333333333335 -0.7266734766834286 0.0008235036072258284
23.566666666666666 -0.7737043098430889 0.0008236119217434057
23.6 -0.799643806375176 0.0008240181196118579
23.633333333333333 -0.8053847998893664 0.0008253659673703728
23.666666666666668 -0.7912271155840608 0.0008262021739531278
23.7 -0.7562992432763849 0.0008263271919812798
23.733333333333334 -0.7023152074809264 0.000825445115292589
23.766666666666666 -0.6278867830540155 0.000818869535395006
23.8 -0.5402616586273833 0.000805262299894971
23.833333333333332 -0.43664529856402884 0.0007801876812433273
23.866666666666667 -0.3195476707495878 0.0007410653571498504
23.9 -0.19869011308553214 0.000691138714400269
23.933333333333334 -0.06972174351625142 0.0006272367258944311
23.966666666666665 0.0595455133825004 0.0006225255776075508
24.0 0.1850961506258646 0.000686966889711399
24.033333333333335 0.3103051102711774 0.0007398040453913679
24.066666666666666 0.4186798960428397 0.0007783206164401202
24.1 0.5207885715501709 0.0008035377546483646
24.133333333333333 0.6098427509458242 0.000820074198670695
24.166666666666668 0.6823414964729895 0.0008295031995564361
24.2 0.7391747238329149 0.0008338653931726503
24.233333333333334 0.7775740177931002 0.0008366000562168852
24.266666666666666 0.7973137599571519 0.0008341214739560066
24.3 0.7973079896942346 0.0008360371716245041
24.333333333333332 0.7800792458709807 0.0008370964243539225
24.366666666666667 0.7408896356936874 0.0008379009677210725
24.4 0.6811682197287657 0.0008356135822067401
24.433333333333334 0.6072607904190823 0.0008261330506267317
24.466666666666665 0.5162526394257888 0.0008067572199424999
24.5 0.41251260568172116 0.0007774202343023839
24.533333333333335 0.29560639906191283 0.0007387572250709962
24.566666666666666 0.17490703734193835 0.0006829962977914217
24.6 0.0477806948592507 0.0006185309598867109
24.633333333333333 -0.07910949296493483 0.0006320119873650942
24.666666666666668 -0.2037370329177033 0.000690730437090975
24.7 -0.32677382896888296 0.0007419228742466255
24.733333333333334 -0.43490285980163834 0.0007761150695087538
24.766666666666666 -0.5355559642538172 0.0007998406030971239
24.8 -0.619918407585966 0.000815242046189546
24.833333333333332 -0.6894174669371932 0.000821142604176428
24.866666666666667 -0.7430764214514409 0.0008239440492430194
24.9 -0.7775063792322259 0.000825253825243899
24.933333333333334 -0.7922429584336595 0.0008246048181441701
24.966666666666665 -0.7877297820333685 0.0008247212575211993
25.0 -0.7630396496428302 0.0008262581264778524
25.033333333333335 -0.7181977530644084 0.0008247633088875883
25.066666666666666 -0.6529370206931111 0.0008211891376720404
25.1 -0.572440262915536 0.0008092880348936626
25.133333333333333 -0.47575374957594124 0.000788846499775786
25.166666666666668 -0.36938130027701926 0.0007597099575112343
25.2 -0.24977502835152382 0.0007136617805947321
25.233333333333334 -0.12721872485716176 0.0006568891367976781
25.266666666666666 -3.8992538735184686e-05 0.0005855071003782732
25.3 0.1268655527589623 0.0006603758964829065
25.333333333333332 0.250849564559542 0.0007179350813574237
25.366666666666667 0.36507524372722433 0.0007614177464277394
25.4 0.468840542925308 0.0007905651342592912
25.433333333333334 0.5631187683686119 0.0008125648359222915
25.466666666666665 0.6408913949400422 0.0008245357264105024
25.5 0.7049595817917559 0.0008306262433405154
25.533333333333335 0.7503811680346225 0.0008340875441968931
25.566666666666666 0.7783665365041441 0.0008356313562890572
25.6 0.78630022061675 0.0008357989538050337
25.633333333333333 0.7777251551860584 0.000836624619299231
25.666666666666668 0.7472370677341347 0.0008343532402157461
25.7 0.6993625782050903 0.0008363107918254453
25.733333333333334 0.6302985529044802 0.0008268340153889664
25.766666666666666 0.5502534289262985 0.000813067970122372
25.8 0.4525461238886339 0.0007909777932005313
25.833333333333332 0.34464819120699397 0.0007562678620582353
25.866666666666667 0.22201276626280594 0.0007059832548173273
25.9 0.09701597385587511 0.0006453619802868904
25.933333333333334 -0.02312328216150445 0.000602275586311863
25.966666666666665 -0.14735921507393693 0.0006676788012206503
26.0 -0.27197716378300546 0.0007214539655802654
26.033333333333335 -0.38511750151015967 0.0007610291573441619
26.066666666666666 -0.4874290719885577 0.0007894637071018118
26.1 -0.5768402004894174 0.0008064650464585377
26.133333333333333 -0.6518096083315681 0.0008173870092277324
26.166666666666668 -0.7113743370165048 0.0008224601246223928
26.2 -0.7528959681681942 0.000826203528874081
26.233333333333334 -0.7750635528071822 0.0008247313892560948
26.266666666666666 -0.7790054698825144 0.0008257215920705052
26.3 -0.7633830801919153 0.0008242153566925259
26.333333333333332 -0.7264934125559078 0.0008244147134018887
26.366666666666667 -0.6714758993235994 0.0008219940249170055
26.4 -0.5981121809765046 0.0008149400720104394
26.433333333333334 -0.5074644708550887 0.0007976850304343142
26.466666666666665 -0.4063763797316785 0.0007713705107489921
26.5 -0.2916001254782443 0.0007311874885194136
26.533333333333335 -0.17261656587724183 0.0006811739743257661
26.566666666666666 -0.05098126733413389 0.0006184106043806842
26.6 0.07528034443331162 0.0006311213237512464
26.633333333333333 0.19737712773725832 0.0006926194384258288
26.666666666666668 0.3162068477354002 0.0007411912586252623
26.7 0.42265687856931294 0.0007776658790221713
26.733333333333334 0.5201514450341803 0.0008037692110055561
26.766666666666666 0.6016039221757942 0.0008207418759332841
26.8 0.671642772592704 0.0008293725177587197
26.833333333333332 0.7230489912097287 0.0008326295667894223
26.866666666666667 0.7576254238251485 0.000835329480010194
26.9 0.7737166736375463 0.0008366872958902594
26.933333333333334 0.7717180573848513 0.0008365956397327068
26.966666666666665 0.7500662216094051 0.0008360238859979052
27.0 0.7100963247992956 0.0008364432734616623
27.033333333333335 0.6485205173748174 0.0008295246902717546
27.066666666666666 0.5729803541855105 0.0008192422606558836
27.1 0.4830804162274014 0.0007979435652337163
27.133333333333333 0.37980610342826604 0.0007704247113955454
27.166666666666668 0.2659245377061343 0.0007252425068928203
27.2 0.14580163026299797 0.0006691717566741362
27.233333333333334 0.022520232173986923 0.0006019371912991435
27.266666666666666 -0.10376650281865396 0.0006448007523792015
27.3 -0.22278417863715394 0.0007012336586086909
27.333333333333332 -0.33762128611775416 0.0007469140268250851
27.366666666666667 -0.44286834491820287 0.0007777952584875347
27.4 -0.5353673325665775 0.0007997167813825756
27.433333333333334 -0.6167166735753554 0.0008117481014658923
27.466666666666665 -0.6797838881222188 0.0008209389905821096
27.5 -0.7289686025895467 0.0008222964489260631
27.533333333333335 -0.7569973091601446 0.0008245369768524746
27.566666666666666 -0.7676895560440521 0.0008253215082197896
27.6 -0.759740804476842 0.0008255636457578097
27.633333333333333 -0.7306375439220953 0.0008258616554005505
27.666666666666668 -0.6822524904901136 0.0008227006617702592
27.7 -0.616805628481499 0.0008159549468652605
27.733333333333334 -0.5330104019790876 0.0008009989096084968
27.766666666666666 -0.43757235021088065 0.0007785147454394403
27.8 -0.32779880893193936 0.0007438532061616598
27.833333333333332 -0.21260843232550028 0.0006978396347358251
27.866666666666667 -0.08954428123203309 0.0006380827479245538
27.9 0.03256632576809394 0.0006082604987010451
27.933333333333334 0.15347175672187194 0.0006716233921214287
27.966666666666665 0.2712248769513361 0.0007248588459705108
28.0 0.38132009745791745 0.0007645349098970855
28.033333333333335 0.48211107948234494 0.0007932291180975937
28.066666666666666 0.5694719471157071 0.0008120557075432799
28.1 0.6396611702911915 0.0008237197036995436
28.133333333333333 0.6970738654567589 0.0008309949265120631
28.166666666666668 0.7369674677704898 0.000834676314742766
28.2 0.7591599724283112 0.000836281090305091
28.233333333333334 0.7618026728653535 0.0008367630215063704
28.266666666666666 0.7473713699303581 0.0008364232472667377
28.3 0.7130783448035171 0.0008313859570066029
28.333333333333332 0.6604755512132175 0.0008305715105449973
28.366666666666667 0.5904454694335078 0.0008217138778077171
28.4 0.5065922003262668 0.0008028968256593716
28.433333333333334 0.40856678105797894 0.0007735615765281367
28.466666666666665 0.29763594570974156 0.0007428489197616184
28.5 0.18128071409543986 0.0006878716889211767
28.533333333333335 0.06145572935431006 0.0006238637438444466
28.566666666666666 -0.05967894403400934 0.0006213704115946989
28.6 -0.1794159626370558 0.0006832690980397849
28.633333333333333 -0.29464381689941765 0.0007314380864013037
28.666666666666668 -0.40378511249677035 0.0007667983957369562
28.7 -0.4997605905972104 0.0007943273398290374
28.733333333333334 -0.5825989654087635 0.0008086896419376988
28.766666666666666 -0.6525996463498428 0.000819190199884634
28.8 -0.7024567959472042 0.0008228104758110089
28.833333333333332 -0.7370000661197728 0.0008255416926343795
28.866666666666667 -0.7548987139879443 0.0008247397346234919
28.9 -0.7515588851814291 0.0008238273018005282
28.933333333333334 -0.7292845802008548 0.0008269931434781164
28.966666666666665 -0.6889682173240348 0.0008248630223512965
29.0 -0.6287300454010223 0.0008158026878728464
29.033333333333335 -0.5520474127548824 0.0008056165972093465
29.066666666666666 -0.4611437178118991 0.0007859233637746432
29.1 -0.35745212386224107 0.0007564989398243238
29.133333333333333 -0.24356768092699252 0.0007139250186126433
29.166666666666668 -0.12535140216206037 0.0006562788398846164
29.2 -0.006100323620644889 0.0005930433311116534
29.233333333333334 0.11308308676662794 0.0006509343015657504
29.266666666666666 0.23137328404750415 0.0007084357390423346
29.3 0.34157304580670333 0.0007521855285007595
29.333333333333332 0.4408421835314703 0.0007853505817330686
29.366666666666667 0.5354507046309265 0.0008073107090036391
29.4 0.6099432774881712 0.0008216885614660274
29.433333333333334 0.6706613366199753 0.0008289292450747165
29.466666666666665 0.716081187557464 0.0008322990955830223
29.5 0.7423155032471401 0.0008350173283566686
29.533333333333335 0.7513231136741176 0.000836108603027963
29.566666666666666 0.7429580288200615 0.0008357971917944962
29.6 0.7141263215221441 0.0008352032090110928
29.633333333333333 0.6688043848158579 0.0008331039181931343
29.666666666666668 0.6036760737373325 0.000824247786201715
29.7 0.523552916272047 0.00080752600859757
29.733333333333334 0.4293596327796128 0.0007870837618581539
29.766666666666666 0.3242336591388268 0.000747827842946247
29.8 0.21292811364930292 0.0007010198660633848
29.833333333333332 0.09397892486707389 0.0006418176206278575
29.866666666666667 -0.02907834805835083 0.0006063440104328993
29.9 -0.14415077920464137 0.0006658401390655655
29.933333333333334 -0.25946399525043967 0.000717300329213022
29.966666666666665 -0.367781713014204 0.0007595794290204405
30.0 -0.4657204497065511 0.0007847389119929882
30.033333333333335 -0.5529721720316598 0.0008050413022921976
30.066666666666666 -0.6248725613902464 0.0008147063653234365
30.1 -0.679769995526213 0.000821881857379303
30.133333333333333 -0.7187279493220093 0.0008224477625701221
30.166666666666668 -0.7405778991547919 0.0008236732844415506
30.2 -0.7434308319480387 0.0008237953703733591
30.233333333333334 -0.7272373935261762 0.0008245215809675743
30.266666666666666 -0.6910409760539896 0.0008230061276370826
30.3 -0.6353246366005072 0.0008177203436287028
30.333333333333332 -0.5623392673165333 0.0008085934170378728
30.366666666666667 -0.47623649505827426 0.0007897691169382881
30.4 -0.37859968325450283 0.0007647213464140878
30.433333333333334 -0.2698047399002809 0.0007216989835789334
30.466666666666665 -0.1538174530229748 0.0006718265197196982
30.5 -0.034311516143301087 0.0006086773602089618
30.533333333333335 0.08081151599463193 0.000635063083838372
30.566666666666666 0.19705886492322994 0.000695715302337474
30.6 0.31351195753708755 0.0007408438375307025
30.633333333333333 0.4124249997331488 0.0007744085272105017
30.666666666666668 0.5070968465134642 0.0008027260358880461
30.7 0.5830032645124205 0.0008143898799219951
30.733333333333334 0.6469761673131298 0.000825293804993743
30.766666666666666 0.6953910085432351 0.0008307845703803274
30.8 0.726941051802468 0.0008331110231322159
30.833333333333332 0.7405029845073903 0.0008335827114348549
30.866666666666667 0.7346573290223717 0.0008355836810363115
30.9 0.7124153987944312 0.0008341694779682163
30.933333333333334 0.6715094572336023 0.0008317914442257379
30.966666666666665 0.611462285908487 0.0008252266921370266
31.0 0.539499456024736 0.0008100217227112738
31.033333333333335 0.4464527640345668 0.0007888524713599576
31.066666666666666 0.3464059406564737 0.0007587256136543097
31.1 0.23402176871706573 0.0007133629452824308
31.133333333333333 0.12031658043426298 0.00065658161064161
31.166666666666668 0.002493887996811564 0.0005889675565155243
31.2 -0.11445207985953004 0.0006511428617876625
31.233333333333334 -0.23154151797229314 0.0007055433225983399
31.266666666666666 -0.33609113390074213 0.0007460741854325437
31.3 -0.4357116131543402 0.0007772757463428426
31.333333333333332 -0.5257214152372036 0.0007977999518723466
31.366666666666667 -0.5998401254594936 0.0008116447996651122
31.4 -0.6574328843102177 0.0008189845627694092
31.433333333333334 -0.7012597652228776 0.000822654603218731
31.466666666666665 -0.7249623810152831 0.0008240706992141966
31.5 -0.7317901498425907 0.0008252754036592869
31.533333333333335 -0.7204965542669617 0.0008252439273100931
31.566666666666666 -0.6890362017055581 0.0008230051457776
31.6 -0.6409792176183361 0.0008188232178363286
31.633333333333333 -0.5723357947975588 0.0008082695212540125
31.666666666666668 -0.4925701348157038 0.0007949779082089825
31.7 -0.393279315479073 0.0007673965000576377
31.733333333333334 -0.28895046786094974 0.0007311965107226759
31.766666666666666 -0.17815678287914113 0.000683871392833213
31.8 -0.060298328072177186 0.0006239167125391409
31.833333333333332 0.05501888033657269 0.0006234673971958621
31.866666666666667 0.17357013278536473 0.0006820250504981362
31.9 0.28287312329122544 0.0007307604445663807
31.933333333333334 0.38534736400509806 0.0007661045856314774
31.966666666666665 0.474903660195567 0.000797638376926979
32.0 0.5613821890697878 0.0008145810584959667
32.03333333333333 0.6265381926722384 0.0008228888325204631
32.06666666666667 0.677324908234692 0.0008277194378140118
32.1 0.7112249446490088 0.0008323353310412118
32.13333333333333 0.7274050717042895 0.0008339717384980849
32.166666666666664 0.7272796912690613 0.0008346616336676327
32.2 0.7076845347338724 0.0008331937495468233
32.233333333333334 0.6694331848052046 0.0008265869664626502
32.266666666666666 0.616858829293652 0.0008259287608674004
32.3 0.5453691217887577 0.0008141122694309555
32.333333333333336 0.45999378648082745 0.0007921069439567052
32.36666666666667 0.3635890155175075 0.000761206077212806
32.4 0.25679720539494333 0.0007205224751055672
32.43333333333333 0.1416208916566639 0.000664503772807995
32.46666666666667 0.02511287781458572 0.0006059146456892962
32.5 -0.09421159851798291 0.0006401294510297306
32.53333333333333 -0.20580513091945493 0.0006944193358584816
32.56666666666667 -0.3128036102586741 0.0007353536634031044
32.6 -0.414534572230253 0.0007691305171657614
32.63333333333333 -0.5011038266207278 0.0007970078613557252
32.666666666666664 -0.576543336039417 0.0008084799242589202
32.7 -0.6400162577959788 0.0008161258128634996
32.733333333333334 -0.6850618334149309 0.0008223809451309849
32.766666666666666 -0.712072031845072 0.0008231411848438341
32.8 -0.721337365221886 0.0008247064465376486
32.833333333333336 -0.7121868062808796 0.0008247794399920405
32.86666666666667 -0.685362879268684 0.0008221803066089661
32.9 -0.6410592603352306 0.0008197139083622185
32.93333333333333 -0.578046669461557 0.0008098524526313211
32.96666666666667 -0.5010940629013415 0.0007962730461312795
33.0 -0.40757303667661315 0.000771887376582181
33.03333333333333 -0.3053436150877777 0.000738459148163173
33.06666666666667 -0.19523209667574495 0.0006912756942033804
33.1 -0.08095939008533176 0.0006330918645009592
33.13333333333333 0.03631764854351668 0.0006065145351156417
33.166666666666664 0.14948779952566751 0.0006690958681483949
33.2 0.2606656731255411 0.0007187349081045902
33.233333333333334 0.3648710244577505 0.0007578510664350002
33.266666666666666 0.4556830201627103 0.0007868368312066165
33.3 0.5359260118717016 0.0008078973204277418
33.333333333333336 0.6070000946543229 0.0008215462531777629
33.36666666666667 0.6615276321394535 0.0008286255615838067
33.4 0.697141928366168 0.0008315657279721611
33.43333333333333 0.716278684498459 0.0008337296044387266
33.46666666666667 0.718063280173868 0.0008345153905449099
33.5 0.7025211555814505 0.0008319993186124419
33.53333333333333 0.667816953736563 0.000829957202450049
33.56666666666667 0.6185936468145777 0.0008261387620708271
33.6 0.5505713763992665 0.0008135018560393448
33.63333333333333 0.4690236101905691 0.0007912432170897876
33.666666666666664 0.3718261334743576 0.0007651926937616294
33.7 0.2667935410280416 0.0007277407336029329
33.733333333333334 0.15614346828470466 0.0006747496466379399
33.766666666666666 0.04117167029841654 0.0006109038919639015
33.8 -0.07394361604449681 0.0006291968771352519
33.833333333333336 -0.1848130018709024 0.0006860933981500672
33.86666666666667 -0.29149966476001465 0.0007311236337185778
33.9 -0.393044190967923 0.0007671335624003239
33.93333333333333 -0.480688836182461 0.0007890585127977578
33.96666666666667 -0.5584328067228757 0.00080493400803483
34.0 -0.622545178084743 0.0008146555275562184
34.03333333333333 -0.668319272363494 0.0008197944796436429
34.06666666666667 -0.6983503343750321 0.0008239063622187404
34.1 -0.710609515146589 0.0008251070984421904
34.13333333333333 -0.7047022677109204 0.0008249602517591548
34.166666666666664 -0.6801837138969211 0.0008218020387941172
34.2 -0.6391851288494376 0.0008195944046369696
34.233333333333334 -0.5786460980119558 0.000811704857810569
34.266666666666666 -0.5035053039646954 0.0007973762951155594
34.3 -0.41445251298515917 0.0007724418503452513
34.333333333333336 -0.3159006744282137 0.0007410554079292364
34.36666666666667 -0.20682826682225178 0.0006970995265450086
34.4 -0.09282903444574465 0.000641068929225011
34.43333333333333 0.018059480629304205 0.0006009497428404037
34.46666666666667 0.13515532752122209 0.0006635562627244351
34.5 0.24152742955675274 0.0007128480471522425
34.53333333333333 0.3462526919586569 0.0007495995003189981
34.56666666666667 0.4385328295029971 0.0007831897017166467
34.6 0.5212501098601627 0.0008044940014880764
34.63333333333333 0.5901557201164713 0.0008166880723485814
34.666666666666664 0.6443169425625724 0.0008250006722769765
34.7 0.682034255106055 0.0008301724799558707
34.733333333333334 0.7042993719884776 0.0008335126840883778
34.766666666666666 0.7079186358312891 0.0008340037952456747
34.8 0.6952052871199517 0.0008327314725762314
34.833333333333336 0.6642893678026096 0.0008308428094661036
34.86666666666667 0.6134320949115857 0.0008246719790435675
34.9 0.5515340606317748 0.0008149166875310865
34.93333333333333 0.4720686750331337 0.0007960929509375214
34.96666666666667 0.38154355990297983 0.0007662798196920728
35.0 0.2757328950681404 0.0007295519378469617
35.03333333333333 0.16978776828999334 0.0006794813294374591
35.06666666666667 0.05699308718529782 0.0006230247267866307
35.1 -0.059615962077564616 0.0006236542082775631
35.13333333333333 -0.16882372164913764 0.0006772597431455585
35.166666666666664 -0.27573204052941624 0.0007254349317576958
35.2 -0.3742843748332057 0.0007568250131609333
35.233333333333334 -0.46456632697676764 0.00078422686730234
35.266666666666666 -0.5421512269601396 0.0008002599090881635
35.3 -0.605091445029099 0.0008126948995259564
35.333333333333336 -0.6557132625696025 0.0008181367959360086
35.36666666666667 -0.6857355924189841 0.0008232302507167333
35.4 -0.6994454126492642 0.0008229486251516427
35.43333333333333 -0.6955848496533366 0.0008238412874973511
35.46666666666667 -0.6730879961447366 0.0008223522593482357
35.5 -0.6341005113171292 0.0008181890111587098
35.53333333333333 -0.5784672368929178 0.0008120330006446963
35.56666666666667 -0.5037774030814932 0.0007973438450963322
35.6 -0.4192483330900438 0.0007765420064419493
35.63333333333333 -0.3246239014713232 0.000742657817477621
35.666666666666664 -0.21749932788261597 0.0007019307098134475
35.7 -0.10477085484917548 0.0006469579039882073
35.733333333333334 0.011089838070899704 0.0005950101733882326
35.766666666666666 0.12136587505300345 0.0006516445003855592
35.8 0.23085076697357293 0.0007085918447466977
35.833333333333336 0.3322994188085626 0.0007485257974871873
35.86666666666667 0.4252446475499848 0.0007802795777401839
35.9 0.5070699837801996 0.000797992139431769
35.93333333333333 0.5765124883564805 0.0008141173996181195
35.96666666666667 0.6306493655715202 0.0008245709487907371
36.0 0.669831757466102 0.0008287238764447258
36.03333333333333 0.6928066828079922 0.000830146224145456
36.06666666666667 0.6989973653952141 0.0008326262974133192
36.1 0.686467041134748 0.0008320957040736099
36.13333333333333 0.6587931289222579 0.0008291835031977168
36.166666666666664 0.6131395058801298 0.0008237248299738376
36.2 0.5473771054706547 0.0008124357944122584
36.233333333333334 0.4722098930609409 0.0007973457669718798
36.266666666666666 0.38452163253498256 0.0007716641793690804
36.3 0.28439785084799407 0.0007371775855761764
36.333333333333336 0.1729810794283207 0.0006857627343932471
36.36666666666667 0.06199490442800407 0.0006247055383975589
36.4 -0.047784794757123515 0.000616172691357407
36.43333333333333 -0.16164653412096688 0.0006734867456352767
36.46666666666667 -0.2634774110936271 0.0007188542175312063
36.5 -0.3612284924766002 0.000753194213654218
36.53333333333333 -0.44886380027059175 0.0007786005706557075
36.56666666666667 -0.5286087334294861 0.000797916374045915
36.6 -0.5923649801410911 0.0008075399901377178
36.63333333333333 -0.6411707199600377 0.0008172625169060588
36.666666666666664 -0.674090453393564 0.0008206536604606907
36.7 -0.6894970145492338 0.0008228640779485152
36.733333333333334 -0.6863206835175455 0.0008231927875255174
36.766666666666666 -0.6663980200030452 0.0008214706814309025
36.8 -0.6263164779790469 0.0008169143239161736
36.833333333333336 -0.5723297418565717 0.000809475882228794
36.86666666666667 -0.5014827133528367 0.0007961356354989624
36.9 -0.4174439982376235 0.0007742907935024412
36.93333333333333 -0.3223370468415279 0.0007444401077054685
36.96666666666667 -0.22045747688198944 0.0007027910844267238
37.0 -0.11020738966091898 0.0006501089874150212
37.03333333333333 0.0006180781018862745 0.0005897150078867317
37.06666666666667 0.10886357367834688 0.000649679021137356
37.1 0.2184699126611314 0.0007019612461721947
37.13333333333333 0.32167771730018846 0.0007425572287836357
37.166666666666664 0.4135917924848173 0.0007760772009986483
37.2 0.49594031984186104 0.000797509919319539
37.233333333333334 0.5650753040892352 0.0008115303496619708
37.266666666666666 0.6205951418787005 0.0008216903127004072
37.3 0.6577861301686073 0.0008254718492929358
37.333333333333336 0.6814379000893636 0.0008303262594001604
37.36666666666667 0.6864951544735449 0.0008313048480403928
37.4 0.6771948870723025 0.0008300581275511032
37.43333333333333 0.6481276711537551 0.000827371267471233
37.46666666666667 0.6044039643874362 0.0008235618210323814
37.5 0.5445502981698482 0.0008125616343146458
37.53333333333333 0.4684036527464337 0.000794184044580093
37.56666666666667 0.38172672537584257 0.0007686431564858376
37.6 0.28257463823780554 0.0007316698675967626
37.63333333333333 0.17785792538807244 0.0006847486587987228
37.666666666666664 0.06856869931868201 0.0006289049426911053
37.7 -0.04364089820105809 0.0006146373743782726
37.733333333333334 -0.15420319365671664 0.0006710320889607158
37.766666666666666 -0.2565869117404032 0.0007154353499198574
37.8 -0.354664802625756 0.0007531011068712123
37.833333333333336 -0.44187397907550946 0.000778204152655837
37.86666666666667 -0.5200540969352185 0.0007953642278103468
37.9 -0.581326744033941 0.0008089382078395602
37.93333333333333 -0.6302843559415158 0.0008150683295079508
37.96666666666667 -0.6632257162919175 0.000819746027717394
38.0 -0.6792265794029997 0.0008216667726718141
38.03333333333333 -0.6768991919364511 0.0008223463038831147
38.06666666666667 -0.6564439887020206 0.0008213512061148176
38.1 -0.6196334881865082 0.0008162476780328998
38.13333333333333 -0.5665256439974072 0.0008084834437664945
38.166666666666664 -0.49740336619815456 0.0007949858271212307
38.2 -0.4147506969761254 0.0007733431227419096
38.233333333333334 -0.32066302021744825 0.0007432802058875421
38.266666666666666 -0.22275159072694964 0.0007021572442643953
38.3 -0.11153247629443436 0.0006494001226445834
38.333333333333336 -0.002481150858634003 0.0005894359222396624
38.36666666666667 0.10861422781965471 0.0006468013465743688
38.4 0.21552753481148787 0.000701198086723559
38.43333333333333 0.3156704522029206 0.0007416206841753259
38.46666666666667 0.4076758547783639 0.000775070355671259
38.5 0.4880310570535924 0.0007959686328914417
38.53333333333333 0.5560682716763073 0.000809816680455433
38.56666666666667 0.6112605722501279 0.000819428572882086
38.6 0.6487247646573913 0.0008245401533161223
38.63333333333333 0.6728168531956404 0.0008262606208404577
38.666666666666664 0.6787604465235336 0.0008286567120153743
38.7 0.6701943759527297 0.0008281398301297482
38.733333333333334 0.6403233874903234 0.0008268390675291171
38.766666666666666 0.5969179883213197 0.0008212350834072568
38.8 0.5374480301473324 0.0008088955578520185
38.833333333333336 0.46256904860422793 0.0007916886132585677
38.86666666666667 0.3779330964813588 0.0007653880534920221
38.9 0.2830470487268815 0.0007305433653095328
38.93333333333333 0.178572870844415 0.0006839475006064077
38.96666666666667 0.07079390029256687 0.0006303470099423419
39.0 -0.03951555822759745 0.0006117935621862206
39.03333333333333 -0.15013960231356624 0.0006679581620433195
39.06666666666667 -0.2506536534635414 0.0007139063695103531
39.1 -0.3512329209871644 0.0007513710767844684
39.13333333333333 -0.4357590017125609 0.0007770375822567788
39.166666666666664 -0.510257735377421 0.000794953220401462
39.2 -0.5747958109486921 0.0008081946340586788
39.233333333333334 -0.6222739827899326 0.0008155130585904002
39.266666666666666 -0.6546533674929849 0.0008197372190539287
39.3 -0.6691352402418717 0.0008208315826422341
39.333333333333336 -0.6665272270644856 0.0008219408384203541
39.36666666666667 -0.6473249623866161 0.0008194183189257354
39.4 -0.6101232207155648 0.0008142946133884443
39.43333333333333 -0.5573306268118445 0.0008085394823649228
39.46666666666667 -0.4883095570231441 0.0007929569211899135
39.5 -0.40867721126275586 0.0007716317325886513
39.53333333333333 -0.316416838846509 0.0007415079969179672
39.56666666666667 -0.21615807558947858 0.0007002409584756508
39.6 -0.11026934960909567 0.0006498656339940512
39.63333333333333 -0.00291420558376588 0.0005896961971591482
39.666666666666664 0.10735481142875171 0.0006472491187071022
39.7 0.2124233111464812 0.000699246207160914
39.733333333333334 0.31088744539887053 0.0007394931854458053
39.766666666666666 0.4022150951034791 0.0007691003135573693
39.8 0.48019664360435854 0.0007929761171361904
39.833333333333336 0.5480045544428941 0.0008071312748852977
39.86666666666667 0.6013373421079908 0.0008194918229895709
39.9 0.6401286079895778 0.0008244751718061716
39.93333333333333 0.6638567699772812 0.0008283063969835025
39.96666666666667 0.6691265271292257 0.0008292743263726976
40.0 0.658952557902307 0.0008301466494305965
40.03333333333333 0.6308960128031461 0.0008294137912973065
40.06666666666667 0.5877477089047977 0.0008189032708418864
40.1 0.5270564294729102 0.000809110504277788
40.13333333333333 0.45517687969257054 0.0007909568322650995
40.166666666666664 0.37036928036709627 0.0007665965477151038
40.2 0.27385831239458724 0.0007303042806992011
40.233333333333334 0.17306773547153073 0.00068260573912865
40.266666666666666 0.0660429485879949 0.0006258586290456697
40.3 -0.040740689072326156 0.0006111473358768049
40.333333333333336 -0.1477352089668346 0.0006677214630884387
40.36666666666667 -0.2503615648401695 0.0007131541782899875
40.4 -0.3455248571480957 0.0007495064614380098
40.43333333333333 -0.43100907027028756 0.0007748870060071411
40.46666666666667 -0.5039444499547473 0.0007958586824716729
40.5 -0.567029038403059 0.0008056655900853249
40.53333333333333 -0.6131519420942914 0.0008136304949687423
40.56666666666667 -0.6458420150605232 0.0008178921210153511
40.6 -0.6600967651668768 0.0008207563353925806
40.63333333333333 -0.657641835351368 0.0008199143080801496
40.666666666666664 -0.637444057923686 0.0008175616644301442
40.7 -0.5994132155270325 0.0008133515211500297
40.733333333333334 -0.5468090800782239 0.0008044903968493777
40.766666666666666 -0.48034218532020445 0.000791656966853238
40.8 -0.39859494547718305 0.0007699434993145293
40.833333333333336 -0.3081459370973626 0.000738039683913283
40.86666666666667 -0.20767047595513316 0.0006970452269004224
40.9 -0.10440213450614617 0.0006466161555840483
40.93333333333333 0.0024880469962752336 0.0005893630349264132
40.96666666666667 0.10625535240350163 0.0006494757557143072
41.0 0.21517641751263475 0.0007007847381445831
41.03333333333333 0.309957028574937 0.000740923600922816
41.06666666666667 0.39991379522967657 0.0007690115321187241
41.1 0.47996324115243055 0.0007929183308250654
41.13333333333333 0.5409857398269184 0.0008078095900321269
41.166666666666664 0.5969688476377343 0.0008182913152868787
41.2 0.6323700702217643 0.0008244167811506387
41.233333333333334 0.6520626934567183 0.0008262552777935639
41.266666666666666 0.6601453736730263 0.0008285945562066521
41.3 0.6481932759423686 0.0008273496005102299
41.333333333333336 0.6212895149980434 0.0008255549590060474
41.36666666666667 0.576801220058488 0.0008171371828128438
41.4 0.5182044398029878 0.0008052196335632811
41.43333333333333 0.4447551516306743 0.0007869766836066105
41.46666666666667 0.3601893635110083 0.0007604865182165299
41.5 0.2649203344834751 0.0007266400961769559
41.53333333333333 0.16165010699696336 0.000680902764661595
41.56666666666667 0.05936611063191498 0.000622322912712088
41.6 -0.04674034306322293 0.0006134305337097065
41.63333333333333 -0.1513336672109265 0.0006689002535884281
41.666666666666664 -0.2514908905177269 0.0007146098673083134
41.7 -0.34667200833748124 0.0007509144059730799
41.733333333333334 -0.42967873631402387 0.000777128679148531
41.766666666666666 -0.50294749507183 0.0007931570519350561
41.8 -0.5627722690920163 0.0008086514603002914
41.833333333333336 -0.6074407404707717 0.0008131917893475782
41.86666666666667 -0.637596025521065 0.0008170033694108181
41.9 -0.6504922450215667 0.000820921255853313
41.93333333333333 -0.6472777828930069 0.0008190691563152441
41.96666666666667 -0.6266934409335253 0.0008172025182181519
42.0 -0.5892543259760784 0.000812963717618409
