0.0 0.0570045671638482 0.0006158300261423569
0.03333333333333333 0.21953240745736416 0.0006981395202355911
0.06666666666666667 0.37661302361779936 0.0007628180337161949
0.1 0.5231941479548913 0.000804511158402077
0.13333333333333333 0.6562700188101901 0.0008278003302946146
0.16666666666666666 0.7739577694288432 0.0008382504480134445
0.2 0.8736902318768281 0.0008342185294688553
0.23333333333333334 0.952178310795769 0.0008241181283186183
0.26666666666666666 1.0104193391751324 0.0008152608192897315
0.3 1.0450747817281436 0.0008116351617750706
0.3333333333333333 1.0574072285856249 0.0008068011641613193
0.36666666666666664 1.0469414319998853 0.000810589023960695
0.4 1.0141939682508136 0.0008167853818525916
0.43333333333333335 0.9536581289225426 0.000827301823236315
0.4666666666666667 0.8681633542187109 0.0008365529162113194
0.5 0.7636991096326989 0.0008387164840468753
0.5333333333333333 0.6382234629671044 0.0008295454519123835
0.5666666666666667 0.4952513810442497 0.0008007129830602255
0.6 0.34084749528819686 0.0007496122482752443
0.6333333333333333 0.17748602565050628 0.0006785688305630255
0.6666666666666666 0.01411533864374549 0.0005931925074813323
0.7 -0.1495543593811393 0.000664458571850407
0.7333333333333333 -0.3095530827978828 0.0007351235031566872
0.7666666666666667 -0.457594499358926 0.0007809736556583236
0.8 -0.59954687470547 0.0008102474954686523
0.8333333333333334 -0.7238392519377402 0.0008226322689107723
0.8666666666666667 -0.8301674239930679 0.0008232166976445132
0.9 -0.9187532501874585 0.0008159145690310732
0.9333333333333333 -0.9853762478980923 0.0008057823273983633
0.9666666666666667 -1.0315351351164996 0.0007973217186960646
1.0 -1.0522285522833714 0.0007920967744587948
1.0333333333333334 -1.0501189982437202 0.0007931792410877936
1.0666666666666667 -1.022572601388748 0.0007992315119724758
1.1 -0.9701287466481934 0.0008083265903239267
1.1333333333333333 -0.8941834355255665 0.0008191368021662759
1.1666666666666667 -0.7892743683349691 0.000826662064547512
1.2 -0.6713303596652115 0.0008237532643005085
1.2333333333333334 -0.5297717682801628 0.0008009421308781128
1.2666666666666666 -0.38008575644521186 0.0007630584636040272
1.3 -0.22253617616012047 0.000700841049002976
1.3333333333333333 -0.05812076185858458 0.0006166768765835037
1.3666666666666667 0.1058188469908625 0.000642005708346105
1.4 0.2661239444616731 0.0007179804575938586
1.4333333333333333 0.41478466207033354 0.0007710915683967756
1.4666666666666666 0.5562840236157139 0.0008148828226267613
1.5 0.6847462181539132 0.0008309715055851985
1.5333333333333334 0.7913939059090681 0.0008369556127735267
1.5666666666666667 0.8818853958697036 0.0008334081659731041
1.6 0.9555586319744837 0.0008276170973159358
1.6333333333333333 1.0044755437012343 0.0008188333060816788
1.6666666666666667 1.0317733541749707 0.0008143381887895096
1.7 1.03512737786903 0.000814731053401907
1.7333333333333334 1.0181830497839655 0.0008203545714706717
1.7666666666666666 0.9739310104268419 0.0008254454985874293
1.8 0.9069653553583716 0.000835506102744743
1.8333333333333333 0.8171463416011101 0.000838688665137366
1.8666666666666667 0.7083916805567954 0.0008415220139140756
1.9 0.58045811620115 0.0008213355178036119
1.9333333333333333 0.43489032110982356 0.0007850905388711582
1.9666666666666666 0.28125100108333473 0.0007301457988982407
2.0 0.11927292428641395 0.0006550563480685889
2.033333333333333 -0.04123909699531702 0.0006065928904505705
2.066666666666667 -0.20377492232221128 0.0006936124230197127
2.1 -0.3568305708521474 0.0007524784129955275
2.1333333333333333 -0.5030927759416172 0.0007958510554806342
2.1666666666666665 -0.6365937887937089 0.0008184802804476199
2.2 -0.7515124059592475 0.0008216623447631077
2.2333333333333334 -0.8486494741602343 0.0008210026366801682
2.2666666666666666 -0.9281129371367864 0.0008135205428114745
2.3 -0.9862441246361774 0.0008051609238654001
2.3333333333333335 -1.0228741025863124 0.0007975061878593426
2.3666666666666667 -1.0337213460423675 0.0007962138610362324
2.4 -1.022459024651011 0.0008017935274786669
2.433333333333333 -0.9873577111800983 0.000807424914842092
2.466666666666667 -0.925202029502601 0.0008159474164902702
2.5 -0.8376708505202446 0.0008259147756840557
2.533333333333333 -0.728302964355095 0.00082515702157826
2.566666666666667 -0.6020946400066329 0.0008151336775135132
2.6 -0.4625000142322016 0.0007881011963060125
2.6333333333333333 -0.3102371396707047 0.0007359869716949685
2.6666666666666665 -0.1535656727501991 0.000668432318287282
2.7 0.009144337055015321 0.0005884282078496544
2.7333333333333334 0.16481565096117481 0.0006770877689303845
2.7666666666666666 0.3231442492457776 0.0007447821270093469
2.8 0.4656792245760738 0.0007914534665515172
2.8333333333333335 0.5994665037338616 0.0008211898592668243
2.8666666666666667 0.7163797317910482 0.0008365253373832093
2.9 0.8173022400190407 0.0008328542167739261
2.933333333333333 0.8967067443097951 0.0008342506944752914
2.966666666666667 0.9604233855643497 0.0008267890341576711
3.0 0.999194695240726 0.0008206980515661488
3.033333333333333 1.015693477836069 0.0008171298008694539
3.066666666666667 1.0100332426498837 0.0008172960900947324
3.1 0.9817610560590961 0.0008240383715113486
3.1333333333333333 0.9297544461868527 0.0008303814682364408
3.1666666666666665 0.8523952828234962 0.0008366121973063523
3.2 0.7544749113284027 0.000836583277431413
3.2333333333333334 0.6378841868337335 0.0008273459082644985
3.2666666666666666 0.5041040070196977 0.0008027896858142647
3.3 0.3569682779618385 0.0007603945657654876
3.3333333333333335 0.19925214094261898 0.0006914954734813794
3.3666666666666667 0.039847299653419564 0.0006106013084146017
3.4 -0.11510064596615543 0.000649236991327462
3.433333333333333 -0.27146869866230106 0.0007220442204792787
3.466666666666667 -0.416488307854519 0.0007725537356866319
3.5 -0.5551255155034787 0.0008051430438312801
3.533333333333333 -0.6788188798800905 0.0008231685374918696
3.566666666666667 -0.7859314390849158 0.0008268955514522114
3.6 -0.873697567770321 0.0008204300323352287
3.6333333333333333 -0.9401394197766655 0.0008141043030522876
3.6666666666666665 -0.9857882998938848 0.0008076532763923172
3.7 -1.009895224507475 0.0008028071769601297
3.7333333333333334 -1.0098448389593802 0.0008025022870263854
3.7666666666666666 -0.987394433395616 0.000806354499223283
3.8 -0.9382847706162646 0.0008144188373080397
3.8333333333333335 -0.8654122256091243 0.0008234484316943513
3.8666666666666667 -0.7672693816173602 0.0008257148522669011
3.9 -0.6531016433924663 0.0008195372884505225
3.933333333333333 -0.5222504526471163 0.0008001323257724735
3.966666666666667 -0.3756867266131139 0.0007582289957745458
4.0 -0.22513465958866014 0.0007017194739820098
4.033333333333333 -0.06960613748097501 0.0006250843439518788
4.066666666666666 0.08928335854483019 0.0006327905077999907
4.1 0.2435251993543356 0.0007096645988364514
4.133333333333334 0.391209005530319 0.0007678077509838399
4.166666666666667 0.5277552742533475 0.000806219842059086
4.2 0.6502504505493941 0.0008279736304412921
4.233333333333333 0.7546851307943713 0.000835794010569213
4.266666666666667 0.8449792512634349 0.0008331667284237065
4.3 0.9137397281477531 0.0008297362112327233
4.333333333333333 0.9645328173337281 0.0008252362960118331
4.366666666666666 0.9917350285037098 0.000821500497292349
4.4 0.9970195858812058 0.000820844817931432
4.433333333333334 0.9797505639485695 0.000824010921203211
4.466666666666667 0.9373627493446817 0.0008297134848743726
4.5 0.8720563619313874 0.0008358067254414792
4.533333333333333 0.7850273551837488 0.0008397058967362092
4.566666666666666 0.6800846492107854 0.0008349469059988346
4.6 0.5574783642868097 0.0008157866255700252
4.633333333333334 0.419520172009736 0.000778810768693794
4.666666666666667 0.2626709028706707 0.0007202203651969219
4.7 0.11114485081506256 0.0006487909544775766
4.733333333333333 -0.04562631970562047 0.0006144616751986923
4.766666666666667 -0.20137667903232734 0.0006909546660174848
4.8 -0.34904096974158144 0.000747561276892017
4.833333333333333 -0.48996332008108684 0.0007949497140761763
4.866666666666666 -0.6161839940705998 0.0008160119884688122
4.9 -0.7280856958225007 0.0008264969675032541
4.933333333333334 -0.8223477368608416 0.0008271160660071608
4.966666666666667 -0.8981521893647947 0.0008191025770594162
5.0 -0.9517153966886223 0.0008124075195582448
5.033333333333333 -0.9845047499781072 0.0008059724836262383
5.066666666666666 -0.9944287253998925 0.0008047111147866381
5.1 -0.9813897060469318 0.0008060626188692854
5.133333333333334 -0.9427062186823241 0.0008134038637077623
5.166666666666667 -0.8794128563736602 0.000822113402776603
5.2 -0.7943082449975926 0.000827088170030299
5.233333333333333 -0.688645819077821 0.0008253149496999512
5.266666666666667 -0.5654035562628912 0.0008104801241000104
5.3 -0.4268962889591787 0.0007777378593339379
5.333333333333333 -0.28018919994663144 0.0007255529800265226
5.366666666666666 -0.12373835675815587 0.0006557776534327903
5.4 0.02926910083685738 0.0006041958497710574
5.433333333333334 0.1803189069418195 0.0006886650272601436
5.466666666666667 0.32999864439978416 0.000754849502388466
5.5 0.4705597356172469 0.000793458896935384
5.533333333333333 0.5947965503554451 0.0008212096904045563
5.566666666666666 0.7050418025965086 0.0008337925112538169
5.6 0.7990307780115266 0.00083791065683958
5.633333333333334 0.8762146552599812 0.0008352229373322917
5.666666666666667 0.9330228064375716 0.0008291691953443703
5.7 0.9651808767536784 0.0008243494450390632
5.733333333333333 0.9783715356664507 0.000822985664366338
5.766666666666667 0.9689759364936792 0.0008228805852583676
5.8 0.936123624971045 0.0008287185177382472
5.833333333333333 0.879918993791074 0.0008348853396535905
5.866666666666666 0.802035370500368 0.0008384784300394799
5.9 0.7037553946267506 0.0008352830534625877
5.933333333333334 0.5866009822360397 0.000820376988407423
5.966666666666667 0.4534221851070998 0.0007908812473315652
6.0 0.30892159047002216 0.0007426981286722811
6.033333333333333 0.1583982013897934 0.0006736415827453823
6.066666666666666 0.006982113602977197 0.0005910591206621796
6.1 -0.144973019928015 0.0006668744901303092
6.133333333333334 -0.2974830783611321 0.0007326734895502507
6.166666666666667 -0.43946791394132945 0.0007789697231564419
6.2 -0.5658379031604738 0.0008069122961463782
6.233333333333333 -0.6809085312389193 0.0008198102246286254
6.266666666666667 -0.7793223390706729 0.0008239277184245442
6.3 -0.8596155571487732 0.0008209881460345958
6.333333333333333 -0.9192131582080306 0.0008153988986749905
6.366666666666666 -0.9572592365010222 0.0008107994610486724
6.4 -0.9734514581652177 0.0008087217302050753
6.433333333333334 -0.9672579126515759 0.0008100001002088186
6.466666666666667 -0.9377238146001127 0.0008150037252379061
6.5 -0.8820511117898434 0.0008228523005306965
6.533333333333333 -0.805935398736103 0.0008258081208738499
6.566666666666666 -0.7035545633234188 0.0008258856406172521
6.6 -0.5877254816374573 0.0008156561495482606
6.633333333333334 -0.4573305473818019 0.0007879874655383756
6.666666666666667 -0.3140706603355332 0.0007397815404267538
6.7 -0.16334777658148444 0.0006775708970534478
6.733333333333333 -0.01087634529791445 0.000596683150768846
6.766666666666667 0.14020997551725753 0.0006665195566439852
6.8 0.2873593153849638 0.0007329007235756801
6.833333333333333 0.4296701192898531 0.0007823663009047799
6.866666666666666 0.5552160504291748 0.000811002566486696
6.9 0.6688619616159143 0.0008285249518508175
6.933333333333334 0.7648273539467759 0.0008340116488818605
6.966666666666667 0.84322915827664 0.0008328989923134245
7.0 0.9035609516174148 0.000829929994570211
7.033333333333333 0.9409657838682891 0.0008243314503124655
7.066666666666666 0.9587590384611 0.0008246257638652166
7.1 0.9556897757067624 0.0008259511878387915
7.133333333333334 0.9285429148132269 0.0008298330327136672
7.166666666666667 0.8777465685934315 0.0008351956777077341
7.2 0.8053290940665635 0.000839245047403292
7.233333333333333 0.7119858060962619 0.0008369615223136062
7.266666666666667 0.6022006846583384 0.0008232422137808282
7.3 0.4737124920895786 0.0007965538170571773
7.333333333333333 0.3347768978334465 0.000753444835566941
7.366666666666666 0.18488131793058268 0.0006853867810800995
7.4 0.03826550972542433 0.0006086115357489402
7.433333333333334 -0.1133344275260658 0.0006504971944107929
7.466666666666667 -0.2594515318500487 0.0007176018296978226
7.5 -0.3999064502691285 0.0007706021709846245
7.533333333333333 -0.5317219908411517 0.0008021864596832184
7.566666666666666 -0.6473978874678128 0.0008181997079967918
7.6 -0.7462630450632357 0.0008252185173538429
7.633333333333334 -0.8314938469336214 0.0008234058874349026
7.666666666666667 -0.8926492181716207 0.0008195625701501452
7.7 -0.9344013525694383 0.0008142091539576901
7.733333333333333 -0.9536553552524895 0.0008128748294958799
7.766666666666667 -0.9518509724905083 0.0008121356102405164
7.8 -0.925979378601712 0.0008145498190132994
7.833333333333333 -0.8743879761496559 0.0008206975646083414
7.866666666666666 -0.8032540850397465 0.0008259902415236331
7.9 -0.7087300521897388 0.0008258005934779211
7.933333333333334 -0.5993806449941912 0.000814740875162423
7.966666666666667 -0.4707796291383838 0.0007915607838774874
8.0 -0.33416209129718705 0.0007512647877677692
8.033333333333333 -0.18595683751657763 0.0006851204903923491
8.066666666666666 -0.03679727949749556 0.0006115174361747203
8.1 0.11386268584419865 0.0006505168173648879
8.133333333333333 0.2589536299460101 0.000720975138732427
8.166666666666666 0.4001242033510287 0.0007761756983562518
8.2 0.5243241985836125 0.0008067338811972302
8.233333333333333 0.638776319663152 0.0008260451885571118
8.266666666666667 0.7369008715653388 0.0008377210211937269
8.3 0.8161108243599051 0.0008357665140775739
8.333333333333334 0.8797178923522243 0.0008348940087508083
8.366666666666667 0.9195032184483092 0.0008333453551585546
8.4 0.9401508704444529 0.0008312819582765307
8.433333333333334 0.9391239240991021 0.0008302775011010954
8.466666666666667 0.9172909241294307 0.0008318960374589235
8.5 0.8695165156896824 0.0008364508447610275
8.533333333333333 0.7996867667275738 0.0008385289435292043
8.566666666666666 0.7136622630063582 0.0008338972983644721
8.6 0.606936708822346 0.0008254064086752333
8.633333333333333 0.48589388859353944 0.0008008909772629913
8.666666666666666 0.3495946767076206 0.0007598206347710912
8.7 0.20322007306765605 0.0006944612118181259
8.733333333333333 0.054973726821150655 0.0006204793518414867
8.766666666666667 -0.09472633805881524 0.0006374117565034199
8.8 -0.24350502291098902 0.0007094591745902823
8.833333333333334 -0.3787227418779682 0.000763431100963885
8.866666666666667 -0.506859197299806 0.0007976355672487667
8.9 -0.6212207336077067 0.0008158637567784455
8.933333333333334 -0.7234530840269416 0.0008232607849049112
8.966666666666667 -0.8058901811285086 0.0008245339223188486
9.0 -0.867319393573902 0.0008222127925915368
9.033333333333333 -0.9121171616989437 0.000817085271565543
9.066666666666666 -0.9341740437151747 0.0008151216535792205
9.1 -0.9340969433986562 0.0008150871845860053
9.133333333333333 -0.909885516336847 0.0008193643515894689
9.166666666666666 -0.8626837649674617 0.0008250538178224964
9.2 -0.7928113926562611 0.0008283413017681207
9.233333333333333 -0.7037306436961585 0.0008286425967344302
9.266666666666667 -0.5960080006559273 0.0008175238372770677
9.3 -0.47355423920438977 0.0007947343037492116
9.333333333333334 -0.3348761749442753 0.0007494836364059232
9.366666666666667 -0.19375916342916827 0.0006871912562147198
9.4 -0.0474663515680847 0.0006168264801991938
9.433333333333334 0.10143299139989281 0.0006415744524558009
9.466666666666667 0.24487287341332217 0.000712733673395971
9.5 0.3817013449131222 0.0007671399560412739
9.533333333333333 0.5080170770908526 0.0008049714390933049
9.566666666666666 0.6211828545569611 0.0008236548827578183
9.6 0.7202289861380278 0.0008335705172233254
9.633333333333333 0.799872340840497 0.0008354613183368942
9.666666666666666 0.8606568023792621 0.0008339559950627518
9.7 0.90234859592728 0.0008326017239836947
9.733333333333333 0.9227263315630551 0.0008309756950302116
9.766666666666667 0.9229720419580403 0.0008315152083165911
9.8 0.9020468859121088 0.0008342042936005933
9.833333333333334 0.8551713097967465 0.0008393502557162424
9.866666666666667 0.790500266848687 0.0008393649277363968
9.9 0.7035126946227915 0.0008378462376640305
9.933333333333334 0.5993078252375487 0.0008249324184870233
9.966666666666667 0.47992140238114894 0.0008003832296338276
10.0 0.347788009369454 0.0007580872046099585
10.033333333333333 0.20396504905613397 0.0006946990602091085
10.066666666666666 0.06051068510523058 0.0006226671219217716
10.1 -0.08732922877658299 0.0006374707503840754
10.133333333333333 -0.23204277908589113 0.0007061926290711784
10.166666666666666 -0.36919842245765827 0.0007584873110322854
10.2 -0.4941932862333728 0.0007938537108321819
10.233333333333333 -0.6111608717204604 0.0008156839901832802
10.266666666666667 -0.7071975347381624 0.0008249924766057237
10.3 -0.7912384211699933 0.000825680086439684
10.333333333333334 -0.855385430801996 0.0008224318174558931
10.366666666666667 -0.8976935189093561 0.0008194498440766695
10.4 -0.9189217850775174 0.0008172876691080466
10.433333333333334 -0.9193941865391828 0.0008173283992506386
10.466666666666667 -0.8957612129209205 0.0008209016590173812
10.5 -0.8486703307332398 0.0008252119214975373
10.533333333333333 -0.779419121890973 0.0008300869345578832
10.566666666666666 -0.691065480318882 0.0008266665757330482
10.6 -0.5873267118956942 0.0008135698240737677
10.633333333333333 -0.4625533172050886 0.0007879634842701266
10.666666666666666 -0.32698873105016346 0.000744457658331088
10.7 -0.19116713086884543 0.0006876380574115104
10.733333333333333 -0.04459921010794397 0.0006148355241608616
10.766666666666667 0.09979706537076669 0.0006459467455888906
10.8 0.24420681551967005 0.0007142180427789913
10.833333333333334 0.3768621078083715 0.0007667323383042102
10.866666666666667 0.5006242871908029 0.0007999673856056155
10.9 0.6121510948748241 0.0008210712322413993
10.933333333333334 0.705825424023724 0.0008314321710740646
10.966666666666667 0.786831555212929 0.0008346149825785298
11.0 0.8475524039189815 0.0008327114693399418
11.033333333333333 0.8867746775360512 0.0008303093942028106
11.066666666666666 0.9074691885575359 0.0008310161208709976
11.1 0.9071223475945868 0.0008319676593411263
11.133333333333333 0.882882736139399 0.0008338998076157234
11.166666666666666 0.8375975314828927 0.0008375526602319994
11.2 0.7718598926340584 0.0008393514148394843
11.233333333333333 0.6851975014433729 0.0008337075424332818
11.266666666666667 0.5822664793211711 0.0008217655768476551
11.3 0.4626495107310911 0.0007941374357418596
11.333333333333334 0.33424706792090914 0.0007549380459710986
11.366666666666667 0.19159413224417673 0.000691564844231829
11.4 0.05011359915764752 0.0006169537725509711
11.433333333333334 -0.09388529801692892 0.0006405877391658515
11.466666666666667 -0.23441839777125995 0.000708527111361934
11.5 -0.36956295811864237 0.000758487759386417
11.533333333333333 -0.49034493584051025 0.0007952710052826495
11.566666666666666 -0.6029596378131891 0.0008149841670921365
11.6 -0.7016059513497447 0.0008223989185622838
11.633333333333333 -0.7812350353652651 0.0008255647789250364
11.666666666666666 -0.842057480873862 0.0008236123709499665
11.7 -0.8824744967699734 0.0008196964483598856
11.733333333333333 -0.9030371683651045 0.000818757598437414
11.766666666666667 -0.9009538483336925 0.0008180764633359816
11.8 -0.8759064072842639 0.0008207502272318257
11.833333333333334 -0.829338743040527 0.0008245403790962946
11.866666666666667 -0.7641059055674597 0.000829084955495607
11.9 -0.6725138412951438 0.0008234473300875456
11.933333333333334 -0.5654487912810318 0.0008095024510880178
11.966666666666667 -0.4465828871927498 0.0007863430706131491
12.0 -0.3130768013192096 0.0007395028847487772
12.033333333333333 -0.17188926437304067 0.0006816926725890515
12.066666666666666 -0.032524072395112846 0.0006075984119070579
12.1 0.10984115974631936 0.0006501169627952108
12.133333333333333 0.24721574522815895 0.0007149143759967169
12.166666666666666 0.3819559540728366 0.0007672629469145931
12.2 0.5019193673067208 0.0008024903682068985
12.233333333333333 0.6105175033607604 0.000824637043587706
12.266666666666667 0.7025305437643928 0.0008344261470737413
12.3 0.7788991464924724 0.0008381921687307115
12.333333333333334 0.8364789509623756 0.0008371430027642734
12.366666666666667 0.8745091272361359 0.0008364046083373378
12.4 0.8917946993332652 0.0008355290593043962
12.433333333333334 0.8884659624715204 0.0008345848675435086
12.466666666666667 0.8651974485928259 0.0008369374868221202
12.5 0.8197738366773701 0.0008372868878440132
12.533333333333333 0.7520873867158705 0.000836690315705213
12.566666666666666 0.6650130230865758 0.0008313873080345591
12.6 0.5611903653166045 0.0008154591496579711
12.633333333333333 0.44315637572868505 0.0007879473807530513
12.666666666666666 0.31186062736756076 0.0007446231343238852
12.7 0.17511743401316743 0.000685152927045185
12.733333333333333 0.03360541514070219 0.0006080934616481334
12.766666666666667 -0.10610377748659792 0.0006480895805957565
12.8 -0.24660469874036256 0.0007112465948093394
12.833333333333334 -0.37469936732986786 0.0007620720647210089
12.866666666666667 -0.4952043250823274 0.0007961411813791619
12.9 -0.6029605371542062 0.0008142711716385698
12.933333333333334 -0.6967638424094764 0.0008274238640073595
12.966666666666667 -0.7727644006184469 0.0008291461996536853
13.0 -0.8313508763753544 0.0008271682967651017
13.033333333333333 -0.86981576984291 0.0008256330028700853
13.066666666666666 -0.8866740233835538 0.0008233464792384293
13.1 -0.8819686079082663 0.0008231626050418939
13.133333333333333 -0.8560620492120715 0.0008257333226321384
13.166666666666666 -0.8055687461260156 0.0008261887966271031
13.2 -0.7349776651094199 0.0008289493345751131
13.233333333333333 -0.6449703291935451 0.0008206751227813891
13.266666666666667 -0.5394520465646522 0.0008055824950500279
13.3 -0.4184091585438596 0.000775566252135873
13.333333333333334 -0.28747098214554156 0.0007304545029758192
13.366666666666667 -0.14942030295283615 0.0006692299841846161
13.4 -0.009410798130813133 0.0005949602871721908
13.433333333333334 0.12795519369257619 0.0006632965221158582
13.466666666666667 0.26196496872337843 0.0007250208186954654
13.5 0.3940356346970495 0.0007727727287273334
13.533333333333333 0.5109661479003085 0.0008073532804270256
13.566666666666666 0.6129701856709967 0.0008250348396769969
13.6 0.7030321246164094 0.0008345100372225689
13.633333333333333 0.7754314386153184 0.0008368659214089691
13.666666666666666 0.8282618061627834 0.0008360896934074269
13.7 0.8615278666195738 0.0008372986370600577
13.733333333333333 0.8768872092954405 0.0008366964410938538
13.766666666666667 0.8705442373586865 0.0008365285016709301
13.8 0.8416569428695917 0.0008390112908674974
13.833333333333334 0.7931051192242227 0.000838897166785979
13.866666666666667 0.7241430616022326 0.0008390103353761447
13.9 0.6328853789924147 0.0008294687567689252
13.933333333333334 0.5296451259038286 0.0008106844010401515
13.966666666666667 0.409101485871851 0.0007795394387918875
14.0 0.2815761587672421 0.0007337266848059243
14.033333333333333 0.14516747040276679 0.0006698034262716812
14.066666666666666 0.007058036503773277 0.0005947000148558207
14.1 -0.13100948186996697 0.0006623805622927026
14.133333333333333 -0.26485036655394567 0.0007229260641773982
14.166666666666666 -0.39392906271334077 0.0007681785096460003
14.2 -0.5104806575942047 0.0007976027860169266
14.233333333333333 -0.6148073777031089 0.0008154539119675785
14.266666666666667 -0.7028470809191559 0.0008242014466475212
14.3 -0.7734128685616954 0.0008262389290197847
14.333333333333334 -0.8281794842014963 0.0008208520306811629
14.366666666666667 -0.8610004921367683 0.0008218803603157188
14.4 -0.8725158483689285 0.0008214640120647321
14.433333333333334 -0.8638465973170785 0.0008231765983540695
14.466666666666667 -0.8328887829964279 0.0008252050422524748
14.5 -0.7799538744076114 0.000824365669833016
14.533333333333333 -0.7064156383578255 0.0008250759534950136
14.566666666666666 -0.6134168934233297 0.0008173870539003314
14.6 -0.5033485519909341 0.0007961100729172443
14.633333333333333 -0.3804282156955617 0.0007633152978503421
14.666666666666666 -0.2479889499851373 0.000715446030790351
14.7 -0.11429021348993959 0.0006512298486898438
14.733333333333333 0.020766872264829133 0.0006037864392298073
14.766666666666667 0.16033943825707847 0.0006763136925225233
14.8 0.2912723240823171 0.0007362767437398832
14.833333333333334 0.41536041274424895 0.0007798305949947015
14.866666666666667 0.5275634107512852 0.000810345496771725
14.9 0.6266767906174442 0.0008281536195046124
14.933333333333334 0.7106900914321937 0.0008370517207701988
14.966666666666667 0.7772297873322627 0.0008411308213031043
15.0 0.8245537101791642 0.0008393793731729104
15.033333333333333 0.8530983255956205 0.000838313005142699
15.066666666666666 0.8614892545015014 0.0008377450455718805
15.1 0.8495049606131861 0.0008376814620721929
15.133333333333333 0.8181252943499261 0.0008383108441892828
15.166666666666666 0.7651651761156644 0.0008386221813956318
15.2 0.691978294236808 0.0008340407521553184
15.233333333333333 0.5990709013777897 0.0008228552122281352
15.266666666666667 0.49159924903818925 0.0007998214202387111
15.3 0.37263254267670404 0.0007663041057592301
15.333333333333334 0.24266584245293962 0.0007136434645242662
15.366666666666667 0.10814619283426191 0.0006494159034595853
15.4 -0.029025216104435415 0.0006046452006699433
15.433333333333334 -0.16426464802852572 0.000677874968045028
15.466666666666667 -0.2958826324123254 0.0007339994792730509
15.5 -0.4223530281609575 0.0007783990335568092
15.533333333333333 -0.5326606455622918 0.0008037727409434536
15.566666666666666 -0.6311638416346018 0.0008163440709968439
15.6 -0.7113815446870596 0.0008226901335509629
15.633333333333333 -0.7782647305667588 0.0008258162195032837
15.666666666666666 -0.824107615309669 0.0008250935963624029
15.7 -0.85148783491453 0.0008251165390267268
15.733333333333333 -0.8577452000891607 0.0008253210376116815
15.766666666666667 -0.8426885974242062 0.0008248510493833461
15.8 -0.8071010450667379 0.0008264309622567634
15.833333333333334 -0.7479097439895049 0.0008274920555824128
15.866666666666667 -0.6680551546165631 0.0008236215854035001
15.9 -0.573761544996682 0.0008110914337859931
15.933333333333334 -0.46740202365250105 0.0007894063217807612
15.966666666666667 -0.3412442559657862 0.000751966859776465
16.0 -0.21112570870218053 0.0006989800351478448
16.033333333333335 -0.07625357623266059 0.0006329569234292814
16.066666666666666 0.06013181636601967 0.0006253761954169712
16.1 0.19384733437145554 0.0006929269058206511
16.133333333333333 0.32536634361937256 0.0007512663715058543
16.166666666666668 0.4435751611475447 0.0007893885232327369
16.2 0.5493244173465254 0.0008137224067303883
16.233333333333334 0.6422787228041388 0.00083070112227146
16.266666666666666 0.7211003184777681 0.0008366702152600158
16.3 0.7814619031683472 0.0008389091892390121
16.333333333333332 0.823542240967336 0.0008383170942168894
16.366666666666667 0.8450498836492029 0.0008371575845737
16.4 0.8474654908202625 0.0008376134723397932
16.433333333333334 0.8303953772934154 0.0008384176962487055
16.466666666666665 0.7922222702772691 0.0008386536825735202
16.5 0.7341449974884836 0.0008378089569632818
16.533333333333335 0.6544865851900094 0.0008318187662733623
16.566666666666666 0.5607236610305263 0.0008197704300233477
16.6 0.4503776007192841 0.0007927751658177162
16.633333333333333 0.3282177896966127 0.0007518660582016556
16.666666666666668 0.19717933603506343 0.000696258640079328
16.7 0.06515500673186253 0.0006271335419371638
16.733333333333334 -0.07087600151515344 0.0006293101828012265
16.766666666666666 -0.2016894521663933 0.0006939685496893944
16.8 -0.32968276840286115 0.0007457803897600312
16.833333333333332 -0.4501193838260903 0.0007829312961350476
16.866666666666667 -0.5539908653234077 0.0008080350401710179
16.9 -0.6463933566162111 0.0008225715054565041
16.933333333333334 -0.7226616464315264 0.0008263355156017393
16.966666666666665 -0.780478238349232 0.000827271138631569
17.0 -0.8206681328882868 0.0008256345970201195
17.033333333333335 -0.8405011420086123 0.0008265622955326846
17.066666666666666 -0.8402113979055409 0.0008266503645771861
17.1 -0.8187219981212992 0.0008255443287386033
17.133333333333333 -0.7753866437122747 0.0008267607806801136
17.166666666666668 -0.7093021275887318 0.0008257400283788741
17.2 -0.6249736151183062 0.0008190651217578893
17.233333333333334 -0.5273851880093661 0.0008043350399877802
17.266666666666666 -0.41334818463958545 0.0007741830521560411
17.3 -0.2887224419768862 0.0007313133572177111
17.333333333333332 -0.15898922529982268 0.0006749184262834773
17.366666666666667 -0.025103171334542478 0.0006032739711154984
17.4 0.10676139459137422 0.0006491368020609262
17.433333333333334 0.2369794881105853 0.0007129212128167139
17.466666666666665 0.3586570484211536 0.0007616313102841721
17.5 0.47551451253038646 0.0007955509160301188
17.533333333333335 0.5748003610420233 0.0008182632757762764
17.566666666666666 0.6638406651699977 0.0008304505004526064
17.6 0.733537825683603 0.0008369344557769276
17.633333333333333 0.7860124603327169 0.0008400559549136544
17.666666666666668 0.8228785209688343 0.000837648899168042
17.7 0.8349361143444787 0.0008402279410674174
17.733333333333334 0.8308137064834757 0.0008381893718154565
17.766666666666666 0.8046007812387289 0.0008391622572829771
17.8 0.7587487672740332 0.0008385666328598607
17.833333333333332 0.6907999921008209 0.0008364835957700434
17.866666666666667 0.6086786760590591 0.0008245722636622821
17.9 0.5062079081934655 0.0008072146408416581
17.933333333333334 0.3974482681304872 0.0007744684585173078
17.966666666666665 0.27021122587102053 0.0007288664708452464
18.0 0.14078143595123055 0.0006680468436441878
18.033333333333335 0.006597829857734691 0.0005940023482504057
18.066666666666666 -0.12208680874621003 0.0006567847973135976
18.1 -0.2503432875669441 0.0007161540756104867
18.133333333333333 -0.37330002307588467 0.0007634998273997606
18.166666666666668 -0.48654794402019774 0.0007931216655752138
18.2 -0.5852799318199602 0.0008156020813609999
18.233333333333334 -0.669813471236457 0.0008236832052456178
18.266666666666666 -0.7380631227764628 0.0008266763114611608
18.3 -0.7882148467679172 0.0008291685964216811
18.333333333333332 -0.8187794200989512 0.0008289482928606207
18.366666666666667 -0.8304041895808091 0.0008273922331868411
18.4 -0.8206984673841798 0.0008271359718439175
18.433333333333334 -0.7889231344809239 0.0008288091839379064
18.466666666666665 -0.7384075851688838 0.0008268132113987692
18.5 -0.6652827127298505 0.0008216936334461966
18.533333333333335 -0.5774521281500611 0.0008135633175009316
18.566666666666666 -0.4767481666638307 0.00079166297607558
18.6 -0.3572392783240072 0.0007570275456991182
18.633333333333333 -0.2321181351455257 0.0007073559248545191
18.666666666666668 -0.0994910438832927 0.0006451571253247856
18.7 0.03154094426122516 0.0006069446941145765
18.733333333333334 0.16063038365232213 0.000677977162916843
18.766666666666666 0.28463774889956445 0.0007356291763979117
18.8 0.4039028448440461 0.0007747892328098249
18.833333333333332 0.5117584880660976 0.000804843325931337
18.866666666666667 0.606567270372278 0.0008230613403971132
18.9 0.6830203690276224 0.0008316955948023397
18.933333333333334 0.7453174252844088 0.0008354015144046434
18.966666666666665 0.7896100089461795 0.0008368931264247648
19.0 0.8145740169793111 0.0008373285397280661
19.033333333333335 0.8201679397310895 0.0008352545969059211
19.066666666666666 0.8048657009107216 0.0008339144311345636
19.1 0.7737254549306771 0.0008358302438399301
19.133333333333333 0.7178516681906185 0.0008358651555210317
19.166666666666668 0.6451027330650297 0.0008275883299440068
19.2 0.5562689361908734 0.0008135675747936721
19.233333333333334 0.45065482561507525 0.0007873359085092124
19.266666666666666 0.33732663757445486 0.00075445084719028
19.3 0.2114809024925261 0.0007023451106827061
19.333333333333332 0.08161557424410562 0.0006323210748323538
19.366666666666667 -0.04996352745412116 0.0006134083535997287
19.4 -0.1765749009868354 0.0006808226001465689
19.433333333333334 -0.299319042931639 0.0007336319155976101
19.466666666666665 -0.41538733748308665 0.0007712584139887846
19.5 -0.5258392228306698 0.0007956158931772261
19.533333333333335 -0.6163824207179486 0.0008123295843611711
19.566666666666666 -0.6913820417848516 0.0008210169616501561
19.6 -0.7495774164919355 0.0008252098141344755
19.633333333333333 -0.7889552257281115 0.0008255897159215042
19.666666666666668 -0.8113751217442196 0.0008258363333386587
19.7 -0.8142120854525934 0.0008261415224132262
19.733333333333334 -0.7945930146333381 0.0008277578527974283
19.766666666666666 -0.7549175492917712 0.0008283338116655825
19.8 -0.693941609203687 0.0008264883255791888
19.833333333333332 -0.6138109315431849 0.0008176393451498898
19.866666666666667 -0.5193393496447025 0.0008026539953089884
19.9 -0.41139539652749946 0.000774414234803178
19.933333333333334 -0.2935255652819808 0.0007337605553510707
19.966666666666665 -0.16768420588208685 0.0006797804952825282
20.0 -0.03579245170705744 0.000609015305571392
20.033333333333335 0.08970784792573751 0.0006433340083194239
20.066666666666666 0.21953744486529764 0.0007034199830328602
20.1 0.3389980938356604 0.0007530708069847236
20.133333333333333 0.45028282265846375 0.000789752203850802
20.166666666666668 0.5503131278913908 0.0008096417263964151
20.2 0.6371114539805958 0.0008258228535555912
20.233333333333334 0.7070198814836283 0.0008325911046263013
20.266666666666666 0.7586922084857638 0.0008346325268947519
20.3 0.7928823208659386 0.0008373923848576936
20.333333333333332 0.8068432644978167 0.0008360576114524454
20.366666666666667 0.8034666632614448 0.0008351647418651797
20.4 0.7802644246070602 0.0008376995073844373
20.433333333333334 0.73786334693439 0.0008369866319694053
20.466666666666665 0.673904895794578 0.0008326572068382276
20.5 0.5924001544183343 0.0008227518638195264
20.533333333333335 0.49864859256980054 0.0008001017078728134
20.566666666666666 0.3878734775028409 0.0007711214210177619
20.6 0.2697450209180293 0.0007252219737677867
20.633333333333333 0.14390861414140466 0.0006686207543704914
20.666666666666668 0.016397128966643606 0.0005985609481884355
20.7 -0.11259116234555985 0.000650804306052119
20.733333333333334 -0.23817902607738267 0.0007099066455557301
20.766666666666666 -0.35484276402622156 0.0007544731333670729
20.8 -0.4667027777537619 0.0007880915556557344
20.833333333333332 -0.5638606500130714 0.0008074113546684414
20.866666666666667 -0.6459347826737244 0.0008179538346644311
20.9 -0.7109942858863507 0.0008227448909079449
20.933333333333334 -0.7614860157891087 0.000824473661579006
20.966666666666665 -0.790079080045606 0.0008248705089176633
21.0 -0.8006880225019383 0.0008245817336726136
21.033333333333335 -0.790482684688199 0.0008248572779029351
21.066666666666666 -0.7636595988577987 0.0008245680532643629
21.1 -0.7117838597736212 0.0008236169161176532
21.133333333333333 -0.6441602268953026 0.0008186862798271743
21.166666666666668 -0.5592374988453187 0.0008068936537787286
21.2 -0.4580518981490103 0.000785916803796749
21.233333333333334 -0.34420602015515195 0.0007510554808798364
21.266666666666666 -0.2224358408377299 0.0007021313611202951
21.3 -0.09361462454621802 0.0006392179971301121
21.333333333333332 0.0333643478696014 0.0006069589694020841
21.366666666666667 0.1581224159605335 0.0006715230370035741
21.4 0.2800260213931121 0.0007286006184998861
21.433333333333334 0.3944109439899262 0.0007632631022593817
21.466666666666665 0.49668806621003453 0.0007984336405392756
21.5 0.5871481110152621 0.0008175431979958736
21.533333333333335 0.6652713096493635 0.0008259320148106264
21.566666666666666 0.7241791698399831 0.0008301279020049845
21.6 0.7656942495589301 0.0008326520791556158
21.633333333333333 0.7879936584632284 0.0008339173559260837
21.666666666666668 0.7943207483266843 0.0008350986400025295
21.7 0.7797722933792013 0.0008353289303675293
21.733333333333334 0.7461555453393915 0.000834239034829154
21.766666666666666 0.6938354448573393 0.0008314553475974318
21.8 0.6216442854362181 0.0008247631592626092
21.833333333333332 0.5343705009793006 0.0008096795855823125
21.866666666666667 0.43172455818492905 0.0007846837201945789
21.9 0.31763069203182337 0.0007456253193587337
21.933333333333334 0.1962119907806522 0.0006953374000094881
21.966666666666665 0.07172836232061847 0.0006314385210886148
22.0 -0.05645872748637293 0.0006237262087697704
22.033333333333335 -0.18111006502401583 0.0006859989251274679
22.066666666666666 -0.2994667281880679 0.0007348592901155748
22.1 -0.40933054573180677 0.000771165722304179
22.133333333333333 -0.5137230759541215 0.0007987198731094214
22.166666666666668 -0.6005708148477085 0.0008140518202413016
22.2 -0.6743993451623568 0.0008214626998324093
22.233333333333334 -0.7301002229657978 0.0008239487978675131
22.266666666666666 -0.7667942578832369 0.0008248090376203887
22.3 -0.7845460923315336 0.0008268360023608867
22.333333333333332 -0.7845989364475078 0.0008269797786375488
22.366666666666667 -0.7652160913383137 0.0008256905076434728
22.4 -0.7244360808060828 0.0008248914085903225
22.433333333333334 -0.6651347923842231 0.0008227499789044135
22.466666666666665 -0.5868455776611929 0.0008135300350089469
22.5 -0.4903500588186063 0.0007967947750657234
22.533333333333335 -0.38544750362919555 0.0007664447556357534
22.566666666666666 -0.2674755257372293 0.0007247802606209497
22.6 -0.14642622465068703 0.0006677608158888737
22.633333333333333 -0.017770409238540133 0.0006015874691282785
22.666666666666668 0.10764963884030998 0.0006502661642708574
22.7 0.22750433259767175 0.000708237568143949
22.733333333333334 0.34178497952958564 0.0007548372528911607
22.766666666666666 0.451086817998106 0.0007877769512909527
22.8 0.5433154431602092 0.0008104556400226892
22.833333333333332 0.6260516771276992 0.000823607477544952
22.866666666666667 0.6918363877219054 0.0008323848544492529
22.9 0.7391106066659705 0.000833324147099912
22.933333333333334 0.7693914368893663 0.0008342458263199681
22.966666666666665 0.782433195121589 0.0008347869601570412
23.0 0.7748670793604749 0.0008358295707083796
23.033333333333335 0.7483284100166031 0.0008352368132782395
23.066666666666666 0.7039775795794675 0.0008328032589587364
23.1 0.6414378758495112 0.0008282343885802623
23.133333333333333 0.5610098088186886 0.000816134523744183
23.166666666666668 0.4637098202922923 0.0007921939249356802
23.2 0.3569415663135645 0.0007612429693996114
23.233333333333334 0.238018123331055 0.0007139439395167646
23.266666666666666 0.11417463960092344 0.0006534990109876015
23.3 -0.008463968295228576 0.000597110841041781
23.333333333333332 -0.13055720521509834 0.0006605220751345064
23.366666666666667 -0.24983028496419185 0.0007150266804751837
23.4 -0.3652359524792218 0.0007584740193891659
23.433333333333334 -0.4705027859286663 0.0007878035488254054
23.466666666666665 -0.5610782949132925 0.0008066773185291254
23.5 -0.6410875602924245 0.0008186949961211942
23.533333333333335 -0.7005209142148678 0.0008220781927629206
23.566666666666666 -0.7458297073831713 0.0008285319322350881
23.6 -0.771580056426746 0.0008266042975948462
23.633333333333333 -0.7778186671512344 0.0008265138085655765
23.666666666666668 -0.7642727487889015 0.0008270324941008766
23.7 -0.7332076215397437 0.0008270354157309256
23.733333333333334 -0.6781406028765593 0.000824893509091762
23.766666666666666 -0.6074683920329462 0.0008151355030190377
23.8 -0.5201931473948775 0.0008001985986706428
23.833333333333332 -0.4174523759291522 0.00077378087261043
23.866666666666667 -0.3029806679751804 0.0007360131655564928
23.9 -0.18839263239509899 0.0006883592224027346
23.933333333333334 -0.06335072968537984 0.0006247197991357673
23.966666666666665 0.06024026540513053 0.0006240045763415344
24.0 0.18160307379225327 0.0006873431580119438
24.033333333333335 0.2972544786443423 0.000738808867788876
24.066666666666666 0.40785644416086675 0.0007772452739802649
24.1 0.5030731958276382 0.0008014315934208316
24.133333333333333 0.5900133425375456 0.000819437290466074
24.166666666666668 0.6617573872939371 0.0008280603798528352
24.2 0.7129517132652813 0.0008346324473369471
24.233333333333334 0.750371750829707 0.0008373343469074701
24.266666666666666 0.7687737884525292 0.0008369983326367292
24.3 0.7685420361118287 0.0008371125413337843
24.333333333333332 0.7496492232242615 0.0008362724617076989
24.366666666666667 0.711557900876603 0.0008354181739607114
24.4 0.656505627844677 0.0008298499494131528
24.433333333333334 0.5824634382142427 0.0008192257152971338
24.466666666666665 0.4922303447953556 0.0008001703063414967
24.5 0.3902273700177881 0.0007712492863943821
24.533333333333335 0.2779937238975932 0.0007304814113334168
24.566666666666666 0.15690103612637088 0.0006760118370137957
24.6 0.03300744887699958 0.0006104533619667799
24.633333333333333 -0.08999896657643551 0.000641958482870339
24.666666666666668 -0.21017522555287335 0.0006986743007312557
24.7 -0.322532608999819 0.0007445548037017802
24.733333333333334 -0.4293829464863728 0.0007772929738337209
24.766666666666666 -0.5231199401817943 0.0007990707251925855
24.8 -0.6034607190474899 0.0008159298673050541
24.833333333333332 -0.671637962404277 0.0008225494588333104
24.866666666666667 -0.7214149901594302 0.0008252782279890569
24.9 -0.7528215516312765 0.0008274861754684615
24.933333333333334 -0.7648954670565252 0.0008280127391563363
24.966666666666665 -0.7579079008242188 0.0008266365474917103
25.0 -0.7313282905438473 0.0008262020425172656
25.033333333333335 -0.6850975413284538 0.0008265435532066601
25.066666666666666 -0.6209177946052905 0.0008156608234110019
25.1 -0.5397901181323913 0.0008047670238106042
25.133333333333333 -0.44463853336863274 0.0007824068888248048
25.166666666666668 -0.33798079049504065 0.0007486050625105101
25.2 -0.22543883407378035 0.0007045567701972066
25.233333333333334 -0.10148810103610337 0.0006461801435254377
25.266666666666666 0.019997284952062582 0.0006017705192660344
25.3 0.1421721122258236 0.0006666335948443403
25.333333333333332 0.25823088980490194 0.0007209081427093089
25.366666666666667 0.36781479627687114 0.0007627011970583464
25.4 0.46731700806911797 0.0007925909333769687
25.433333333333334 0.5538868939306287 0.0008114893289171698
25.466666666666665 0.6287146003799423 0.0008228551993502142
25.5 0.6880164564593357 0.0008298116239452424
25.533333333333335 0.7307978024836381 0.0008337799688779013
25.566666666666666 0.7551315229029707 0.0008349727148391217
25.6 0.7589988238640959 0.0008357137031141937
25.633333333333333 0.7456774776857801 0.0008361148278892561
25.666666666666668 0.7126931543329079 0.0008349507797452693
25.7 0.661391920629052 0.0008332193546455313
25.733333333333334 0.5966594594184059 0.0008218747491495204
25.766666666666666 0.5126557149422788 0.0008051461064393362
25.8 0.41270256793656457 0.000777096423407897
25.833333333333332 0.3042344715972823 0.0007403817273801683
25.866666666666667 0.18753971234652558 0.0006936020218799022
25.9 0.06835000416926813 0.0006300563916469132
25.933333333333334 -0.05341827706030489 0.0006195046606178936
25.966666666666665 -0.17227201844509812 0.000680584666441636
26.0 -0.28720198578083617 0.0007303504573782371
26.033333333333335 -0.3930144837602009 0.0007675293157431984
26.066666666666666 -0.4903377993983808 0.000792324408091849
26.1 -0.5751859344594797 0.0008083387884546545
26.133333333333333 -0.6458431799997916 0.0008172114688174137
26.166666666666668 -0.6997787292406541 0.0008237979558451958
26.2 -0.736848725720789 0.0008265598342699354
26.233333333333334 -0.7534244167496837 0.000826326332117655
26.266666666666666 -0.7520263524460253 0.0008268350373271671
26.3 -0.7311676266639393 0.0008253803550801742
26.333333333333332 -0.6905649308274164 0.0008247599990497401
26.366666666666667 -0.6327407191976195 0.0008182373726921544
26.4 -0.5583113408360294 0.0008097451252688792
26.433333333333334 -0.4671665869757287 0.0007919494926700854
26.466666666666665 -0.36091952989629594 0.000758059141547418
26.5 -0.25179462751708614 0.000718646088295749
26.533333333333335 -0.13369810328976894 0.0006630982632190863
26.566666666666666 -0.013123449318469345 0.0005971919047292624
26.6 0.10729842268484763 0.0006510190460588122
26.633333333333333 0.2252429405778196 0.0007085221688407362
26.666666666666668 0.3343757145841885 0.0007530743785356675
26.7 0.437293965186238 0.0007866972024662688
26.733333333333334 0.5276170719352988 0.0008089585719557313
26.766666666666666 0.6040465428190729 0.0008223610728514963
26.8 0.6662115022680803 0.0008305873516675222
26.833333333333332 0.7117452342706695 0.0008350460208892407
26.866666666666667 0.7398168918968792 0.0008373138197770302
26.9 0.7489086692399836 0.0008366449717073232
26.933333333333334 0.7406556165142943 0.0008373213347016017
26.966666666666665 0.7132162625258615 0.0008371032207187268
27.0 0.66974089305949 0.0008303039968212689
27.033333333333335 0.6041071035525124 0.0008261804522476934
27.066666666666666 0.5271101710742864 0.0008096942114957928
27.1 0.434112974387215 0.0007831764471365465
27.133333333333333 0.3283072416820111 0.000749995054687258
27.166666666666668 0.21577961457136555 0.000704343006776631
27.2 0.09488917170601116 0.0006442138119191337
27.233333333333334 -0.02326022306467701 0.000604127815730611
27.266666666666666 -0.14119311311734092 0.0006661303506604044
27.3 -0.25498160788760665 0.0007197103767256907
27.333333333333332 -0.36236790848199196 0.0007579124263329962
27.366666666666667 -0.46126101362015104 0.0007847405359425741
27.4 -0.5477250540864127 0.000805237802666392
27.433333333333334 -0.6186638677048284 0.0008158136864085952
27.466666666666665 -0.6768480575206642 0.0008204858842884022
27.5 -0.7165796918196999 0.0008253358157033208
27.533333333333335 -0.7381774980475501 0.0008265730423259177
27.566666666666666 -0.7402514763422984 0.0008280485951014382
27.6 -0.7251244961195492 0.0008261483932312519
27.633333333333333 -0.689442510338349 0.0008257080411743223
27.666666666666668 -0.6367377557689371 0.0008194576428722788
27.7 -0.5647556565886471 0.0008103460626612824
27.733333333333334 -0.4807596681575358 0.0007901904152110562
27.766666666666666 -0.38110234862786957 0.0007647637543304331
27.8 -0.2707957711768199 0.0007242971876538218
27.833333333333332 -0.153676374759264 0.000671319795285813
27.866666666666667 -0.0360323488060799 0.0006089288361885437
27.9 0.08281865322229652 0.0006342392023946791
27.933333333333334 0.19619243643955572 0.0006907923932004401
27.966666666666665 0.30532459015016084 0.0007385580944738179
28.0 0.4090623077997537 0.0007744275747265106
28.033333333333335 0.4974873864671834 0.0007962470520479492
28.066666666666666 0.5754976460349517 0.0008169534000198597
28.1 0.6404564295158446 0.0008233440213377685
28.133333333333333 0.689424290160795 0.0008297802789126729
28.166666666666668 0.7210518251033272 0.0008335491427526875
28.2 0.7327037569427809 0.0008337958296610326
28.233333333333334 0.7308012553706695 0.0008335880322182243
28.266666666666666 0.7082307580288386 0.0008351204793484168
28.3 0.6654215660610402 0.0008319740023363664
28.333333333333332 0.6089953725383488 0.0008237196716965878
28.366666666666667 0.5358955719491663 0.00081065692335891
28.4 0.4448772180147554 0.0007869196351434349
28.433333333333334 0.3454890965734898 0.0007557039963800305
28.466666666666665 0.233255551712254 0.000709917564395951
28.5 0.1180937546493755 0.0006540731052872562
28.533333333333335 0.0007702734878165408 0.0005886764222334782
28.566666666666666 -0.11600789651445824 0.0006528520542270211
28.6 -0.22798665043654634 0.0007079884820612448
28.633333333333333 -0.33640045099429033 0.0007508269910732612
28.666666666666668 -0.43563752300633557 0.0007782544707681249
28.7 -0.5231609832170672 0.000800628159668415
28.733333333333334 -0.595942818540786 0.0008134329008319119
28.766666666666666 -0.6540333668777212 0.0008215494746214302
28.8 -0.6977451329164228 0.0008254040722306399
28.833333333333332 -0.7215358079344769 0.0008274871524317495
28.866666666666667 -0.7278691832955669 0.0008277516539543228
28.9 -0.7156011195854849 0.0008278312509998331
28.933333333333334 -0.6827770101970182 0.0008274804197139218
28.966666666666665 -0.632259858953637 0.0008210964867054749
29.0 -0.5665777791461671 0.0008097666940704018
29.033333333333335 -0.4834820908347308 0.0007920611773879482
29.066666666666666 -0.3921926259349948 0.0007673981228746296
29.1 -0.28775042353395197 0.0007319470513975079
29.133333333333333 -0.17206124865182293 0.0006802856270085589
29.166666666666668 -0.05524908466387443 0.0006196258583289274
29.2 0.06265018721903767 0.000624894773475923
29.233333333333334 0.1761930392096087 0.0006813724588658476
29.266666666666666 0.2855429181617717 0.0007317912218740563
29.3 0.38561565805246045 0.0007646924665211663
29.333333333333332 0.47867447865877627 0.0007919400080056427
29.366666666666667 0.5567695973447252 0.0008120820597279366
29.4 0.6243085999756992 0.000821282392274747
29.433333333333334 0.6732295177319406 0.0008277696138240254
29.466666666666665 0.7070150576504746 0.0008335748732611892
29.5 0.7227744006589465 0.0008356337550379234
29.533333333333335 0.7208612413493591 0.0008330506343784405
29.566666666666666 0.7029890217632299 0.0008340547008157673
29.6 0.6641902988573865 0.0008305431767186011
29.633333333333333 0.6113792184807815 0.0008247306349002947
29.666666666666668 0.5378687279232842 0.0008155784280109435
29.7 0.4538831108650545 0.000793467490471933
29.733333333333334 0.3580760880593781 0.0007610287664683302
29.766666666666666 0.24872847813659804 0.0007200996938914739
29.8 0.13235076313919383 0.0006639744808932257
29.833333333333332 0.01809462085838266 0.0006008319595805049
29.866666666666667 -0.09570512386360529 0.0006432586537359203
29.9 -0.2104649840028798 0.0006984294965560467
29.933333333333334 -0.3168941737012503 0.0007424199864387027
29.966666666666665 -0.4169651475097429 0.0007781968268357198
30.0 -0.5042776049152122 0.0007962198373507867
30.033333333333335 -0.5781871134314268 0.0008102639075162621
30.066666666666666 -0.6409858555613391 0.0008170587937821328
30.1 -0.6823004260242334 0.0008243201567388336
30.133333333333333 -0.7099783460218408 0.0008248825754129108
30.166666666666668 -0.718872823390087 0.0008258813946204757
30.2 -0.7087179485979749 0.0008264797992042494
30.233333333333334 -0.6800898731597668 0.0008244461443068785
30.266666666666666 -0.6334098050226106 0.0008173145243020041
30.3 -0.5714691145965727 0.0008096081968357316
30.333333333333332 -0.492164832608374 0.000793733119317519
30.366666666666667 -0.40017140776151333 0.0007705980385140365
30.4 -0.297297668893176 0.0007345752947698347
30.433333333333334 -0.18797629653464457 0.0006882915885112195
30.466666666666665 -0.07237815609565695 0.0006302578425985833
30.5 0.04369766450939348 0.0006141639733558898
30.533333333333335 0.15686494385030414 0.0006741510953310326
30.566666666666666 0.26743399197492496 0.0007257204975520404
30.6 0.3667795295191543 0.0007613808801856248
30.633333333333333 0.46069427524231765 0.0007917782384389005
30.666666666666668 0.5397424967053255 0.0008088184922443453
30.7 0.6061521010964557 0.0008206150225734676
30.733333333333334 0.6579149042779816 0.0008271448222354483
30.766666666666666 0.6926639817980655 0.0008324596153750363
30.8 0.7102631222665553 0.0008313401361937922
30.833333333333332 0.711034606387767 0.0008315738723706501
30.866666666666667 0.6942747432343781 0.0008352813580514429
30.9 0.660028266685918 0.000828970582857691
30.933333333333334 0.6078253467516342 0.000823114547580106
30.966666666666665 0.5400108826489627 0.0008107529022060023
31.0 0.45847784193832214 0.0007885031118710084
31.033333333333335 0.36635075162977593 0.0007636986387269951
31.066666666666666 0.25978265522806754 0.0007214885390172676
31.1 0.14667134745659904 0.0006705435045857577
31.133333333333333 0.03220321799670456 0.0006084378442080957
31.166666666666668 -0.0823047745740709 0.0006347418207025002
31.2 -0.19429151787899007 0.0006876093538890626
31.233333333333334 -0.30029666737267635 0.0007326638188069334
31.266666666666666 -0.4003069069959653 0.0007666644901432873
31.3 -0.4867928919078328 0.0007895006518314207
31.333333333333332 -0.5624167345622024 0.0008074429365838576
31.366666666666667 -0.6227512077605394 0.0008167902429701002
31.4 -0.6707677676254931 0.0008216630988876483
31.433333333333334 -0.6972664379312719 0.0008257926119088488
31.466666666666665 -0.706268372673187 0.0008259886529403682
31.5 -0.7004941530773071 0.0008248523983029887
31.533333333333335 -0.6732560740432028 0.0008257077470936736
31.566666666666666 -0.6298698239995064 0.0008191688270532405
31.6 -0.5684234227603296 0.0008102793352383619
31.633333333333333 -0.4925482525054027 0.0007942633088400264
31.666666666666668 -0.4039120822045958 0.0007709266339542831
31.7 -0.3040568485250688 0.0007371610138610651
31.733333333333334 -0.19681662087374133 0.0006943156248767901
31.766666666666666 -0.0836515311930901 0.0006370065712449358
31.8 0.030709622037234142 0.0006075633103253229
31.833333333333332 0.14565585553890545 0.0006698567576951808
31.866666666666667 0.25422657674093496 0.0007195196125516223
31.9 0.35442994355084645 0.0007571544694371379
31.933333333333334 0.44725498209501774 0.0007871568334847368
31.966666666666665 0.5284947202731735 0.0008042871168671972
32.0 0.5926109063595685 0.0008204843888054425
32.03333333333333 0.6444655758452923 0.0008273981742240588
32.06666666666667 0.6790475026177056 0.000831072775132724
32.1 0.6996815519868145 0.0008332794013028444
32.13333333333333 0.7030179163091754 0.0008346998777550851
32.166666666666664 0.6879106591624126 0.0008318237328975853
32.2 0.6532219146267285 0.0008280733858508915
32.233333333333334 0.60446525337281 0.0008222206231207618
32.266666666666666 0.5380938922841884 0.0008101180095296812
32.3 0.45925932829929983 0.0007899781848641485
32.333333333333336 0.3671244232118161 0.0007620765876756308
32.36666666666667 0.2674753180255336 0.0007265383922727686
32.4 0.1570465529733416 0.0006757415588930782
32.43333333333333 0.04235451205749647 0.0006134980165051276
32.46666666666667 -0.07180191734113953 0.0006290630536121
32.5 -0.18259680856502228 0.000684800060613916
32.53333333333333 -0.28710716886293025 0.0007288602396465227
32.56666666666667 -0.38536254143803605 0.0007648409669768208
32.6 -0.47384863691088286 0.0007873723954615053
32.63333333333333 -0.5495634074473272 0.0008056803537800361
32.666666666666664 -0.6101947812353887 0.0008150539010323143
32.7 -0.6547465833031242 0.0008212099868508682
32.733333333333334 -0.6842148455463791 0.0008245938574577005
32.766666666666666 -0.6945767811300628 0.000826092660026867
32.8 -0.6892267229252622 0.0008249609206221198
32.833333333333336 -0.6634889883232525 0.0008247237392703388
32.86666666666667 -0.623574911407121 0.0008218191105913153
32.9 -0.5634086702682334 0.0008112242622225763
32.93333333333333 -0.48918216263411207 0.0007957259102804315
32.96666666666667 -0.40169782532153625 0.0007718318345155128
33.0 -0.3053490883778643 0.0007418065750715019
33.03333333333333 -0.19806826229801222 0.0006947216483660368
33.06666666666667 -0.08551488067206149 0.0006385068103329783
33.1 0.02381896532136495 0.0006018893975786484
33.13333333333333 0.13879938932083066 0.0006642790782680208
33.166666666666664 0.2460883001850566 0.0007136084892103434
33.2 0.3461795157704844 0.0007539672733943292
33.233333333333334 0.4372918402908484 0.0007826529706334018
33.266666666666666 0.5159498723936599 0.0008009148669246846
33.3 0.5807077555760992 0.0008144283831668098
33.333333333333336 0.6346839143023282 0.0008221868566204993
33.36666666666667 0.6695659756149039 0.0008275324243984805
33.4 0.6901562331778843 0.0008308288287923737
33.43333333333333 0.6952373666424506 0.0008318819991026682
33.46666666666667 0.6806148051267764 0.0008308136842590796
33.5 0.648275642632583 0.0008288169634346199
33.53333333333333 0.596999043750763 0.000822067431127782
33.56666666666667 0.5336515088709298 0.0008102112667078831
33.6 0.45247509079726045 0.0007891382426275517
33.63333333333333 0.36292790366775834 0.0007618258602707928
33.666666666666664 0.261925228640976 0.0007235249424551449
33.7 0.15548451798903984 0.0006758275494476995
33.733333333333334 0.04250588555617265 0.0006151165731695732
33.766666666666666 -0.06592139828231329 0.0006269582010285935
33.8 -0.1756192442552314 0.0006825279300584353
33.833333333333336 -0.28177814647354393 0.000728187780827394
33.86666666666667 -0.37712247393768994 0.0007621689249490138
33.9 -0.465109963876317 0.0007873751653157401
33.93333333333333 -0.5390777929485646 0.0008034442634714534
33.96666666666667 -0.600021859674761 0.0008139842942131992
34.0 -0.6461259073956781 0.0008195490720549481
34.03333333333333 -0.6766940814966315 0.0008228163845382941
34.06666666666667 -0.6890406472395842 0.0008260682765823812
34.1 -0.6821924290891312 0.0008256410609122078
34.13333333333333 -0.657349892597779 0.0008235219886887357
34.166666666666664 -0.616342878466469 0.0008188861573893425
34.2 -0.5578917788684135 0.000810689261530384
34.233333333333334 -0.48389271989313126 0.0007935563156568071
34.266666666666666 -0.4000894075635071 0.0007714571347324228
34.3 -0.3013277170119277 0.0007391364727510896
34.333333333333336 -0.20062261403077625 0.0006972961464641603
34.36666666666667 -0.08806282534183743 0.0006390224838779823
34.4 0.021818295151970125 0.0006044539935790745
34.43333333333333 0.13120784761097565 0.0006634010729122397
34.46666666666667 0.24041892851403962 0.0007157705016532234
34.5 0.34081963796429804 0.0007489765229719003
34.53333333333333 0.4304585313160419 0.0007833883333009384
34.56666666666667 0.5068656519662087 0.0008021991826967501
34.6 0.5753727931735745 0.000815474035706587
34.63333333333333 0.6269740435207063 0.0008232163149969329
34.666666666666664 0.6595382674561688 0.0008307391079218629
34.7 0.6813668546772927 0.0008316014687766993
34.733333333333334 0.6830608886732795 0.0008324693210723932
34.766666666666666 0.6696910850032586 0.0008305700334969579
34.8 0.6366247458918662 0.0008287823745398715
34.833333333333336 0.5878259227229469 0.0008213768765854557
34.86666666666667 0.5250574978844356 0.0008087923438711009
34.9 0.4486588585712048 0.0007894785614049327
34.93333333333333 0.35597627135211635 0.0007612312199506421
34.96666666666667 0.2581395088483135 0.0007234881003790883
35.0 0.15313164769831822 0.0006734887733777228
35.03333333333333 0.042031060716375225 0.0006152865469541691
35.06666666666667 -0.0663169260635969 0.0006280897335405461
35.1 -0.1726318338637667 0.0006809238610942236
35.13333333333333 -0.2778085865660776 0.0007263966852992798
35.166666666666664 -0.37475997105431597 0.0007619259737580708
35.2 -0.45955139225738434 0.0007857440488248102
35.233333333333334 -0.5336792571921528 0.000801924676059329
35.266666666666666 -0.5909557816314672 0.0008116025190191278
35.3 -0.6372132513543736 0.0008184858257571648
35.333333333333336 -0.6648482710309135 0.0008214057717975676
35.36666666666667 -0.6767600218285463 0.0008229454696672134
35.4 -0.670162850683231 0.0008226178162101805
35.43333333333333 -0.6471546786405018 0.0008223653944332554
35.46666666666667 -0.6041132017448577 0.0008163662060398647
35.5 -0.5473674943865562 0.0008059598493783682
35.53333333333333 -0.47419145356229275 0.0007908781332241488
35.56666666666667 -0.38800321008206573 0.0007648176287681219
35.6 -0.29349392691536225 0.0007317220080477194
35.63333333333333 -0.19498545675105564 0.0006929599321572055
35.666666666666664 -0.08623524346346835 0.0006377703505877075
35.7 0.024781812023408855 0.0006042585341882421
35.733333333333334 0.1324537968536404 0.0006622095318407906
35.766666666666666 0.2371988220120909 0.0007123797077288885
35.8 0.3356955248258927 0.0007508587477382811
35.833333333333336 0.425446076045442 0.0007810313852173456
35.86666666666667 0.5006938364920056 0.0007987877603948812
35.9 0.5652530805272756 0.0008150035766004704
35.93333333333333 0.616105635889508 0.0008236482188568317
35.96666666666667 0.6508551790882587 0.0008283128841360954
36.0 0.6678918005515102 0.0008289160920129657
36.03333333333333 0.6695503554939964 0.0008295749525790708
36.06666666666667 0.6566042167836574 0.0008278048425096607
36.1 0.6248290922139585 0.0008245243958078241
36.13333333333333 0.5781098269910557 0.0008169582995676272
36.166666666666664 0.5157695120167641 0.0008021335129041463
36.2 0.43990837344639044 0.0007844503372302913
36.233333333333334 0.35104524221055605 0.0007565162932881009
36.266666666666666 0.25263726814718235 0.0007170240125199401
36.3 0.1458531707372774 0.0006682704425380881
36.333333333333336 0.042807605225400926 0.0006136611396356587
36.36666666666667 -0.06766659406354986 0.0006271831717053755
36.4 -0.17354331113534488 0.0006799086951270739
36.43333333333333 -0.2755783409347634 0.0007251528476542313
36.46666666666667 -0.3695832813081827 0.0007593316172404552
36.5 -0.45602748505629775 0.0007843840970047089
36.53333333333333 -0.5251002530938131 0.000799675051006643
36.56666666666667 -0.5855601107579089 0.0008090028883666056
36.6 -0.6278016553115965 0.0008167224935331507
36.63333333333333 -0.6564109926476783 0.0008212636441637944
36.666666666666664 -0.667056521502971 0.0008203905009226409
36.7 -0.660847373830113 0.0008203446029820816
36.733333333333334 -0.6368631451620371 0.0008167155686217287
36.766666666666666 -0.5963130269378208 0.0008133962484355717
36.8 -0.5389114363593056 0.0008040139734744045
36.833333333333336 -0.4652471223815782 0.0007869121192749517
36.86666666666667 -0.3816237005061588 0.0007642922636437732
36.9 -0.286488037739688 0.0007315595998894087
36.93333333333333 -0.18621412574062407 0.000686957928876547
36.96666666666667 -0.0781748553794456 0.0006332402114058583
37.0 0.028512998574809236 0.0006065254566587838
37.03333333333333 0.13658064553596216 0.0006637940995962988
37.06666666666667 0.23828968894120903 0.0007125759765191919
37.1 0.33357913313667226 0.0007479230518620539
37.13333333333333 0.42324715675446356 0.0007767814987792443
37.166666666666664 0.4990860674891929 0.0007972717584356914
37.2 0.5626874400394479 0.0008102740540550935
37.233333333333334 0.6117793605897396 0.000818752626242425
37.266666666666666 0.6448804719236292 0.0008247535173446785
37.3 0.6630105325580444 0.0008258185773554194
37.333333333333336 0.664227303085455 0.0008263519126342489
37.36666666666667 0.6482002816461286 0.0008245824836738969
37.4 0.6161460925863026 0.0008190787057883453
37.43333333333333 0.5699201724831017 0.0008127404206001998
37.46666666666667 0.5056817313426105 0.0007993268501127471
37.5 0.426615178603055 0.0007791648253125949
37.53333333333333 0.34045062404287313 0.0007494449563972827
37.56666666666667 0.24077271256743063 0.0007127138053985849
37.6 0.13686509309540065 0.0006621107645439495
37.63333333333333 0.03079785199352471 0.000608014866595518
37.666666666666664 -0.07359164706472482 0.0006298910566760879
37.7 -0.17803703552672795 0.0006838559639296415
37.733333333333334 -0.2739348529821919 0.0007248322533023321
37.766666666666666 -0.3696312939532124 0.0007579154160795576
37.8 -0.45133953303974333 0.0007820475571173047
37.833333333333336 -0.5247796770000819 0.0007987297978603314
37.86666666666667 -0.5818553265754146 0.0008081914723789829
37.9 -0.6244176805989796 0.0008151630604167348
37.93333333333333 -0.6495318068210612 0.0008171574593638375
37.96666666666667 -0.6600066559807384 0.0008192452986269805
38.0 -0.650958496900507 0.0008171104078010805
38.03333333333333 -0.6263677148978414 0.0008148658059430325
38.06666666666667 -0.5861245514660547 0.0008105823485503594
38.1 -0.5268814090392551 0.0007996025228356185
38.13333333333333 -0.45594386892146715 0.0007846741796424528
38.166666666666664 -0.3692410254140913 0.0007593529410830913
38.2 -0.2748617797515541 0.0007237618303247428
38.233333333333334 -0.17148406268757832 0.0006785809176149404
38.266666666666666 -0.06662886169851903 0.0006251590103339977
38.3 0.03756561547547024 0.0006084244017352039
38.333333333333336 0.1419412823833419 0.0006669297625255255
38.36666666666667 0.24519929371483812 0.0007153909477240761
38.4 0.3380421747370821 0.0007528309697024116
38.43333333333333 0.4208380036943372 0.000780092896814133
38.46666666666667 0.4972273075907253 0.0008019120826176507
38.5 0.558821809991658 0.000814933017857622
38.53333333333333 0.6072053972808243 0.000823521259384119
38.56666666666667 0.6380965009325602 0.0008273793500287452
38.6 0.6554301794882074 0.0008294841480551707
38.63333333333333 0.6546583879205026 0.0008297883486981794
38.666666666666664 0.6377385971514814 0.0008271876393339817
38.7 0.6063853335005538 0.0008220795657768454
38.733333333333334 0.5563156632795138 0.0008133857871051031
38.766666666666666 0.4940698710290771 0.0007990200475532783
38.8 0.41568007327602796 0.0007785360773868155
38.833333333333336 0.32747665716409297 0.0007466496586567839
38.86666666666667 0.2311524435969972 0.0007072917698234815
38.9 0.12544978039398552 0.0006582007664516498
38.93333333333333 0.02019419005119471 0.000600733828217459
38.96666666666667 -0.08637066476202213 0.0006350423852188869
39.0 -0.18550828957547902 0.0006846043432466309
39.03333333333333 -0.2841540281933515 0.0007269095457762553
39.06666666666667 -0.37539612038177594 0.0007572403424170315
39.1 -0.4539513385498296 0.0007809329348322236
39.13333333333333 -0.523389501186686 0.0007980793542226028
39.166666666666664 -0.5767850528250743 0.000806765136148857
39.2 -0.6193488665854958 0.0008133079363076279
39.233333333333334 -0.6435967749965373 0.0008164196864017814
39.266666666666666 -0.6507569569447206 0.0008182976469599534
39.3 -0.6418781266831155 0.0008182543759988059
39.333333333333336 -0.6152403519933732 0.0008146119984382416
39.36666666666667 -0.5729713963626524 0.0008090567025149653
39.4 -0.5152904013916262 0.0007993440608418112
39.43333333333333 -0.4438430200346196 0.000778797603134207
39.46666666666667 -0.3568957234737082 0.0007547298567270877
39.5 -0.2646752088062421 0.0007208331579553473
39.53333333333333 -0.1649092990614356 0.0006755939530257715
39.56666666666667 -0.06030581143274565 0.0006226503204919617
39.6 0.04232059522282009 0.0006135646794156666
39.63333333333333 0.14918914031833777 0.000668066257658223
39.666666666666664 0.2479156025736963 0.0007142032459381553
39.7 0.34036009594136074 0.0007512646096727305
39.733333333333334 0.4233062839195822 0.0007780454000747561
39.766666666666666 0.4955117262989724 0.0007978336772098693
39.8 0.5554524554738045 0.0008123560781783112
39.833333333333336 0.6037525390874083 0.0008217583535901074
39.86666666666667 0.6321214668687222 0.0008296412906170225
39.9 0.6487331300060815 0.0008282444699543312
39.93333333333333 0.6470529550527863 0.0008260093938349256
39.96666666666667 0.6291317106267272 0.000824858174420573
40.0 0.5946331654426192 0.0008197048656752859
40.03333333333333 0.5434546541971843 0.0008103394506163708
40.06666666666667 0.48157494373793863 0.00079264424175568
40.1 0.40533291674140504 0.0007750184637999036
40.13333333333333 0.31481005414349433 0.0007404912821245002
40.166666666666664 0.21891487545417534 0.0007020971134601706
40.2 0.1176099546772859 0.0006550590746754598
40.233333333333334 0.010719399964640051 0.0005951546812932532
40.266666666666666 -0.09015605187250704 0.0006392325209098604
40.3 -0.19121006732778095 0.0006879971326667345
40.333333333333336 -0.28791609752216674 0.0007285975620338059
40.36666666666667 -0.37425200000736897 0.0007577160541040184
40.4 -0.4527253530837643 0.0007820146547098394
40.43333333333333 -0.5188354596347176 0.0007960509032660656
40.46666666666667 -0.5719557344704584 0.0008063818708473613
40.5 -0.6123927918313684 0.0008121148847413107
40.53333333333333 -0.6354588100443178 0.0008160391556912838
40.56666666666667 -0.6428424483344802 0.0008161797749597355
40.6 -0.6318400898855074 0.0008170705092810371
40.63333333333333 -0.6031726639783137 0.0008119668855212092
40.666666666666664 -0.5613239660005328 0.0008069218496133956
40.7 -0.5019896568687467 0.000795094912511396
40.733333333333334 -0.42856844056588134 0.000776879080581161
40.766666666666666 -0.3479626107676242 0.0007519875582694957
40.8 -0.2534022904167751 0.0007162686841562516
40.833333333333336 -0.15261040910379808 0.0006711892777556683
40.86666666666667 -0.050140427109664036 0.0006178834485028525
40.9 0.05589510705602358 0.000620926551920413
40.93333333333333 0.1560417947532704 0.0006741276010756303
40.96666666666667 0.2540967633967747 0.0007191061430024681
41.0 0.345873048681759 0.0007544918973024783
41.03333333333333 0.42671069208072043 0.000779705902410277
41.06666666666667 0.49648347594526865 0.0007991176595421035
41.1 0.5541744519314531 0.000811730012796108
41.13333333333333 0.5988500687893007 0.000819482431809071
41.166666666666664 0.6260245069765845 0.0008263873551871415
41.2 0.6398911668681155 0.0008251889649938393
41.233333333333334 0.6367250942066859 0.0008254273260309697
41.266666666666666 0.6172462095667574 0.0008239292918088559
41.3 0.5815553272443815 0.0008166639073811099
41.333333333333336 0.5321313659835009 0.000805486054124227
41.36666666666667 0.46669660328096413 0.0007911041973226451
41.4 0.38856226370494606 0.0007692176235747916
41.43333333333333 0.3004401241953817 0.0007364289715501848
41.46666666666667 0.20399482860316853 0.0006954126324053012
41.5 0.101325041116998 0.0006449146152431307
41.53333333333333 -0.002352453739162738 0.0005882360486514538
41.56666666666667 -0.10549708446746914 0.0006458057637183517
41.6 -0.20457971795527272 0.0006919562985465144
41.63333333333333 -0.2983130178609784 0.0007315919486282074
41.666666666666664 -0.3823209508360912 0.0007629276825519282
41.7 -0.4569522500228425 0.0007841431175337754
41.733333333333334 -0.5211326225927071 0.0007996025936687357
41.766666666666666 -0.5733363888888275 0.0008096418959147034
41.8 -0.609362148652016 0.0008134632629163141
41.833333333333336 -0.6283404980758157 0.0008173997972102942
41.86666666666667 -0.632583650802716 0.0008171283325998369
41.9 -0.6206660359171371 0.0008169581467315501
41.93333333333333 -0.5909054124421341 0.0008116511864609821
41.96666666666667 -0.5453350717424463 0.0008034713895543888
42.0 -0.48669796956855815 0.0007918219731987142
