0.0 -0.11968520813602047 0.0006730552172353327
0.03333333333333333 -0.09362729371950693 0.0006587462751171114
0.06666666666666667 -0.06516570622661182 0.0006431086053152041
0.1 -0.034324577721054295 0.0006254256834193755
0.13333333333333333 -0.0038400387946870298 0.000606885270473223
0.16666666666666666 0.02632967190700259 0.0006215963902126281
0.2 0.05344207315738303 0.0006367355314356726
0.23333333333333334 0.08139470630042377 0.0006519680762794022
0.26666666666666666 0.10455187300460664 0.0006647456370315885
0.3 0.1245079416678354 0.0006753186097631508
0.3333333333333333 0.14144862683684226 0.0006845656197806138
0.36666666666666664 0.15372607082529588 0.0006911119996013959
0.4 0.1612886797259801 0.0006945884071570541
0.43333333333333335 0.16477434749476677 0.0006967941899903574
0.4666666666666667 0.1627309401324586 0.000695367664269364
0.5 0.15477509431454828 0.0006901006302812984
0.5333333333333333 0.14253069184375095 0.0006850753302145296
0.5666666666666667 0.12573815894571913 0.0006760944349319953
0.6 0.10514244622548327 0.0006671022839540436
0.6333333333333333 0.08155200397998488 0.0006556267550225092
0.6666666666666666 0.05440468288431349 0.0006404177282104129
0.7 0.025115537550646903 0.0006197658214307476
0.7333333333333333 -0.003420929405542094 0.0006062399156488841
0.7666666666666667 -0.0338088452165763 0.000625182424165302
0.8 -0.06356941519189181 0.0006432658451212131
0.8333333333333334 -0.09228288629618703 0.0006601237300458696
0.8666666666666667 -0.11918352529165196 0.0006739669658119007
0.9 -0.14334480263257732 0.0006849764132675074
0.9333333333333333 -0.16388478182906968 0.0006951917200864466
0.9666666666666667 -0.17972693970473835 0.0007035850811493161
1.0 -0.19090575352524036 0.000708002314467937
1.0333333333333334 -0.19860341674048287 0.0007130380866799957
1.0666666666666667 -0.20124738105750165 0.0007145916840781141
1.1 -0.19930290309259804 0.0007114791303464985
1.1333333333333333 -0.1916943738568551 0.0007078436497938434
1.1666666666666667 -0.18009322852942317 0.0007027033710604869
1.2 -0.16296357803930422 0.0006947576198153282
1.2333333333333334 -0.1441125626343966 0.0006848705344840722
1.2666666666666666 -0.11920983037289669 0.0006730607792117677
1.3 -0.09238838486769464 0.0006588629742672464
1.3333333333333333 -0.06343700702498299 0.0006423218992639423
1.3666666666666667 -0.03171003203168317 0.0006252957076949284
1.4 -0.002532897844685816 0.0006062787033797507
1.4333333333333333 0.02634763513048935 0.0006210891833870191
1.4666666666666666 0.05354224047830407 0.0006355883906270371
1.5 0.0815797379823286 0.0006523079795220654
1.5333333333333334 0.10466230162750688 0.0006641052570835609
1.5666666666666667 0.12391458662638312 0.0006753958333329119
1.6 0.14000859421251968 0.0006835504603597553
1.6333333333333333 0.15273243683693355 0.0006901796753759626
1.6666666666666667 0.16040238295251164 0.0006938533974358563
1.7 0.16178297242678122 0.0006932916653146493
1.7333333333333334 0.15984143907323886 0.0006943973598096675
1.7666666666666666 0.15154144518321241 0.0006905408762166998
1.8 0.13957018927579778 0.0006833294575346316
1.8333333333333333 0.12256566259507841 0.0006741613641745581
1.8666666666666667 0.10263538171487947 0.0006653853558338391
1.9 0.07990878560552965 0.0006511994955332862
1.9333333333333333 0.052809041284291994 0.0006369240438504273
1.9666666666666666 0.025667067632358473 0.0006198693463597485
2.0 -0.004481606627909288 0.0006085952528531256
2.033333333333333 -0.033912896904192 0.0006255891474601025
2.066666666666667 -0.06409521423047314 0.0006416721410988785
2.1 -0.09210738286715904 0.0006569865305296047
2.1333333333333333 -0.11983479557633998 0.000672255534955063
2.1666666666666665 -0.14286901392136261 0.0006839764374685364
2.2 -0.16337124074489526 0.0006958287841426769
2.2333333333333334 -0.17841969745066275 0.0007026246090882093
2.2666666666666666 -0.190786983122885 0.0007076483177798631
2.3 -0.1981254295586903 0.0007117567016409754
2.3333333333333335 -0.19955910991181847 0.0007122951706662883
2.3666666666666667 -0.19706316971888926 0.0007117903315200513
2.4 -0.18925685562249628 0.0007078716267560903
2.433333333333333 -0.17757380247816004 0.0007031110094600501
2.466666666666667 -0.16078939339100626 0.0006944919871927357
2.5 -0.14019916986714956 0.000683121148249699
2.533333333333333 -0.11734868046300061 0.0006717435012043999
2.566666666666667 -0.09038659509837693 0.0006569169833818833
2.6 -0.061588820829875116 0.0006420523150941493
2.6333333333333333 -0.031061909961924674 0.0006230005606736137
2.6666666666666665 -0.00156107306198967 0.0006060864743567527
2.7 0.029795321159751843 0.0006225497187799696
2.7333333333333334 0.05539512777082584 0.0006373906055693115
2.7666666666666666 0.08270251905539834 0.0006538892341617919
2.8 0.10608267463078595 0.0006657307248783273
2.8333333333333335 0.12666815163298545 0.000675639764831093
2.8666666666666667 0.14197161845500275 0.0006830512709894432
2.9 0.1529777497927996 0.0006899570778634845
2.933333333333333 0.15997952434902202 0.0006951558467694074
2.966666666666667 0.1622532035429184 0.0006968159170476218
3.0 0.1597480562743812 0.0006938105973986752
3.033333333333333 0.1515437043945756 0.0006893278326930985
3.066666666666667 0.1389322708680591 0.0006829648175368797
3.1 0.121719834568455 0.0006737225580644435
3.1333333333333333 0.10214397720825293 0.0006647186928980531
3.1666666666666665 0.07914494881710504 0.0006517613779931791
3.2 0.0516025330314093 0.0006374220341102826
3.2333333333333334 0.02395336846536774 0.0006199157044018237
3.2666666666666666 -0.004881742444111547 0.0006078950126225269
3.3 -0.0346885776596539 0.0006255257768221015
3.3333333333333335 -0.06510518118012193 0.000643519335886189
3.3666666666666667 -0.09419289700903286 0.0006591428808253169
3.4 -0.11953621667713132 0.0006717632016499109
3.433333333333333 -0.14293319854513004 0.0006841923457245047
3.466666666666667 -0.1637219126329769 0.0006947297807318176
3.5 -0.17892826494855354 0.0007015404164668337
3.533333333333333 -0.1900428378477513 0.0007073323812085419
3.566666666666667 -0.19788508224081114 0.0007114407040222648
3.6 -0.19948502808996804 0.0007118251375311524
3.6333333333333333 -0.19594755050405016 0.0007101026746343386
3.6666666666666665 -0.18884141738254473 0.0007076847852886259
3.7 -0.1759698647741085 0.0007018585416726786
3.7333333333333334 -0.15903729005558123 0.0006937648234394134
3.7666666666666666 -0.13822520245709122 0.0006825537872744425
3.8 -0.1143751065067302 0.0006703936725789977
3.8333333333333335 -0.0880418435187533 0.0006553287344777808
3.8666666666666667 -0.059519737705637205 0.0006408487189941275
3.9 -0.029934704885896574 0.0006231959907781436
3.933333333333333 0.00040686065157271114 0.0006059635965920843
3.966666666666667 0.029600309437380266 0.0006225360996440846
4.0 0.058424491971141426 0.0006396223825657216
4.033333333333333 0.08411344296280701 0.0006539468861465614
4.066666666666666 0.10630695839238158 0.0006674592091126669
4.1 0.12795362530576 0.0006791018721481468
4.133333333333334 0.14338530464894772 0.0006848305946815236
4.166666666666667 0.15397890789674365 0.000689509786631709
4.2 0.15959875822933203 0.0006947311659836475
4.233333333333333 0.1615209523635229 0.0006948621922664155
4.266666666666667 0.1600399688168495 0.0006927903222081755
4.3 0.1515293549319039 0.0006910181395962112
4.333333333333333 0.1389261282772346 0.0006826569651206538
4.366666666666666 0.12230401165693086 0.0006746026692811269
4.4 0.1007160885644223 0.0006642948401698601
4.433333333333334 0.07733306854133601 0.0006512297683666235
4.466666666666667 0.05005985374972175 0.0006366145868663131
4.5 0.023925742920433417 0.0006208111000040595
4.533333333333333 -0.007195206501052877 0.0006087048233320439
4.566666666666666 -0.036836426555267754 0.0006265743444710675
4.6 -0.06634424209719028 0.0006430978978968632
4.633333333333334 -0.09422432476403109 0.0006582177051402682
4.666666666666667 -0.11988257254502571 0.0006727475352372864
4.7 -0.14251512204633424 0.0006840817178697112
4.733333333333333 -0.16267534970780195 0.0006947301261975569
4.766666666666667 -0.1775779849601318 0.0007027137276339468
4.8 -0.1899566690816689 0.0007073303586224433
4.833333333333333 -0.1964521144022807 0.0007105641562767384
4.866666666666666 -0.1986200513020616 0.0007113674975154083
4.9 -0.195446250376103 0.0007121847709614937
4.933333333333334 -0.1870442867961971 0.0007070006569281917
4.966666666666667 -0.17445623329782306 0.0007006876247726279
5.0 -0.15741734056526183 0.0006913318107349409
5.033333333333333 -0.135012307420196 0.0006806958132338226
5.066666666666666 -0.11213454191255892 0.0006704571165179612
5.1 -0.08482154579063667 0.0006554184359208182
5.133333333333334 -0.05693980224068472 0.0006392832614392566
5.166666666666667 -0.027955975489765524 0.0006203200017610364
5.2 0.003298730995726757 0.0006073494227399005
5.233333333333333 0.030647415643410898 0.0006244433092725404
5.266666666666667 0.05906865882325829 0.0006407789954847865
5.3 0.08600572898555439 0.0006552165059295206
5.333333333333333 0.10849090441535618 0.0006671468535381364
5.366666666666666 0.1272936527643977 0.0006767337108785076
5.4 0.1425834352239522 0.000684284691442133
5.433333333333334 0.15196708358686345 0.0006907459794138482
5.466666666666667 0.16016286696665233 0.0006938554802704278
5.5 0.16100208388933782 0.0006940494111629392
5.533333333333333 0.1581605120574015 0.0006928089709167806
5.566666666666666 0.14910342628831652 0.0006889393504319052
5.6 0.13642255680402957 0.000682349357787132
5.633333333333334 0.11988151547834838 0.0006729735425838601
5.666666666666667 0.09964709968404173 0.0006612718321026695
5.7 0.07459058442316731 0.0006504740482408122
5.733333333333333 0.048360206707265194 0.0006335545179325872
5.766666666666667 0.020310435978291307 0.000617260953297942
5.8 -0.007846931134030531 0.0006102661195508483
5.833333333333333 -0.037645184380493 0.000628256446711821
5.866666666666666 -0.06842115420600228 0.0006453308358168319
5.9 -0.09413404883589226 0.0006609197399283784
5.933333333333334 -0.11928144525742086 0.0006733394420030958
5.966666666666667 -0.14345714308910232 0.0006848006635026826
6.0 -0.1622259519093877 0.000694568026560427
6.033333333333333 -0.17795492710882443 0.0007020155259135907
6.066666666666666 -0.1882562403856805 0.0007080879247812755
6.1 -0.19469481739514946 0.0007102427210990414
6.133333333333334 -0.19563636559236788 0.0007105242611984419
6.166666666666667 -0.19271986054166906 0.0007087383727712171
6.2 -0.18424996422486403 0.0007058582039303485
6.233333333333333 -0.17136301669736856 0.0006995983633387159
6.266666666666667 -0.15452043032783142 0.0006904271766246528
6.3 -0.13282665533738613 0.0006792609709762032
6.333333333333333 -0.10966508911194284 0.0006679240936409842
6.366666666666666 -0.0821732780821533 0.0006546825077077684
6.4 -0.05359976569004231 0.0006382640564754766
6.433333333333334 -0.024997604876223645 0.0006200385112586672
6.466666666666667 0.005424287242984924 0.000608355718437331
6.5 0.032921123027463015 0.0006253863143187294
6.533333333333333 0.061215187446194815 0.000640569197986017
6.566666666666666 0.08439208656612864 0.0006549124307115017
6.6 0.108710514416846 0.0006663737486458515
6.633333333333334 0.127536506725602 0.000677023365699414
6.666666666666667 0.14329048155054677 0.0006859029791766447
6.7 0.15232998427711983 0.0006902714058374948
6.733333333333333 0.16002451271809062 0.0006938433921003795
6.766666666666667 0.1609958184008053 0.0006935512411579692
6.8 0.15640294063940618 0.0006915308856514091
6.833333333333333 0.14688436833037824 0.000685987992922743
6.866666666666666 0.1364132661195758 0.0006809570869986681
6.9 0.11926720111223296 0.0006719923694600144
6.933333333333334 0.09718395850595861 0.0006610270758994757
6.966666666666667 0.0738628731303789 0.0006489674789854349
7.0 0.045777211542942675 0.0006324770405431238
7.033333333333333 0.01886150289265818 0.0006167405494223142
7.066666666666666 -0.010905199330594764 0.0006117786787841837
7.1 -0.03936732470307182 0.0006283317477143099
7.133333333333334 -0.0680767796543238 0.0006453956292212792
7.166666666666667 -0.09523139993151526 0.0006596021291851856
7.2 -0.12123729532374235 0.0006743201378850844
7.233333333333333 -0.1448939991942863 0.0006861501223309474
7.266666666666667 -0.16271674224256488 0.0006952653445501389
7.3 -0.17758151819581983 0.0007022477773802049
7.333333333333333 -0.18890975204432794 0.0007075497329872837
7.366666666666666 -0.19456396559484201 0.0007099837074377446
7.4 -0.1953436712397105 0.0007103190701249484
7.433333333333334 -0.19165112967313488 0.0007088653532118239
7.466666666666667 -0.18328760351090342 0.0007047284029328416
7.5 -0.17044309791984008 0.0006986189156025224
7.533333333333333 -0.15294741910495754 0.0006899054418788575
7.566666666666666 -0.13157777962923026 0.000679532308435038
7.6 -0.10865904479610998 0.0006672939581390119
7.633333333333334 -0.08225930695867936 0.0006529986389822856
7.666666666666667 -0.0528970081900426 0.0006373563216899164
7.7 -0.02332528682473479 0.0006209123497905103
7.733333333333333 0.007171061321818046 0.0006094705052207749
7.766666666666667 0.03416495040197349 0.0006255408429727619
7.8 0.06224200796905668 0.0006411188608759985
7.833333333333333 0.0875353029460655 0.0006554929994394554
7.866666666666666 0.10957943242886213 0.0006678701867418313
7.9 0.12921537533623575 0.0006779570901524756
7.933333333333334 0.1433064657585064 0.0006853994933868346
7.966666666666667 0.15403400908334566 0.0006901253520081307
8.0 0.15956128885573512 0.0006933740833764135
8.033333333333333 0.16039971297382297 0.0006932857839544726
8.066666666666666 0.15734631007558106 0.0006926620036578623
8.1 0.14583953732566246 0.0006882156517153404
8.133333333333333 0.13396030946801754 0.0006812864354092951
8.166666666666666 0.11713291451336878 0.0006724130919728705
8.2 0.09637856859743621 0.0006612337628716519
8.233333333333333 0.07243430996728706 0.0006483513946084346
8.266666666666667 0.04609315178230256 0.0006352324392065942
8.3 0.01897915356402997 0.0006167940167534011
8.333333333333334 -0.011794956478423345 0.0006125624156899795
8.366666666666667 -0.042926727196031675 0.0006320251220549022
8.4 -0.07134158573396132 0.0006465245257749747
8.433333333333334 -0.09769801521179643 0.000660703807410859
8.466666666666667 -0.12235668040595928 0.0006739711727825198
8.5 -0.1451277385879597 0.0006850753725353986
8.533333333333333 -0.162026985976436 0.0006944960549887247
8.566666666666666 -0.17705164440654747 0.0007011279754674804
8.6 -0.1871254078970162 0.0007068732639475828
8.633333333333333 -0.1926172933264397 0.0007094629837370303
8.666666666666666 -0.1932071254407743 0.0007112986464328785
8.7 -0.18864650132015393 0.0007080435088856196
8.733333333333333 -0.17954215042788432 0.0007038914123253526
8.766666666666667 -0.16662404320594212 0.0006981248434854426
8.8 -0.14837790433807224 0.0006875917865346859
8.833333333333334 -0.12811416923768312 0.0006779501091147833
8.866666666666667 -0.10342429173352166 0.0006639671748775583
8.9 -0.07657716731548693 0.000649536081362978
8.933333333333334 -0.05043516806393745 0.0006351221778153962
8.966666666666667 -0.02126941226104869 0.0006174862783538092
9.0 0.008751261081698762 0.0006107688326684874
9.033333333333333 0.037787224070445054 0.0006271907583847783
9.066666666666666 0.0646322926892724 0.0006455624198908327
9.1 0.08958821391027015 0.0006568449857455583
9.133333333333333 0.11125076967349967 0.0006693120354547138
9.166666666666666 0.1280862271305378 0.0006783506517626381
9.2 0.14239580806387425 0.0006842483966855717
9.233333333333333 0.1521660978304248 0.0006897456347492725
9.266666666666667 0.1576864286782073 0.000692802052923075
9.3 0.1586601074085947 0.0006930046121873534
9.333333333333334 0.15520900303324653 0.0006914774225012243
9.366666666666667 0.14569557464012656 0.0006866924735730862
9.4 0.1329329109725946 0.0006800903903090016
9.433333333333334 0.11596135031580575 0.0006718630714592222
9.466666666666667 0.0946177217045741 0.0006600638433303663
9.5 0.07100549692163347 0.000646814198269785
9.533333333333333 0.04405929170847305 0.0006314260238505509
9.566666666666666 0.014463136447865461 0.0006152264315883536
9.6 -0.014141463638655238 0.0006143110165857963
9.633333333333333 -0.042242336001213625 0.0006298367023820084
9.666666666666666 -0.07117167298887406 0.0006464237657918398
9.7 -0.09797408357628623 0.0006608411587657181
9.733333333333333 -0.122496963721381 0.0006749989449634647
9.766666666666667 -0.143286929577753 0.0006846544133079779
9.8 -0.1619730526564965 0.0006949154420364534
9.833333333333334 -0.17670911160389266 0.0007014131791211742
9.866666666666667 -0.1858398282164986 0.0007055091587734041
9.9 -0.19123350016911228 0.000708825623925935
9.933333333333334 -0.19151510882663786 0.0007107924012543232
9.966666666666667 -0.1871480560446007 0.0007062488299952319
10.0 -0.17945557750912444 0.0007024379404554915
10.033333333333333 -0.1649122610468999 0.000695634414124402
10.066666666666666 -0.1475964656552797 0.0006870749988134861
10.1 -0.12641156163480397 0.0006759992612089538
10.133333333333333 -0.10294189143110606 0.0006641051103798562
10.166666666666666 -0.07642004952274845 0.0006503715544489697
10.2 -0.0476586159163333 0.0006333010825680455
10.233333333333333 -0.020045674375711284 0.0006163985486473504
10.266666666666667 0.009061809899826627 0.0006099572049557949
10.3 0.038439528176750025 0.0006274724122542694
10.333333333333334 0.06445973035381619 0.0006430747842528506
10.366666666666667 0.08883745466968684 0.0006566147561508917
10.4 0.11134551892695806 0.0006678363224844608
10.433333333333334 0.13029695118840937 0.0006778996993488939
10.466666666666667 0.14321066932378418 0.0006846031499283256
10.5 0.15295190925306212 0.0006888040839223009
10.533333333333333 0.15812820974825373 0.000692106000295456
10.566666666666666 0.1586217099249068 0.0006926813399949217
10.6 0.1548886880869779 0.0006904586772058241
10.633333333333333 0.14604087323586276 0.000686565700048436
10.666666666666666 0.13244475432552896 0.0006789708533791738
10.7 0.11378450166335223 0.0006701049261465253
10.733333333333333 0.09253759796736696 0.0006588441089387664
10.766666666666667 0.06972255512453766 0.0006461531635689466
10.8 0.04227301410713331 0.0006316201881406344
10.833333333333334 0.014567191458008185 0.0006138128965456815
10.866666666666667 -0.013425401305427114 0.0006130318014292892
10.9 -0.042364069116495914 0.0006300717113084664
10.933333333333334 -0.07028403983737919 0.0006465965928211109
10.966666666666667 -0.09774102709058984 0.0006610970082203543
11.0 -0.12277444046642354 0.000674945331435875
11.033333333333333 -0.14456216282658318 0.0006864278945393765
11.066666666666666 -0.16307165935010703 0.0006952473921401914
11.1 -0.17710761230839334 0.0007018650065047372
11.133333333333333 -0.18560130602986138 0.0007055745078248521
11.166666666666666 -0.19145903240951825 0.0007080181412763842
11.2 -0.19057306466043863 0.0007080334070903582
11.233333333333333 -0.18498824506567543 0.0007053046862022516
11.266666666666667 -0.1766614182540551 0.0007017621840708921
11.3 -0.16392282782737602 0.0006952387660652537
11.333333333333334 -0.14584295741129155 0.0006868035560460561
11.366666666666667 -0.12493863737176986 0.0006757387151955785
11.4 -0.10033940100603814 0.0006626896259270681
11.433333333333334 -0.07432646824419267 0.000648361057204061
11.466666666666667 -0.04651023955644815 0.0006334104024457374
11.5 -0.017628821264581714 0.0006163246804409411
11.533333333333333 0.011459079605134917 0.0006124154062910579
11.566666666666666 0.03874228917567809 0.0006279764633834797
11.6 0.06463442815766195 0.000643230910104764
11.633333333333333 0.08958022761307867 0.0006565727118188203
11.666666666666666 0.11081221800806687 0.0006685987041134683
11.7 0.12783815138496948 0.0006777031117870536
11.733333333333333 0.14277520853931866 0.0006862193064018085
11.766666666666667 0.15200758795175795 0.0006882739977806529
11.8 0.1564418680405638 0.000691796996756866
11.833333333333334 0.1566578421360886 0.0006923317828255726
11.866666666666667 0.15204059348349844 0.0006896854310869949
11.9 0.14134188561700117 0.0006848322344728264
11.933333333333334 0.12970859934500234 0.0006781393863958263
11.966666666666667 0.11329050943423861 0.000671560055613668
12.0 0.09115739335884655 0.0006568045045460824
12.033333333333333 0.06625265012871447 0.0006433562509886026
12.066666666666666 0.040110985903681305 0.0006291043521437639
12.1 0.01215848427726148 0.0006126559721894593
12.133333333333333 -0.016655332642952395 0.0006162526529618663
12.166666666666666 -0.04631289676457778 0.0006327235648563231
12.2 -0.07148533710374627 0.0006475418800171717
12.233333333333333 -0.09870956293712321 0.0006609044017533566
12.266666666666667 -0.12287730961631745 0.0006736501091387792
12.3 -0.14437486973366045 0.0006853663987478331
12.333333333333334 -0.16153723254984279 0.0006934399112172585
12.366666666666667 -0.17553814198870452 0.0006998790921322606
12.4 -0.18543506878130994 0.0007050585138850818
12.433333333333334 -0.18970061006384686 0.0007071752737614068
12.466666666666667 -0.18917162630205805 0.0007071693545684099
12.5 -0.18500972261144902 0.0007050536780836558
12.533333333333333 -0.17701778055217227 0.0007008795135754753
12.566666666666666 -0.16254651170966125 0.0006946522129291921
12.6 -0.1450089469121966 0.0006865036577044792
12.633333333333333 -0.12256404475294329 0.0006749815406376786
12.666666666666666 -0.09866000431896332 0.0006617138043589904
12.7 -0.07118098852332409 0.0006448577729492727
12.733333333333333 -0.04392960605825447 0.0006315581481858637
12.766666666666667 -0.014436626313103782 0.000613927122643099
12.8 0.01368354529872909 0.0006144763176538746
12.833333333333334 0.041995996234522506 0.0006305793914925945
12.866666666666667 0.0658755801647316 0.0006461402926585813
12.9 0.09156417134515954 0.0006621502375469268
12.933333333333334 0.11251725499806929 0.0006697356032760171
12.966666666666667 0.12956632452705086 0.0006776366403278555
13.0 0.14304754403172973 0.0006870997715433536
13.033333333333333 0.15273701075482166 0.000690132001751026
13.066666666666666 0.15683547298732387 0.000692712077623725
13.1 0.1562733844602722 0.0006919497085258464
13.133333333333333 0.1512949346215892 0.0006903734639420456
13.166666666666666 0.1417021967661055 0.0006867805398489968
13.2 0.1288571700679115 0.0006785184830333246
13.233333333333333 0.11156997464362248 0.0006702817017742863
13.266666666666667 0.0897255166817908 0.0006577431600111872
13.3 0.06609492336400793 0.0006451715415908554
13.333333333333334 0.03752486730284604 0.0006282395070752178
13.366666666666667 0.008063357053627243 0.0006098849174702384
13.4 -0.018265417251369053 0.0006159942834553442
13.433333333333334 -0.04660682282285932 0.0006332970450460135
13.466666666666667 -0.07523382936792834 0.0006483309753158167
13.5 -0.10073754842855343 0.0006627952406375315
13.533333333333333 -0.12377524717569575 0.0006757229911980855
13.566666666666666 -0.1452816863431887 0.0006858931780637789
13.6 -0.16220434768279807 0.0006944791768183911
13.633333333333333 -0.1759671293065197 0.0007009747292901491
13.666666666666666 -0.18495338786115764 0.0007050665227102404
13.7 -0.18943405126652232 0.000707438723451248
13.733333333333333 -0.1886620658370013 0.0007070426199120572
13.766666666666667 -0.1845553308478556 0.0007051613541819435
13.8 -0.17344388197515176 0.0006989051800655732
13.833333333333334 -0.1592760299460697 0.0006937164265973794
13.866666666666667 -0.1412221468359952 0.000685120906738057
13.9 -0.11991706650013623 0.0006747290701377834
13.933333333333334 -0.09671742934843428 0.000660449011000569
13.966666666666667 -0.07071742339985015 0.0006472522233376271
14.0 -0.04227503636787733 0.0006307537804181446
14.033333333333333 -0.013325592564977697 0.0006149181992730329
14.066666666666666 0.015307515296193798 0.0006135389745637373
14.1 0.04168389008136097 0.0006294001344098049
14.133333333333333 0.06861574481786001 0.0006455975568781802
14.166666666666666 0.09298349105448897 0.0006597646318046851
14.2 0.11343442703629217 0.0006695562359591289
14.233333333333333 0.12827306990824303 0.0006797945822166751
14.266666666666667 0.14319102571421927 0.0006845947554244558
14.3 0.15209059200522948 0.0006876895430180385
14.333333333333334 0.15565868823749945 0.0006908843054954095
14.366666666666667 0.15513165238095195 0.0006908621986604913
14.4 0.1503722172529569 0.000688774999941022
14.433333333333334 0.14110469271027512 0.0006842115925919934
14.466666666666667 0.1265795509212933 0.0006776606460487944
14.5 0.10857170278087017 0.0006668627150800827
14.533333333333333 0.08720112470090333 0.0006559474761011902
14.566666666666666 0.06361705510027205 0.0006419103016947064
14.6 0.03647261633962334 0.0006262877504287986
14.633333333333333 0.009548610609141453 0.0006112631433273508
14.666666666666666 -0.01961064106281951 0.000617001726790023
14.7 -0.04888618090955757 0.0006340781793366113
14.733333333333333 -0.07548370479579179 0.0006490627173167812
14.766666666666667 -0.10216802214837896 0.0006633431793137967
14.8 -0.12483204517499477 0.0006762318318805083
14.833333333333334 -0.14513296846038412 0.0006861676855515197
14.866666666666667 -0.1615300119275577 0.000694613344000089
14.9 -0.17668226925165828 0.0007017561839629816
14.933333333333334 -0.18347632437984146 0.0007042623621946187
14.966666666666667 -0.18759544742210116 0.000706542229056667
15.0 -0.1867537664920775 0.0007067493921061319
15.033333333333333 -0.18170425489204908 0.0007042204796712248
15.066666666666666 -0.17153248917208425 0.0006997910243207728
15.1 -0.15765237964735646 0.0006926640671727768
15.133333333333333 -0.14005569293568998 0.0006838968920393207
15.166666666666666 -0.11844768400273663 0.0006723486930221567
15.2 -0.09395811973818424 0.0006601506817587033
15.233333333333333 -0.06715238383706383 0.0006450148092012886
15.266666666666667 -0.041078016665610374 0.0006297760414559483
15.3 -0.01220917197421336 0.0006138922717024327
15.333333333333334 0.015915648811766638 0.0006156058564158982
15.366666666666667 0.04382174571079005 0.0006315928412415212
15.4 0.06992903363358967 0.0006453264936902153
15.433333333333334 0.09374437319968808 0.0006612855931880657
15.466666666666667 0.11475664313747908 0.000671903179998018
15.5 0.13102193277498708 0.0006807101655013081
15.533333333333333 0.14269406922380518 0.0006877647269042941
15.566666666666666 0.1524123182306435 0.0006886613838660849
15.6 0.15585193223074673 0.0006912483426887717
15.633333333333333 0.15480433575409747 0.0006910609854590966
15.666666666666666 0.14912711430712364 0.0006878370585145233
15.7 0.1385453856825112 0.0006837190671799553
15.733333333333333 0.12363849680035324 0.0006757588204390902
15.766666666666667 0.10625986467289726 0.0006661302103190825
15.8 0.08358130080103625 0.0006543946365522163
15.833333333333334 0.059876392066456105 0.0006404405753010281
15.866666666666667 0.035204902743061095 0.0006266215252862598
15.9 0.007178532787200572 0.0006096844358903526
15.933333333333334 -0.021862040220759358 0.000618170052717755
15.966666666666667 -0.048938569579079674 0.0006335463862661914
16.0 -0.07695587709639576 0.0006506781881570334
16.033333333333335 -0.10263826188835885 0.000663591236460967
16.066666666666666 -0.12638330946926016 0.0006752602646860895
16.1 -0.14562704627976206 0.0006857272112650858
16.133333333333333 -0.16171544913093125 0.0006939385943407761
16.166666666666668 -0.17489512779918429 0.0007011802794968935
16.2 -0.18182049403666303 0.0007054984684277676
16.233333333333334 -0.18586298436497786 0.0007061390072527207
16.266666666666666 -0.1855995796820059 0.0007056168336761759
16.3 -0.1798820697192452 0.0007032470762885767
16.333333333333332 -0.16993221239002468 0.0006992373392419315
16.366666666666667 -0.15584726943113147 0.0006918500424366036
16.4 -0.13737575060316523 0.0006820544714217502
16.433333333333334 -0.11600573821099713 0.0006711155542468428
16.466666666666665 -0.09283767607480294 0.0006602143465355981
16.5 -0.06648301209452849 0.0006432881759249748
16.533333333333335 -0.03962207423577902 0.0006305007479922714
16.566666666666666 -0.009787609595969693 0.000611850877229524
16.6 0.018795908770530247 0.00061528052516455
16.633333333333333 0.046003677660453726 0.0006338493063239858
16.666666666666668 0.07132746808467498 0.0006444498967513035
16.7 0.09409412243571888 0.0006589167296462972
16.733333333333334 0.1151942762586071 0.0006709392898632677
16.766666666666666 0.13012700054611176 0.000678325056240825
16.8 0.14320239698745985 0.0006851187216230514
16.833333333333332 0.15103121069220626 0.0006901821737617386
16.866666666666667 0.15376893991079119 0.0006910584996117353
16.9 0.15413081824902006 0.0006904957544902612
16.933333333333334 0.1476127716189637 0.0006875124564956481
16.966666666666665 0.13816917838857412 0.0006823433116543709
17.0 0.1224704451259904 0.0006740959893723475
17.033333333333335 0.10406826258902618 0.0006644745942009228
17.066666666666666 0.08329529381980486 0.0006540625662471294
17.1 0.059351753718177615 0.0006404383848879688
17.133333333333333 0.03231780965508593 0.000625242168932269
17.166666666666668 0.004742393008665156 0.0006069431453688259
17.2 -0.02273233253178682 0.000618916298373233
17.233333333333334 -0.05115020027132109 0.0006356624547693285
17.266666666666666 -0.07778751776356617 0.0006495014447905623
17.3 -0.1031206261283621 0.0006641845587897766
17.333333333333332 -0.12579779710620823 0.0006762796958091621
17.366666666666667 -0.1466130967491076 0.0006868006709260799
17.4 -0.16194057254142982 0.0006927394482107996
17.433333333333334 -0.1741116800732081 0.0006993570123867421
17.466666666666665 -0.1826981260936188 0.0007059391303829432
17.5 -0.18632293074171946 0.0007072956202449632
17.533333333333335 -0.184792013626873 0.0007059159189371222
17.566666666666666 -0.17927567729507585 0.0007034670252850372
17.6 -0.16903058455624803 0.000699092177711913
17.633333333333333 -0.1543453513198014 0.0006918959627715826
17.666666666666668 -0.13695160980888385 0.0006814220847574382
17.7 -0.1130573036729251 0.0006698198993097815
17.733333333333334 -0.08935882087450618 0.0006571049041145527
17.766666666666666 -0.06381447628241649 0.0006423633481174029
17.8 -0.03582149876784444 0.0006276172797736179
17.833333333333332 -0.007920095159661517 0.0006118372208048194
17.866666666666667 0.019950292872167236 0.0006205019178605227
17.9 0.0463249849752466 0.0006351236859581874
17.933333333333334 0.07073550189257347 0.0006485608483370459
17.966666666666665 0.09327312380188017 0.0006595887730158345
18.0 0.11105366155490877 0.0006700537183013389
18.033333333333335 0.12897692655327753 0.0006772675517852655
18.066666666666666 0.14322800889907436 0.0006851317939344237
18.1 0.15122673886398294 0.000689366392659041
18.133333333333333 0.1547121886829502 0.0006911689752564787
18.166666666666668 0.15337043957937865 0.0006901849970972485
18.2 0.1476789090254914 0.0006894023996363019
18.233333333333334 0.1359477430322792 0.0006817747774115757
18.266666666666666 0.12189954779553085 0.0006748593609149367
18.3 0.10375616761708042 0.0006650019111306138
18.333333333333332 0.08246700126884944 0.0006532229540961998
18.366666666666667 0.05655293446007333 0.0006376621984038322
18.4 0.02964108955516915 0.0006230085411347216
18.433333333333334 0.005217267784709527 0.0006092856337803444
18.466666666666665 -0.024582533905843706 0.0006211142813632754
18.5 -0.05243438606269347 0.0006371095264107798
18.533333333333335 -0.0790148236981668 0.0006509437958741315
18.566666666666666 -0.10402095894263194 0.0006637285590195274
18.6 -0.12827752398269987 0.0006759260920858601
18.633333333333333 -0.14671820568358498 0.0006857361147335206
18.666666666666668 -0.16237568713620149 0.0006931006391232841
18.7 -0.17412798075357666 0.000700236073235494
18.733333333333334 -0.18157219068690278 0.0007037354435247278
18.766666666666666 -0.18507449317741884 0.0007055432194877642
18.8 -0.18366709769753517 0.000704608291549752
18.833333333333332 -0.1777398258198928 0.0007027362581065455
18.866666666666667 -0.16701228771016707 0.0006973399737664199
18.9 -0.15370580494876512 0.0006911332660851088
18.933333333333334 -0.13428579795326273 0.0006833882777022016
18.966666666666665 -0.11246455386786566 0.0006697330262277479
19.0 -0.08815457273790374 0.0006576809070627659
19.033333333333335 -0.0628657420566213 0.0006426142433913623
19.066666666666666 -0.03329561780864499 0.0006257433041225169
19.1 -0.005916747956880045 0.0006100904063903951
19.133333333333333 0.021270767393703885 0.0006172954767738603
19.166666666666668 0.04901494585910145 0.0006342025357613176
19.2 0.0741840095311108 0.0006477691962744336
19.233333333333334 0.09707706730867138 0.0006612584070220806
19.266666666666666 0.11454012572233654 0.000671515140278578
19.3 0.13094000108782144 0.0006801523900898387
19.333333333333332 0.14328381102465665 0.0006841223049960377
19.366666666666667 0.1508262550242269 0.0006881302866857952
19.4 0.15443254820816196 0.0006903737160231793
19.433333333333334 0.15261049957797476 0.0006899867274406113
19.466666666666665 0.1462676721529665 0.0006860954047950563
19.5 0.13492747805091287 0.0006811901767266038
19.533333333333335 0.11943884729722933 0.0006732858318058282
19.566666666666666 0.10202219146701312 0.0006633630524513073
19.6 0.07995455467834296 0.0006506661464482782
19.633333333333333 0.054503166647372134 0.0006378265974339367
19.666666666666668 0.027332771395798254 0.0006260758707049285
19.7 0.0008931665957555978 0.0006057570524909545
19.733333333333334 -0.026356567526311346 0.0006220431044819501
19.766666666666666 -0.05455470734158963 0.0006377865463164378
19.8 -0.08154775001157268 0.0006545985489492256
19.833333333333332 -0.10589865632609914 0.0006656710365120638
19.866666666666667 -0.12827060768617707 0.0006773617901904283
19.9 -0.14677278242015493 0.0006866506208325629
19.933333333333334 -0.16243026509233902 0.0006933986072832632
19.966666666666665 -0.17316647361768556 0.0007007533378831365
20.0 -0.18115636105989782 0.0007036661307611713
20.033333333333335 -0.18379549141497353 0.0007048813111457941
20.066666666666666 -0.18186226880008097 0.000703702589946148
20.1 -0.17580661473883483 0.0007008053390965274
20.133333333333333 -0.16493237934175387 0.000695918915487842
20.166666666666668 -0.1493480183442236 0.0006882971976602814
20.2 -0.13132137007657999 0.0006805997761015758
20.233333333333334 -0.10907547279191204 0.0006683146174110005
20.266666666666666 -0.08618295325179706 0.0006555830126147438
20.3 -0.058737220041465636 0.0006392607763129401
20.333333333333332 -0.03169637408602568 0.000624410252086316
20.366666666666667 -0.002715409150992205 0.0006070134094610579
20.4 0.02383314335249218 0.0006196168401776461
20.433333333333334 0.05067765862074189 0.0006348254986137669
20.466666666666665 0.07541951721662384 0.0006489425811307264
20.5 0.098219366305389 0.0006607144299541484
20.533333333333335 0.11704758425685212 0.0006709445729208008
20.566666666666666 0.13233711079593605 0.0006799047735328856
20.6 0.14366318363979644 0.000685197259779724
20.633333333333333 0.15029773188586398 0.0006885704973959017
20.666666666666668 0.15268450389347668 0.0006892508447353396
20.7 0.14997731521136726 0.0006880682774918212
20.733333333333334 0.1431150062771047 0.0006872869128435044
20.766666666666666 0.13313523272649277 0.0006789424021531876
20.8 0.1183083722933757 0.0006724102918245767
20.833333333333332 0.09949019135344687 0.0006622887106627201
20.866666666666667 0.07797670256035444 0.0006514134167030367
20.9 0.053539254861043405 0.0006372832541887349
20.933333333333334 0.026997346476771576 0.0006214997336334224
20.966666666666665 0.0007229928568315054 0.000605353728522558
21.0 -0.02797804284312002 0.00062192345029825
21.033333333333335 -0.05536389722059635 0.0006373104668887034
21.066666666666666 -0.08192634285020131 0.0006525652830242923
21.1 -0.10668110848981498 0.0006654588250773474
21.133333333333333 -0.12914231793493597 0.0006762880540178984
21.166666666666668 -0.14737712288866028 0.0006868451485664007
21.2 -0.163229956829154 0.000695181019979868
21.233333333333334 -0.17381234936166998 0.000700402407413564
21.266666666666666 -0.1807542676004577 0.0007037852140953649
21.3 -0.1833336924512503 0.0007046354365278784
21.333333333333332 -0.1809023129740446 0.0007034461800972946
21.366666666666667 -0.17578213069122814 0.0007013232272468917
21.4 -0.1636957502374425 0.0006973596700297069
21.433333333333334 -0.14788163569801055 0.0006872237024477257
21.466666666666665 -0.12910672839993995 0.0006796838638717384
21.5 -0.10761151010365175 0.0006681326545222577
21.533333333333335 -0.08425951074056373 0.0006564644481397847
21.566666666666666 -0.056188071811234856 0.0006386859296279926
21.6 -0.028420776890113228 0.0006249211755905218
21.633333333333333 -0.0016206354734336994 0.0006095082302867844
21.666666666666668 0.026172696350883512 0.0006210419225290871
21.7 0.05229683237782428 0.0006381084116595451
21.733333333333334 0.07532258875466809 0.0006488365911168359
21.766666666666666 0.0966092775878139 0.0006614274443552809
21.8 0.11702654146001754 0.0006733385646639639
21.833333333333332 0.13253723375882112 0.0006796209941332954
21.866666666666667 0.14309916852119503 0.0006851163277778738
21.9 0.15038985753620857 0.0006889817807921028
21.933333333333334 0.1529121357361377 0.0006905959287471231
21.966666666666665 0.15012125578157265 0.0006893134878193097
22.0 0.1424501987865539 0.0006846521506769232
22.033333333333335 0.13268336072686152 0.0006798839082480523
22.066666666666666 0.11672808594028587 0.0006724353556824963
22.1 0.09825128751955961 0.000661894063927887
22.133333333333333 0.07605852805451867 0.0006495597887108545
22.166666666666668 0.05158357179899415 0.0006358770926935334
22.2 0.02504492899923961 0.000620653221572922
22.233333333333334 -0.002052245197302187 0.0006061761082855159
22.266666666666666 -0.02969875540008706 0.0006267106459161252
22.3 -0.05708001253075284 0.0006449905178484358
22.333333333333332 -0.08279413753910951 0.0006546609530604236
22.366666666666667 -0.10794609127218008 0.0006673608150712801
22.4 -0.12962290522883818 0.0006781819614871398
22.433333333333334 -0.14789233580419436 0.0006876122904409809
22.466666666666665 -0.16295191932350114 0.0006942661731321464
22.5 -0.17395125439249726 0.0007004385996710605
22.533333333333335 -0.17952294300710242 0.00070235286214132
22.566666666666666 -0.18215379553014924 0.0007037902587853084
22.6 -0.1790974708042752 0.0007023012407180451
22.633333333333333 -0.17278919455821512 0.0007000884401048291
22.666666666666668 -0.16147086505503094 0.0006950139320854587
22.7 -0.14536876098705365 0.0006858297771349109
22.733333333333334 -0.1267629656630285 0.0006757100549224793
22.766666666666666 -0.10509053559901003 0.0006661733506619222
22.8 -0.08206493621362068 0.0006529790578103795
22.833333333333332 -0.054394200739121976 0.0006383274708338868
22.866666666666667 -0.02755644361212473 0.0006229309590496009
22.9 -0.0014731297551136048 0.000607083912349984
22.933333333333334 0.02629796184389155 0.0006210222768873418
22.966666666666665 0.053468711310542566 0.0006363070928727052
23.0 0.077504955328161 0.000650878059931026
23.033333333333335 0.09911595262089473 0.0006623229784746831
23.066666666666666 0.11770106524187929 0.000671623311627817
23.1 0.13161493047429093 0.0006790496276783409
23.133333333333333 0.1404795497523312 0.0006829778758986882
23.166666666666668 0.14907730450006987 0.000688499222852551
23.2 0.15022541620831256 0.0006888134925562006
23.233333333333334 0.1478360487349259 0.0006880178844720364
23.266666666666666 0.14253868073665535 0.0006857313106160834
23.3 0.12975623493557373 0.0006782834545344119
23.333333333333332 0.11219888993458117 0.0006695167419971948
23.366666666666667 0.09485937464719621 0.0006591823942003611
23.4 0.07251042928293608 0.000648936741825118
23.433333333333334 0.047668044804785856 0.0006332125772196898
23.466666666666665 0.022446340631162517 0.0006191207888635517
23.5 -0.0038643951643190155 0.0006090407593776067
23.533333333333335 -0.030871721810413012 0.0006238261440463938
23.566666666666666 -0.058696582216753765 0.0006394054133406629
23.6 -0.08354082011507846 0.000652730266775689
23.633333333333333 -0.1078468182811855 0.0006660978460040351
23.666666666666668 -0.12963402243391844 0.0006770203516191231
23.7 -0.14732925945045683 0.0006860206739819907
23.733333333333334 -0.16173355802938602 0.0006925463041714819
23.766666666666666 -0.17157216647452136 0.0007007834873326291
23.8 -0.17783297483826943 0.0007014726474078303
23.833333333333332 -0.18017767916559888 0.0007039323689898291
23.866666666666667 -0.1775838573911633 0.0007021226116668555
23.9 -0.17056458784632167 0.000699004691303351
23.933333333333334 -0.16006514960089138 0.0006931110727051437
23.966666666666665 -0.1436575301332559 0.0006845939797930356
24.0 -0.12572494351586 0.0006758891535099121
24.033333333333335 -0.10163160974370107 0.0006631143708511339
24.066666666666666 -0.07753447588388954 0.0006511863605412616
24.1 -0.05207613720945294 0.0006360672952090904
24.133333333333333 -0.025756443563498387 0.0006210797484672952
24.166666666666668 0.0012120576822208903 0.0006072629382259203
24.2 0.02767580972672207 0.0006210565528099454
24.233333333333334 0.05227602028977441 0.0006362809596254446
24.266666666666666 0.07596176308504318 0.000650350880778458
24.3 0.09891565691189158 0.0006617178585476141
24.333333333333332 0.11734242320929736 0.0006717791343212182
24.366666666666667 0.13115643719267006 0.0006791448687147317
24.4 0.14176807479589223 0.000683921077530153
24.433333333333334 0.1476630835746597 0.0006872387350842224
24.466666666666665 0.1495551587461346 0.0006896214307145765
24.5 0.14653343507530064 0.00068692980596749
24.533333333333335 0.13964709309923007 0.0006842156977300284
24.566666666666666 0.1275162908312344 0.0006791639034176566
24.6 0.10937560286317796 0.0006730438351507939
24.633333333333333 0.09260231500110958 0.000659606633485299
24.666666666666668 0.07155479515731532 0.0006479395056091797
24.7 0.04595547335312195 0.0006325287822108311
24.733333333333334 0.020841141550940613 0.000618148078982448
24.766666666666666 -0.0071592320012054235 0.0006102762884361065
24.8 -0.03277216326661183 0.0006267691351853066
24.833333333333332 -0.0598725588174766 0.0006418654697267559
24.866666666666667 -0.08498361249473094 0.0006539588380368444
24.9 -0.10793239924482871 0.0006659740253536633
24.933333333333334 -0.13003011252556873 0.000678081614856274
24.966666666666665 -0.1483297319763378 0.0006876355859459782
25.0 -0.16314359307188298 0.000694814291553103
25.033333333333335 -0.1729829628012331 0.0006989224759244572
25.066666666666666 -0.1790870342582969 0.0007020627088299702
25.1 -0.179895515557167 0.0007030982336123093
25.133333333333333 -0.17688338802046832 0.0007010608990816458
25.166666666666668 -0.17063603020772997 0.0006989335097266902
25.2 -0.15831775779355126 0.0006925359264395581
25.233333333333334 -0.14283234389578492 0.0006845677599363609
25.266666666666666 -0.12440093744784023 0.0006757182534559703
25.3 -0.102343206285082 0.0006635599580974427
25.333333333333332 -0.07795251766839481 0.0006511780752372909
25.366666666666667 -0.05060942817623397 0.000635959884555018
25.4 -0.02364440831201844 0.000619600447320269
25.433333333333334 0.0033142987651508444 0.0006073240947223062
25.466666666666665 0.030282634490353184 0.0006233091074621319
25.5 0.05596930659355903 0.0006378877732997681
25.533333333333335 0.07860201063091693 0.0006498470349610846
25.566666666666666 0.09878390330424074 0.0006605321685315968
25.6 0.11517048054690593 0.0006697367142846633
25.633333333333333 0.1317635185240643 0.0006795774439788405
25.666666666666668 0.14274470724180008 0.000684105256448464
25.7 0.14911144928379683 0.0006874501010717127
25.733333333333334 0.14945777775180466 0.0006875689367831783
25.766666666666666 0.14631760241664152 0.0006860022248166286
25.8 0.13919014437353674 0.0006828746034713284
25.833333333333332 0.12647714591790848 0.0006769798610606337
25.866666666666667 0.11165663650632214 0.0006686001716140061
25.9 0.09335991018232195 0.0006587425500427652
25.933333333333334 0.07074908732451513 0.0006466250848084498
25.966666666666665 0.045811950789270285 0.0006325187319250816
26.0 0.019179157318415255 0.0006180034656851074
26.033333333333335 -0.007666143854645746 0.0006113148249399141
26.066666666666666 -0.03409338854669606 0.0006252521310304918
26.1 -0.06149007939268155 0.0006401727830244036
26.133333333333333 -0.08608156025173844 0.0006548622059450032
26.166666666666668 -0.1091719396186408 0.000666460162536131
26.2 -0.13099036084547502 0.0006785950995036594
26.233333333333334 -0.14835757315069453 0.0006879105264767649
26.266666666666666 -0.1612250910774526 0.0006938627085219806
26.3 -0.17269032071947366 0.0006981289548491643
26.333333333333332 -0.1778718150932654 0.0007015757865138639
26.366666666666667 -0.17795490388314344 0.0007013201876441555
26.4 -0.17408272871063604 0.0007002724152414264
26.433333333333334 -0.167812697131952 0.0006976202697066836
26.466666666666665 -0.15622119661445066 0.0006939958471900987
26.5 -0.1400846601966658 0.0006851021710161942
26.533333333333335 -0.1210969550370342 0.0006730434898676307
26.566666666666666 -0.09799194867060589 0.0006619225432649423
26.6 -0.07344177079783767 0.0006476073810428168
26.633333333333333 -0.048320937668312726 0.0006334739698352007
26.666666666666668 -0.02125119346841398 0.0006178747451086111
26.7 0.0065030062481106704 0.0006089790008506008
26.733333333333334 0.033534415819326764 0.0006255025097512065
26.766666666666666 0.05870895582946795 0.0006388948099165861
26.8 0.08119688563588137 0.0006520353094114084
26.833333333333332 0.10163668223837811 0.0006634132693032202
26.866666666666667 0.11810784723117596 0.0006727842478608248
26.9 0.13186221116167812 0.0006799906339463868
26.933333333333334 0.14263805907258803 0.0006843218061071965
26.966666666666665 0.14785116487276465 0.000688017367080962
27.0 0.14806464340219985 0.0006873952883184598
27.033333333333335 0.1433744225990156 0.0006863079662704774
27.066666666666666 0.13607061538975124 0.000680443202584341
27.1 0.12496715670561476 0.0006757840393326331
27.133333333333333 0.11008667587217687 0.0006684765538782222
27.166666666666668 0.08965894365098906 0.0006606200849048893
27.2 0.06703981576939502 0.0006457691916457314
27.233333333333334 0.0438629295563817 0.0006328183982409821
27.266666666666666 0.016983433289103105 0.0006166478183098935
27.3 -0.008813732991385916 0.0006105898662068787
27.333333333333332 -0.036481279472694327 0.000626332176460763
27.366666666666667 -0.06319035478317496 0.0006422576999314672
27.4 -0.08885236785929171 0.0006569687369479688
27.433333333333334 -0.11166151771974983 0.0006704055060516717
27.466666666666665 -0.13195130208168043 0.0006794055246930608
27.5 -0.14830412123305536 0.0006872665732168826
27.533333333333335 -0.16201233732652698 0.0006946815039624854
27.566666666666666 -0.17172981623547787 0.0006984888769057118
27.6 -0.17713618256753147 0.0007016158326881572
27.633333333333333 -0.17669513235595016 0.0007009467774573841
27.666666666666668 -0.17400589565859462 0.0007000902235657636
27.7 -0.16633143058506247 0.0006967034401143823
27.733333333333334 -0.15528595737360457 0.0006909745194627337
27.766666666666666 -0.13832084516514223 0.0006828232814724
27.8 -0.11760030003003683 0.0006722745512371536
27.833333333333332 -0.09579647235308779 0.0006602551847508381
27.866666666666667 -0.07115404191120363 0.000647098797323567
27.9 -0.04639517810302864 0.0006324473810119871
27.933333333333334 -0.018541631945015097 0.0006161368454801544
27.966666666666665 0.008510278888709158 0.0006100977278438342
28.0 0.03547239556760047 0.0006260818372922569
28.033333333333335 0.05948610656640932 0.0006397160318686035
28.066666666666666 0.08298550401255665 0.0006536330543407548
28.1 0.10343320960769783 0.0006671594259476527
28.133333333333333 0.11921645470955176 0.0006726711067359809
28.166666666666668 0.13349326880007986 0.0006794272278710933
28.2 0.14082298631006085 0.0006842074878052051
28.233333333333334 0.14759570430162905 0.0006871127327912896
28.266666666666666 0.1476098391044481 0.000687741434915623
28.3 0.1444735192525622 0.000686975693428904
28.333333333333332 0.13563564314264193 0.0006818537972386463
28.366666666666667 0.1235110032241022 0.0006740155372871731
28.4 0.10852633755543854 0.000667591467969117
28.433333333333334 0.08794785983511391 0.0006564566368232327
28.466666666666665 0.06555879016150831 0.0006436264901522604
28.5 0.04154742667923941 0.0006309337190168185
28.533333333333335 0.015574212339298036 0.0006154261837275406
28.566666666666666 -0.011321686073519082 0.0006125028876163823
28.6 -0.03782285499578564 0.0006283141189175404
28.633333333333333 -0.06501953146921313 0.0006428670085662641
28.666666666666668 -0.08943704941024964 0.0006558558045137303
28.7 -0.1131773633411993 0.0006695718165724701
28.733333333333334 -0.1338381946923176 0.0006802721225908359
28.766666666666666 -0.15017575231864602 0.0006883110018872096
28.8 -0.16189632702176532 0.0006941806823196062
28.833333333333332 -0.17095536930335342 0.0006990290027360235
28.866666666666667 -0.1761122655196881 0.0007016043912344005
28.9 -0.17636759105950642 0.0007012233335432771
28.933333333333334 -0.17375308305453965 0.0007014990222090345
28.966666666666665 -0.1646960474167063 0.0006955421354704339
29.0 -0.1529423612248466 0.0006894794770274937
29.033333333333335 -0.13533829552187251 0.0006800688461315874
29.066666666666666 -0.11603728446688062 0.0006710688217816119
29.1 -0.09429251614197433 0.0006596963380889748
29.133333333333333 -0.07020617831134061 0.0006466018126653622
29.166666666666668 -0.043844431707578665 0.0006316722315290527
29.2 -0.016987546734081652 0.0006168520127867519
29.233333333333334 0.009225076648383953 0.0006111478439903943
29.266666666666666 0.03543274880583429 0.0006262440987022458
29.3 0.05978398074297955 0.0006406892610814896
29.333333333333332 0.08176811117854643 0.0006517733712475271
29.366666666666667 0.10265488371748197 0.0006631071929128485
29.4 0.11839213244768629 0.0006725523584880239
29.433333333333334 0.13199966170569727 0.0006777930793308296
29.466666666666665 0.1421099258074509 0.0006832986647754002
29.5 0.1459495841230637 0.0006854043328615167
29.533333333333335 0.1471322337888674 0.0006857951557890096
29.566666666666666 0.14267658417556384 0.0006842879452149397
29.6 0.1337746638836011 0.000679671990355929
29.633333333333333 0.12310922005855002 0.0006737474869164817
29.666666666666668 0.10615138820192634 0.0006647934400126204
29.7 0.08526703508502011 0.0006547264452253926
29.733333333333334 0.0626745522666947 0.0006416677979514535
29.766666666666666 0.03692676971284699 0.0006267270531189958
29.8 0.012506947587046527 0.0006131220835818955
29.833333333333332 -0.012815187813056303 0.0006131006296460229
29.866666666666667 -0.039696443424040384 0.0006282656775368975
29.9 -0.06629116763520432 0.0006433233688600548
29.933333333333334 -0.09053498726481068 0.0006574529590474554
29.966666666666665 -0.1126057156687621 0.0006691352688034807
30.0 -0.13326166987611185 0.0006803700727678885
30.033333333333335 -0.1493305517938783 0.0006880875215801163
30.066666666666666 -0.16162753228757554 0.0006937459608281349
30.1 -0.17102113474777994 0.0006980832506065793
30.133333333333333 -0.17520023391592643 0.0007003455212073739
30.166666666666668 -0.17547702482964075 0.0007004882061192041
30.2 -0.171558102714825 0.0006991688632614346
30.233333333333334 -0.16292256601407107 0.0006953774827744008
30.266666666666666 -0.14976035316719427 0.0006893136774301645
30.3 -0.13362465207463572 0.0006797505625670275
30.333333333333332 -0.11428504982056892 0.0006703358959921774
30.366666666666667 -0.09231362809804479 0.0006591437740893213
30.4 -0.06820474416947615 0.0006450698927498028
30.433333333333334 -0.04104744885299622 0.0006311227299271097
30.466666666666665 -0.015565434942857595 0.0006149006714981035
30.5 0.010871822993364692 0.0006114462242832845
30.533333333333335 0.037388561917435545 0.0006277232087147089
30.566666666666666 0.060533546209903595 0.0006408622382846757
30.6 0.08272323541182183 0.0006523742072998412
30.633333333333333 0.10289602379463499 0.0006641242949072951
30.666666666666668 0.11867656831955503 0.0006718760393045614
30.7 0.13244503341478905 0.0006796455503356724
30.733333333333334 0.14149152242337013 0.0006831962346933174
30.766666666666666 0.14512700325535305 0.0006838035210612881
30.8 0.1450067303597584 0.0006844907565979053
30.833333333333332 0.14039512478460495 0.0006841138098386546
30.866666666666667 0.13245249138291879 0.0006794445355961798
30.9 0.12030589713162397 0.0006730242785014384
30.933333333333334 0.10411762587008741 0.000665372894972871
30.966666666666665 0.08259941885802673 0.0006538001820678568
31.0 0.06085191401690071 0.000640337774618166
31.033333333333335 0.03404489068815739 0.0006264720572804056
31.066666666666666 0.010149554864355998 0.0006131977787935845
31.1 -0.016006665852468804 0.0006161626257801534
31.133333333333333 -0.042231423513608715 0.0006304366368616865
31.166666666666668 -0.06775162181288312 0.0006445130672677601
31.2 -0.09228814963623336 0.0006571240040090798
31.233333333333334 -0.1139492365661994 0.0006688857917199892
31.266666666666666 -0.1329168026500113 0.0006820664208672389
31.3 -0.14912527799424383 0.0006881318215156973
31.333333333333332 -0.16136663660496614 0.0006942286594912861
31.366666666666667 -0.170457706475458 0.0006990365987627756
31.4 -0.17575444098555965 0.0007024665606117919
31.433333333333334 -0.1744327459097781 0.0006999529520732295
31.466666666666665 -0.169870364775666 0.0006982287551146882
31.5 -0.16061792068709504 0.0006929916247561951
31.533333333333335 -0.15083712636230145 0.0006895630934759533
31.566666666666666 -0.1324591310370392 0.0006803818683320528
31.6 -0.11195433917738518 0.0006684733624651162
31.633333333333333 -0.0894070820246283 0.0006555562662985681
31.666666666666668 -0.0643617272436676 0.0006428272066873325
31.7 -0.037699289986368074 0.0006275374259901781
31.733333333333334 -0.012810794444454482 0.0006127485749939775
31.766666666666666 0.012646303270444213 0.0006125815559086551
31.8 0.038344138712654734 0.0006293734779630952
31.833333333333332 0.06435119938586874 0.0006425711529237238
31.866666666666667 0.086171888564565 0.0006541074032792998
31.9 0.10484056616490071 0.000665483788018284
31.933333333333334 0.11847483637456233 0.0006741191140063885
31.966666666666665 0.13195077160782662 0.0006795582917352994
32.0 0.14178784394605137 0.0006846173139572198
32.03333333333333 0.14530093134815375 0.0006858363268439638
32.06666666666667 0.14488316605353854 0.0006862285355796749
32.1 0.14047602221959446 0.0006842269458835482
32.13333333333333 0.1315082860803874 0.0006800402412475426
32.166666666666664 0.11818502924423979 0.0006725955514708948
32.2 0.10211441350886116 0.0006631907779857393
32.233333333333334 0.08110743233650944 0.0006519418343665095
32.266666666666666 0.06023207978886731 0.0006408732006176338
32.3 0.03525538155274686 0.0006261726082002067
32.333333333333336 0.010625755093342055 0.000611302367915836
32.36666666666667 -0.016914557642191765 0.0006145119529016342
32.4 -0.041908371770288715 0.0006299242373840122
32.43333333333333 -0.06831030707698404 0.0006447028589929987
32.46666666666667 -0.09293966312628651 0.0006579581268578161
32.5 -0.11535979032711914 0.0006696282644284568
32.53333333333333 -0.1333860899740263 0.0006793308995696468
32.56666666666667 -0.1500184784674785 0.000687562013288262
32.6 -0.1625324267341102 0.0006945878842535835
32.63333333333333 -0.17123089292133958 0.0006984677367916081
32.666666666666664 -0.17478741968655714 0.0007006037586108071
32.7 -0.17372595637657648 0.0007007044546082364
32.733333333333334 -0.1687737072897351 0.0006995386221018973
32.766666666666666 -0.15983262371259999 0.0006942449379113425
32.8 -0.146259556654271 0.0006862205497184248
32.833333333333336 -0.12989681900611497 0.0006776191270368159
32.86666666666667 -0.11135851597382825 0.0006675137248581264
32.9 -0.08927312311189214 0.0006565531935585206
32.93333333333333 -0.0636701542025775 0.0006419765285171214
32.96666666666667 -0.03790452702410453 0.0006269480560725724
33.0 -0.011209682871821294 0.0006131246908576433
33.03333333333333 0.01619510318829361 0.0006152850789119708
33.06666666666667 0.04146492669229324 0.0006292917169511136
33.1 0.06617502412848 0.0006432418799678652
33.13333333333333 0.08766248277166082 0.0006563574281231166
33.166666666666664 0.1061000478729632 0.0006651794781018933
33.2 0.12220597021946271 0.0006739335450169498
33.233333333333334 0.13315346700792738 0.0006804842764855934
33.266666666666666 0.1423471525530354 0.0006836185855639276
33.3 0.14509244909363853 0.0006849971753059292
33.333333333333336 0.14472120396087998 0.0006855309363288098
33.36666666666667 0.13831085942412227 0.0006834381804851908
33.4 0.12983950681056705 0.0006821756464212014
33.43333333333333 0.11759712145687266 0.0006731363088766512
33.46666666666667 0.09932156570339011 0.0006622744585488421
33.5 0.08117696230656543 0.0006518003457175736
33.53333333333333 0.05799169217648163 0.0006391552696081437
33.56666666666667 0.034295899739940724 0.0006256814970123578
33.6 0.00860279625447247 0.0006110383768126414
33.63333333333333 -0.017911277283774417 0.0006163803217624358
33.666666666666664 -0.04445444265456425 0.0006307154690868982
33.7 -0.07040028003798589 0.0006457883494789401
33.733333333333334 -0.09372014615941823 0.0006585980078060993
33.766666666666666 -0.1152599295165026 0.0006713564557955798
33.8 -0.1357644920411588 0.0006801686286977138
33.833333333333336 -0.15118418984663212 0.0006885280839465935
33.86666666666667 -0.16244900192614373 0.0006934190364393245
33.9 -0.17036034760003257 0.0006975587007369555
33.93333333333333 -0.172926285591489 0.0006987006148259367
33.96666666666667 -0.1728627149458046 0.0006996635906984239
34.0 -0.16732656789386258 0.0006976057097498045
34.03333333333333 -0.15673888244953077 0.0006925523356123842
34.06666666666667 -0.14364941183797503 0.0006850786705600853
34.1 -0.12637728826799907 0.0006766518939973765
34.13333333333333 -0.10683887852884237 0.0006665905837255071
34.166666666666664 -0.08451891675302414 0.0006542058301641368
34.2 -0.059722444481495975 0.0006406751121050408
34.233333333333334 -0.03626116298058311 0.0006269390802256455
34.266666666666666 -0.008553257794589597 0.0006106825538786768
34.3 0.01595276267738239 0.0006166929491095187
34.333333333333336 0.04168872381128011 0.0006292295514913268
34.36666666666667 0.06620201287082228 0.0006434085968620162
34.4 0.087906792150962 0.0006570876481784421
34.43333333333333 0.10338564812544856 0.0006630019532350984
34.46666666666667 0.12163693148467493 0.0006730544386885084
34.5 0.13277996400154726 0.0006794187129483265
34.53333333333333 0.1400619409181205 0.0006838286665222515
34.56666666666667 0.14404706640311143 0.0006853217840624981
34.6 0.14268392691912066 0.0006843378239334286
34.63333333333333 0.1377028859960009 0.0006824537437037925
34.666666666666664 0.1272596614749266 0.0006768419663963909
34.7 0.11529619595261348 0.0006715989236359965
34.733333333333334 0.09785878033939922 0.0006616184542909825
34.766666666666666 0.07766048547662968 0.0006495295754045671
34.8 0.05343876095254045 0.0006348633798993336
34.833333333333336 0.029436856911657577 0.0006231409182010129
34.86666666666667 0.005731697759355216 0.0006091937327132738
34.9 -0.02049226657687272 0.0006171995499850459
34.93333333333333 -0.046023608045831416 0.0006318624525850428
34.96666666666667 -0.07065287209774522 0.0006458195651170701
35.0 -0.09367671093366994 0.0006593552756484627
35.03333333333333 -0.11735247581489992 0.000672211282450777
35.06666666666667 -0.1351003072995291 0.0006808528063080577
35.1 -0.15100698234834842 0.0006885802654604534
35.13333333333333 -0.1615543514788518 0.0006936846679594655
35.166666666666664 -0.1688839672817577 0.0006982208129370227
35.2 -0.17263464199647074 0.0007002894082934752
35.233333333333334 -0.1719593877458109 0.00069962662714107
35.266666666666666 -0.16588430436901358 0.0006964088834793269
35.3 -0.15652442664033986 0.0006920500950652053
35.333333333333336 -0.14286111315948571 0.0006848384187811696
35.36666666666667 -0.12635124793257044 0.0006768594257458849
35.4 -0.1056841066917489 0.0006657954366928454
35.43333333333333 -0.08344368244568112 0.0006541682071957294
35.46666666666667 -0.05962463192914943 0.0006413208399505613
35.5 -0.034507116386967115 0.0006269575160765123
35.53333333333333 -0.007890983197319124 0.0006103089351732326
35.56666666666667 0.01837695876671435 0.000615572935918407
35.6 0.04427161328968888 0.0006306931320926232
35.63333333333333 0.06813497702985959 0.0006440582267636386
35.666666666666664 0.08914999120417307 0.000655313157295126
35.7 0.10841539736328494 0.0006679462125726288
35.733333333333334 0.12227526023363157 0.0006759488550794612
35.766666666666666 0.13436964157762357 0.000680088415851765
35.8 0.14033725116672105 0.0006828764840557944
35.833333333333336 0.1439443902031782 0.0006845692946858828
35.86666666666667 0.13962845324819687 0.0006824854732325192
35.9 0.1359974984451778 0.0006818906902542055
35.93333333333333 0.1267032574962794 0.0006774177960584549
35.96666666666667 0.11360375327439594 0.0006697077124802331
36.0 0.09555794437965914 0.0006597380074835624
36.03333333333333 0.07556129875447733 0.0006488464443190484
36.06666666666667 0.05263198980983536 0.0006370505317963154
36.1 0.030408087913141958 0.0006234682209873658
36.13333333333333 0.004327803971782968 0.0006079118723644342
36.166666666666664 -0.02317820226520049 0.0006189999880052421
36.2 -0.04760692299261474 0.0006332388031518865
36.233333333333334 -0.07254855178205445 0.0006473574582859659
36.266666666666666 -0.09641982321403983 0.0006615843668384969
36.3 -0.1172453606502652 0.0006711295563781583
36.333333333333336 -0.1351421502469714 0.0006807906787924256
36.36666666666667 -0.151107818488702 0.0006886913954921303
36.4 -0.1609553767722588 0.0006939133262134078
36.43333333333333 -0.16909877415951355 0.0006977049697149962
36.46666666666667 -0.1721209613545611 0.0007002025545465029
36.5 -0.17148941952164157 0.0007000983851516707
36.53333333333333 -0.1640875530607907 0.0006954118212920135
36.56666666666667 -0.1543950514405744 0.0006910321960961474
36.6 -0.14126319882572458 0.0006845263968325577
36.63333333333333 -0.12394511781049102 0.000675825234369043
36.666666666666664 -0.1036888927728702 0.0006651787736825232
36.7 -0.0801517869974333 0.0006518552305609798
36.733333333333334 -0.05654563103156173 0.0006383689296294709
36.766666666666666 -0.03072354874078186 0.0006240801604975761
36.8 -0.004667851152748535 0.0006088220861032593
36.833333333333336 0.019557966495386266 0.0006192717927955907
36.86666666666667 0.04587287975468274 0.0006331508672753894
36.9 0.06839443358998488 0.0006441241277882481
36.93333333333333 0.08944944910719263 0.0006563265165659554
36.96666666666667 0.10715830023412301 0.0006655067035024331
37.0 0.12167668468900751 0.0006722216397842262
37.03333333333333 0.13268451450951713 0.0006797676850163192
37.06666666666667 0.13871302933713547 0.0006829094891979415
37.1 0.14241253888004732 0.0006845258102149421
37.13333333333333 0.14070718272790644 0.0006835498403352513
37.166666666666664 0.1348022245211869 0.0006828085143878448
37.2 0.12422999290744406 0.0006774197875234617
37.233333333333334 0.11090396439924143 0.0006697043756129645
37.266666666666666 0.09353002289344767 0.0006591951831886739
37.3 0.07370037367639891 0.0006484417083263694
37.333333333333336 0.050286126816258124 0.0006369903550913283
37.36666666666667 0.02699882892253097 0.0006218217256082244
37.4 0.001694520842900589 0.0006066344795629577
37.43333333333333 -0.023528583119941528 0.0006202376070614767
37.46666666666667 -0.049367584849674497 0.0006339140555445197
37.5 -0.07425908092581789 0.0006476406456440986
37.53333333333333 -0.09686400894189244 0.0006603360594179819
37.56666666666667 -0.11989901252464023 0.0006726294949593731
37.6 -0.13642764021176523 0.0006809866917349139
37.63333333333333 -0.15013365565313766 0.0006886551436585675
37.666666666666664 -0.16117060295337998 0.0006936823979739881
37.7 -0.16786370305363074 0.0006973136810188019
37.733333333333334 -0.17127530294163273 0.0006987595537140123
37.766666666666666 -0.16861613892056734 0.0006973441031856709
37.8 -0.16242286882311568 0.0006947981558409477
37.833333333333336 -0.15297547386587868 0.0006899759388077076
37.86666666666667 -0.1385891186447202 0.0006828521830012091
37.9 -0.12227622523478444 0.0006763609090483236
37.93333333333333 -0.1013298413297466 0.0006633128245994713
37.96666666666667 -0.07900379144005368 0.0006520618484096852
38.0 -0.0537928458767738 0.00063663859390585
38.03333333333333 -0.02785860002091194 0.0006214755329258456
38.06666666666667 -0.0017488407492219202 0.0006058160567212853
38.1 0.02245728675848847 0.0006173385299209078
38.13333333333333 0.04821334776190486 0.0006342099477979202
38.166666666666664 0.07015905494383777 0.0006458599259855091
38.2 0.09152889325528378 0.0006568654716004735
38.233333333333334 0.10795869071136809 0.0006670109951602832
38.266666666666666 0.12240184803723937 0.00067317484482457
38.3 0.1328931101102176 0.0006794995075848909
38.333333333333336 0.14021524882925857 0.0006831203487788207
38.36666666666667 0.14308362094307447 0.0006850671148811993
38.4 0.1411224058581286 0.0006840561016221991
38.43333333333333 0.13497943979545224 0.0006803931784575834
38.46666666666667 0.12472137369725085 0.0006760249566313409
38.5 0.11222829727258432 0.0006683948909339543
38.53333333333333 0.09317528162243585 0.0006587624844304196
38.56666666666667 0.07280543829106637 0.0006480679655210403
38.6 0.04888828189135523 0.0006342263041995352
38.63333333333333 0.024483423364432183 0.0006201367781595579
38.666666666666664 0.0004006359712286264 0.0006054083480632578
38.7 -0.027378838485476342 0.0006214532100711524
38.733333333333334 -0.05132315947186985 0.0006342679157323172
38.766666666666666 -0.07554117727629434 0.0006485548336214453
38.8 -0.09876736969442414 0.0006612422079977226
38.833333333333336 -0.11940587020789406 0.000672620309296712
38.86666666666667 -0.13701439087546477 0.000682249917626776
38.9 -0.15164713252975748 0.0006890550348728763
38.93333333333333 -0.16187995846023637 0.000694380860120497
38.96666666666667 -0.1677382016460278 0.0006978386888919497
39.0 -0.16934828436607288 0.0006975931755322518
39.03333333333333 -0.16738485299375017 0.0006962766539400089
39.06666666666667 -0.16244546403016755 0.000694683414883851
39.1 -0.1516800233508166 0.0006891661382346093
39.13333333333333 -0.13885506674795442 0.0006829740987762956
39.166666666666664 -0.11880627534006431 0.0006726588555180241
39.2 -0.09895718659803307 0.0006630197622843892
39.233333333333334 -0.07746823364203204 0.0006510329628299227
39.266666666666666 -0.05246968042526319 0.0006354146754238704
39.3 -0.028055655828458845 0.0006224625058278005
39.333333333333336 -0.0007542434592258657 0.0006052088151232814
39.36666666666667 0.025421745657687015 0.000620987142965445
39.4 0.048400461940312105 0.000634174928739975
39.43333333333333 0.0714078823617164 0.0006471276035464185
39.46666666666667 0.0919856240410874 0.0006577642025651226
39.5 0.10843676522884978 0.0006670652884429445
39.53333333333333 0.12307699825182271 0.000673350031578368
39.56666666666667 0.13304423612439428 0.0006795206623999017
39.6 0.13961725361238603 0.0006829681532582177
39.63333333333333 0.14100210037282923 0.0006834747016365439
39.666666666666664 0.13869165447702433 0.0006833449133887837
39.7 0.13308766354681253 0.0006809089235291221
39.733333333333334 0.12084330277605784 0.0006749203947204324
39.766666666666666 0.10837456467568465 0.0006677745547975095
39.8 0.09133435366812617 0.0006595336152706854
39.833333333333336 0.0714696990227446 0.000646839795447593
39.86666666666667 0.04715542265386199 0.0006334280520258681
39.9 0.023713975779914968 0.000619942032492566
39.93333333333333 -0.002258643935635365 0.0006069571041765406
39.96666666666667 -0.02763759687884385 0.000621378955574587
40.0 -0.05463091983190551 0.0006377559771350155
40.03333333333333 -0.07811347856510537 0.0006509910727972579
40.06666666666667 -0.10046877823282986 0.0006626132825493236
40.1 -0.12092350796114046 0.0006726903999515338
40.13333333333333 -0.1373388814368083 0.0006816698205609484
40.166666666666664 -0.1519040013046073 0.000688415157170108
40.2 -0.16163548149015444 0.000693963239614015
40.233333333333334 -0.1681016493233075 0.0006970027791347866
40.266666666666666 -0.17007018473319194 0.0006978305263334594
40.3 -0.16722882121150964 0.0006977308989790931
40.333333333333336 -0.16087949717131111 0.0006937517124634696
40.36666666666667 -0.14877914176629226 0.0006872808681207543
40.4 -0.13418775016767306 0.0006808585701997272
40.43333333333333 -0.11787771386003487 0.0006757214347695162
40.46666666666667 -0.09778026891098608 0.0006616605048701124
40.5 -0.07356657272848964 0.000648333190421721
40.53333333333333 -0.04958955606492024 0.0006349492243864913
40.56666666666667 -0.025026559834741488 0.0006204544300990218
40.6 0.0017314037286329444 0.0006058352043036852
40.63333333333333 0.026363421870053447 0.0006210772135472088
40.666666666666664 0.04924766358349111 0.0006342312366043046
40.7 0.07253289914605258 0.0006478015939065801
40.733333333333334 0.09028013798419975 0.0006581164745367435
40.766666666666666 0.10932402934446751 0.0006672672209614428
40.8 0.12249029381440993 0.0006755206142036868
40.833333333333336 0.13290514053286137 0.0006800379120714406
40.86666666666667 0.1386840793133995 0.0006824092728066888
40.9 0.14010911267497986 0.0006831105304516694
40.93333333333333 0.13780467002441898 0.0006826919481467686
40.96666666666667 0.12920194795739906 0.0006779362751520024
41.0 0.11973396711000435 0.0006727695484670948
41.03333333333333 0.10571669647789894 0.0006657433620520653
41.06666666666667 0.08783639580573468 0.0006532599770880942
41.1 0.06707198339790087 0.0006450633753368046
41.13333333333333 0.04568540085962193 0.0006324073472924324
41.166666666666664 0.020431117173007676 0.0006177803398794493
41.2 -0.005072593180330189 0.0006086371912604627
41.233333333333334 -0.030213214307858477 0.0006241188885272309
41.266666666666666 -0.05544111487285062 0.0006385309847095275
41.3 -0.07963074336273246 0.0006523791851229532
41.333333333333336 -0.10139961694774015 0.0006626890771993521
41.36666666666667 -0.12078979373351886 0.000673405825081505
41.4 -0.13765456164705125 0.0006831050091560265
41.43333333333333 -0.15194053124157275 0.0006890413698901199
41.46666666666667 -0.1611073921325729 0.0006934359117961031
41.5 -0.16696440190097092 0.0006966502384202211
41.53333333333333 -0.16765450913628055 0.0006973369731307633
41.56666666666667 -0.16511524683064968 0.0006965951189814024
41.6 -0.1598818392130615 0.0006954650231814907
41.63333333333333 -0.14869745784194344 0.000688968558065689
41.666666666666664 -0.13402360332043983 0.0006824913883234918
41.7 -0.11560325689936367 0.0006712570307587096
41.733333333333334 -0.09626837443383837 0.0006609091858609667
41.766666666666666 -0.07214491967277203 0.0006474686898383236
41.8 -0.048003379863915806 0.0006353173706771312
41.833333333333336 -0.021316550657292366 0.0006192368748292841
41.86666666666667 0.0028477185664136768 0.0006065670850132509
41.9 0.02886945631353775 0.0006223463430017617
41.93333333333333 0.05251901899120792 0.0006360275765422835
41.96666666666667 0.07491082511170996 0.0006484705339466768
42.0 0.09314610856160044 0.0006574380792117168
