0.0 0.8091370221297687 0.0010185405763171174
0.03333333333333333 0.7721858261534622 0.0010195765099730858
0.06666666666666667 0.7182160299895531 0.0010141840373349975
0.1 0.6397680208495671 0.000999736117875627
0.13333333333333333 0.5448743559313705 0.0009728878932707685
0.16666666666666666 0.43419640647971647 0.0009329338391836361
0.2 0.29972545075073187 0.000872621561786302
0.23333333333333334 0.1696645367495372 0.0008110395176177954
0.26666666666666666 0.043316765182206125 0.0007298762161137909
0.3 -0.08374432943658718 0.000755333480494183
0.3333333333333333 -0.19320649630303158 0.0008150509115633919
0.36666666666666664 -0.3125741706248564 0.0008735095213943667
0.4 -0.43881887122295377 0.0009240467225372084
0.43333333333333335 -0.5481395297702246 0.0009531697458358135
0.4666666666666667 -0.6361296650260395 0.0009783684761778266
0.5 -0.712316993862402 0.000988290630652311
0.5333333333333333 -0.771194043117413 0.0009930256793108105
0.5666666666666667 -0.8119798583331456 0.0009939514632975044
0.6 -0.8326052093419766 0.0009931065022288355
0.6333333333333333 -0.8324903814314611 0.000995054708765486
0.6666666666666666 -0.8117798734817168 0.0009969774668471265
0.7 -0.7673622999545742 0.0009991448250157298
0.7333333333333333 -0.7040916757225094 0.0009953103263503627
0.7666666666666667 -0.6241266317206394 0.0009792622268284257
0.8 -0.5317266996059696 0.0009536767218674136
0.8333333333333334 -0.42151620189400013 0.000918699498791975
0.8666666666666667 -0.2931882579815082 0.0006680053025961419
0.9 -0.17351829834364313 0.0008094618048562763
0.9333333333333333 -0.050619434450832876 0.0007342882084956301
0.9666666666666667 0.06809123048116757 0.0007451671372525059
1.0 0.19996371218116668 0.0008283928733940904
1.0333333333333334 0.32617685059466794 0.0008902358990532933
1.0666666666666667 0.45412305646296547 0.0009387912914112229
1.1 0.5569193368693174 0.0009732629058591957
1.1333333333333333 0.6389739469587046 0.0009995631173153052
1.1666666666666667 0.7096708203934465 0.0010110461109966717
1.2 0.7629889805610314 0.0010160503611879035
1.2333333333333334 0.7964263914286082 0.0010184423354011596
1.2666666666666666 0.8094853137970802 0.0010180382745065275
1.3 0.8053164535594226 0.0010199315294111555
1.3333333333333333 0.7755867020691725 0.001024385493653357
1.3666666666666667 0.7344667472345147 0.001018794049427063
1.4 0.6682898493763741 0.001011921351181666
1.4333333333333333 0.5813996762684596 0.000985176025696921
1.4666666666666666 0.4836443434662618 0.0009547822237553905
1.5 0.36851640602256275 0.0009122654473093794
1.5333333333333334 0.2068457897468536 0.0008375241741440942
1.5666666666666667 0.10314557317406718 0.0007712138324758033
1.6 -0.014841759547902303 0.0007095269619941495
1.6333333333333333 -0.1405903058395796 0.0007862821444512835
1.6666666666666667 -0.2702092954039293 0.0008551539587243195
1.7 -0.38020602822408245 0.0009035090994239381
1.7333333333333334 -0.48905891154189474 0.0009369537802434991
1.7666666666666666 -0.5859374857378644 0.0009616584515235171
1.8 -0.6684891359488242 0.0009823987338510864
1.8333333333333333 -0.73431248534481 0.0009920615228953267
1.8666666666666667 -0.7843878566011661 0.0009956440194569538
1.9 -0.8126610938763676 0.0009952264315095105
1.9333333333333333 -0.8218247673477033 0.0009942101439566198
1.9666666666666666 -0.8103742507927503 0.000995647282600598
2.0 -0.7792284791324903 0.0009973696574006041
2.033333333333333 -0.7279177634372099 0.0009946784178478385
2.066666666666667 -0.6559092930955926 0.000986534803992467
2.1 -0.5700430017045546 0.0009652590323240284
2.1333333333333333 -0.46346724910933695 0.0009359078092986972
2.1666666666666665 -0.3552992454291432 0.0008975687999570048
2.2 -0.2254307915610207 0.0008352100972658372
2.2333333333333334 -0.11832043477667772 0.0007770975783119999
2.2666666666666666 0.015606075038920095 0.0007112373506274836
2.3 0.13737767654992003 0.0007899708081356149
2.3333333333333335 0.2565567608231584 0.0008590983963932541
2.3666666666666667 0.3973962330667215 0.0009218115034318464
2.4 0.5050753357341339 0.0009591244996539627
2.433333333333333 0.596301664721473 0.0009806477910964118
2.466666666666667 0.669629326156235 0.0010054993927086642
2.5 0.7304658449944107 0.0010124604295539408
2.533333333333333 0.7715450362515452 0.0010129263384724974
2.566666666666667 0.7926787028253777 0.0010157290255643492
2.6 0.7963875756018512 0.0010190651842489906
2.6333333333333333 0.7802022251702437 0.001018739211913533
2.6666666666666665 0.7432569488995864 0.0010192644834738918
2.7 0.6848068327551736 0.0010137984124259924
2.7333333333333334 0.6100008387106114 0.0009926706580092315
2.7666666666666666 0.5156283596730153 0.000968733230002794
2.8 0.40823371544549003 0.0009271783656004673
2.8333333333333335 0.2850855187863569 0.0008734547453008168
2.8666666666666667 0.15403428562576438 0.0008017219194424996
2.9 0.031469382210607 0.0007244728181350357
2.933333333333333 -0.0873689483591992 0.0007580678269971663
2.966666666666667 -0.19885054624849322 0.0008209819614108105
3.0 -0.3125870661886009 0.0008772500672530326
3.033333333333333 -0.4367554150632117 0.0009230804420520822
3.066666666666667 -0.5347236627830163 0.0009545600697876688
3.1 -0.6229849833979837 0.0009746857037095102
3.1333333333333333 -0.6957737430764672 0.0009904169471947055
3.1666666666666665 -0.7500679946873291 0.0009931728040113441
3.2 -0.7889924187663399 0.000995005509531799
3.2333333333333334 -0.8047640762111049 0.0009951704784170179
3.2666666666666666 -0.8023023539860903 0.0009965879005526812
3.3 -0.7797004113718121 0.000997544357878355
3.3333333333333335 -0.7372461456268824 0.0009978825931260538
3.3666666666666667 -0.6736281418239776 0.0009892299235786384
3.4 -0.5967986029901277 0.0009679376255181671
3.433333333333333 -0.4990713434935613 0.0009468340129873409
3.466666666666667 -0.39075783673053915 0.0009106074584808166
3.5 -0.2714159170833195 0.0008564034653735786
3.533333333333333 -0.14460764213249439 0.0007918678957939684
3.566666666666667 -0.037785043873335415 0.0007271601715654122
3.6 0.09211104517721877 0.0007650917173733091
3.6333333333333333 0.2133420238706452 0.0008402338226714545
3.6666666666666665 0.3461330359976999 0.0009018962483635096
3.7 0.4558949704274027 0.0009413689065089215
3.7333333333333334 0.5513855940904668 0.0009715597931531095
3.7666666666666666 0.6344173238851618 0.0009977315928856312
3.8 0.6981304979442481 0.0010119144937814628
3.8333333333333335 0.7466173653005681 0.0010129376917773492
3.8666666666666667 0.7773060151211598 0.0010179319220239291
3.9 0.7855817772264243 0.001018691062984023
3.933333333333333 0.7771436446565441 0.0010188207583696762
3.966666666666667 0.7478622743925682 0.0010193793563336717
4.0 0.6991649176819923 0.0010141896042686893
4.033333333333333 0.6320891173938833 0.001001647122957583
4.066666666666666 0.5496633881013621 0.0009768000347530892
4.1 0.4459250754106107 0.000942648410491409
4.133333333333334 0.32586827731378737 0.0008896817960998282
4.166666666666667 0.20085485115310572 0.0008338148589973338
4.2 0.07870410488607252 0.0007783566119876628
4.233333333333333 -0.03842095583046231 0.000734306683764327
4.266666666666667 -0.1595425394474654 0.000798588034765263
4.3 -0.2832261890896094 0.0008574250512095039
4.333333333333333 -0.39127115775417853 0.0009059986707760648
4.366666666666666 -0.4934494538451496 0.0009413717366624774
4.4 -0.5830278581974333 0.0009668291817418462
4.433333333333334 -0.659473672174035 0.0009864298582458186
4.466666666666667 -0.7224121255691007 0.0009925418544695086
4.5 -0.7664943051167524 0.0009956249564780917
4.533333333333333 -0.7885752552817326 0.0009966891241826037
4.566666666666666 -0.7944604275462513 0.0009982552900212882
4.6 -0.7793516005229076 0.0009989066965984117
4.633333333333334 -0.7424856021676856 0.000999593193150905
4.666666666666667 -0.6879553624951465 0.0009935271941763357
4.7 -0.6124356655096873 0.0009790125668255323
4.733333333333333 -0.5269623320333545 0.0009543941031127101
4.766666666666667 -0.4207954293767832 0.0009241989378019344
4.8 -0.31733423406093975 0.0008797575661500523
4.833333333333333 -0.1980752243874113 0.0008237563832205752
4.866666666666666 -0.07521496519574411 0.0007503394541422681
4.9 0.044866501011464305 0.0007314734041829335
4.933333333333334 0.16502831388097128 0.0008106157129832425
4.966666666666667 0.3087421630149805 0.0008829812717677243
5.0 0.412646956062526 0.0009257930529770197
5.033333333333333 0.5120800713618866 0.0009584533629372061
5.066666666666666 0.5969849889591539 0.0009832388480529586
5.1 0.6673152914956573 0.0010059244140329104
5.133333333333334 0.720721727750886 0.0010130765735423264
5.166666666666667 0.7553227133272183 0.0010178654469235049
5.2 0.7692718531334546 0.0010183922562221337
5.233333333333333 0.7687445696636346 0.0010200487734643993
5.266666666666667 0.7451005212583456 0.0010178190071099547
5.3 0.7053333323326342 0.0010169467492835427
5.333333333333333 0.6443053094241328 0.0010061495995339342
5.366666666666666 0.5704902280387433 0.0009819627794582786
5.4 0.4774536499160493 0.0009511111678734419
5.433333333333334 0.36346077186253406 0.0009110667057691813
5.466666666666667 0.2307133348550853 0.0008516836861950372
5.5 0.11759154185334589 0.0007788576433381822
5.533333333333333 -0.004063324581101187 0.0007018648277538038
5.566666666666666 -0.1302094591419217 0.000779111762183482
5.6 -0.23738738214361424 0.00083868867934217
5.633333333333334 -0.3541705000810447 0.0008922877937275198
5.666666666666667 -0.45534772219967456 0.0009268996650006467
5.7 -0.5503329761675833 0.0009552702658196521
5.733333333333333 -0.6293456836892746 0.0009783350894893017
5.766666666666667 -0.693879571330812 0.0009894724190564474
5.8 -0.7430780848777494 0.0009934783221943189
5.833333333333333 -0.7707502155085783 0.0009943996464920613
5.866666666666666 -0.7819536129760165 0.0009963797825083276
5.9 -0.7726483654524208 0.0009966273330211939
5.933333333333334 -0.7433638089537764 0.0009959839101363333
5.966666666666667 -0.6933289182169263 0.0009946617021394655
6.0 -0.6277217399877835 0.000984410902363786
6.033333333333333 -0.532630583996595 0.000957411686091314
6.066666666666666 -0.44274312510017183 0.0009305757358478717
6.1 -0.34798465022021417 0.0008596048594665673
6.133333333333334 -0.22674237473738962 0.0008351841923454062
6.166666666666667 -0.10549379801328071 0.0007674953326066436
6.2 0.010752635170739721 0.0007057185069096437
6.233333333333333 0.1288603082669038 0.0007838542622008449
6.266666666666667 0.24931735356670867 0.0008502766085578817
6.3 0.37687567031948777 0.0009086985502563816
6.333333333333333 0.47727623385973067 0.0009471290627194318
6.366666666666666 0.5668443377512654 0.0009783272719230407
6.4 0.6391981305093638 0.0010007511336022068
6.433333333333334 0.6974258907879806 0.0010092783920221393
6.466666666666667 0.7363847395310794 0.0010139899732439783
6.5 0.7569011119693079 0.0010170431392643176
6.533333333333333 0.7595229444073627 0.0010180523477507641
6.566666666666666 0.7444290778183686 0.0010181695952263814
6.6 0.707243206281628 0.001014514744218542
6.633333333333334 0.654383178801449 0.0010072891788432958
6.666666666666667 0.5820771567657992 0.0009888922447105486
6.7 0.4945993497299617 0.000960343610995118
6.733333333333333 0.3947026142376574 0.0009222045606614437
6.766666666666667 0.26540560283202425 0.0008648778526383349
6.8 0.1409201064679248 0.0007948808611975278
6.833333333333333 0.03083541081914866 0.0007230368345980676
6.866666666666666 -0.09012553511319543 0.0007553925473832435
6.9 -0.19922357701857882 0.0008228955780882896
6.933333333333334 -0.32050060233522515 0.0008777722708112612
6.966666666666667 -0.4266969480726216 0.0009213945837865944
7.0 -0.5196256330807658 0.0009494345263871828
7.033333333333333 -0.6011706840522896 0.0009739267827679754
7.066666666666666 -0.6706085429627 0.0009886824912558323
7.1 -0.7209185608447499 0.0009921830545369659
7.133333333333334 -0.7555564716701678 0.0009963592854596026
7.166666666666667 -0.7683284933611052 0.0009943267968582914
7.2 -0.7647949469542638 0.0009953447405697258
7.233333333333333 -0.7408062991920755 0.0009946450138718088
7.266666666666667 -0.6981377618439559 0.0009935826769251754
7.3 -0.6348422799712311 0.0009889072997180115
7.333333333333333 -0.5540076306624011 0.0009646724728724632
7.366666666666666 -0.4603096665487827 0.0009371091025428546
7.4 -0.3591599576349383 0.0008999568854122786
7.433333333333334 -0.25118825716333926 0.0008510409143430708
7.466666666666667 -0.13199163435016925 0.0007840605668547052
7.5 -0.012904445204068337 0.0007078601856201992
7.533333333333333 0.09950629303484318 0.0007663690739365542
7.566666666666666 0.228143320058989 0.0008439487769221488
7.6 0.34656942629309323 0.0008979166384643356
7.633333333333334 0.4468397040102663 0.0009364397128241442
7.666666666666667 0.5374578791503091 0.0009689054650036111
7.7 0.6107466106061232 0.0009952204137305687
7.733333333333333 0.6746307884763594 0.0010067427214350833
7.766666666666667 0.7171855429106156 0.0010107244575371377
7.8 0.7417289853144979 0.0010153844010464264
7.833333333333333 0.7458322380424081 0.001016058754187088
7.866666666666666 0.7357100762420635 0.0010156437536023022
7.9 0.7055657082030534 0.0010147620846456817
7.933333333333334 0.657504143295177 0.0010079173766528449
7.966666666666667 0.5874573283910042 0.000990188755503718
8.0 0.5065739671545049 0.0009634597096387365
8.033333333333333 0.40594724908893426 0.0009261790351918209
8.066666666666666 0.2915241201939389 0.0008755086179328964
8.1 0.1713677908655713 0.0008116905136863195
8.133333333333333 0.0465168154915835 0.0007307996167146419
8.166666666666666 -0.06616624604443161 0.0007406993363587716
8.2 -0.17536804148154397 0.000805486956950513
8.233333333333333 -0.28813900025069034 0.0008639956935647675
8.266666666666667 -0.39511513042359286 0.0009082368597543855
8.3 -0.49178506119634924 0.0009382072463033908
8.333333333333334 -0.5743179930795306 0.0009710295127385304
8.366666666666667 -0.6444328553469235 0.0009837382825844676
8.4 -0.7004297111722046 0.000991128462325186
8.433333333333334 -0.7372656722146648 0.0009946940152217865
8.466666666666667 -0.7552520186960615 0.0009952867201296067
8.5 -0.7551270200443596 0.0009951948340517491
8.533333333333333 -0.7341354750770709 0.000996332348246587
8.566666666666666 -0.6949708404533734 0.0009930639014182896
8.6 -0.6366755354242464 0.000986076585205664
8.633333333333333 -0.5634823764558695 0.0009678119156036891
8.666666666666666 -0.4753618738234421 0.0009396921272555314
8.7 -0.37577365362611953 0.0009050960442104627
8.733333333333333 -0.2592435212217605 0.0008528663781456891
8.766666666666667 -0.1637296957269468 0.000799879715940921
8.8 -0.028590494443123064 0.0007178199081710052
8.833333333333334 0.09332921072912428 0.0007597767581030701
8.866666666666667 0.1991266076574044 0.0008223599886832134
8.9 0.32179457589634475 0.0008879617641149307
8.933333333333334 0.42470630612385246 0.0009297701869372399
8.966666666666667 0.5158826898765136 0.0009605232674669839
9.0 0.5903452983159122 0.0009904511411710226
9.033333333333333 0.6516465742709133 0.0010053333509739693
9.066666666666666 0.6983760822451842 0.0010105906738651083
9.1 0.7268837116232204 0.0010159559063900314
9.133333333333333 0.7348302237502374 0.0010165399217736404
9.166666666666666 0.728434516635568 0.0010167565121607103
9.2 0.6998663631627192 0.0010130368278120638
9.233333333333333 0.6551073861398945 0.0010089277698296373
9.266666666666667 0.5906413616539579 0.000994440730387236
9.3 0.511891225595899 0.0009629259026331383
9.333333333333334 0.41725971767761 0.0009305662840589646
9.366666666666667 0.30507207508073736 0.0008862601408938797
9.4 0.18215034340484693 0.0008186174763080978
9.433333333333334 0.07528597767566758 0.0007535173701456455
9.466666666666667 -0.044000156878456424 0.0007306590105690194
9.5 -0.1512902185355836 0.000795695125008905
9.533333333333333 -0.26559092352076025 0.000856126324049411
9.566666666666666 -0.373221791358732 0.0009008557443496157
9.6 -0.46873310708120025 0.000934642807928876
9.633333333333333 -0.5528333484272684 0.000959786761309589
9.666666666666666 -0.6242154703002096 0.0009841205623475346
9.7 -0.6821318968464849 0.000991221410458154
9.733333333333333 -0.7207678046799678 0.0009941157536392797
9.766666666666667 -0.743382178705335 0.0009966097766299642
9.8 -0.7423343274885215 0.0009986546456908219
9.833333333333334 -0.7281614954776318 0.0009963319884409572
9.866666666666667 -0.6933747125740651 0.0009951707061716109
9.9 -0.6384378114706524 0.00099056159553923
9.933333333333334 -0.5683853549294042 0.0009710719764416398
9.966666666666667 -0.48506983369109163 0.0009417288199937146
10.0 -0.3841848480930259 0.0009072071846769614
10.033333333333333 -0.28340308571263495 0.0008684075654127876
10.066666666666666 -0.1736116311477076 0.0008060551063435728
10.1 -0.06603616102300758 0.0007434701180787789
10.133333333333333 0.06276645730626641 0.0007436439876814388
10.166666666666666 0.17456365915522615 0.0008110036607123783
10.2 0.2902614219465327 0.0008699158098323112
10.233333333333333 0.3985598246516642 0.0009191308336903847
10.266666666666667 0.4933497249468936 0.0009564873090586179
10.3 0.568727650095216 0.0009829198366985148
10.333333333333334 0.6341680395414238 0.0010026737229539284
10.366666666666667 0.6828661062611998 0.0010108880086330263
10.4 0.7130502385839391 0.0010126029257528923
10.433333333333334 0.7252977052130226 0.0010162271945245438
10.466666666666667 0.7195687814625412 0.0010170831096618649
10.5 0.6941857818907361 0.0010142182657371102
10.533333333333333 0.6521681336948008 0.0010086403307835168
10.566666666666666 0.59100991600688 0.0009971742235247438
10.6 0.5138852550062015 0.0009675832799957984
10.633333333333333 0.42745437327560554 0.0009383614677036523
10.666666666666666 0.3222336564238288 0.0008925437653512502
10.7 0.20262302594800363 0.0008292604460966579
10.733333333333333 0.08484300081700481 0.0007607954122244714
10.766666666666667 -0.029397933444236527 0.0007224377822304291
10.8 -0.1419061388440209 0.0007891519196479568
10.833333333333334 -0.24992227760753719 0.0008495241036190204
10.866666666666667 -0.35864971905533705 0.0008967436035448584
10.9 -0.45304666269585314 0.0009310285764905224
10.933333333333334 -0.5364791254844464 0.000955062413818597
10.966666666666667 -0.6105217363127686 0.0009821522649773318
11.0 -0.6645876354741358 0.0009894631554863142
11.033333333333333 -0.7057965787218592 0.0009923875770506685
11.066666666666666 -0.7301419545980288 0.0009950895297480278
11.1 -0.7346890114646561 0.0009972407940319616
11.133333333333333 -0.7207101356359248 0.0009970386330369063
11.166666666666666 -0.6879515707628888 0.0009951263762150164
11.2 -0.6346300100381359 0.000986671859047883
11.233333333333333 -0.5702029628833223 0.0009720448764984901
11.266666666666667 -0.48646747798695 0.0009456745139930778
11.3 -0.39055268782432206 0.0009149153297915991
11.333333333333334 -0.2843952826613871 0.0008653146736404826
11.366666666666667 -0.18214199442607085 0.0008146766820240348
11.4 -0.06520730501514313 0.000743381084046868
11.433333333333334 0.05258221608109184 0.0007352617104673734
11.466666666666667 0.15878776817645326 0.0008036216150604791
11.5 0.2884522562277463 0.0008778950604338975
11.533333333333333 0.3851288554588407 0.0009144438146070355
11.566666666666666 0.4806047729441958 0.000954945266328111
11.6 0.5576445291462775 0.0009802668362377531
11.633333333333333 0.6208549099175336 0.0009995100823446679
11.666666666666666 0.6692957830647597 0.001008909375732392
11.7 0.7005780801308977 0.0010141304125780293
11.733333333333333 0.7144709801295052 0.0010165020437024053
11.766666666666667 0.7104507921281771 0.0010164074105639687
11.8 0.6887650812929091 0.0010138645569677252
11.833333333333334 0.6505473338244104 0.0010102586770576183
11.866666666666667 0.5898267459356961 0.00099905027252567
11.9 0.5167506570575046 0.0009715425752094831
11.933333333333334 0.4281606380744263 0.000936544495748759
11.966666666666667 0.32662451010828314 0.0008935312228098846
12.0 0.2201175856995157 0.0008361582054201011
12.033333333333333 0.09942034253869635 0.0007670745636990245
12.066666666666666 -0.015516089247544823 0.0007102563048439221
12.1 -0.12614667103711152 0.0007791952251700041
12.133333333333333 -0.24178961424188397 0.0008439740825815223
12.166666666666666 -0.33778271222505873 0.0008890847213122721
12.2 -0.43218871176034085 0.0009245016641178938
12.233333333333333 -0.5206235136085786 0.0009506801311363056
12.266666666666667 -0.5937017938213928 0.0009775128028167712
12.3 -0.6521705002182538 0.0009867012964255295
12.333333333333334 -0.6944773947002858 0.000992700121700385
12.366666666666667 -0.7180120178588957 0.0009953971442152598
12.4 -0.7214045425977443 0.000996806713683629
12.433333333333334 -0.7100801888407506 0.0009970650985927643
12.466666666666667 -0.6795180491074234 0.0009944571615838615
12.5 -0.6310287183022204 0.0009904067137421757
12.533333333333333 -0.5650574841457849 0.000973362365309538
12.566666666666666 -0.48356144595595213 0.0009462922555270037
12.6 -0.3902069998804684 0.000909931573737921
12.633333333333333 -0.29308073560186376 0.0008716358661027823
12.666666666666666 -0.18461212146421993 0.0008129631665801662
12.7 -0.07346582626941456 0.0007505984010968691
12.733333333333333 0.037343695672225646 0.000726422535787169
12.766666666666667 0.1592926338804142 0.0008065685416206447
12.8 0.27144701488028017 0.0008661894143486282
12.833333333333334 0.37200350040897234 0.0009110871071857929
12.866666666666667 0.4635879597725672 0.0009472158793659147
12.9 0.5421393749812455 0.0009782695422220211
12.933333333333334 0.6061438576902736 0.000998163008660069
12.966666666666667 0.6535227093132796 0.001005791212292606
13.0 0.6869306819014535 0.0010094301128753536
13.033333333333333 0.7000893074185711 0.0010121586036879737
13.066666666666666 0.699656536557945 0.001011613096763786
13.1 0.6814921400194711 0.0010117717089990208
13.133333333333333 0.6432125856942253 0.0010077178317392521
13.166666666666666 0.5872170852111795 0.000998163325785173
13.2 0.5149674314089839 0.0009701705377125336
13.233333333333333 0.427158002801076 0.0009379049090887381
13.266666666666667 0.3300354550689546 0.0008982440578051976
13.3 0.22083520999479836 0.0008403468079060117
13.333333333333334 0.10566908472831303 0.0007737037952204595
13.366666666666667 -0.005687691980556248 0.0007042630467460863
13.4 -0.12175908547037971 0.0007780361362260402
13.433333333333334 -0.23094959876385127 0.0008392587797290685
13.466666666666667 -0.33020460476987856 0.0008853985036797463
13.5 -0.42805886672715376 0.0009233005425324237
13.533333333333333 -0.5109339904281954 0.0009515790418103132
13.566666666666666 -0.5840354376537812 0.0009747768786781963
13.6 -0.6413015795409893 0.0009862801958663292
13.633333333333333 -0.682214773301201 0.0009914660960953503
13.666666666666666 -0.7033324868799664 0.0009948842624591947
13.7 -0.7108286380071441 0.0009965119831448765
13.733333333333333 -0.7009633779533692 0.000995670630625889
13.766666666666667 -0.6709753805541881 0.0009928263536101989
13.8 -0.6245100819403042 0.0009883527009000304
13.833333333333334 -0.5609820287105984 0.00097416968701447
13.866666666666667 -0.4802721687604569 0.0009433661690985695
13.9 -0.3857247191593705 0.0009090708170104156
13.933333333333334 -0.2866940413832671 0.0008686752291187094
13.966666666666667 -0.16855815093144172 0.0008038343451269025
14.0 -0.07758404413405705 0.0007521851864363133
14.033333333333333 0.03782169521545897 0.0007259313014097366
14.066666666666666 0.15076552627074855 0.0007974338191387709
14.1 0.26712303433557527 0.0008616925625706817
14.133333333333333 0.3734354250745376 0.000909718844635421
14.166666666666666 0.45952308811171055 0.0009445458729976375
14.2 0.5344266618898942 0.000976088684242149
14.233333333333333 0.5974121500356852 0.0009952954618023258
14.266666666666667 0.6471164395577752 0.0010053396667392134
14.3 0.677469653604543 0.00100999691504855
14.333333333333334 0.6927846288491001 0.0010113237742176429
14.366666666666667 0.6890071610482371 0.001011132730059483
14.4 0.6697980179142377 0.0010089125708266922
14.433333333333334 0.6309432355782202 0.0010039365235187114
14.466666666666667 0.5750699985431316 0.0009945993464345326
14.5 0.5046597629255435 0.0009672080459918186
14.533333333333333 0.42103570131623247 0.0009366069435149393
14.566666666666666 0.3192859747443662 0.0008939182072038587
14.6 0.21708460546019795 0.0008403351203792597
14.633333333333333 0.09482084141379386 0.0007665379085773361
14.666666666666666 -0.008882141299388371 0.0007073330506029499
14.7 -0.11980544834994691 0.0007749185557603816
14.733333333333333 -0.23069335668383006 0.0008389666155036724
14.766666666666667 -0.32563360724922763 0.0008849267410582784
14.8 -0.4185102384845497 0.0009237782579455955
14.833333333333334 -0.5058792437658943 0.0009544582189418005
14.866666666666667 -0.5742934053482808 0.0009717473044466018
14.9 -0.6309297538252036 0.0009827432580724604
14.933333333333334 -0.6727084756675101 0.0009890622320156695
14.966666666666667 -0.6977067968920927 0.0009921908460173157
15.0 -0.7012265634858763 0.0009941582427741569
15.033333333333333 -0.690922911153409 0.0009953523242718365
15.066666666666666 -0.660884479874015 0.0009923443867151382
15.1 -0.6128231715399227 0.0009869983793162618
15.133333333333333 -0.5487558879454887 0.0009720668985712111
15.166666666666666 -0.47075420971058624 0.0009434384128509943
15.2 -0.38260954533821523 0.0009113920311818458
15.233333333333333 -0.28104706999951573 0.000865331143876269
15.266666666666667 -0.1788138087214353 0.0008125458343565539
15.3 -0.0686863904921917 0.0007480707542452947
15.333333333333334 0.04311060102272431 0.0007297900741573479
15.366666666666667 0.15187832906599047 0.0007994293897708171
15.4 0.2640161777169358 0.0008621190055244643
15.433333333333334 0.36304522257399563 0.0009079380990132946
15.466666666666667 0.4531859024467502 0.0009434748458121422
15.5 0.5276736144492039 0.0009777814021935116
15.533333333333333 0.5907545251067048 0.0009960230795890146
15.566666666666666 0.6384393845121346 0.0010018167423645474
15.6 0.6688416550974029 0.0010084193543586917
15.633333333333333 0.6831468150128714 0.001011499718516773
15.666666666666666 0.679530096498462 0.0010108636127981185
15.7 0.6588803728602695 0.0010073946813053958
15.733333333333333 0.6204092146916994 0.0010019692737510688
15.766666666666667 0.564571374860875 0.000989552074625144
15.8 0.49376224524590834 0.0009691964755321192
15.833333333333334 0.4092984074011177 0.0009289701379798232
15.866666666666667 0.31676242510589375 0.0008894427491564771
15.9 0.20506213068969506 0.0008332472628899135
15.933333333333334 0.10333250899297236 0.0007697704792218041
15.966666666666667 -0.005821467118236543 0.0007074368110260914
16.0 -0.11873988389314045 0.0007777612601641143
16.033333333333335 -0.22275256263173393 0.0008341723037757764
16.066666666666666 -0.32276495561500707 0.0008846455480668314
16.1 -0.41482102123530384 0.0009200430152451755
16.133333333333333 -0.4998199964807236 0.0009547509158580603
16.166666666666668 -0.5677635646359397 0.0009733743498904213
16.2 -0.6238286687519796 0.000981422243445107
16.233333333333334 -0.6640051757816341 0.000987757722411997
16.266666666666666 -0.6860343700108964 0.0009912977730732742
16.3 -0.6920389570206169 0.0009936737505463755
16.333333333333332 -0.6797366393477151 0.0009927694634778161
16.366666666666667 -0.6489692924446988 0.0009905378941861276
16.4 -0.6000789363557967 0.0009831309603709482
16.433333333333334 -0.5369681179251433 0.0009679900219367044
16.466666666666665 -0.46098956482787695 0.0009389830864575677
16.5 -0.3697623190828229 0.0009042346648794886
16.533333333333335 -0.2716028426135781 0.0008610073943886021
16.566666666666666 -0.16848187755471064 0.0008062498451982258
16.6 -0.060840664856114134 0.0007397991828349826
16.633333333333333 0.0454406669993484 0.00073221783989421
16.666666666666668 0.15159113761615106 0.0007979776672135674
16.7 0.26285598862325465 0.0008600612560036858
16.733333333333334 0.3621704478820492 0.0009057957948255257
16.766666666666666 0.44943649066111296 0.0009419507376934311
16.8 0.5226220538281211 0.0009763538650726655
16.833333333333332 0.5840876271669673 0.000993091619423958
16.866666666666667 0.6305119161303844 0.0010005205515312143
16.9 0.6588220119870534 0.0010051692120578437
16.933333333333334 0.671262229581568 0.0010092869351818745
16.966666666666665 0.6674636088288014 0.0010091938201770567
17.0 0.6481027358457143 0.001008745812165146
17.033333333333335 0.610790928448026 0.0010025783104842256
17.066666666666666 0.5535282045337643 0.0009896997815814768
17.1 0.48241064777478987 0.0009663391655215237
17.133333333333333 0.39917766096020496 0.0009281467043606995
17.166666666666668 0.3042098407403434 0.0008878211689186677
17.2 0.1975407349364127 0.0008297375122446882
17.233333333333334 0.09287715890090874 0.0007669987013912277
17.266666666666666 -0.017304925928034662 0.000715717118167869
17.3 -0.1213543556015902 0.000777775917289239
17.333333333333332 -0.22619745387217943 0.0008359641887643876
17.366666666666667 -0.32552535286614726 0.0008838636294530855
17.4 -0.4166653983494591 0.0009203938151687296
17.433333333333334 -0.49701087556422807 0.0009520585006896343
17.466666666666665 -0.5660447976538339 0.0009731043990935939
17.5 -0.6181165337966703 0.0009852513144201769
17.533333333333335 -0.6565113444396348 0.0009894067365476822
17.566666666666666 -0.6785391847472374 0.0009919204781834168
17.6 -0.6819343982760026 0.0009930872439444238
17.633333333333333 -0.6700573380709497 0.0009910082163135936
17.666666666666668 -0.6379729605702944 0.00098753841057031
17.7 -0.5903258657821568 0.0009806436874814084
17.733333333333334 -0.5260409878158165 0.0009660265721102013
17.766666666666666 -0.4481683039340458 0.0009414524879837183
17.8 -0.3608118641295192 0.0009038642007501707
17.833333333333332 -0.2621685315486638 0.0008568451671108757
17.866666666666667 -0.15822572410179808 0.000801211809510427
17.9 -0.04646467889461269 0.0007319130678479085
17.933333333333334 0.054942873025775905 0.0007387698767041193
17.966666666666665 0.16295393977881623 0.0008058488507949046
18.0 0.26530840968827035 0.0008636617451754924
18.033333333333335 0.3623446940910297 0.0009083419645709578
18.066666666666666 0.4488720571381267 0.0009443584080132683
18.1 0.5225084534668423 0.0009739596981171994
18.133333333333333 0.5804672153136514 0.0009912536250163972
18.166666666666668 0.625102035326904 0.0009997681207695175
18.2 0.65146084124094 0.0010050454164932665
18.233333333333334 0.6625676180642889 0.0010071487611337249
18.266666666666666 0.6575468848202427 0.0010065458514589842
18.3 0.6356674122811383 0.0010034583486338011
18.333333333333332 0.5962643538920789 0.0009988251313117757
18.366666666666667 0.5417849669123626 0.0009861392062040508
18.4 0.4713802001755461 0.0009595938776826851
18.433333333333334 0.38568717664307434 0.0009209760411242884
18.466666666666665 0.2869116904612505 0.0008761166976852808
18.5 0.1910404635104702 0.0008251070594273713
18.533333333333335 0.08080523225368873 0.0007576911872626407
18.566666666666666 -0.026738410226980015 0.0007184271254960031
18.6 -0.13151913699956802 0.0007830585855356231
18.633333333333333 -0.23371636033846016 0.0008388590173399602
18.666666666666668 -0.3288486912349359 0.0008849915801830144
18.7 -0.4179195606814909 0.0009235925352261143
18.733333333333334 -0.4971900710485924 0.0009558454190506938
18.766666666666666 -0.564936372208228 0.000972516787940858
18.8 -0.6152283409361197 0.000981707280714894
18.833333333333332 -0.6505175766936961 0.000986874850342434
18.866666666666667 -0.6707242231017987 0.0009911961232985655
18.9 -0.6729413257163482 0.0009918506533829197
18.933333333333334 -0.6578929394987991 0.0009921802091676923
18.966666666666665 -0.6237212900859247 0.0009865083242218686
19.0 -0.5755104802724976 0.0009801885591648185
19.033333333333335 -0.5090399015001913 0.0009625970977126252
19.066666666666666 -0.43140799920737977 0.000937001012600136
19.1 -0.3404442321270532 0.0008930717813004363
19.133333333333333 -0.24603537493871164 0.0008477662436544853
19.166666666666668 -0.1424103895371965 0.0007899585395953479
19.2 -0.03229633195191543 0.000722151767836042
19.233333333333334 0.07049773577107857 0.0007481645034971701
19.266666666666666 0.17231166155053568 0.0008114530186451308
19.3 0.27701937151774364 0.0008659364146662019
19.333333333333332 0.36883813624509176 0.0009096957465996591
19.366666666666667 0.45013452033377677 0.0009476460139827281
19.4 0.5217487807213899 0.0009755899596485262
19.433333333333334 0.5781604212684937 0.000987266863774261
19.466666666666665 0.6205157508370331 0.0009999958104007778
19.5 0.6441996945667217 0.001004889181552615
19.533333333333335 0.6533204362326038 0.0010080020658344013
19.566666666666666 0.6469600217249345 0.00100656256708187
19.6 0.6219942521959784 0.0010050156517482645
19.633333333333333 0.580957910359147 0.0009956153296281078
19.666666666666668 0.5245514915736573 0.0009807928018238377
19.7 0.4543897047513568 0.0009512928876857507
19.733333333333334 0.368832009635826 0.0009147539046015507
19.766666666666666 0.2708897514173511 0.000867818507088336
19.8 0.16915009703832812 0.0008135053463178832
19.833333333333332 0.06648928872378829 0.000747128641222769
19.866666666666667 -0.03950040822256122 0.0007282102809461344
19.9 -0.14657071956513254 0.0007934833126322094
19.933333333333334 -0.2471197990543833 0.0008466268224371354
19.966666666666665 -0.3369600931161375 0.0008890622811056348
20.0 -0.426901866614633 0.0009272301094980784
20.033333333333335 -0.5010737959060354 0.0009566930594665513
20.066666666666666 -0.5627587719465603 0.0009710332328179971
20.1 -0.6112319284687352 0.0009814853473109064
20.133333333333333 -0.6451841665479074 0.0009866002279942387
20.166666666666668 -0.6608124377599726 0.0009904548230565968
20.2 -0.659891337838219 0.0009912052353121537
20.233333333333334 -0.6434940476977166 0.0009895907966642747
20.266666666666666 -0.609977311216394 0.000985584662230976
20.3 -0.5586792997599385 0.0009759454834125103
20.333333333333332 -0.4936805073871403 0.0009565841610088555
20.366666666666667 -0.41206307028691186 0.0009282191606027057
20.4 -0.32354381105401075 0.0008861152688282581
20.433333333333334 -0.2304782282915474 0.0008387850165751942
20.466666666666665 -0.12647598495205895 0.0007837008786309996
20.5 -0.021476582711853882 0.0007180309089038876
20.533333333333335 0.0855035906897665 0.0007570331010656323
20.566666666666666 0.1839938412498038 0.0008188233055113348
20.6 0.2839249461345877 0.0008712417585650667
20.633333333333333 0.3760110361656694 0.0009143422832437187
20.666666666666668 0.45653428516674405 0.0009493012060974304
20.7 0.5230681215306484 0.0009771035231836978
20.733333333333334 0.578024771326297 0.0009909617670111892
20.766666666666666 0.6162107960117151 0.00099960338244931
20.8 0.6383022269649404 0.0010043217070913046
20.833333333333332 0.6438341981604732 0.0010068670669616253
20.866666666666667 0.6344569615679667 0.0010055503017420975
20.9 0.6074986184589679 0.001000711687249911
20.933333333333334 0.5668531739095327 0.0009925257462760628
20.966666666666665 0.506681893528598 0.0009762867202777192
21.0 0.43444644683580536 0.0009495060605301253
21.033333333333335 0.35199454351633 0.0009085466992589386
21.066666666666666 0.25342220597548276 0.0008594565348241656
21.1 0.152961737106478 0.0008037103911880394
21.133333333333333 0.04796604980765686 0.0007341062731715808
21.166666666666668 -0.05551287105854622 0.0007373339615428381
21.2 -0.15533190215663983 0.0007980243314945901
21.233333333333334 -0.25526761068816983 0.0008518351633305388
21.266666666666666 -0.3477932709465746 0.0008946161402986208
21.3 -0.4294880030660528 0.0009333747915080126
21.333333333333332 -0.503487159057946 0.0009567242093894146
21.366666666666667 -0.5631055732718212 0.0009713143612917197
21.4 -0.6099817907301163 0.000983659929964631
21.433333333333334 -0.6410604628343238 0.0009881880561405376
21.466666666666665 -0.6515667934000337 0.0009892087703584629
21.5 -0.6489613554095581 0.0009891508855927045
21.533333333333335 -0.628525189584009 0.0009860683222389088
21.566666666666666 -0.5915663754450319 0.0009814722445351531
21.6 -0.5405107253362191 0.0009715120066351446
21.633333333333333 -0.47360374524493315 0.0009527419518697289
21.666666666666668 -0.39441390645306856 0.0009179026856817596
21.7 -0.3039156789416451 0.0008785416813081315
21.733333333333334 -0.20950606958469659 0.0008317524409296728
21.766666666666666 -0.10392747046332405 0.0007695016908459834
21.8 -0.0007567588506571308 0.000702402711725689
21.833333333333332 0.10162618508938717 0.0007671638722543811
21.866666666666667 0.20119817557855751 0.0008279087713776168
21.9 0.297602494969905 0.000879558556060922
21.933333333333334 0.3872434864071601 0.0009188931461651673
21.966666666666665 0.46355417316068975 0.0009549473870872904
22.0 0.5268723787040003 0.0009782212883527874
22.033333333333335 0.5778660305663424 0.0009917200761135891
22.066666666666666 0.6130587574880284 0.0009991773642119561
22.1 0.6331083381432995 0.0010030557648338378
22.133333333333333 0.6345656980034444 0.0010044575022678526
22.166666666666668 0.6224704127155359 0.0010024007554830794
22.2 0.5931185606653222 0.000997946649357262
22.233333333333334 0.5474401309610077 0.0009886925018490755
22.266666666666666 0.48690017057922635 0.0009686354349035531
22.3 0.4133787390405108 0.000936481201107564
22.333333333333332 0.32861209142625136 0.0008994536787986229
22.366666666666667 0.23205770801872191 0.00084796238336593
22.4 0.13035170494902004 0.0007902551385019219
22.433333333333334 0.026529657246265582 0.0007198424222868635
22.466666666666665 -0.07627509551563436 0.0007500470272080728
22.5 -0.17740546936159113 0.0008100221393770035
22.533333333333335 -0.26983957022040245 0.0008581119034871687
22.566666666666666 -0.3634540760548152 0.0009025012525292198
22.6 -0.4399529249383891 0.0009356798715167147
22.633333333333333 -0.5107989429120628 0.0009607474051097631
22.666666666666668 -0.5670738773359961 0.000974534603083721
22.7 -0.6079005374418642 0.000982799584352767
22.733333333333334 -0.6348072186998182 0.000987661424443842
22.766666666666666 -0.644033776110402 0.00098826086252779
22.8 -0.6375639552570393 0.0009866695768040445
22.833333333333332 -0.6136742896410265 0.000985439525105769
22.866666666666667 -0.5747835938195451 0.0009776884422443288
22.9 -0.5191735750611262 0.000966342247393337
22.933333333333334 -0.45136177422725915 0.0009431122359219168
22.966666666666665 -0.3697114869441825 0.0009077805281084705
23.0 -0.27965245864842014 0.0008676107341877293
23.033333333333335 -0.18200813173326622 0.0008156766995324471
23.066666666666666 -0.08475406959390774 0.0007586077057758073
23.1 0.02076577029154001 0.0007161201814594766
23.133333333333333 0.12445462125490495 0.0007818814851588141
23.166666666666668 0.22438317408355815 0.0008428143845791436
23.2 0.3173887898567076 0.0008881631867433959
23.233333333333334 0.3998731010157251 0.0009267866097907862
23.266666666666666 0.4724811911877645 0.0009590469562606452
23.3 0.5321341253909472 0.0009808341662562725
23.333333333333332 0.5778445324616008 0.0009916728484963278
23.366666666666667 0.6102821893200845 0.0009984128640625478
23.4 0.6249602615157391 0.0010009725124346947
23.433333333333334 0.6246486151493017 0.001002642795513986
23.466666666666665 0.6090583979001297 0.0009997884924078937
23.5 0.5766098699948268 0.0009952466679588046
23.533333333333335 0.528549185803896 0.0009832948946904008
23.566666666666666 0.4657831023987147 0.0009613599755459168
23.6 0.3900163993113502 0.0009275513467718599
23.633333333333333 0.3040030792744291 0.0008877129208638146
23.666666666666668 0.20674481086045451 0.0008355938188404355
23.7 0.10920136452963569 0.0007748840180905187
23.733333333333334 0.004956876242993119 0.0007064737090535251
23.766666666666666 -0.0963204861230926 0.000763639036644434
23.8 -0.1926167439270577 0.0008189346711813261
23.833333333333332 -0.2880870680995085 0.0008678085006177394
23.866666666666667 -0.3744606714094337 0.0009117097935767426
23.9 -0.4508181565479617 0.0009409664855988265
23.933333333333334 -0.5163766169809508 0.0009639670023470215
23.966666666666665 -0.567922985881483 0.0009760990478253628
24.0 -0.6061327647745902 0.000981012371891521
24.033333333333335 -0.6295096621394862 0.0009860336934347513
24.066666666666666 -0.6354311614961974 0.000988153956430149
24.1 -0.6248428502480413 0.000987755389582623
24.133333333333333 -0.5977498671246456 0.0009842813631664171
24.166666666666668 -0.5521096710199006 0.0009764400548903929
24.2 -0.4949308425050943 0.0009585194338433412
24.233333333333334 -0.4265450567986826 0.0009335695804463806
24.266666666666666 -0.3452976054512544 0.0008996973694603283
24.3 -0.25521431498317587 0.0008558152439138711
24.333333333333332 -0.15859961038043982 0.0008017089754800422
24.366666666666667 -0.05984540297088298 0.0007420880002692934
24.4 0.04604685508515033 0.0007334329645985946
24.433333333333334 0.14480858884357684 0.0007948949653347748
24.466666666666665 0.24210294637399546 0.0008511274606943509
24.5 0.331517750403743 0.00089612285181212
24.533333333333335 0.4130773935114746 0.0009340527726675596
24.566666666666666 0.4793903191192975 0.0009630820674844665
24.6 0.5356945923509617 0.0009811673815774968
24.633333333333333 0.5789360586055489 0.0009939786958931274
24.666666666666668 0.605913646104211 0.0009993250110833518
24.7 0.616706868111359 0.0010010865096979904
24.733333333333334 0.6129985344955967 0.001000295526778383
24.766666666666666 0.592688960342394 0.000997365904160108
24.8 0.5569902331035537 0.0009852992832322105
24.833333333333332 0.5073112215285257 0.0009766331004900097
24.866666666666667 0.4413107827682875 0.0009548902537117043
24.9 0.3640384703884512 0.0009126834771452375
24.933333333333334 0.275393749909273 0.0008703097103637258
24.966666666666665 0.17813803112070037 0.0008177878009449357
25.0 0.07840311242730842 0.0007556655543012603
25.033333333333335 -0.018472016870599958 0.0007129641083833231
25.066666666666666 -0.11930914317849173 0.0007763306858058622
25.1 -0.21809693994033516 0.0008330840293223618
25.133333333333333 -0.30533151621335625 0.0008731538297272468
25.166666666666668 -0.3905971768920131 0.0009171940316713423
25.2 -0.4622078160505396 0.0009440631072911709
25.233333333333334 -0.5227986550549492 0.0009654592876472412
25.266666666666666 -0.5732390586125428 0.0009742919934595529
25.3 -0.6051890045317092 0.0009815643308427324
25.333333333333332 -0.6234360787555345 0.0009852010728538252
25.366666666666667 -0.6244410683942617 0.0009860789474875897
25.4 -0.6105010200139495 0.0009843230332157171
25.433333333333334 -0.5787306168447082 0.0009772702646225762
25.466666666666665 -0.5298198046764189 0.0009699402655515277
25.5 -0.4735981913090508 0.0009529599403034772
25.533333333333335 -0.40042115083152785 0.0009235087258089303
25.566666666666666 -0.31490394363276825 0.000881981673942045
25.6 -0.22486789488858724 0.0008378712349110529
25.633333333333333 -0.12913250922085168 0.000784867356864033
25.666666666666668 -0.02680395865779167 0.0007201373350006063
25.7 0.06911680402867854 0.000747971447593393
25.733333333333334 0.16972021475820095 0.0008105670414846333
25.766666666666666 0.26431197633460146 0.0008646064061137437
25.8 0.35023709550023385 0.0009052236992370122
25.833333333333332 0.4274961531026772 0.0009424706265332983
25.866666666666667 0.4908559955151052 0.0009671335671194714
25.9 0.540760130284339 0.0009820224061525273
25.933333333333334 0.579024648660991 0.0009922965817001916
25.966666666666665 0.6013522159144431 0.0009973750219297584
26.0 0.6080343594148486 0.000998854436795149
26.033333333333335 0.600680271905609 0.0009984690645223893
26.066666666666666 0.5768537030037938 0.0009936358244758692
26.1 0.5364322378550235 0.0009842789845024846
26.133333333333333 0.48051802838279944 0.0009675825991127263
26.166666666666668 0.41487855647655036 0.0009425700091196254
26.2 0.3336485849179355 0.000901686029954385
26.233333333333334 0.24586608113590572 0.0008563568017812273
26.266666666666666 0.14908855893606485 0.0008006242114965978
26.3 0.05199224702682915 0.0007382512503919178
26.333333333333332 -0.043598687803360625 0.0007316721026403156
26.366666666666667 -0.14186839575889096 0.0007916291409936216
26.4 -0.23951074681342063 0.0008444938428792403
26.433333333333334 -0.32792020821704376 0.0008883596767528257
26.466666666666665 -0.40943372940649364 0.0009250520237527593
26.5 -0.47551487257992237 0.0009506155009056938
26.533333333333335 -0.5332268611372468 0.0009670784138228194
26.566666666666666 -0.5753760928787923 0.0009754560776537025
26.6 -0.6042012929288136 0.0009825187560402737
26.633333333333333 -0.6172777048453999 0.0009855781278725884
26.666666666666668 -0.6139695655870568 0.000985607992952997
26.7 -0.5961977098439939 0.000983886092908448
26.733333333333334 -0.5615651773164057 0.000977849769956185
26.766666666666666 -0.5107440996739032 0.000964881273913476
26.8 -0.44635806843266057 0.0009447945261303881
26.833333333333332 -0.37291182560353314 0.0009146475938539012
26.866666666666667 -0.2868639828802618 0.0008724034240377154
26.9 -0.1932593125354209 0.000822392470930633
26.933333333333334 -0.10056566722051692 0.0007674292952465911
26.966666666666665 -0.002859155457009402 0.0007041751198094072
27.0 0.09485114639675316 0.0007644487093793201
27.033333333333335 0.19059943520592937 0.0008229426958429875
27.066666666666666 0.2856723285449274 0.0008721659217980071
27.1 0.37010568628037094 0.0009159626793160958
27.133333333333333 0.442310412977023 0.000949793539356647
27.166666666666668 0.5011577549134636 0.0009709252406259195
27.2 0.5489274246281474 0.0009833102289706908
27.233333333333334 0.5817093775183191 0.0009922972242285555
27.266666666666666 0.5982345638589959 0.0009971304170899309
27.3 0.6007269295939902 0.0009986970177401355
27.333333333333332 0.5887108712589737 0.0009962316581708652
27.366666666666667 0.55871787654336 0.0009910495230839311
27.4 0.5164161381067299 0.0009795296927568309
27.433333333333334 0.4579942904615163 0.0009604261482357712
27.466666666666665 0.38761342972621443 0.0009314117656869514
27.5 0.30506540162523144 0.0008894527597020363
27.533333333333335 0.21481726211341398 0.000840449787829517
27.566666666666666 0.11971348357679802 0.0007843445065861265
27.6 0.020715203140075435 0.0007168043694746606
27.633333333333333 -0.07573864325362266 0.0007525520786541284
27.666666666666668 -0.17340256021472397 0.0008094600296034982
27.7 -0.26208338900317246 0.0008571670226825145
27.733333333333334 -0.34561118307530936 0.0009006198799887399
27.766666666666666 -0.42339220608724315 0.0009333270495480162
27.8 -0.48743392822204296 0.0009556346905469915
27.833333333333332 -0.5396080582271049 0.0009680358798428434
27.866666666666667 -0.5768045666599442 0.0009777558619479265
27.9 -0.6014416066374095 0.000983268945849547
27.933333333333334 -0.6092962700712781 0.000984400086427084
27.966666666666665 -0.6017182271852237 0.0009838397774744045
28.0 -0.5785122138745544 0.0009820147231713872
28.033333333333335 -0.5389215547618168 0.0009758857682942157
28.066666666666666 -0.4862659560424377 0.0009571899461352507
28.1 -0.41898872471727217 0.0009372387052322129
28.133333333333333 -0.33923924485221013 0.0008998923362459332
28.166666666666668 -0.25557358298856026 0.0008567146534372849
28.2 -0.16461526912966448 0.0008075268712734451
28.233333333333334 -0.06904836052406056 0.0007493363467475228
28.266666666666666 0.026677259811419465 0.0007205181886487562
28.3 0.13077332149133955 0.0007857515373494162
28.333333333333332 0.22274308867388015 0.0008434701929815325
28.366666666666667 0.3092304144220677 0.0008864014271773857
28.4 0.3890615680632281 0.0009277492703275714
28.433333333333334 0.4558509807245265 0.0009572918907782557
28.466666666666665 0.5103248115515164 0.0009743223631701881
28.5 0.5539875737552449 0.0009863449824948356
28.533333333333335 0.5809591147024126 0.000993066373494611
28.566666666666666 0.5926571253047221 0.0009966843677442494
28.6 0.5906770730864338 0.0009968746090063263
28.633333333333333 0.5721592601763931 0.0009930272808658103
28.666666666666668 0.5389147281438248 0.0009851490647739825
28.7 0.49178494678705303 0.0009732070215709987
28.733333333333334 0.4298318741035953 0.000950911263533194
28.766666666666666 0.3556165513312286 0.0009121009950639469
28.8 0.27160025711122665 0.0008696783670134045
28.833333333333332 0.1796087464294325 0.0008190451021200251
28.866666666666667 0.08615551461830746 0.0007616264276221058
28.9 -0.011226059103753565 0.0007103458758101547
28.933333333333334 -0.10773398875247855 0.0007710373985191088
28.966666666666665 -0.19712795305913314 0.0008233112978305035
29.0 -0.2882675703323875 0.000868762093308717
29.033333333333335 -0.3724339924964512 0.0009100914621201772
29.066666666666666 -0.44073850305873846 0.0009393911519010589
29.1 -0.49980198743249915 0.0009577528190364282
29.133333333333333 -0.546893142623043 0.0009717984197561425
29.166666666666668 -0.5800958868599576 0.0009791186916313643
29.2 -0.5984084407154289 0.0009829750626673128
29.233333333333334 -0.6001053275891207 0.000984188701489641
29.266666666666666 -0.5878418586150194 0.0009818090237503352
29.3 -0.5597534733619595 0.0009773364648159033
29.333333333333332 -0.5160047818269292 0.0009656363454063621
29.366666666666667 -0.4603088318892699 0.0009507826521194529
29.4 -0.38949466807662336 0.0009233361008237906
29.433333333333334 -0.3060604881125661 0.0008844741051491356
29.466666666666665 -0.21953409458483603 0.0008365937818851366
29.5 -0.12974959238355574 0.0007850954314839453
29.533333333333335 -0.028150566013032632 0.0007217817657575176
29.566666666666666 0.06423841552063202 0.000745767892867566
29.6 0.1609986891313983 0.0008056140509906384
29.633333333333333 0.2484767089165144 0.0008543089084953048
29.666666666666668 0.3324839617380287 0.000896869348656959
29.7 0.40374652009905515 0.0009333491387547022
29.733333333333334 0.46708565945418484 0.0009601652091587587
29.766666666666666 0.5165993128528786 0.000975180489721672
29.8 0.5529214305560394 0.0009859480520492125
29.833333333333332 0.5760020752005369 0.0009922049991807347
29.866666666666667 0.5835029847368772 0.0009952627713105677
29.9 0.5762759422111703 0.0009945716800310311
29.933333333333334 0.5537739972750922 0.0009902717227081581
29.966666666666665 0.5157809976075202 0.0009802201063872085
30.0 0.4629037159435641 0.0009626475304134186
30.033333333333335 0.3984631440745674 0.0009372733230350039
30.066666666666666 0.3222248909465221 0.000896237372926878
30.1 0.2379641448839779 0.000851901431679486
30.133333333333333 0.14289871515865216 0.000796613717738065
30.166666666666668 0.05332703280289595 0.0007406866518111649
30.2 -0.0434700488383584 0.0007309280732896509
30.233333333333334 -0.13743508944518615 0.0007906792635490323
30.266666666666666 -0.2285470998736285 0.0008395670141905232
30.3 -0.3143764133138882 0.0008843326176037336
30.333333333333332 -0.3894834153163186 0.0009233068174454018
30.366666666666667 -0.45751885018920047 0.0009468653054800491
30.4 -0.5125523940734594 0.0009621311861320869
30.433333333333334 -0.5532612388973424 0.000972691651135893
30.466666666666665 -0.5815493365973278 0.0009787503733819092
30.5 -0.5933205863604636 0.000981877825106503
30.533333333333335 -0.5905254821256287 0.000981250501847386
30.566666666666666 -0.5732986921862332 0.0009767425372235738
30.6 -0.537753490690483 0.0009725212438729258
30.633333333333333 -0.4901746550613388 0.0009614398260888168
30.666666666666668 -0.43001872526707274 0.0009407157920350295
30.7 -0.35609930181697924 0.0009095109342390773
30.733333333333334 -0.27386957048246735 0.0008671072167887872
30.766666666666666 -0.1844023649106492 0.000818986338911476
30.8 -0.09199157439160814 0.0007635309771557991
30.833333333333332 -0.0003132071610492579 0.0007033843833081266
30.866666666666667 0.09372719387537568 0.0007648600606137701
30.9 0.18701077043162415 0.0008204600467435763
30.933333333333334 0.2746859147982386 0.0008712160876589436
30.966666666666665 0.3550559134492454 0.0009105096725044448
31.0 0.4250833436613993 0.0009447803439837643
31.033333333333335 0.4842506200846958 0.0009664797022193028
31.066666666666666 0.5276258336497925 0.0009785268618383025
31.1 0.5574902254951718 0.0009872230657295145
31.133333333333333 0.5745821641076524 0.0009929784961404398
31.166666666666668 0.5726037587672517 0.0009939522268738177
31.2 0.5595224403503894 0.000991126776948681
31.233333333333334 0.534391640241412 0.0009834017612403434
31.266666666666666 0.49025315821828286 0.0009714986529358871
31.3 0.43465511886838126 0.0009526017687110366
31.333333333333332 0.3658281445561968 0.0009208042156875207
31.366666666666667 0.28884117440714874 0.000878705657977874
31.4 0.19975857311402628 0.0008309474996802402
31.433333333333334 0.10880315763751378 0.0007758086088286154
31.466666666666665 0.014000976237798479 0.000713494259178887
31.5 -0.0775135282804808 0.000753150059320043
31.533333333333335 -0.170193031660024 0.0008099777855881396
31.566666666666666 -0.2559015929316351 0.0008548732820702343
31.6 -0.3391796352883643 0.0008985346678349604
31.633333333333333 -0.41123907464919907 0.0009292203823210166
31.666666666666668 -0.4731125608159503 0.0009507020803340982
31.7 -0.5218848985992093 0.0009640794183197743
31.733333333333334 -0.5564701924824405 0.0009730466463450105
31.766666666666666 -0.579569488688804 0.0009782616514720788
31.8 -0.5849936455261128 0.000979739598105156
31.833333333333332 -0.576492797173882 0.0009787253934164797
31.866666666666667 -0.5526013653855124 0.0009735669566850458
31.9 -0.5139608341898063 0.00096306057710982
31.933333333333334 -0.45947073067228683 0.0009483179285287857
31.966666666666665 -0.3948772410303788 0.0009267768190941994
32.0 -0.3186608483483847 0.0008910906994384349
32.03333333333333 -0.23658918437161114 0.0008492997255532264
32.06666666666667 -0.15189183025649894 0.0008010670170949252
32.1 -0.05574067096684503 0.0007410466022967077
32.13333333333333 0.03861129341885708 0.0007292494655622497
32.166666666666664 0.13304223509447624 0.00078960579390841
32.2 0.22232721410641623 0.0008408035082956566
32.233333333333334 0.30624092681477777 0.0008843166750552856
32.266666666666666 0.38156659213189725 0.0009259165568489269
32.3 0.44360946373568577 0.0009520093606213975
32.333333333333336 0.4954022956100906 0.0009693698256540428
32.36666666666667 0.5344172415944619 0.0009830936177183114
32.4 0.5588844608188644 0.0009889627777506238
32.43333333333333 0.5687166326189805 0.000991298519732342
32.46666666666667 0.5659548616854595 0.0009901052106314756
32.5 0.5467622192991056 0.000984798321791991
32.53333333333333 0.5141076559543764 0.0009783839549605267
32.56666666666667 0.467429234226895 0.000962877146435559
32.6 0.40593749234933507 0.0009400146943465137
32.63333333333333 0.33212525163167095 0.0009043410508123295
32.666666666666664 0.24862433193158362 0.0008577394515861259
32.7 0.16283003678413416 0.0008091407072329249
32.733333333333334 0.06862800516852709 0.0007508286019880517
32.766666666666666 -0.023293073348025523 0.0007188241705219367
32.8 -0.11615884322506624 0.0007759497590143077
32.833333333333336 -0.20601557537298715 0.0008292074655762149
32.86666666666667 -0.2861050849713839 0.0008751154529650362
32.9 -0.3652132983996083 0.0009104203587874116
32.93333333333333 -0.43022387946386675 0.0009358406365860827
32.96666666666667 -0.48611193518623735 0.0009544832239677392
33.0 -0.5302198074983517 0.000966430419460651
33.03333333333333 -0.561776736492563 0.0009741657495879741
33.06666666666667 -0.5775061643250032 0.000978475382715116
33.1 -0.576286688940133 0.0009791181789287062
33.13333333333333 -0.5619344440724691 0.0009770720718206283
33.166666666666664 -0.5305440933902174 0.0009699751295586534
33.2 -0.48828375982769523 0.0009585528842649405
33.233333333333334 -0.43044765231215537 0.0009405262824211391
33.266666666666666 -0.3617484292745579 0.0009158118495706802
33.3 -0.28451980268464283 0.0008736580550093298
33.333333333333336 -0.19927025409781998 0.0008278796703676261
33.36666666666667 -0.10800452685789506 0.0007742690794764334
33.4 -0.016720609684326277 0.0007143384900909315
33.43333333333333 0.07889772088161441 0.0007563033344636511
33.46666666666667 0.16712040886900484 0.0008101711927350208
33.5 0.2547743626485036 0.0008586443033074542
33.53333333333333 0.332844241465369 0.0009039474498881428
33.56666666666667 0.40148199380730554 0.0009340499082370335
33.6 0.4593239593672607 0.0009573914932974326
33.63333333333333 0.5058437734847238 0.000971606742847464
33.666666666666664 0.538851976846763 0.0009824165983896016
33.7 0.557026186807428 0.0009867263530658477
33.733333333333334 0.5613173766055255 0.0009894835706134586
33.766666666666666 0.5493207558594276 0.0009878411156227784
33.8 0.5270194792287208 0.000980916864464887
33.833333333333336 0.4863025102666834 0.0009702616073389292
33.86666666666667 0.4331005479871641 0.0009522485475357834
33.9 0.3693919279016573 0.0009276418108817852
33.93333333333333 0.29396826048051194 0.0008877041802379249
33.96666666666667 0.21055354833054934 0.0008404757938662577
34.0 0.11733032595277841 0.0007822149547470902
34.03333333333333 0.030397148884018278 0.000724305191542686
34.06666666666667 -0.060234016838324175 0.0007419673274543445
34.1 -0.15699277710843018 0.0008010344782612977
34.13333333333333 -0.24141051872776256 0.000847444397826802
34.166666666666664 -0.3197136680353601 0.0008912161625465043
34.2 -0.39242296262705834 0.0009220766147144954
34.233333333333334 -0.45128164335357934 0.0009425024295328099
34.266666666666666 -0.5030872040936137 0.0009596879528707136
34.3 -0.5399993754751278 0.0009680437617459736
34.333333333333336 -0.5626044075111196 0.0009745941493817245
34.36666666666667 -0.5682286050320601 0.000977491764844296
34.4 -0.562119929123278 0.0009762598453011417
34.43333333333333 -0.5431898620853336 0.0009709118779031023
34.46666666666667 -0.5074212508003826 0.0009627898573906224
34.5 -0.45771035751479844 0.0009499335551811372
34.53333333333333 -0.39427675188100975 0.0009261038846278269
34.56666666666667 -0.32460380053419596 0.0008968526511440866
34.6 -0.24328903658119344 0.0008523401896691207
34.63333333333333 -0.15591164232975238 0.0008028851255609815
34.666666666666664 -0.06952607581536197 0.0007498471805494483
34.7 0.02265405799815748 0.0007185027089100064
34.733333333333334 0.11420213371717078 0.0007785946343158157
34.766666666666666 0.2043504672088829 0.0008325429002954965
34.8 0.28497298106344016 0.000878393081349127
34.833333333333336 0.3579193448632829 0.0009143961760737507
34.86666666666667 0.4219733673681091 0.0009445807577886378
34.9 0.47452294161032105 0.0009634315074099065
34.93333333333333 0.5149493166393673 0.000976355157908948
34.96666666666667 0.5411870481408789 0.0009831561805260236
35.0 0.5517354409459175 0.0009859330033480385
35.03333333333333 0.5503876287190421 0.0009857556429591074
35.06666666666667 0.5349608098092192 0.0009823446773127298
35.1 0.5051045613232433 0.0009760986939195693
35.13333333333333 0.4600511323003 0.0009599131522764481
35.166666666666664 0.4033327628417941 0.0009415918255785138
35.2 0.33543453564809655 0.000909103097130326
35.233333333333334 0.25700207970007427 0.0008644436484983031
35.266666666666666 0.17109601533387464 0.0008152515224483792
35.3 0.08473789381989205 0.0007600384998813214
35.333333333333336 -0.008819510372572014 0.0007091606272824347
35.36666666666667 -0.09867096284976784 0.0007654150262016435
35.4 -0.18946660858092876 0.0008199251774410887
35.43333333333333 -0.2704910205372571 0.0008649343776158114
35.46666666666667 -0.3447768769172388 0.0009034848287182706
35.5 -0.41184776245278965 0.0009315213208856976
35.53333333333333 -0.4701727829022401 0.000950276889483237
35.56666666666667 -0.510592533981852 0.0009629399456638765
35.6 -0.5410717210251276 0.0009698924033451073
35.63333333333333 -0.5605051023871152 0.0009752030370776543
35.666666666666664 -0.5633311126546054 0.0009764806734003928
35.7 -0.5511415857031232 0.0009737588458054169
35.733333333333334 -0.5245589845577269 0.0009672679926343575
35.766666666666666 -0.4813707827294048 0.0009568410085833978
35.8 -0.4255085903166159 0.0009379815332529184
35.833333333333336 -0.3601398897489714 0.0009119761815265526
35.86666666666667 -0.28501825210779463 0.0008741163297363297
35.9 -0.20469657932714913 0.0008310650137184072
35.93333333333333 -0.11576337187442981 0.0007786607699382386
35.96666666666667 -0.02627462155014756 0.0007210709039226042
36.0 0.062055020165403894 0.0007446939115919662
36.03333333333333 0.1506652485681242 0.0007998728431208302
36.06666666666667 0.23761827128779 0.0008523114309665902
36.1 0.318002449216241 0.0008935298342679365
36.13333333333333 0.3857274724715593 0.0009283767877945603
36.166666666666664 0.444640199275611 0.0009539137512353801
36.2 0.489217964016858 0.0009676178918421319
36.233333333333334 0.5229883951785466 0.0009790130405056274
36.266666666666666 0.542426071753777 0.0009847994367082613
36.3 0.547986740923296 0.000986673312279196
36.333333333333336 0.5400513012553836 0.0009844301356117802
36.36666666666667 0.5171970950719411 0.0009782383154020025
36.4 0.4786831307609494 0.0009670917194334883
36.43333333333333 0.42934043035455394 0.0009509141823013101
36.46666666666667 0.3676195404438896 0.0009260679437191333
36.5 0.2956023774270776 0.0008889057583341686
36.53333333333333 0.21210527896577078 0.0008399624570273045
36.56666666666667 0.128162632721401 0.0007905792612491191
36.6 0.03798792835430847 0.000730202245760106
36.63333333333333 -0.05187796512607132 0.0007378849507303706
36.666666666666664 -0.13971395303844414 0.0007933330458839705
36.7 -0.22408104929582234 0.0008384774857286281
36.733333333333334 -0.3024613788349181 0.0008817176958647033
36.766666666666666 -0.3755313595861104 0.0009169613842393565
36.8 -0.4360529724282601 0.0009401480223876768
36.833333333333336 -0.48550338284254935 0.0009556819117226834
36.86666666666667 -0.5203159169190769 0.0009655553366494374
36.9 -0.5441097158698492 0.000972055967167651
36.93333333333333 -0.5533019128398351 0.00097512044892889
36.96666666666667 -0.5515536663158096 0.0009743144680020022
37.0 -0.5330975983932695 0.0009694093012949656
37.03333333333333 -0.498145001590016 0.0009613349687891959
37.06666666666667 -0.45245324372138007 0.0009467443436965151
37.1 -0.39286821878734707 0.0009260743016450967
37.13333333333333 -0.323227115319176 0.0008961563542764228
37.166666666666664 -0.24590925209112588 0.0008551758023359612
37.2 -0.16229094537327096 0.000808316325533659
37.233333333333334 -0.07480566326012263 0.0007552018326058979
37.266666666666666 0.01708679173589127 0.0007134841078541149
37.3 0.10298185339766822 0.0007717458273718697
37.333333333333336 0.19115761635987927 0.0008244317085011332
37.36666666666667 0.27165440656386636 0.0008700234895159253
37.4 0.345253312434836 0.0009123119700160109
37.43333333333333 0.4081875333067641 0.0009385210165798186
37.46666666666667 0.46210638444307295 0.0009596324566872871
37.5 0.5003415901887379 0.0009710431942225872
37.53333333333333 0.5271680564855689 0.0009799896904642003
37.56666666666667 0.5391380639414031 0.0009844404117218541
37.6 0.5383662420514747 0.000984775634998214
37.63333333333333 0.5230412532216183 0.0009798236056518528
37.666666666666664 0.4939645637487804 0.0009732667651435323
37.7 0.4518056789015138 0.0009578245668989127
37.733333333333334 0.39538158759844844 0.0009369810335086992
37.766666666666666 0.3269214148155666 0.0009064542379045304
37.8 0.2518686794602723 0.0008643661920426093
37.833333333333336 0.1700982917422034 0.0008143800092655362
37.86666666666667 0.08507108847380868 0.0007598802206076338
37.9 -0.0054844146670187735 0.0007066509231324191
37.93333333333333 -0.09201666705338545 0.0007640370641315702
37.96666666666667 -0.1793642732162164 0.0008152310479011549
38.0 -0.26071586334461844 0.0008594671594772119
38.03333333333333 -0.33335167325527437 0.0008975728318643128
38.06666666666667 -0.3988371339418817 0.0009258352224851829
38.1 -0.4548282632626606 0.0009433064722721984
38.13333333333333 -0.49866277192031416 0.00095850225719879
38.166666666666664 -0.5292746587730646 0.0009667672668486338
38.2 -0.5457643869597756 0.0009711348257294139
38.233333333333334 -0.547601492191478 0.0009722808459508014
38.266666666666666 -0.5364376824020392 0.0009693819833067607
38.3 -0.5115516306881017 0.0009639421818455896
38.333333333333336 -0.47090959184530495 0.0009527163129305349
38.36666666666667 -0.4184596983248977 0.000936868277482461
38.4 -0.3545597549692419 0.0009125575659008067
38.43333333333333 -0.280838264542807 0.0008733750873749502
38.46666666666667 -0.20039466460602062 0.0008305369282498309
38.5 -0.11636193532722107 0.0007828657708370268
38.53333333333333 -0.02714319644916092 0.0007223899616735883
38.56666666666667 0.06160959276078025 0.0007448050562910563
38.6 0.1451508140376734 0.0007964155438789644
38.63333333333333 0.23000911177590586 0.0008469664550693756
38.666666666666664 0.307064788158268 0.0008922188758913596
38.7 0.3717945084153936 0.0009248893724161933
38.733333333333334 0.4296127086369957 0.0009476932596048648
38.766666666666666 0.4757660308730958 0.0009650587997061533
38.8 0.5087902108488821 0.0009752619047806999
38.833333333333336 0.5279484809491823 0.0009815751868499367
38.86666666666667 0.5340111739123543 0.0009836898311847975
38.9 0.5268986489525112 0.000982660407719993
38.93333333333333 0.5052961151891807 0.0009780551171709728
38.96666666666667 0.469056683460584 0.0009657539908778379
39.0 0.4204786904776119 0.0009492453321340855
39.03333333333333 0.359475828561841 0.0009241264924778059
39.06666666666667 0.28837369546653546 0.0008866665155045084
39.1 0.2076817218440742 0.0008385198743416922
39.13333333333333 0.12550258304325262 0.000789903993647173
39.166666666666664 0.037631964326699484 0.0007306615895312368
39.2 -0.0485965175688695 0.0007378944942271135
39.233333333333334 -0.1367150180392717 0.0007925017294827252
39.266666666666666 -0.21755910469556247 0.0008384646073285595
39.3 -0.2936655497692441 0.0008795489151567915
39.333333333333336 -0.3620375228472307 0.0009136741862550424
39.36666666666667 -0.42214230069300335 0.0009354470269158921
39.4 -0.47056469496937425 0.0009515340167740582
39.43333333333333 -0.5069746472054747 0.0009629042039486224
39.46666666666667 -0.5310499154552523 0.0009693875089703541
39.5 -0.5408880034482273 0.0009725406997660446
39.53333333333333 -0.5356816943345155 0.0009719062059601047
39.56666666666667 -0.5177493439554515 0.0009669425481851901
39.6 -0.48496615872230525 0.0009580963558918909
39.63333333333333 -0.43873037074334187 0.0009448214508699371
39.666666666666664 -0.3816687252023051 0.0009243183752672413
39.7 -0.31404405475920344 0.0008930730074093174
39.733333333333334 -0.23829860812010664 0.0008550177073360088
39.766666666666666 -0.15575695665474104 0.0008042017400710366
39.8 -0.0734624854104115 0.0007533238961183464
39.833333333333336 0.01880653852369217 0.0007182157078344381
39.86666666666667 0.10225584446890768 0.000773900725082155
39.9 0.1863059265147256 0.000825222371312051
39.93333333333333 0.26514617580878624 0.0008709075857875059
39.96666666666667 0.33606710815658947 0.000908556464535859
40.0 0.39762949272213577 0.0009361111180726245
40.03333333333333 0.44898844336964194 0.0009547017631211241
40.06666666666667 0.48757430801728896 0.0009692155779562617
40.1 0.5138474131378948 0.0009759788294915195
40.13333333333333 0.525908019802652 0.0009826004325742543
40.166666666666664 0.5247203668991289 0.000981544713051452
40.2 0.5083245571714725 0.000977288578447033
40.233333333333334 0.4800697689346826 0.0009688667096801606
40.266666666666666 0.43804361849251144 0.0009536753928713337
40.3 0.38460569047484944 0.0009335299902158978
40.333333333333336 0.3217566405519066 0.0009045947169153967
40.36666666666667 0.24358631284219123 0.0008624024290248555
40.4 0.16348531741440755 0.0008106672868442022
40.43333333333333 0.07913208161973889 0.0007577584383778729
40.46666666666667 -0.006670652707535564 0.0007109196960075198
40.5 -0.09069109334795214 0.0007669537427454493
40.53333333333333 -0.17631065348230834 0.0008167783064354783
40.56666666666667 -0.2551864404694542 0.0008567179918502199
40.6 -0.32673500348200074 0.0008957292169783915
40.63333333333333 -0.3894531747106007 0.000922895693214798
40.666666666666664 -0.44576599881946255 0.0009454349361378567
40.7 -0.4875249885664786 0.0009588066802183048
40.733333333333334 -0.5170444531434775 0.0009648154691666022
40.766666666666666 -0.5336091636309408 0.0009691702339326147
40.8 -0.535721143865083 0.0009702276844097968
40.833333333333336 -0.5236042182753683 0.0009674118781798358
40.86666666666667 -0.4954307577734492 0.0009598559672806539
40.9 -0.4565496887731475 0.0009489785111552185
40.93333333333333 -0.4044290662550084 0.0009311711238144671
40.96666666666667 -0.3425135919270035 0.0009058266331121168
41.0 -0.27224687884280474 0.0008752428365915721
41.03333333333333 -0.1935625210256348 0.0008266151228833729
41.06666666666667 -0.11147380722588275 0.0007780834121455804
41.1 -0.023432507446706934 0.0007206849735487929
41.13333333333333 0.06231843623087329 0.0007462491460432305
41.166666666666664 0.1465631224882891 0.0008025116746558092
41.2 0.22893205477203715 0.0008465325391718292
41.233333333333334 0.30187211753904547 0.0008904483110665495
41.266666666666666 0.36574341056117615 0.000921175211440417
41.3 0.4216390860528034 0.0009453851988541206
41.333333333333336 0.465774625975153 0.0009609320379748154
41.36666666666667 0.49769018134233095 0.0009718863529273869
41.4 0.5155656606533021 0.0009768343520053513
41.43333333333333 0.5208420417809693 0.000978602722197075
41.46666666666667 0.5124577602357206 0.0009776722430504536
41.5 0.48984825035245816 0.0009702918413234118
41.53333333333333 0.4548342483820078 0.0009588219250602492
41.56666666666667 0.4072995023428092 0.0009432749419515107
41.6 0.3490741376174441 0.0009193307238811732
41.63333333333333 0.2790612052461593 0.0008831549843810182
41.666666666666664 0.20312993882440494 0.0008365117592419036
41.7 0.11937163130795908 0.0007855315300173554
41.733333333333334 0.034515927469095355 0.0007283326329459786
41.766666666666666 -0.050776722560273393 0.0007380210963739905
41.8 -0.13659301520820485 0.0007941227729974243
41.833333333333336 -0.2161615375637678 0.0008382424730959681
41.86666666666667 -0.28877538879555437 0.000880672928923687
41.9 -0.35735000539339146 0.0009117925993757936
41.93333333333333 -0.4156482734693925 0.000933763546966726
41.96666666666667 -0.46321825714273784 0.0009483959699645994
42.0 -0.49640572430604907 0.000957592763096371
