0.0 0.48766772985117096 0.0008157648656838545
0.03333333333333333 0.49867431525421607 0.0008197990882685136
0.06666666666666667 0.49640464564602566 0.0008199270466466291
0.1 0.47983075432079053 0.0008163827513888999
0.13333333333333333 0.45125650153043984 0.0008083305406124675
0.16666666666666666 0.4101477993394108 0.000795745481881216
0.2 0.35815217752594264 0.0007778765263926068
0.23333333333333334 0.2947237139663804 0.0007528188094754196
0.26666666666666666 0.2256845753492107 0.0007247619383527193
0.3 0.14970420335765597 0.0006887371542494691
0.3333333333333333 0.06830381383604676 0.0006448356392320942
0.36666666666666664 -0.015067263973874482 0.0006136768630891007
0.4 -0.09594970690803509 0.0006589346857442113
0.43333333333333335 -0.17571895242681135 0.0006990150240187842
0.4666666666666667 -0.2492164191659337 0.0007332756284746389
0.5 -0.3166290681362527 0.000759915554403412
0.5333333333333333 -0.3775313538205102 0.0007825005478954705
0.5666666666666667 -0.4273705899052724 0.0007975872555605612
0.6 -0.46605886317329365 0.0008088021550320956
0.6333333333333333 -0.4931038182112173 0.0008157817297509973
0.6666666666666666 -0.5070762231935299 0.0008191314825618523
0.7 -0.5084801750917645 0.0008195020728829494
0.7333333333333333 -0.49635261800886643 0.0008172651543110199
0.7666666666666667 -0.4707857180913194 0.000810802445496861
0.8 -0.4326011629894605 0.0007993676873795375
0.8333333333333334 -0.38455542434119483 0.0007852507724984137
0.8666666666666667 -0.3238883806667963 0.0007652839548294987
0.9 -0.2546439373858815 0.0007367016655130398
0.9333333333333333 -0.17943614415209083 0.0007049032343030559
0.9666666666666667 -0.10285744291878458 0.0006641168008532095
1.0 -0.0173506774997697 0.0006153585719880714
1.0333333333333334 0.06019496842501734 0.0006397079482075574
1.0666666666666667 0.13988612100792655 0.0006833918580859133
1.1 0.21795138946572415 0.0007214629564753217
1.1333333333333333 0.2864651032778948 0.0007495123905207901
1.1666666666666667 0.34913894644091686 0.0007741580949578997
1.2 0.4004456258813332 0.000791228777477726
1.2333333333333334 0.4420387374373219 0.0008041609876280331
1.2666666666666666 0.4738011924858244 0.0008134759218304533
1.3 0.4898801409851051 0.0008168630194230198
1.3333333333333333 0.49382971556059047 0.000818509034170467
1.3666666666666667 0.4844949546944625 0.0008158726758584756
1.4 0.4614696296940831 0.0008093593636920859
1.4333333333333333 0.4269221268873143 0.0008003374948171715
1.4666666666666666 0.37906002116190335 0.0007861765129926757
1.5 0.3234212891691104 0.0007667944060358867
1.5333333333333334 0.2563592566498811 0.0007380467123800916
1.5666666666666667 0.18376164651109686 0.0007051255327551742
1.6 0.10835727063987186 0.0006660584783887424
1.6333333333333333 0.027774395430150953 0.0006214930149009909
1.6666666666666667 -0.05387156516076758 0.0006357350349203358
1.7 -0.1323893417418217 0.0006776824993585673
1.7333333333333334 -0.20882730875111555 0.0007145467123892413
1.7666666666666666 -0.28106741510028993 0.0007465125333078748
1.8 -0.34646043018980055 0.0007704043679956363
1.8333333333333333 -0.39962385779004206 0.0007895047360624852
1.8666666666666667 -0.4436000600495283 0.0008028387343054222
1.9 -0.47634105475978183 0.0008112831644843665
1.9333333333333333 -0.49658832724457325 0.0008159811336064249
1.9666666666666666 -0.5042359585132308 0.00081817381244631
2.0 -0.4987735197781714 0.0008171739113999044
2.033333333333333 -0.4800680495005236 0.0008131822122419141
2.066666666666667 -0.44871334070729596 0.0008045703465772713
2.1 -0.40480742831152255 0.0007914618521781547
2.1333333333333333 -0.34944945354780155 0.0007748211411808259
2.1666666666666665 -0.28724390683634954 0.0007498271423641567
2.2 -0.21597002312531824 0.000718954115152215
2.2333333333333334 -0.14131076967989756 0.0006836542531131751
2.2666666666666666 -0.06131998493323634 0.0006408447050798433
2.3 0.02201797555838015 0.000617236283985332
2.3333333333333335 0.10091745529762007 0.0006619995350733571
2.3666666666666667 0.17652337993128558 0.0007028107523968374
2.4 0.248906639855917 0.0007383925058809249
2.433333333333333 0.31533032695175506 0.0007633523523447039
2.466666666666667 0.3741385127932164 0.0007837295403078648
2.5 0.4195109260735759 0.0007985072999754372
2.533333333333333 0.4539456819349129 0.0008088055697472729
2.566666666666667 0.47650613111047413 0.0008147447949903297
2.6 0.48659534493017254 0.0008158231242747505
2.6333333333333333 0.48427767458940646 0.0008160656910855546
2.6666666666666665 0.4700015511544506 0.0008118912373888953
2.7 0.4410244275114129 0.0008051853170347734
2.7333333333333334 0.4025014113203849 0.0007932188850219846
2.7666666666666666 0.34983604327554985 0.000774147286800364
2.8 0.2872442302705546 0.0007508111949096619
2.8333333333333335 0.2188175033055396 0.0007230215120887229
2.8666666666666667 0.14244000172627727 0.0006847871934590188
2.9 0.06510595948942427 0.0006421640238261084
2.933333333333333 -0.015574458841870177 0.000614428194585917
2.966666666666667 -0.09469686039478033 0.0006585356219073885
3.0 -0.17306415094543195 0.0006976624621154448
3.033333333333333 -0.2459340214938353 0.000731419194238192
3.066666666666667 -0.3117161758096483 0.0007574331528355516
3.1 -0.37078447902904593 0.0007792729346177696
3.1333333333333333 -0.4203454766511416 0.0007947654944658877
3.1666666666666665 -0.4574043482873727 0.0008067789909551037
3.2 -0.4830637352128016 0.0008137876007753841
3.2333333333333334 -0.4968937197861857 0.0008172893356733213
3.2666666666666666 -0.4972835935334106 0.0008177381260941474
3.3 -0.4848962948226701 0.0008143156820449859
3.3333333333333335 -0.460510774293511 0.0008087438981803641
3.3666666666666667 -0.422957520094775 0.0007978980846296557
3.4 -0.37434585527084047 0.0007823548245520229
3.433333333333333 -0.31562700036282293 0.0007632238187339491
3.466666666666667 -0.24966225218906413 0.0007351307516229033
3.5 -0.1737566440408029 0.0007009702500320181
3.533333333333333 -0.0966177151630011 0.000660570452235304
3.566666666666667 -0.015857966754439 0.0006154755936017345
3.6 0.06540647248789386 0.0006423669211863686
3.6333333333333333 0.13860855564229888 0.0006831707618137894
3.6666666666666665 0.21624927999688767 0.0007199461751722092
3.7 0.28305306499520627 0.0007488217196270908
3.7333333333333334 0.34263506611834976 0.000770115897699819
3.7666666666666666 0.3943646746863745 0.0007880274135770859
3.8 0.4347747069188968 0.0008010220562693071
3.8333333333333335 0.4632204041527402 0.0008083936436616979
3.8666666666666667 0.47960166510712005 0.000813466378255856
3.9 0.48205628213256474 0.0008150554525678255
3.933333333333333 0.4738396761709276 0.0008123042315901774
3.966666666666667 0.4517449711020345 0.0008060140083964162
4.0 0.41740135663943184 0.0007962220486589233
4.033333333333333 0.3703633746677907 0.0007826161557106248
4.066666666666666 0.31507915643843876 0.0007631602814562322
4.1 0.24875463539609036 0.0007333259261078362
4.133333333333334 0.17569684418701648 0.0007004707053273607
4.166666666666667 0.09983887497067818 0.0006622211672249884
4.2 0.022507105334612608 0.000616581856318018
4.233333333333333 -0.058053616881989574 0.0006379189106227659
4.266666666666667 -0.1358373887421958 0.0006792914746297507
4.3 -0.21131377664098958 0.0007167489651276615
4.333333333333333 -0.27814200815896306 0.0007463422407268938
4.366666666666666 -0.3402104511121038 0.0007691691912974918
4.4 -0.39396559823416516 0.0007872042121685463
4.433333333333334 -0.43673132418040106 0.0008007257979472104
4.466666666666667 -0.46927346681830645 0.0008121814484814416
4.5 -0.4873959173873148 0.0008156363409907441
4.533333333333333 -0.49309945446938724 0.000816715362383813
4.566666666666666 -0.4871329757816315 0.0008149345906202088
4.6 -0.4678670525832448 0.000810185864343449
4.633333333333334 -0.43569887561197007 0.0008013031020285832
4.666666666666667 -0.39389592262492173 0.0007885159840898548
4.7 -0.3388487959995264 0.0007717065030261594
4.733333333333333 -0.2769531326218123 0.000747520135083668
4.766666666666667 -0.20721138665574704 0.0007156030044030148
4.8 -0.13163517664791996 0.0006790003422878221
4.833333333333333 -0.05214640511308407 0.0006338679141080772
4.866666666666666 0.025167739876331804 0.0006181732448577067
4.9 0.10541813596528592 0.0006636007687126355
4.933333333333334 0.17888407949176882 0.0007016139510529207
4.966666666666667 0.24801680463492518 0.0007354738119783044
5.0 0.3104739497579646 0.0007592251194220023
5.033333333333333 0.36744111980714184 0.0007785102119576837
5.066666666666666 0.41221986115972153 0.0007944999985639023
5.1 0.4454466828883828 0.0008048336459087202
5.133333333333334 0.4672698752486753 0.000809572496971056
5.166666666666667 0.47590693015022156 0.000814120091054138
5.2 0.47251761953061155 0.0008118755719206394
5.233333333333333 0.45736487924561436 0.0008087464334589067
5.266666666666667 0.42699243133493714 0.000800963009864597
5.3 0.3878676826088942 0.0007878902811873645
5.333333333333333 0.33561660229849233 0.0007715643160439711
5.366666666666666 0.2753877994080041 0.0007464790968802482
5.4 0.20913181154056687 0.0007187608845451443
5.433333333333334 0.1330135205398202 0.0006804852949965079
5.466666666666667 0.05564851203616117 0.0006375512704388034
5.5 -0.023609433863271276 0.0006197844258878336
5.533333333333333 -0.10199811651430599 0.00066201701984063
5.566666666666666 -0.17648574530724653 0.0007001716964545324
5.6 -0.2474035490135469 0.000732094462496502
5.633333333333334 -0.31196308525779276 0.0007612548541193198
5.666666666666667 -0.36768062311334515 0.0007807622815735882
5.7 -0.414824782833252 0.0007936858484888787
5.733333333333333 -0.4494823126637318 0.0008051206232500552
5.766666666666667 -0.47455429450898423 0.0008112940512822742
5.8 -0.4877919988373248 0.0008156782320006273
5.833333333333333 -0.4865050688390812 0.0008151646505615284
5.866666666666666 -0.4729555981679545 0.00081140974499333
5.9 -0.4475726654749366 0.0008054740953312711
5.933333333333334 -0.40894061583421804 0.0007954862448625311
5.966666666666667 -0.3601582514489886 0.0007795733734358712
6.0 -0.3031173344326873 0.0007590632739965519
6.033333333333333 -0.23760048760269456 0.0007290634511570304
6.066666666666666 -0.16456994540582626 0.0006947154672602429
6.1 -0.08726462457063769 0.0006548244941083636
6.133333333333334 -0.007187004178981079 0.0006088725590672507
6.166666666666667 0.06917430757056187 0.0006481875728255315
6.2 0.1442479275252752 0.0006847939754196786
6.233333333333333 0.21556172269868035 0.0007181365603377843
6.266666666666667 0.2800601908146297 0.0007499538514765813
6.3 0.3400969978663322 0.0007741481581455822
6.333333333333333 0.38935580664753344 0.000791019571702245
6.366666666666666 0.4276067417497408 0.0007996740410728398
6.4 0.45391070961897295 0.0008085237566045622
6.433333333333334 0.4686315757886535 0.0008122778410817322
6.466666666666667 0.471501542666575 0.0008146358682413202
6.5 0.4615086070331224 0.0008111170663050449
6.533333333333333 0.43774711060093063 0.0008034716163635158
6.566666666666666 0.4028571051822346 0.0007917618122470493
6.6 0.35727743486086483 0.0007782130182112934
6.633333333333334 0.29986677411396584 0.0007594296506354681
6.666666666666667 0.23732710706515428 0.000731628392470679
6.7 0.1670955056188514 0.0006973481618787469
6.733333333333333 0.09169794765859417 0.0006579091529664016
6.766666666666667 0.010563166494097108 0.0006116846254846046
6.8 -0.0670804034977362 0.000644565047372439
6.833333333333333 -0.1419640803023784 0.0006841478356866826
6.866666666666666 -0.21631978110294017 0.0007188538792049504
6.9 -0.28290836044509715 0.000746478378791049
6.933333333333334 -0.3422265557563494 0.0007700915719079937
6.966666666666667 -0.39249167065224805 0.0007872144738032549
7.0 -0.4321303089411125 0.0008005801278063163
7.033333333333333 -0.4616517941756781 0.0008086210120574755
7.066666666666666 -0.47840769736274685 0.0008128671823763312
7.1 -0.4831408763297474 0.0008135186134580197
7.133333333333334 -0.4756629732675758 0.0008125330601582714
7.166666666666667 -0.45518321639620357 0.0008063251462139265
7.2 -0.42310876309795786 0.0007974366733587979
7.233333333333333 -0.3791668628252071 0.000783205370457507
7.266666666666667 -0.32556870191418574 0.0007652454230029915
7.3 -0.2632810530148819 0.0007403597033850962
7.333333333333333 -0.19393404412556275 0.000708628925667143
7.366666666666666 -0.11978965005379139 0.0006711665515177906
7.4 -0.04271379668404609 0.0006288036090015547
7.433333333333334 0.035259473751320956 0.0006294051604684575
7.466666666666667 0.11390000739369173 0.0006708587529560411
7.5 0.1852407293784744 0.0007048926941934652
7.533333333333333 0.254378936571047 0.0007369324642604314
7.566666666666666 0.3125821943091533 0.0007610956387472112
7.6 0.3657100658909086 0.0007788118203665428
7.633333333333334 0.4083408552284292 0.0007923499441670478
7.666666666666667 0.43963539615784275 0.0008030948218277767
7.7 0.45799198417668247 0.0008126739057083276
7.733333333333333 0.4664973316279427 0.00081075626827537
7.766666666666667 0.4612043370260202 0.0008108511180068834
7.8 0.44384167892341075 0.0008056690737272554
7.833333333333333 0.4135489256375557 0.0007973264674022151
7.866666666666666 0.37284750949613027 0.0007849308811825884
7.9 0.3211093399632939 0.0007646645758114246
7.933333333333334 0.26178692824283156 0.0007417121230140489
7.966666666666667 0.19563904063286447 0.0007093399524155108
8.0 0.1205864084993746 0.00067374662769705
8.033333333333333 0.04542002511209856 0.000631628499065999
8.066666666666666 -0.03213532131095071 0.0006232553949147498
8.1 -0.11036959420039427 0.0006674243471096741
8.133333333333333 -0.18300602262025462 0.0007025261748930256
8.166666666666666 -0.25108413031038546 0.0007338828726781155
8.2 -0.31314943690388936 0.0007606077889232288
8.233333333333333 -0.3649775012463542 0.0007781299170783185
8.266666666666667 -0.40995127015826566 0.000792950043901286
8.3 -0.44398099536933716 0.0008028385616354883
8.333333333333334 -0.46680542487814736 0.000809441859014437
8.366666666666667 -0.47652390630793123 0.000812219856378249
8.4 -0.4745511072000446 0.00081206427575653
8.433333333333334 -0.4595333493622642 0.0008079642128772102
8.466666666666667 -0.4310047298163742 0.0008009819721370715
8.5 -0.3930590649110638 0.0007895302182925334
8.533333333333333 -0.3448303677999772 0.0007727423546036172
8.566666666666666 -0.28632234556077907 0.0007503213382625273
8.6 -0.22211399318203573 0.0007233608155399474
8.633333333333333 -0.15048915114542286 0.0006930598769692431
8.666666666666666 -0.07490866545429807 0.0006483252404527462
8.7 0.001393894534435126 0.0006062542855844017
8.733333333333333 0.07835873732076919 0.0006494217514131373
8.766666666666667 0.15172336060796737 0.0006900305349699098
8.8 0.22098607612378118 0.000724982596874757
8.833333333333334 0.28473696961766976 0.0007511232288670011
8.866666666666667 0.3398591121330442 0.0007703194550346959
8.9 0.3883667159186591 0.0007896137100362188
8.933333333333334 0.4232269628962599 0.0007971717297739489
8.966666666666667 0.44743756181626376 0.0008058067120431667
9.0 0.4588410942146889 0.000809332463504786
9.033333333333333 0.4599446846729982 0.0008094768803655894
9.066666666666666 0.4472726141019907 0.0008061872671541459
9.1 0.42322424795031144 0.0008003057842913552
9.133333333333333 0.38765557145865714 0.000789642052877404
9.166666666666666 0.3410639436284983 0.0007725923958935565
9.2 0.28344538182986645 0.0007490175879860117
9.233333333333333 0.2211147614112476 0.0007221558734922806
9.266666666666667 0.15381048604010877 0.0006902556599888143
9.3 0.07590145423215279 0.0006484019239741956
9.333333333333334 0.002721852076038246 0.0006054312532274998
9.366666666666667 -0.07627273906470629 0.0006487066033513261
9.4 -0.14836597616219743 0.0006865904464381789
9.433333333333334 -0.21973879892536088 0.0007193064331675603
9.466666666666667 -0.2845785249896462 0.0007470412548397642
9.5 -0.34226414875225936 0.0007706952041882653
9.533333333333333 -0.389447856281493 0.0007865339982284225
9.566666666666666 -0.42679833216612606 0.0007973758269788633
9.6 -0.454366112083962 0.0008049854382823352
9.633333333333333 -0.46970188760871473 0.0008102697694051808
9.666666666666666 -0.472409701358014 0.0008110955433780487
9.7 -0.4625394353590232 0.0008081859284264081
9.733333333333333 -0.44020676287515487 0.0008031380391607112
9.766666666666667 -0.40710170860026634 0.0007938385982655394
9.8 -0.36293330807420054 0.0007800682478246723
9.833333333333334 -0.30768119142802625 0.0007587004644087902
9.866666666666667 -0.24713507690514847 0.0007333782293712787
9.9 -0.1777343092679931 0.0007028458435130447
9.933333333333334 -0.10493247519056946 0.0006658293916764202
9.966666666666667 -0.03016995068664396 0.0006228891494159498
10.0 0.04643998527569789 0.0006315682512864282
10.033333333333333 0.1192414859824011 0.000672670232137601
10.066666666666666 0.1914535938838105 0.0007077812326969635
10.1 0.2574118944865706 0.0007366347697425613
10.133333333333333 0.3163039920257796 0.0007602395830129671
10.166666666666666 0.36677941411002973 0.0007810768950796687
10.2 0.40633191527726015 0.0007930017115719279
10.233333333333333 0.43472683488351904 0.0008012135486531458
10.266666666666667 0.4503562850454355 0.0008058156081068857
10.3 0.4565575137059214 0.0008073593503433729
10.333333333333334 0.45048631717142934 0.0008068709284389519
10.366666666666667 0.43083221276487804 0.0008015613170043179
10.4 0.39892056517753843 0.0007930560434516454
10.433333333333334 0.35663349703098457 0.0007780938541407934
10.466666666666667 0.3054553241849065 0.0007574693649032294
10.5 0.24397075309873054 0.0007341619459668991
10.533333333333333 0.17778189675975434 0.0007024875325770119
10.566666666666666 0.1064295458923097 0.0006665841045630644
10.6 0.029362329911278465 0.000622977207400132
10.633333333333333 -0.04208095636412104 0.0006292964497164322
10.666666666666666 -0.11918469405340977 0.000673588342809256
10.7 -0.18866811219026633 0.0007060815619853167
10.733333333333333 -0.25595947443725003 0.0007371324205495688
10.766666666666667 -0.31745714272511627 0.0007609899604282266
10.8 -0.36836098463155437 0.0007798330991611868
10.833333333333334 -0.40861696577592005 0.0007920652217887625
10.866666666666667 -0.43981570122228614 0.0008018946489410372
10.9 -0.45980060519108046 0.000808943642031823
10.933333333333334 -0.46711286892747983 0.000811543681063287
10.966666666666667 -0.46262295907169526 0.0008090783294316672
11.0 -0.44620020432728374 0.0008048043412270389
11.033333333333333 -0.41777941010641484 0.0007966673189471751
11.066666666666666 -0.37944954373177553 0.0007846758783101593
11.1 -0.3292073765056702 0.0007674300463603734
11.133333333333333 -0.2696112295787186 0.0007428195892467682
11.166666666666666 -0.20394122445023433 0.0007148256100955874
11.2 -0.13298951963476788 0.0006792032732072795
11.233333333333333 -0.06040427723265715 0.0006411782534204158
11.266666666666667 0.01611907833431244 0.0006152602240410664
11.3 0.08847466230566635 0.0006539015313383328
11.333333333333334 0.16394034648865624 0.0006945010892984715
11.366666666666667 0.22967911768412425 0.0007245819352369176
11.4 0.2898810901948975 0.0007507346786547742
11.433333333333334 0.34311310623845287 0.000770152224121079
11.466666666666667 0.3873692775925637 0.0007864755384670574
11.5 0.42123970947962985 0.000798178661083726
11.533333333333333 0.4422740274051031 0.0008039428605636223
11.566666666666666 0.4520602750992711 0.0008063773976680899
11.6 0.4491714512654276 0.000806467975756564
11.633333333333333 0.4351273574968068 0.0008019557849978654
11.666666666666666 0.409825412434062 0.0007954326055287231
11.7 0.37217222605759137 0.0007834204411190093
11.733333333333333 0.3250200077008696 0.0007661334008438048
11.766666666666667 0.2661142494820704 0.0007429817457469401
11.8 0.20085775839815656 0.000714207960368668
11.833333333333334 0.1334866554018628 0.0006805928940996631
11.866666666666667 0.05880253362328594 0.0006397329872680699
11.9 -0.01523581272894084 0.0006169598024865705
11.933333333333334 -0.08825334111395748 0.0006546810290110616
11.966666666666667 -0.1606885857035399 0.0006929684058959162
12.0 -0.22806358385182554 0.0007231796533193335
12.033333333333333 -0.2907864895843061 0.0007519651998459387
12.066666666666666 -0.34332076071162626 0.0007697254297900358
12.1 -0.38969815497094173 0.0007861391406182583
12.133333333333333 -0.4251482288777521 0.0007983790734257812
12.166666666666666 -0.44859409223231606 0.0008055172196498872
12.2 -0.46155921362230556 0.0008096529694481269
12.233333333333333 -0.4616187364918252 0.0008115293544790347
12.266666666666667 -0.4497141695771664 0.0008062386120922249
12.3 -0.4265486836114826 0.0008005582164000713
12.333333333333334 -0.39090396062314553 0.0007880620286311868
12.366666666666667 -0.3448538877136856 0.0007724694898568196
12.4 -0.29309695026534394 0.0007526913484298126
12.433333333333334 -0.2280802547289 0.0007267734090234124
12.466666666666667 -0.15943842028418137 0.0006945905703711897
12.5 -0.08565126807672495 0.0006538324542061519
12.533333333333333 -0.013022895074375167 0.0006115497435493188
12.566666666666666 0.06168550021776804 0.0006385654631327828
12.6 0.1327290592668893 0.0006763975346469608
12.633333333333333 0.19894856389325133 0.0007120003509834272
12.666666666666666 0.26337012762024875 0.0007392524518057275
12.7 0.3198935255456981 0.0007615044634084467
12.733333333333333 0.3661292513491724 0.0007795774678291401
12.766666666666667 0.4039502084716225 0.0007911506825685755
12.8 0.43023656621917705 0.0008005112827632055
12.833333333333334 0.44376099726850704 0.0008038385340057297
12.866666666666667 0.44644965647199686 0.0008056418743383476
12.9 0.4377487196431029 0.0008028203910965259
12.933333333333334 0.4155045286805825 0.0007977144372172673
12.966666666666667 0.3832168592380798 0.0007878579566585886
13.0 0.3402822993233569 0.0007734647656918447
13.033333333333333 0.28715992288531783 0.0007518810147377208
13.066666666666666 0.2280792714155102 0.0007253368786391823
13.1 0.1598774774149251 0.0006953273676296445
13.133333333333333 0.08698942047841964 0.0006558777759970158
13.166666666666666 0.013954008534816674 0.000612995676968587
13.2 -0.060858862009664255 0.0006395634928798577
13.233333333333333 -0.1319000283668617 0.0006786238794544708
13.266666666666667 -0.20119081792885624 0.0007107748644658018
13.3 -0.26385644406135866 0.0007392300160589671
13.333333333333334 -0.32120327168574764 0.0007618457492910014
13.366666666666667 -0.3683590188164459 0.0007798387471514845
13.4 -0.40788884937363906 0.0007919103799417515
13.433333333333334 -0.436599126209815 0.0008010214014529393
13.466666666666667 -0.45303294973662195 0.0008061017353014344
13.5 -0.4582244777920017 0.0008080202341068099
13.533333333333333 -0.45063184865568995 0.0008063204646229227
13.566666666666666 -0.43195192671310234 0.000802110072686657
13.6 -0.40176818889238336 0.0007931336700776614
13.633333333333333 -0.3603976895679317 0.0007775555094102771
13.666666666666666 -0.30886807292194357 0.0007599391585295101
13.7 -0.2508545535335335 0.0007350080836056039
13.733333333333333 -0.18596233377000268 0.0007068037723105547
13.766666666666667 -0.11356792521611714 0.0006689076174826586
13.8 -0.04096135913094838 0.0006282160235217549
13.833333333333334 0.03169419149989433 0.000621978512886541
13.866666666666667 0.10419580412368866 0.0006645082416393278
13.9 0.1734153983607747 0.0006968479882083767
13.933333333333334 0.23887245035674173 0.0007284092464433511
13.966666666666667 0.2950677206568142 0.0007524608433375768
14.0 0.34618606685017334 0.0007734194014296647
14.033333333333333 0.3861115167212922 0.00078865126972677
14.066666666666666 0.41565612125715784 0.000799355423059811
14.1 0.4353174407852635 0.0008017362947310702
14.133333333333333 0.4424831309512839 0.0008043499892958494
14.166666666666666 0.4377682962202689 0.0008032787286162968
14.2 0.42172806355606146 0.000801162395203614
14.233333333333333 0.3937666554191924 0.0007906643794918233
14.266666666666667 0.353531036769381 0.0007759784428215677
14.3 0.30491018539362424 0.0007575196690698949
14.333333333333334 0.24897084688026663 0.0007350697753591151
14.366666666666667 0.18404018521289708 0.0007058337080491361
14.4 0.11542568666295014 0.0006707897373654514
14.433333333333334 0.0402938152440833 0.0006280841579163893
14.466666666666667 -0.031095652620938278 0.0006230809737772132
14.5 -0.10476133338739019 0.0006628904564954796
14.533333333333333 -0.1740627307623837 0.0006988332783754436
14.566666666666666 -0.23953071220325617 0.0007279408600336934
14.6 -0.2986574258118463 0.000753279336058954
14.633333333333333 -0.34944908284050724 0.0007720997138134789
14.666666666666666 -0.39107266743113206 0.0007869053679276372
14.7 -0.42198353620479173 0.0007969426776264776
14.733333333333333 -0.4420694529051661 0.0008032326140521295
14.766666666666667 -0.45147345385729387 0.000805765153784388
14.8 -0.4492103254388175 0.0008055214514799958
14.833333333333334 -0.43631299523191186 0.0008009303545247204
14.866666666666667 -0.4099209141990349 0.0007935703934530691
14.9 -0.3729685217304069 0.0007827844456791411
14.933333333333334 -0.3269052246691749 0.0007677356174360939
14.966666666666667 -0.2720137781487177 0.000745313260115843
15.0 -0.21021675586924454 0.0007191883917917197
15.033333333333333 -0.14227807884455268 0.0006834301580930513
15.066666666666666 -0.06909238517529312 0.000645320312317163
15.1 0.002440247333493705 0.0006063508643736584
15.133333333333333 0.07746609980654938 0.0006484018266703223
15.166666666666666 0.14773661107797392 0.0006839628854724555
15.2 0.21403891767297423 0.0007162240930910502
15.233333333333333 0.27305469467475185 0.0007456489599579896
15.266666666666667 0.32590487655043615 0.0007645194015660772
15.3 0.3703839158901813 0.0007802443348892685
15.333333333333334 0.40367604673230184 0.000791671890097323
15.366666666666667 0.4240891206631224 0.0007983214135668937
15.4 0.43479933092942075 0.000801928841691224
15.433333333333334 0.4360303340602007 0.0008020879708773299
15.466666666666667 0.4232950233633573 0.0008000382948178397
15.5 0.3989436136243348 0.0007918744947496559
15.533333333333333 0.3654532581567532 0.0007816618812185316
15.566666666666666 0.3194939907474226 0.0007641183193218271
15.6 0.2668233375270561 0.0007427579845313836
15.633333333333333 0.20663883791913046 0.0007172429198465113
15.666666666666666 0.13942593980121823 0.0006819717318718999
15.7 0.06789303182466802 0.0006450943391639041
15.733333333333333 -0.0028326793654640738 0.0006055524712411412
15.766666666666667 -0.0753509588194144 0.0006472642895719721
15.8 -0.14689620438221437 0.0006853991979275664
15.833333333333334 -0.212411903827942 0.000716694792583572
15.866666666666667 -0.2742338016775034 0.0007427465964868762
15.9 -0.32779031351187865 0.0007649706704899728
15.933333333333334 -0.3728798665994006 0.0007802660386893034
15.966666666666667 -0.4074189950293979 0.0007928373561413293
16.0 -0.43144910664924213 0.0008001684466443226
16.033333333333335 -0.44539328662275407 0.0008034619989853997
16.066666666666666 -0.4466672624490849 0.0008048858163086647
16.1 -0.43696349338810364 0.0008019125517895742
16.133333333333333 -0.41559438009741606 0.0007962065273045549
16.166666666666668 -0.3826080594968063 0.0007853949639662905
16.2 -0.34028991736577974 0.000771491672342417
16.233333333333334 -0.28944738955688615 0.0007515519646529856
16.266666666666666 -0.2288956945209527 0.0007270192083964067
16.3 -0.16303091978794454 0.0006951681497423812
16.333333333333332 -0.09276372101311643 0.0006584410088688736
16.366666666666667 -0.022610627249708845 0.000617768155634045
16.4 0.049902638788379375 0.0006337189970347032
16.433333333333334 0.1206966294938444 0.0006738103397876255
16.466666666666665 0.18856402925162663 0.000706069830396866
16.5 0.25148608677172196 0.000734978409967002
16.533333333333335 0.30521511900920345 0.0007559082290716779
16.566666666666666 0.3498353194706225 0.00077280227812071
16.6 0.38716514464020396 0.0007861701168649371
16.633333333333333 0.4133462512082569 0.000794802665431471
16.666666666666668 0.42905485108014413 0.0007995987107921598
16.7 0.4322511309058525 0.0008007903865350774
16.733333333333334 0.4249726111047863 0.0007995319832405645
16.766666666666666 0.40608672922751526 0.0007939162003382516
16.8 0.3750549473066448 0.0007833885782716488
16.833333333333332 0.3323407453540739 0.0007675553459878248
16.866666666666667 0.28368132228718157 0.0007508709880368891
16.9 0.22610711041072795 0.0007260371059946702
16.933333333333334 0.16132433520142386 0.0006954538987759551
16.966666666666665 0.09192375282883779 0.0006556197638877131
17.0 0.021309256498603723 0.0006175448923833766
17.033333333333335 -0.04941547325110204 0.0006347506700890015
17.066666666666666 -0.1194373347519565 0.0006718639052174791
17.1 -0.18660864133808705 0.0007058267811738128
17.133333333333333 -0.25177150877635057 0.000734625415350243
17.166666666666668 -0.3056934600250908 0.0007574687616295761
17.2 -0.3539025312355797 0.0007749122858878299
17.233333333333334 -0.3918772427572742 0.0007875655160461403
17.266666666666666 -0.42150186457449584 0.0007983580115497046
17.3 -0.43807949356407333 0.0008030099277922531
17.333333333333332 -0.44431630180653964 0.0008039063084022691
17.366666666666667 -0.43884376575967027 0.0008031421149646834
17.4 -0.4217464346910234 0.0007976843778966791
17.433333333333334 -0.39211262240386746 0.0007883709745825085
17.466666666666665 -0.35354901364656866 0.0007750461980388645
17.5 -0.30584003604982535 0.0007596300129690814
17.533333333333335 -0.24908651256552758 0.0007354311178193462
17.566666666666666 -0.18660883194457484 0.0007044656013870665
17.6 -0.11919218057424924 0.0006729155003910442
17.633333333333333 -0.04734075633031738 0.0006329427907285287
17.666666666666668 0.021988505553370816 0.0006181595596026455
17.7 0.09574985827728046 0.0006567660403753867
17.733333333333334 0.16269069377850257 0.0006940566031002626
17.766666666666666 0.2255364516012699 0.0007246275074392072
17.8 0.28331919808999145 0.0007472251550221243
17.833333333333332 0.33180481013868396 0.0007667374162819152
17.866666666666667 0.3726151297530223 0.0007824995572156546
17.9 0.40092613996671184 0.0007903941715162177
17.933333333333334 0.4207740630747534 0.0007974267022893278
17.966666666666665 0.42677596124633055 0.0008005316486891512
18.0 0.42399468722522926 0.0008013376722955101
18.033333333333335 0.40712811130281173 0.0007949678879604627
18.066666666666666 0.382147653486768 0.0007891306700087419
18.1 0.34482926873621106 0.0007737442299703967
18.133333333333333 0.297767170122017 0.0007553137904061646
18.166666666666668 0.24175227798921076 0.0007333432777554827
18.2 0.18203950326549465 0.0007050488414660216
18.233333333333334 0.11485081547419144 0.0006713075504977267
18.266666666666666 0.045745946072667916 0.000631853835029228
18.3 -0.025700400530580238 0.0006224543404002511
18.333333333333332 -0.0966561058961534 0.0006593376532108564
18.366666666666667 -0.16458077009954056 0.0006988978652022471
18.4 -0.22666254901396693 0.0007235072558241795
18.433333333333334 -0.2857239447631555 0.0007480358857698266
18.466666666666665 -0.3365177499954856 0.000767552893356227
18.5 -0.37733729330579574 0.0007822370641469845
18.533333333333335 -0.4078896979770335 0.0007921441044337896
18.566666666666666 -0.42905878631134 0.0007978964292010282
18.6 -0.43840299050272646 0.0008010556781717915
18.633333333333333 -0.4367449921003563 0.0008011988297572659
18.666666666666668 -0.42349245043026534 0.0007980958306565422
18.7 -0.39929587415888 0.0007909784162521416
18.733333333333334 -0.3639601821428123 0.0007791927697626266
18.766666666666666 -0.3188174354051633 0.0007621985078543059
18.8 -0.2655645150372267 0.0007429941001946827
18.833333333333332 -0.2054297939818624 0.0007147805711272548
18.866666666666667 -0.1394866051671658 0.0006827686786045617
18.9 -0.0706998617624428 0.0006491560262677776
18.933333333333334 -0.00038970436650720875 0.0006050000802341015
18.966666666666665 0.07004739084420429 0.0006452685513731737
19.0 0.1381358572031155 0.000683191902013297
19.033333333333335 0.2024480910601927 0.0007128180080564761
19.066666666666666 0.2609347550444426 0.0007390879934132122
19.1 0.3136297616711034 0.0007615349182046316
19.133333333333333 0.3563489313634392 0.000776221510066899
19.166666666666668 0.3886521992520625 0.000786634737742653
19.2 0.4114729113244404 0.000793687934314391
19.233333333333334 0.42198134269385495 0.0007986185166450332
19.266666666666666 0.4220618969808962 0.0007985106738566672
19.3 0.41087765137085447 0.0007964147939807931
19.333333333333332 0.3881019179298741 0.0007908501939838941
19.366666666666667 0.3562273979099565 0.0007816403746639944
19.4 0.3120691908427697 0.0007633339222101188
19.433333333333334 0.26033990478466756 0.000741217262214322
19.466666666666665 0.20009151524978885 0.0007135927770141604
19.5 0.13760876231619248 0.0006821982016035899
19.533333333333335 0.06824466569019097 0.0006446332536692023
19.566666666666666 -0.0018096001572618216 0.0006062713881769589
19.6 -0.07020278911752004 0.0006457572697251696
19.633333333333333 -0.13796529900725832 0.0006807123631538958
19.666666666666668 -0.2038572524912636 0.0007134912950174377
19.7 -0.26224878483583997 0.0007385859561701569
19.733333333333334 -0.3156035824101983 0.000760333855477191
19.766666666666666 -0.3605828699847313 0.0007755547610061586
19.8 -0.3949905860149816 0.0007881472790787769
19.833333333333332 -0.41853687679016965 0.0007960754882455068
19.866666666666667 -0.43264141087345503 0.0008004034045749897
19.9 -0.4341936419799043 0.000800352406848226
19.933333333333334 -0.4246776302089929 0.0007977214294870305
19.966666666666665 -0.4039021996180802 0.0007923109764381708
20.0 -0.37267744360298866 0.0007836901451651612
20.033333333333335 -0.33135164685992713 0.000769469541766099
20.066666666666666 -0.283054653858682 0.0007497563357714565
20.1 -0.22447634223700133 0.0007249821312603211
20.133333333333333 -0.1584036843078206 0.0006927166284375064
20.166666666666668 -0.0939900268211769 0.0006583467272122112
20.2 -0.022137789130592684 0.0006169710558814566
20.233333333333334 0.047536065275197194 0.0006310829910590107
20.266666666666666 0.11374580989255285 0.0006690300860857645
20.3 0.1807119288043042 0.0007020619492203173
20.333333333333332 0.2404393713712188 0.0007299487116027015
20.366666666666667 0.2926154316142028 0.0007525032131123766
20.4 0.3396372731543596 0.0007696406522559318
20.433333333333334 0.3757166438323755 0.0007849745990704537
20.466666666666665 0.39959805295129436 0.0007893494055133399
20.5 0.4154830245528547 0.0007968561243135164
20.533333333333335 0.42062239328765805 0.0007992902300491544
20.566666666666666 0.412804723058523 0.0007958213529032365
20.6 0.3940843230078632 0.0007910697756805529
20.633333333333333 0.364820232629311 0.0007824910051794087
20.666666666666668 0.326596764360149 0.0007662477134882106
20.7 0.2778215502145456 0.0007479864751470666
20.733333333333334 0.2194716920497679 0.0007217688251947574
20.766666666666666 0.15897365968752938 0.0006935620682235466
20.8 0.09054075876275602 0.0006564755964469787
20.833333333333332 0.020230568332723124 0.0006174906955376779
20.866666666666667 -0.04834448099436231 0.0006335622437801045
20.9 -0.11597357588365466 0.0006697929418383042
20.933333333333334 -0.18116847842870265 0.0007022726088564968
20.966666666666665 -0.24188382082737991 0.0007306688923574556
21.0 -0.2954514206231933 0.0007506480758369127
21.033333333333335 -0.3428405600036289 0.0007696273991469327
21.066666666666666 -0.38035732475551814 0.0007832379130147671
21.1 -0.40856168200524245 0.0007928628544707772
21.133333333333333 -0.42455233231949985 0.0007971939980429554
21.166666666666668 -0.4302585464030057 0.0007996213310304534
21.2 -0.42440193863164133 0.0007975555372953802
21.233333333333334 -0.40866907548566334 0.000793133359912046
21.266666666666666 -0.38107967389408975 0.0007851985129890271
21.3 -0.34259482504273847 0.0007720613494602846
21.333333333333332 -0.2955176459778846 0.0007538121591917357
21.366666666666667 -0.2429734171417008 0.0007316816466554632
21.4 -0.18025690861975752 0.0007035972148536351
21.433333333333334 -0.11371289206893027 0.0006696240214917604
21.466666666666665 -0.0467145259696636 0.0006309731258663034
21.5 0.02198143109093734 0.0006177523038127936
21.533333333333335 0.09151960882971133 0.0006571199441105374
21.566666666666666 0.1578641488933414 0.0006902002255524398
21.6 0.21898587368484626 0.0007227009992148425
21.633333333333333 0.2719315873977661 0.0007450721420522166
21.666666666666668 0.3222801018386976 0.000762743205487082
21.7 0.36019563957214085 0.0007778209563196747
21.733333333333334 0.3894516815414438 0.0007867797406145294
21.766666666666666 0.40762579965044116 0.0007926808628933579
21.8 0.4149203919469357 0.0007957347607669973
21.833333333333332 0.41148256818815826 0.0007951999536321974
21.866666666666667 0.39669886125650805 0.0007907067871415485
21.9 0.37068605715916997 0.0007825571898055217
21.933333333333334 0.3347997850859324 0.0007705232112591442
21.966666666666665 0.288978987436521 0.0007526090897099769
22.0 0.23739913570467863 0.0007317873988669787
22.033333333333335 0.17861643525145773 0.0007030432327631009
22.066666666666666 0.1116253002165483 0.0006680687454147377
22.1 0.04430488628295435 0.0006305824724302939
22.133333333333333 -0.024812122357175146 0.0006194182341143946
22.166666666666668 -0.0954570129611489 0.0006604017805319079
22.2 -0.16039698651539802 0.0006929363952760947
22.233333333333334 -0.2212568446897062 0.0007204666388055669
22.266666666666666 -0.2769496838053227 0.0007443695232418057
22.3 -0.32587381497357176 0.0007642268974317745
22.333333333333332 -0.3656796075229835 0.0007776207684979664
22.366666666666667 -0.39547689641869865 0.0007881553717082324
22.4 -0.4158089005062711 0.0007951071976161073
22.433333333333334 -0.42534640730035456 0.0008002600450985886
22.466666666666665 -0.42388591207174936 0.0007986806056603513
22.5 -0.4096600719782819 0.0007938205720089964
22.533333333333335 -0.38642627206618896 0.0007865283869695205
22.566666666666666 -0.3522245264810856 0.0007757358029936157
22.6 -0.30764208114060027 0.0007588987144035442
22.633333333333333 -0.2559004175073015 0.0007376558771344799
22.666666666666668 -0.19730625270162133 0.0007135941141412916
22.7 -0.1348200104665554 0.000682272781047516
22.733333333333334 -0.07083365752178113 0.0006471059654214323
22.766666666666666 0.001072779062812694 0.0006061488147773432
22.8 0.07119902295492082 0.000645086291306135
22.833333333333332 0.13688406757592264 0.0006810234011813687
22.866666666666667 0.19678531398753643 0.0007111114476087421
22.9 0.2542924107251668 0.0007358071962313417
22.933333333333334 0.3030131386929846 0.000755841053096673
22.966666666666665 0.34413654090606816 0.0007725778233028113
23.0 0.3779776744599287 0.0007821354789065982
23.033333333333335 0.39809055011121125 0.0007897308205221387
23.066666666666666 0.40805978901821366 0.0007948596767199945
23.1 0.408222427000645 0.0007951954388709104
23.133333333333333 0.3975957803336887 0.0007917159042178934
23.166666666666668 0.37458140110636906 0.0007847556930509203
23.2 0.34068428338187795 0.0007734246634182873
23.233333333333334 0.3000951802064793 0.0007579515464622988
23.266666666666666 0.248373679195452 0.0007342508281276694
23.3 0.19304434944271812 0.0007097224359466636
23.333333333333332 0.12884907093305153 0.0006776767593153765
23.366666666666667 0.06460844824291362 0.000641694655316466
23.4 -0.0032904060510475894 0.0006066533034234356
23.433333333333334 -0.06981632777253208 0.0006454136556960366
23.466666666666665 -0.13811882480484214 0.0006828821235941307
23.5 -0.20107189251283383 0.0007124934919292558
23.533333333333335 -0.25819512542983714 0.0007348695216345402
23.566666666666666 -0.3076474598705538 0.0007565572252998809
23.6 -0.35006170149872007 0.0007726953010435689
23.633333333333333 -0.3830778993666842 0.0007853929269426851
23.666666666666668 -0.4070464867185005 0.0007928208014791327
23.7 -0.4182975029512833 0.0007961145990646457
23.733333333333334 -0.4205825373504357 0.0007974307101717981
23.766666666666666 -0.41111407295373503 0.0007947780464136467
23.8 -0.3903027730581174 0.000789219098121019
23.833333333333332 -0.35894349840141254 0.0007776442672822181
23.866666666666667 -0.3190133422849382 0.0007628622103705851
23.9 -0.27116822663159895 0.0007440178158435451
23.933333333333334 -0.21435961887129482 0.0007208510870332085
23.966666666666665 -0.15277869425216345 0.0006894343384341861
24.0 -0.08843414597034162 0.0006556086477056688
24.033333333333335 -0.02070128018236587 0.0006172901428477227
24.066666666666666 0.046204322281767136 0.0006314717357808475
24.1 0.11552003269117957 0.000669469307312931
24.133333333333333 0.17762379547078416 0.000700370939417827
24.166666666666668 0.23497389095195545 0.0007279435721933014
24.2 0.2853465419342025 0.0007498780358102808
24.233333333333334 0.33065877972985214 0.0007668305239455497
24.266666666666666 0.3642669275233562 0.0007803399200318473
24.3 0.3892449873372716 0.0007879738308120832
24.333333333333332 0.4015273968906455 0.0007928180609178548
24.366666666666667 0.40549785127794713 0.0007931756671181178
24.4 0.39802061011802137 0.0007915082781215776
24.433333333333334 0.37885669973405284 0.0007866608134000641
24.466666666666665 0.34999918138401775 0.0007760744738184999
24.5 0.30875380341431846 0.0007627855119332061
24.533333333333335 0.2622304647332068 0.0007445336174708439
24.566666666666666 0.20843203892734247 0.0007197993363148025
24.6 0.1477591451894696 0.0006882788492408309
24.633333333333333 0.08377204235489001 0.0006561370978378223
24.666666666666668 0.016804266625071517 0.0006147667205210761
24.7 -0.049878406126639366 0.0006328343927132843
24.733333333333334 -0.11717740156495482 0.0006699851588042038
24.766666666666666 -0.1807764235412112 0.0007012518545583268
24.8 -0.23930698748414808 0.0007285585961158969
24.833333333333332 -0.29283080686025753 0.0007518053270350045
24.866666666666667 -0.3366582005762399 0.0007683006000002157
24.9 -0.3713933010086892 0.0007800056601285354
24.933333333333334 -0.39755632382901085 0.0007889794537160877
24.966666666666665 -0.41242202355226093 0.0007935454477318027
25.0 -0.41690909194712816 0.0007957625878883268
25.033333333333335 -0.4113514608154367 0.0007942575869277491
25.066666666666666 -0.3947024937125044 0.0007893351306298979
25.1 -0.36724118533625033 0.0007827488279953942
25.133333333333333 -0.3282842678784977 0.0007706897696419523
25.166666666666668 -0.28311102862793736 0.0007497118942527692
25.2 -0.23043927118530608 0.0007272113384251266
25.233333333333334 -0.1697340891084452 0.0006985514346252442
25.266666666666666 -0.10762833529223706 0.0006651926949420572
25.3 -0.04191607542956662 0.0006295135930102919
25.333333333333332 0.026268224692560495 0.0006194898158983428
25.366666666666667 0.0943007893643744 0.0006592008408691091
25.4 0.15540810264311758 0.0006910898259952503
25.433333333333334 0.21513040962350163 0.0007187196245822813
25.466666666666665 0.2687879549555824 0.0007438142490633903
25.5 0.31522936982610666 0.0007606689325890259
25.533333333333335 0.3522306582978361 0.0007742114955256452
25.566666666666666 0.37875579311072083 0.0007831642363412827
25.6 0.39684605396439915 0.0007890732089339547
25.633333333333333 0.4013980756219974 0.0007899136949215402
25.666666666666668 0.39642099960915433 0.0007889364029269874
25.7 0.3832552926905141 0.0007859356145488716
25.733333333333334 0.3572570454004754 0.0007780349231152894
25.766666666666666 0.32028737960892906 0.0007647439356041619
25.8 0.2764557770038024 0.0007478698791629212
25.833333333333332 0.22424809914577667 0.0007272661890783683
25.866666666666667 0.16575704804508365 0.0006963470986746656
25.9 0.10279210260243812 0.0006639343155921962
25.933333333333334 0.03636772728279833 0.0006263165885595293
25.966666666666665 -0.0294803584677419 0.0006225031714179423
26.0 -0.09572032510500941 0.0006587809442009374
26.033333333333335 -0.15901236231781687 0.0006910752571397671
26.066666666666666 -0.21873857596545326 0.0007196777719418734
26.1 -0.2739516291485464 0.0007438963118506225
26.133333333333333 -0.32071856959749007 0.0007616927858615785
26.166666666666668 -0.3593950028446661 0.0007774003756001457
26.2 -0.386995023634635 0.0007858079346982905
26.233333333333334 -0.40560611455522244 0.0007939365093301842
26.266666666666666 -0.4131146992238223 0.0007966406940717596
26.3 -0.40964717626723196 0.0007948023441587959
26.333333333333332 -0.3971721988060894 0.0007917028034236662
26.366666666666667 -0.3736105033228517 0.0007822277403803923
26.4 -0.338812065992789 0.0007700743682957922
26.433333333333334 -0.2962418745133057 0.0007567840931511638
26.466666666666665 -0.244860454828171 0.000735479021333002
26.5 -0.18732801139590843 0.000707303743970239
26.533333333333335 -0.12461774229557435 0.0006753236660743955
26.566666666666666 -0.06036998019698979 0.0006393697613859065
26.6 0.00749773224294238 0.0006106580777564697
26.633333333333333 0.07226694739042797 0.0006473806740253107
26.666666666666668 0.13657899650247235 0.0006814469283457636
26.7 0.19712841987768714 0.0007092059207728652
26.733333333333334 0.2519972879891468 0.0007353344544172025
26.766666666666666 0.29974797076436793 0.000755451399038265
26.8 0.3386988519400577 0.0007709711655103368
26.833333333333332 0.36832545611057 0.0007800314336380842
26.866666666666667 0.3874823710268813 0.0007869470087434882
26.9 0.3980425942636279 0.0007902656076677061
26.933333333333334 0.3964891090198211 0.0007896459809815792
26.966666666666665 0.38472338285466473 0.0007864547070971506
27.0 0.36227969918140407 0.0007793686432283065
27.033333333333335 0.3282941607253332 0.0007680233570028783
27.066666666666666 0.2875093227620888 0.0007520775728488971
27.1 0.23704132495552996 0.0007314694355110285
27.133333333333333 0.18128865670089409 0.000703995620425224
27.166666666666668 0.12151694035072613 0.0006744087978865221
27.2 0.05325820058549035 0.0006364076494039181
27.233333333333334 -0.010659500769407625 0.0006113254145891853
27.266666666666666 -0.0784792548902194 0.0006491345734942339
27.3 -0.1400888842739639 0.0006816324943993146
27.333333333333332 -0.200990383895632 0.0007113040041551166
27.366666666666667 -0.25571413909922536 0.0007368545680236371
27.4 -0.30506849431477395 0.0007571983128001336
27.433333333333334 -0.34522001152964776 0.0007735170346606646
27.466666666666665 -0.37592281048331966 0.0007812606849348369
27.5 -0.3971614889569901 0.0007891871042658427
27.533333333333335 -0.4089664301124139 0.000792651822233259
27.566666666666666 -0.40899204155438834 0.0007927663960641262
27.6 -0.3978999130109912 0.0007903084853269626
27.633333333333333 -0.377555407321055 0.0007841574313875999
27.666666666666668 -0.3462612104911684 0.0007734482091890649
27.7 -0.3057924148966294 0.0007592508813787369
27.733333333333334 -0.25843038206223584 0.000738258858791585
27.766666666666666 -0.20176524063907011 0.0007147872265217126
27.8 -0.14148665799798432 0.0006844261342419944
27.833333333333332 -0.07647754331754168 0.0006501038780025031
27.866666666666667 -0.012600128871408737 0.000612233326659304
27.9 0.05417349952761135 0.000635737933585595
27.933333333333334 0.11758980857735489 0.0006716850228147969
27.966666666666665 0.17907697918130924 0.0007016909568411112
28.0 0.23426648622721397 0.0007267541264242006
28.033333333333335 0.28321321688967643 0.000747098567475013
28.066666666666666 0.32460142993591456 0.0007643504397699119
28.1 0.35712709127891873 0.0007789929309557908
28.133333333333333 0.3789003561940243 0.0007882433207073158
28.166666666666668 0.39167589119282625 0.0007902207877379941
28.2 0.3937234320740744 0.0007905141862304399
28.233333333333334 0.3839332050095658 0.0007866971161762382
28.266666666666666 0.365042313940251 0.0007801109660387495
28.3 0.3348944770355494 0.0007707587337146271
28.333333333333332 0.2936964659128851 0.0007555993050145648
28.366666666666667 0.2490228644615978 0.00073690542073232
28.4 0.19689246014481984 0.000712296993057332
28.433333333333334 0.13501808224437473 0.000681883875452316
28.466666666666665 0.07417501493896492 0.0006498218717899407
28.5 0.009404759667136548 0.0006097560300263559
28.533333333333335 -0.05736249771389731 0.000637397911455638
28.566666666666666 -0.12340382501717652 0.0006739776252031454
28.6 -0.18113809715414725 0.0007025672617028689
28.633333333333333 -0.23833311850752795 0.0007287179600457827
28.666666666666668 -0.288727694037613 0.000748674646127323
28.7 -0.3301658017464733 0.0007652013229904053
28.733333333333334 -0.3631026723332104 0.0007781317576688873
28.766666666666666 -0.3871539429062287 0.0007863172983408884
28.8 -0.4024900198380009 0.0007914401816655481
28.833333333333332 -0.40496564598663193 0.0007920363210113246
28.866666666666667 -0.39818780517941743 0.0007901548409448567
28.9 -0.37944383253871095 0.000784275443667104
28.933333333333334 -0.35272450269210387 0.0007754721337551174
28.966666666666665 -0.3153163354423957 0.0007623443819066988
29.0 -0.2685914905309333 0.0007430000424861749
29.033333333333335 -0.21606525440923693 0.0007204927460061072
29.066666666666666 -0.15669697252967707 0.0006916793230780094
29.1 -0.09288388939800876 0.0006583273325955069
29.133333333333333 -0.029318490399831303 0.0006226433530288032
29.166666666666668 0.034716745420704215 0.0006250447118081037
29.2 0.1002136658445657 0.0006627728537123428
29.233333333333334 0.1585196637258185 0.000691535840926738
29.266666666666666 0.21661493819324995 0.0007197949009462301
29.3 0.2664983942062011 0.0007435931914489546
29.333333333333332 0.31051991092402514 0.0007604337152386509
29.366666666666667 0.34510142670745486 0.0007731533686001213
29.4 0.36861803862929726 0.0007819327041350688
29.433333333333334 0.3848831870262377 0.0007887191178299613
29.466666666666665 0.389049725746476 0.0007897981752801875
29.5 0.3837904507799177 0.0007873595064949446
29.533333333333335 0.36744894299561637 0.0007811837748941675
29.566666666666666 0.3418930787471227 0.0007736741527349378
29.6 0.3049004369067113 0.0007597727097791718
29.633333333333333 0.26047914997579935 0.0007401184611807166
29.666666666666668 0.20939873648663143 0.0007192242426274364
29.7 0.15153097227980253 0.0006926933465524754
29.733333333333334 0.08939014186262215 0.0006577406918115147
29.766666666666666 0.024433820719408847 0.0006185987962173817
29.8 -0.03994371878738507 0.0006280240392347938
29.833333333333332 -0.10434228401690696 0.0006632130310223888
29.866666666666667 -0.16403214581709374 0.0006937401388113495
29.9 -0.22160813315601507 0.0007200395530769232
29.933333333333334 -0.2729054829823068 0.0007432133314800304
29.966666666666665 -0.3161066050576739 0.0007595434897539888
30.0 -0.3523579306133935 0.0007734139169013332
30.033333333333335 -0.37833858816310983 0.000782372218627092
30.066666666666666 -0.39468040132949395 0.0007883094915088762
30.1 -0.4006625823587128 0.0007907881364119795
30.133333333333333 -0.3969495792146375 0.000790582412881824
30.166666666666668 -0.3816098335776011 0.0007861724918785673
30.2 -0.3565161015878487 0.0007766540843622827
30.233333333333334 -0.3226890314293939 0.0007649246807105436
30.266666666666666 -0.2792937829728443 0.0007468764089249014
30.3 -0.2293176164937165 0.0007247718008367154
30.333333333333332 -0.1724745330154448 0.0006992555754726515
30.366666666666667 -0.11048591330458322 0.0006667004261411563
30.4 -0.04884125578127274 0.0006320295158885256
30.433333333333334 0.01517449929088079 0.0006127039567667379
30.466666666666665 0.08267598064145576 0.0006527651033311904
30.5 0.1440616412979633 0.0006854366581689475
30.533333333333335 0.20159057455846524 0.000714133869465533
30.566666666666666 0.25338042313273323 0.0007369805071743563
30.6 0.29696603979380165 0.0007528684310253997
30.633333333333333 0.3341838094460109 0.0007668879894857095
30.666666666666668 0.36170006634012003 0.0007775145976982034
30.7 0.37930196099061914 0.0007838760447630433
30.733333333333334 0.38670248714497746 0.000787576359809028
30.766666666666666 0.38341252819357824 0.0007863041849957009
30.8 0.3692160804557499 0.0007823865035163635
30.833333333333332 0.3452554798822507 0.0007755658650437924
30.866666666666667 0.31101000803599865 0.0007621076726152531
30.9 0.2705026265390613 0.0007462097138594692
30.933333333333334 0.22237020582354758 0.0007207162103027853
30.966666666666665 0.16626170443357924 0.0006970711546926411
31.0 0.10583667845140644 0.000665933818811637
31.033333333333335 0.040271567821773435 0.0006283067491465802
31.066666666666666 -0.02127968424441234 0.0006173778641835985
31.1 -0.08566694150119457 0.0006525903010563966
31.133333333333333 -0.14870633060153285 0.0006864061656084441
31.166666666666668 -0.20594848352142864 0.0007137642886992923
31.2 -0.2573117722905438 0.0007363508981538258
31.233333333333334 -0.3028677625446443 0.0007550005641238089
31.266666666666666 -0.3407290479479585 0.000769933452737015
31.3 -0.36945255861308685 0.0007804183671363263
31.333333333333332 -0.3879418460104684 0.0007864400414848149
31.366666666666667 -0.39665056050343545 0.0007891804820677195
31.4 -0.3957185015752352 0.0007894955750311627
31.433333333333334 -0.384015844769883 0.0007872055039808146
31.466666666666665 -0.3619411961232267 0.0007785606803865086
31.5 -0.3293494789979809 0.000767586205812909
31.533333333333335 -0.28735304320066657 0.0007511164226521316
31.566666666666666 -0.2398561850533893 0.0007316463359553771
31.6 -0.1865440988638659 0.0007074398220922595
31.633333333333333 -0.12691742979923062 0.0006773312270444976
31.666666666666668 -0.06408780867859011 0.0006432543963266896
31.7 -0.0006657943886580606 0.0006045876902285029
31.733333333333334 0.0649342607115292 0.0006429426867068516
31.766666666666666 0.12726298598844496 0.0006767134268719777
31.8 0.18473928450550153 0.0007044208550229247
31.833333333333332 0.23850981756910444 0.0007298597150576791
31.866666666666667 0.2828935954651659 0.0007496055095758125
31.9 0.3216162800012411 0.0007637438619126358
31.933333333333334 0.3508201534429887 0.0007738659760035405
31.966666666666665 0.3717691681998223 0.0007818738849362794
32.0 0.3811891901414717 0.0007844727985339417
32.03333333333333 0.38113527328610547 0.000784900195630378
32.06666666666667 0.3710148534682573 0.0007815590873693212
32.1 0.3493857491308507 0.0007746783294306225
32.13333333333333 0.3173328024301627 0.0007610287171931907
32.166666666666664 0.27805900229831126 0.0007472730063466937
32.2 0.23327390471574586 0.000730181104119515
32.233333333333334 0.1774515352100225 0.0007031899193425117
32.266666666666666 0.11913610221548912 0.0006725450654308934
32.3 0.05821574213542974 0.000639651711087881
32.333333333333336 -0.0045811960518641615 0.0006077704454408531
32.36666666666667 -0.06898638786288251 0.0006475723079058943
32.4 -0.12990899215941573 0.0006780358538948927
32.43333333333333 -0.18932414609826156 0.0007058513030443747
32.46666666666667 -0.24168866064579692 0.0007335301963720675
32.5 -0.2881593537136088 0.0007487401648481051
32.53333333333333 -0.32847863656827314 0.0007650234234461428
32.56666666666667 -0.3598560673589241 0.0007772241404028213
32.6 -0.3809156000544591 0.0007839105458751217
32.63333333333333 -0.3914270336774946 0.0007877097345778683
32.666666666666664 -0.3932971295126756 0.0007886153500185067
32.7 -0.38452228564144375 0.000785910701519954
32.733333333333334 -0.36438191593207736 0.0007786829254818328
32.766666666666666 -0.33571108263840543 0.0007698548421656293
32.8 -0.29697604348102097 0.0007545866058440986
32.833333333333336 -0.2515106134763241 0.0007356009685257625
32.86666666666667 -0.1981647952772224 0.0007111186751544984
32.9 -0.1417573143796964 0.0006835705347112975
32.93333333333333 -0.07906890463487044 0.0006505061849358118
32.96666666666667 -0.016862421313610588 0.0006142016009333222
33.0 0.04594400803647534 0.0006299664714753961
33.03333333333333 0.108648909133795 0.000665507831958706
33.06666666666667 0.16865286138830465 0.0006978010054881079
33.1 0.22148001626404296 0.0007215603677243887
33.13333333333333 0.2691818785684366 0.000742659016515379
33.166666666666664 0.3103360516310984 0.0007592463718537612
33.2 0.34046092909852166 0.0007701836675492735
33.233333333333334 0.3638451612244428 0.0007785126251189656
33.266666666666666 0.3758612035540558 0.0007830808271810374
33.3 0.3784230477208489 0.0007842504652811888
33.333333333333336 0.3701784216188222 0.000782281140291663
33.36666666666667 0.3511758847469097 0.0007757203282954261
33.4 0.3242631955913792 0.000767056709457925
33.43333333333333 0.2854265132924472 0.0007513430209131755
33.46666666666667 0.24084117819474218 0.0007328648926882286
33.5 0.18995575755761412 0.0007095030794252999
33.53333333333333 0.1352001778619232 0.000680224711633759
33.56666666666667 0.07367348366125767 0.0006481933351545899
33.6 0.012296434963013348 0.0006126015671378791
33.63333333333333 -0.051775037904754226 0.0006355986972681679
33.666666666666664 -0.11433580514744489 0.0006681972150333892
33.7 -0.17259337778800424 0.0007012051624871174
33.733333333333334 -0.2269053025939511 0.0007223250708065787
33.766666666666666 -0.2765072945346115 0.0007440483321934366
33.8 -0.3171924211942839 0.0007620798904599546
33.833333333333336 -0.3496744351386565 0.0007737804572161
33.86666666666667 -0.37281183845106053 0.0007835294593897535
33.9 -0.38665882327090223 0.0007915707421237705
33.93333333333333 -0.39011129912429665 0.000790206252490322
33.96666666666667 -0.38333508512116027 0.0007856857488313107
34.0 -0.36693195233072257 0.0007810966910964945
34.03333333333333 -0.3402531901367053 0.0007715792163342505
34.06666666666667 -0.30542114058432224 0.0007583024045395015
34.1 -0.2606908045793092 0.0007400209136820268
34.13333333333333 -0.21020484922320992 0.0007181416596886703
34.166666666666664 -0.15206533545978654 0.0006902605086036295
34.2 -0.09533007789734013 0.0006602086783422112
34.233333333333334 -0.03136657365511256 0.0006229179438626484
34.266666666666666 0.030447872194771575 0.0006238500083428876
34.3 0.09320472060165619 0.0006576392220227073
34.333333333333336 0.15331338538966166 0.0006883578870014173
34.36666666666667 0.2065668275281518 0.0007159348215032835
34.4 0.2557832781452761 0.0007363134525879
34.43333333333333 0.297109277131078 0.0007537886595331833
34.46666666666667 0.33178761910380145 0.0007673991907154454
34.5 0.35514939277581065 0.0007756960361841037
34.53333333333333 0.37035844667260565 0.0007812871468786398
34.56666666666667 0.37407835975440273 0.0007825278763685106
34.6 0.3688620155007259 0.0007823739855620793
34.63333333333333 0.35435033618159245 0.0007774473798909942
34.666666666666664 0.3298657400688201 0.0007692815956932275
34.7 0.2936818203501168 0.0007562216789325782
34.733333333333334 0.25259972988046475 0.0007372394545808736
34.766666666666666 0.20265411098865604 0.0007150680094968886
34.8 0.14447847580773593 0.0006883617593753111
34.833333333333336 0.0867424224495598 0.0006567208650646306
34.86666666666667 0.025934744337567935 0.0006197006706312388
34.9 -0.036863735924799544 0.0006272396296550173
34.93333333333333 -0.0985977626047263 0.0006603368131714582
34.96666666666667 -0.15621217334763415 0.0006894432602876643
35.0 -0.21135427094447737 0.0007162914317948854
35.03333333333333 -0.26165163649173795 0.0007375035372290673
35.06666666666667 -0.3046147391527981 0.0007549517720135124
35.1 -0.33952105450147213 0.0007685677598134322
35.13333333333333 -0.36496298766949065 0.0007785656408699215
35.166666666666664 -0.38044935719984 0.0007843134611809077
35.2 -0.38642354873717855 0.0007863673751793421
35.233333333333334 -0.3826332675110832 0.0007851224623400821
35.266666666666666 -0.3685568374684457 0.0007811928433493764
35.3 -0.3452700917271441 0.0007733431028041915
35.333333333333336 -0.3106312068458039 0.000760195685956977
35.36666666666667 -0.26997692432880904 0.0007438225965153422
35.4 -0.22199205735567423 0.0007232161405164861
35.43333333333333 -0.1678581703178111 0.0006972100271167847
35.46666666666667 -0.10714394814700683 0.0006653861927714555
35.5 -0.046025096892820985 0.0006310080558252426
35.53333333333333 0.014513978978423039 0.0006138494399828102
35.56666666666667 0.07818950952458677 0.0006497029549781541
35.6 0.13811085932920536 0.0006811754620584254
35.63333333333333 0.19190730760224886 0.0007064301005924034
35.666666666666664 0.2409519049215902 0.0007294054035267838
35.7 0.2845057576512988 0.0007496096663595075
35.733333333333334 0.3197277229045824 0.0007614631874631184
35.766666666666666 0.34705691870902994 0.000772248276111942
35.8 0.363107935072516 0.0007782304426988684
35.833333333333336 0.37080648550204837 0.0007811430557670973
35.86666666666667 0.3681766220117723 0.000781036736393792
35.9 0.3551658351342263 0.0007766642636424792
35.93333333333333 0.3326551518021896 0.0007692645589263969
35.96666666666667 0.29931104039538825 0.0007553630065479378
36.0 0.2605580050327216 0.0007417070773985679
36.03333333333333 0.21291735770968181 0.0007191888809556513
36.06666666666667 0.16018996428042662 0.0006960844902207108
36.1 0.1012194133065738 0.0006637169951254351
36.13333333333333 0.040964888464611875 0.0006293904076155252
36.166666666666664 -0.020764503535964474 0.0006172800578706297
36.2 -0.08290297594376751 0.0006517869393509457
36.233333333333334 -0.14220592812932945 0.0006842958877781025
36.266666666666666 -0.1978269272202344 0.0007091034974698596
36.3 -0.24858253258109855 0.0007328252691430892
36.333333333333336 -0.29190003294041916 0.0007512841289633032
36.36666666666667 -0.3282829408581244 0.0007660069782368661
36.4 -0.3557520713976972 0.0007747534322516403
36.43333333333333 -0.3753299337358971 0.0007828491640733959
36.46666666666667 -0.383181166246946 0.0007854609309932425
36.5 -0.3810748528163442 0.0007846746421363293
36.53333333333333 -0.36971547298506346 0.0007822727099295324
36.56666666666667 -0.34817363989132455 0.000774174509487191
36.6 -0.31653980874960724 0.0007632790403782619
36.63333333333333 -0.27802874013869516 0.0007470144123992162
36.666666666666664 -0.23168200411137582 0.0007273451656740204
36.7 -0.17822596431191942 0.0007031926149956569
36.733333333333334 -0.1217446440836296 0.0006749894463129041
36.766666666666666 -0.060913651166936644 0.0006404761351592528
36.8 0.0019804939516861477 0.0006069996928311414
36.833333333333336 0.0614179980009073 0.0006404687268072515
36.86666666666667 0.12158893131673408 0.0006734146220425397
36.9 0.1780716181362124 0.0007021110064259206
36.93333333333333 0.22860478827946665 0.000724049900852064
36.96666666666667 0.2733578398087942 0.0007435804126469381
37.0 0.30949142946526204 0.000758827003307927
37.03333333333333 0.3365300226019208 0.0007697407419015034
37.06666666666667 0.35713908975930275 0.0007756781502322174
37.1 0.3660761295863231 0.0007772367447487771
37.13333333333333 0.36598142504043824 0.0007808460188972743
37.166666666666664 0.3553359742513307 0.000777823684236234
37.2 0.3354814708422554 0.0007702996758394143
37.233333333333334 0.3038741537870746 0.0007607264008286374
37.266666666666666 0.26835128935550495 0.0007436673709593222
37.3 0.2233854892386019 0.0007241346066606535
37.333333333333336 0.17151584031146638 0.0007004969538987049
37.36666666666667 0.1149057148749841 0.000670649542107285
37.4 0.05441795054273783 0.0006367335462843238
37.43333333333333 -0.005218765648421118 0.00060931638268909
37.46666666666667 -0.06886046068482717 0.0006445222248879501
37.5 -0.12665389308894393 0.0006756127315159233
37.53333333333333 -0.1837866080581071 0.0007054266011368715
37.56666666666667 -0.23522940678157597 0.0007287211431832585
37.6 -0.2793537034139642 0.0007467274451662953
37.63333333333333 -0.3174598143954362 0.0007616964585895891
37.666666666666664 -0.34767106430007866 0.0007720124408633899
37.7 -0.3674066755626014 0.0007789353607186578
37.733333333333334 -0.37733458420192445 0.0007839989866140762
37.766666666666666 -0.3781879716591839 0.0007842506139495442
37.8 -0.36918737856888095 0.0007814606862902029
37.833333333333336 -0.35106555563213326 0.0007750009452583972
37.86666666666667 -0.32190209670080583 0.0007646564999949645
37.9 -0.2834410481854702 0.000749044041583824
37.93333333333333 -0.23869743366755067 0.0007309629092257797
37.96666666666667 -0.18835258266848853 0.000707206223643092
38.0 -0.13301710772501546 0.0006793694007268536
38.03333333333333 -0.07417514026778628 0.0006481863828554785
38.06666666666667 -0.013673952993465938 0.0006128210177395593
38.1 0.04687361445903126 0.0006328670367538383
38.13333333333333 0.10761627879434682 0.0006669324394922155
38.166666666666664 0.16234034406827622 0.0006935538852363421
38.2 0.21285395431551288 0.0007176965396047952
38.233333333333334 0.25913959644857293 0.0007386513104691295
38.266666666666666 0.29945532838857375 0.0007544228919658669
38.3 0.32784931066591155 0.0007690470964666352
38.333333333333336 0.3494098137265498 0.0007725510271801572
38.36666666666667 0.35992679429556473 0.0007770358173614933
38.4 0.36356379291330804 0.0007792307524923103
38.43333333333333 0.3554465357041403 0.0007772915532209268
38.46666666666667 0.3367334503515626 0.0007713263086722155
38.5 0.3082445425730069 0.0007617170845550247
38.53333333333333 0.2717252495839411 0.000748057139102698
38.56666666666667 0.2308580532256713 0.0007307427981348424
38.6 0.1796177026993045 0.000703845950285914
38.63333333333333 0.12640442970883017 0.0006770006749322321
38.666666666666664 0.0667486856296827 0.0006446281423533595
38.7 0.009408295060317024 0.0006096554059456041
38.733333333333334 -0.05318254905008191 0.0006350521185150074
38.766666666666666 -0.11319445259989346 0.0006689147112236421
38.8 -0.17015893651873734 0.0006988220665619382
38.833333333333336 -0.22236660379427137 0.0007216827563537864
38.86666666666667 -0.26830324902271163 0.0007419434200441333
38.9 -0.3066747887952758 0.0007578301270757537
38.93333333333333 -0.33733733458254406 0.000769073355389227
38.96666666666667 -0.35886965615201344 0.000776533432239046
39.0 -0.37295494722592315 0.0007814931789583146
39.03333333333333 -0.3756293675179683 0.0007825309466917285
39.06666666666667 -0.3681769837327197 0.0007805562487038786
39.1 -0.35140204727691815 0.0007757445794241979
39.13333333333333 -0.3254697634385429 0.0007658966623513841
39.166666666666664 -0.2906505555924938 0.0007524160408557967
39.2 -0.24885403149302315 0.0007351711084427615
39.233333333333334 -0.1995470354543601 0.0007137422022815698
39.266666666666666 -0.14561383371582406 0.0006859998732399175
39.3 -0.08597987756711566 0.0006537908116258373
39.333333333333336 -0.027134852445116778 0.0006213329641706032
39.36666666666667 0.032648024346625164 0.000624059655351554
39.4 0.09387329625001196 0.0006573180269183743
39.43333333333333 0.1508559219988191 0.0006867547012968656
39.46666666666667 0.2028840049885759 0.0007136356706362312
39.5 0.25007652728961427 0.0007340672296413664
39.53333333333333 0.2883919498480002 0.0007500505457366247
39.56666666666667 0.31986351128844903 0.0007634879499600622
39.6 0.34275689570354234 0.0007711875132933033
39.63333333333333 0.3556078005238954 0.0007773620473991438
39.666666666666664 0.35951526605907186 0.0007777284121395778
39.7 0.3549695462550672 0.0007765325964281256
39.733333333333334 0.339480387008377 0.0007702471083941842
39.766666666666666 0.314632358478499 0.0007628649310634228
39.8 0.27959181088098317 0.0007494123858376445
39.833333333333336 0.23757756963105173 0.0007304172388069019
39.86666666666667 0.191189700554009 0.000709244713367474
39.9 0.13560674650462176 0.0006811323591256468
39.93333333333333 0.08103089730817498 0.0006497630924197778
39.96666666666667 0.018863961439846127 0.0006159867080732656
40.0 -0.03630358273955771 0.0006261756845095667
40.03333333333333 -0.09881876939240847 0.0006614081077894185
40.06666666666667 -0.15405124847626386 0.0006889199987145656
40.1 -0.2084850900680098 0.0007146774246275245
40.13333333333333 -0.25646524705017276 0.0007366400314534061
40.166666666666664 -0.29715841765056045 0.0007522799761053856
40.2 -0.33003637779122014 0.0007659617815364284
40.233333333333334 -0.3525734831055882 0.0007743721386238578
40.266666666666666 -0.3681666026861064 0.0007798748785817211
40.3 -0.372854492864374 0.0007818912241293052
40.333333333333336 -0.3684398417463097 0.0007800216369346358
40.36666666666667 -0.35394464467836007 0.0007761546090250815
40.4 -0.33035856695060584 0.0007676718675733163
40.43333333333333 -0.2978647102510144 0.0007582364736264391
40.46666666666667 -0.2562230634851696 0.0007378699976083314
40.5 -0.20897233975424365 0.0007166039628467014
40.53333333333333 -0.1568629727364564 0.0006927608817724196
40.56666666666667 -0.09969750523066834 0.000661039314101039
40.6 -0.040289165586786226 0.000629410458434107
40.63333333333333 0.02044593507640816 0.0006171124332756787
40.666666666666664 0.07898813443074576 0.000651284145867681
40.7 0.13568636314263766 0.0006794473219448594
40.733333333333334 0.19003728480654147 0.0007072406441676893
40.766666666666666 0.23707183127002965 0.0007274731634121512
40.8 0.2792832580116377 0.000744252671143808
40.833333333333336 0.3114991080775853 0.0007592944050368033
40.86666666666667 0.3354113710474408 0.000769185349589474
40.9 0.3516210635265916 0.0007742497331503229
40.93333333333333 0.35660440846308217 0.0007768062561765987
40.96666666666667 0.3532987716717977 0.0007756086589275069
41.0 0.3394164834720553 0.0007718723121230009
41.03333333333333 0.3158590815597285 0.0007645980602064006
41.06666666666667 0.285216062937495 0.0007511339038664411
41.1 0.24484005537100165 0.0007341314858249348
41.13333333333333 0.19905320221169787 0.0007133927575642129
41.166666666666664 0.14607079953475824 0.0006874844628882715
41.2 0.09177998880923327 0.0006604978717083543
41.233333333333334 0.031993214671732315 0.0006253497334298072
41.266666666666666 -0.025879398496065367 0.000621942453654635
41.3 -0.0853598908532102 0.0006530859635618808
41.333333333333336 -0.14264143820287875 0.0006832054350812411
41.36666666666667 -0.19488594880164295 0.0007093301533756535
41.4 -0.24233716961432356 0.000730464765050759
41.43333333333333 -0.2855458017456117 0.0007493614721096331
41.46666666666667 -0.3194364417729347 0.0007618857478175478
41.5 -0.3454994871718927 0.0007712587351467182
41.53333333333333 -0.361786014671484 0.0007784124681147198
41.56666666666667 -0.36879585953332833 0.0007801863166757572
41.6 -0.36667836646221796 0.0007796026325762595
41.63333333333333 -0.35492916062500457 0.0007759238407597513
41.666666666666664 -0.3327738275864801 0.0007678198211519272
41.7 -0.30292368957877713 0.000758509095668769
41.733333333333334 -0.2639566495020117 0.0007441070767106872
41.766666666666666 -0.21820423746247206 0.000721893403749313
41.8 -0.16564539635820558 0.0006962478680168083
41.833333333333336 -0.10874966484743773 0.0006673326140203273
41.86666666666667 -0.051601385519175626 0.0006346928066408644
41.9 0.007177501936543604 0.0006089151284085076
41.93333333333333 0.06553312129553944 0.000641917732629102
41.96666666666667 0.12217744598896146 0.0006725476827243726
42.0 0.17424083542947064 0.0006975751565410915
