0.0 0.026047885336926074 0.0006198624963393053
0.03333333333333333 -0.0032301774529768087 0.0006062891736219587
0.06666666666666667 -0.03303029681690488 0.000622657925131706
0.1 -0.06203305252048493 0.000638580711984936
0.13333333333333333 -0.08989036678544596 0.0006554070782628235
0.16666666666666666 -0.1156716402559371 0.0006696865269540386
0.2 -0.13829975324785204 0.0006817570242274584
0.23333333333333334 -0.15743798977983864 0.00069138147398351
0.26666666666666666 -0.17221707860415805 0.0006993237495999671
0.3 -0.18413725077013762 0.0007059097908085898
0.3333333333333333 -0.18945793802614175 0.0007084993130490602
0.36666666666666664 -0.19074296822945214 0.00070912091807801
0.4 -0.1865526105629996 0.0007067436979695252
0.43333333333333335 -0.17806055048314226 0.0007029168799481122
0.4666666666666667 -0.1647562411265286 0.0006966471180686329
0.5 -0.14640509201184115 0.0006869121017285817
0.5333333333333333 -0.12554805020746304 0.0006777348122911364
0.5666666666666667 -0.10170371155484398 0.0006673206208306359
0.6 -0.07417469539164695 0.0006523177491298549
0.6333333333333333 -0.04436189565656028 0.0006307061451821944
0.6666666666666666 -0.014677912341455532 0.0006123244355467714
0.7 0.016161858509530884 0.0006142763136246197
0.7333333333333333 0.04520950748287949 0.000631175818394239
0.7666666666666667 0.07203777024181639 0.000645879092900592
0.8 0.09784964225453961 0.0006612091619604965
0.8333333333333334 0.12062471113182623 0.000671906702680039
0.8666666666666667 0.1396192117006112 0.0006825722987306715
0.9 0.1535929986249828 0.000690134004730919
0.9333333333333333 0.16471852384643695 0.0006964488442487982
0.9666666666666667 0.16969117885059098 0.0006989366038493428
1.0 0.17097094868060722 0.0006998208903352121
1.0333333333333334 0.16684438749256295 0.0006971548180963738
1.0666666666666667 0.1584331871247388 0.0006928714230385324
1.1 0.14511481817894328 0.0006870591167132956
1.1333333333333333 0.12755064539538483 0.0006780647004977769
1.1666666666666667 0.10464782943917651 0.0006670641456178877
1.2 0.08096479784200877 0.000653226959935832
1.2333333333333334 0.05416853499961081 0.0006375571728395937
1.2666666666666666 0.0260998054974008 0.0006208022551295669
1.3 -0.0034162694778175316 0.0006069965311850346
1.3333333333333333 -0.034328573682399874 0.0006244228075838673
1.3666666666666667 -0.06395565895997099 0.0006421188029227254
1.4 -0.09181688135127683 0.0006573723459655373
1.4333333333333333 -0.11756522031156753 0.0006705861047656275
1.4666666666666666 -0.13968984663594558 0.0006835418366071544
1.5 -0.15862047258997625 0.0006949226461118729
1.5333333333333334 -0.17272848544190122 0.0007012994318292276
1.5666666666666667 -0.18297026351701023 0.0007057897240977662
1.6 -0.1885458876289621 0.0007073229786822288
1.6333333333333333 -0.1898300302402057 0.0007104400341086115
1.6666666666666667 -0.18554108746686454 0.0007080848208440571
1.7 -0.17674988481216145 0.0007021836296630946
1.7333333333333334 -0.16303712769754547 0.0006957573771831371
1.7666666666666666 -0.14528765760882242 0.0006875863237645885
1.8 -0.1243744051568984 0.0006762394850928222
1.8333333333333333 -0.09952307580368576 0.0006623249861825581
1.8666666666666667 -0.07346488070140467 0.0006479473177935235
1.9 -0.045096238925936984 0.000631724333296689
1.9333333333333333 -0.013919840634763914 0.0006130372847571609
1.9666666666666666 0.015486384770265055 0.0006137510262122746
2.0 0.04570985521048666 0.0006315342531910614
2.033333333333333 0.07165678601100456 0.0006457138861994394
2.066666666666667 0.09650031712445031 0.0006600895542543256
2.1 0.11925355609502605 0.0006727951515614478
2.1333333333333333 0.13892048544421176 0.0006830277546982233
2.1666666666666665 0.15332489549772166 0.0006898464560421425
2.2 0.16436291719925805 0.000696081900874973
2.2333333333333334 0.16903649502084517 0.0006984620962053045
2.2666666666666666 0.16963728746819245 0.0006987076416876403
2.3 0.16580169968659034 0.0006974826272245493
2.3333333333333335 0.15587047550851119 0.0006935961288618286
2.3666666666666667 0.1425826754732996 0.0006845115326450102
2.4 0.1258996716095467 0.0006776366998784977
2.433333333333333 0.10332888586438609 0.0006647856062634155
2.466666666666667 0.07968332825027644 0.0006521534322844885
2.5 0.05364299777263371 0.000636664615722829
2.533333333333333 0.024602614335520016 0.000619250978055208
2.566666666666667 -0.0050478641696592354 0.0006078272578632438
2.6 -0.03371210495207547 0.0006241327572500885
2.6333333333333333 -0.06371648525312419 0.0006412164111485874
2.6666666666666665 -0.09149009900891165 0.0006567208684191972
2.7 -0.11491105941495196 0.0006705512724562712
2.7333333333333334 -0.13846433916708728 0.0006832352975363332
2.7666666666666666 -0.15715991167700472 0.0006916131038011697
2.8 -0.1718044136308257 0.0006994894522281414
2.8333333333333335 -0.1814363833657983 0.0007042633903636408
2.8666666666666667 -0.18701008775622618 0.0007091298142218871
2.9 -0.18732479340259292 0.0007077140460818032
2.933333333333333 -0.18271545607604342 0.0007061493252014939
2.966666666666667 -0.17424978046592618 0.0007018130767642572
3.0 -0.1600006814563485 0.0006940945431258005
3.033333333333333 -0.14232595505512544 0.0006850204692838702
3.066666666666667 -0.1220775484230246 0.0006751771686494684
3.1 -0.09682794268765392 0.0006606300589645508
3.1333333333333333 -0.07082130216979288 0.0006465133393993294
3.1666666666666665 -0.04171055573535417 0.0006297830726679013
3.2 -0.012162475473025257 0.0006127522650996135
3.2333333333333334 0.016977150969648663 0.0006140912417170429
3.2666666666666666 0.04604137367684554 0.0006312775833056117
3.3 0.07444705409290465 0.0006484237675015714
3.3333333333333335 0.0992756037638586 0.00066123502207871
3.3666666666666667 0.12088243194810142 0.0006731869386974731
3.4 0.13951393271154203 0.0006834791687093111
3.433333333333333 0.15219972515182528 0.0006914449093513853
3.466666666666667 0.16384503966712252 0.000696203179321786
3.5 0.168732706093558 0.0006980165133322336
3.533333333333333 0.16891321857660554 0.0006985552024653396
3.566666666666667 0.16502749560338048 0.0006969307958178406
3.6 0.15647659582453136 0.0006932314955897523
3.6333333333333333 0.1423271429920802 0.0006856248765297335
3.6666666666666665 0.12363225625249774 0.0006763026400545408
3.7 0.10247477819939207 0.00066475852674025
3.7333333333333334 0.0781574218592909 0.0006514615590976491
3.7666666666666666 0.05287363813846348 0.000636169806685842
3.8 0.024393583295864746 0.0006193458758902114
3.8333333333333335 -0.005129791676626909 0.0006094093724944025
3.8666666666666667 -0.03433254104675668 0.0006256780401217715
3.9 -0.06327857326304065 0.0006413239708971952
3.933333333333333 -0.09133221262058498 0.0006574388576466861
3.966666666666667 -0.1158429504489494 0.0006702429657775982
4.0 -0.13824654951934165 0.0006819506379555917
4.033333333333333 -0.15641876587342246 0.0006919488796886253
4.066666666666666 -0.17073250100837295 0.0006990220428494676
4.1 -0.17956686641884514 0.0007031458822470138
4.133333333333334 -0.1847759029627955 0.0007058475797176722
4.166666666666667 -0.1855164102084045 0.0007064658702655158
4.2 -0.18082003645333183 0.0007041556287555595
4.233333333333333 -0.172250436761261 0.0007001505227782756
4.266666666666667 -0.15848885127096796 0.0006931349490389427
4.3 -0.1399764428559197 0.0006836655992816243
4.333333333333333 -0.11876438157228422 0.0006719041166930728
4.366666666666666 -0.09544093996216588 0.0006601364685771272
4.4 -0.06815078836487098 0.0006450765927797641
4.433333333333334 -0.03969522909590462 0.0006272024318905792
4.466666666666667 -0.011000242987358095 0.0006108913628444599
4.5 0.017801136905597453 0.0006141701959239652
4.533333333333333 0.0473649929686651 0.0006318227430366155
4.566666666666666 0.07384028834564672 0.0006476206994091432
4.6 0.0980223450832982 0.0006615664062710053
4.633333333333334 0.1212241597642862 0.0006730000956911009
4.666666666666667 0.14023677472314594 0.000682876226352741
4.7 0.15387604304414823 0.0006901957889096644
4.733333333333333 0.1633575878457793 0.0006949079681704828
4.766666666666667 0.16822891994328035 0.0006983595419233768
4.8 0.1679986142647113 0.0006980649727200416
4.833333333333333 0.16411815353391962 0.0006965068416565079
4.866666666666666 0.15358420536366418 0.0006914778607379213
4.9 0.13995361742941445 0.0006838063886998869
4.933333333333334 0.1220786599514892 0.000675195227959835
4.966666666666667 0.10163621637814647 0.0006632370755564609
5.0 0.07680654057401287 0.0006496153037697239
5.033333333333333 0.04855453081330357 0.0006340262212819678
5.066666666666666 0.022115310447508495 0.0006188998458357894
5.1 -0.006962991556324892 0.0006083550874231456
5.133333333333334 -0.03682261596617352 0.0006251142710445579
5.166666666666667 -0.06575443486292429 0.0006413597477059052
5.2 -0.0919484245552502 0.0006563976886315576
5.233333333333333 -0.11671006784844878 0.0006702172659722033
5.266666666666667 -0.1377590124464772 0.000681158744892052
5.3 -0.15581156747107036 0.0006907968153865018
5.333333333333333 -0.16990102720745345 0.0006978735854347162
5.366666666666666 -0.17966073240533822 0.0007032830148752944
5.4 -0.18458022808780686 0.0007042267708216032
5.433333333333334 -0.1844312342407171 0.0007058200717462437
5.466666666666667 -0.18015155922503173 0.0007055526401384404
5.5 -0.1713008109706079 0.0007006441790960438
5.533333333333333 -0.15821058175286104 0.0006939164227219852
5.566666666666666 -0.13896343098075253 0.000683303378075234
5.6 -0.11744011735516566 0.000671516486052709
5.633333333333334 -0.09490695459778759 0.0006596922377524184
5.666666666666667 -0.06674283088217027 0.0006455401307912112
5.7 -0.03771612754007123 0.0006264007260411847
5.733333333333333 -0.008799719242947486 0.0006100687676793524
5.766666666666667 0.020313617269560266 0.0006159060560258951
5.8 0.04838776791616957 0.0006322456143206673
5.833333333333333 0.07502073151426457 0.0006481296668188058
5.866666666666666 0.09839779008059296 0.0006610934644744881
5.9 0.12172631974599576 0.0006740936495443078
5.933333333333334 0.1370652531080301 0.000680758241614593
5.966666666666667 0.15275248591442525 0.0006888135809737517
6.0 0.16315103567675912 0.0006951695728127094
6.033333333333333 0.1677378460307517 0.0006985827293805036
6.066666666666666 0.16761984028668744 0.0006975294526907205
6.1 0.1631692010837967 0.0006955487800925364
6.133333333333334 0.1539659244122267 0.0006911204293302831
6.166666666666667 0.13869647423619072 0.0006833764431850853
6.2 0.12074198749662013 0.0006730449697644608
6.233333333333333 0.09878887202290686 0.0006604238413367713
6.266666666666667 0.07544484131444903 0.0006490257283762457
6.3 0.047834884761202415 0.0006335094495761098
6.333333333333333 0.019019841331354127 0.0006166942831194872
6.366666666666666 -0.008995362517983432 0.0006099049395510113
6.4 -0.03787291761667646 0.0006260531924622628
6.433333333333334 -0.06586227384194634 0.0006423203720028053
6.466666666666667 -0.09169853853843923 0.0006562271106068662
6.5 -0.11651899916179849 0.0006720088744525538
6.533333333333333 -0.13782618330758875 0.0006819194141717277
6.566666666666666 -0.15607701895709364 0.000691798973772112
6.6 -0.17011821062076066 0.000698896877098315
6.633333333333334 -0.17949316977836668 0.000703083009446992
6.666666666666667 -0.18438716917910336 0.0007062703111723745
6.7 -0.1848199200145606 0.0007058289728860967
6.733333333333333 -0.18035148500093873 0.0007033493618985587
6.766666666666667 -0.17031067903678734 0.0006989624798466043
6.8 -0.1569395385418453 0.0006930185197380478
6.833333333333333 -0.13779176598428902 0.0006829253108898425
6.866666666666666 -0.11598302143055719 0.0006700444714745485
6.9 -0.0923825038491407 0.0006581027139687529
6.933333333333334 -0.0660106719501196 0.0006422942163108319
6.966666666666667 -0.03710577473127374 0.0006262237586587283
7.0 -0.01040162491244143 0.0006085996591993492
7.033333333333333 0.022509357590010975 0.0006179719516621607
7.066666666666666 0.04974728505378558 0.0006302481391686002
7.1 0.07254360386799319 0.0006494557682365648
7.133333333333334 0.10118887581068184 0.0006626734172189286
7.166666666666667 0.12158741809797025 0.0006730281667102073
7.2 0.14038785172551368 0.0006843739421443784
7.233333333333333 0.15183887081639347 0.0006921878476464638
7.266666666666667 0.1614005799496576 0.0006952956885135086
7.3 0.16608598831016685 0.0006966789760094738
7.333333333333333 0.16500367424099233 0.0006969133134864802
7.366666666666666 0.16118520844819445 0.0006946029355937855
7.4 0.15152908791830516 0.0006903951411292297
7.433333333333334 0.1375464590517767 0.000682852983567267
7.466666666666667 0.11989301205784257 0.0006741421653581325
7.5 0.09881996187565845 0.0006629131259230092
7.533333333333333 0.07204091501000014 0.0006510016884194725
7.566666666666666 0.04498638803385898 0.0006326656859123175
7.6 0.018622009861716207 0.0006158367548311609
7.633333333333334 -0.010108507240592304 0.0006102989102516262
7.666666666666667 -0.039227100640902034 0.0006274313595251921
7.7 -0.06741840082206166 0.0006441123696063755
7.733333333333333 -0.094712187749875 0.0006583943337240966
7.766666666666667 -0.11814283557522536 0.0006706745703918687
7.8 -0.13813735198793095 0.0006814513818991785
7.833333333333333 -0.15734568329795676 0.0006925089042953414
7.866666666666666 -0.17044485160826328 0.0006996108144453894
7.9 -0.1802633139036756 0.0007044035579576169
7.933333333333334 -0.18438706285722276 0.0007059595516455408
7.966666666666667 -0.18471787017767063 0.0007067353883756511
8.0 -0.17883064769199128 0.0007029628797527998
8.033333333333333 -0.16867967447088286 0.0006985624404247381
8.066666666666666 -0.15462932727697962 0.0006917854528595002
8.1 -0.13606265383162938 0.0006820613401163078
8.133333333333333 -0.11523946931075454 0.0006712265290920727
8.166666666666666 -0.09284305379547289 0.0006590210917129802
8.2 -0.06387106148418371 0.0006412415827931894
8.233333333333333 -0.0355586299556653 0.0006268974129763766
8.266666666666667 -0.008430273714022912 0.0006101675430839094
8.3 0.022246747483266213 0.0006184672005773578
8.333333333333334 0.05004126291443935 0.0006342733446450602
8.366666666666667 0.07655177920840571 0.0006488853379239545
8.4 0.09990025904059079 0.0006622088273758042
8.433333333333334 0.12090631452107381 0.0006729844121131784
8.466666666666667 0.1346557048310165 0.000682366558330455
8.5 0.1508066261940147 0.0006892905275544259
8.533333333333333 0.16035205104046096 0.0006942498417941978
8.566666666666666 0.16512790666227561 0.0006968805533365818
8.6 0.1653074113785811 0.0006966607904225763
8.633333333333333 0.15892085325187638 0.0006936166409859945
8.666666666666666 0.14954690915854912 0.0006898000561556539
8.7 0.13240671784017252 0.0006831196067203504
8.733333333333333 0.11736767489369712 0.0006722809902126731
8.766666666666667 0.0965801753614929 0.0006608392290112924
8.8 0.07225960173331537 0.0006483614037586238
8.833333333333334 0.045260672276304495 0.0006326558148400593
8.866666666666667 0.01848846453540693 0.0006153443924867691
8.9 -0.010765641628547736 0.0006111092850168663
8.933333333333334 -0.03920143602420668 0.0006275571373379474
8.966666666666667 -0.06767435038863066 0.0006446859330977439
9.0 -0.09484700398471708 0.0006593960348689337
9.033333333333333 -0.11787708304528836 0.0006704603766905515
9.066666666666666 -0.13875175348391677 0.0006816499467031389
9.1 -0.15543154470166148 0.0006911896959067854
9.133333333333333 -0.16908817086449546 0.000698184615057551
9.166666666666666 -0.17941547495802465 0.0007030418570068142
9.2 -0.18313725176881365 0.0007049585098175548
9.233333333333333 -0.18249445739267126 0.0007046298600550949
9.266666666666667 -0.1771797351528644 0.000702900399026346
9.3 -0.16795693455181568 0.0006985333100819058
9.333333333333334 -0.15275569492624624 0.000691625892301706
9.366666666666667 -0.13455033311026465 0.0006806856094021541
9.4 -0.11298683308135891 0.0006697725968468626
9.433333333333334 -0.0897997192792812 0.0006570578438347824
9.466666666666667 -0.06361501181088343 0.0006412348043451366
9.5 -0.03487147206130052 0.000625323815853257
9.533333333333333 -0.00508883051357602 0.0006071470959158913
9.566666666666666 0.02216381378770126 0.0006184206418738472
9.6 0.05085649193078804 0.0006349949576126071
9.633333333333333 0.076925258924634 0.0006498524575133946
9.666666666666666 0.10075508514617018 0.0006627673009029361
9.7 0.12000086231461307 0.0006727101479353237
9.733333333333333 0.13718472132755663 0.0006811239153150239
9.766666666666667 0.1508566554790459 0.0006887799994364507
9.8 0.1601961982750272 0.0006937241482397882
9.833333333333334 0.16457651616898805 0.0006969274921406754
9.866666666666667 0.1633296399773685 0.0006963648613745044
9.9 0.15874080093103246 0.0006945505922142658
9.933333333333334 0.14837847604177265 0.0006873733735979215
9.966666666666667 0.1347480317965556 0.000681451670651062
10.0 0.11562092739524082 0.0006709593897878674
10.033333333333333 0.09405728233510498 0.0006596407091597895
10.066666666666666 0.07014062976869444 0.0006456385779652074
10.1 0.04376223213164154 0.0006300944343898621
10.133333333333333 0.01643001707129522 0.0006146081846762248
10.166666666666666 -0.012838524227321726 0.0006126921609778228
10.2 -0.040653429509867 0.0006282686103190327
10.233333333333333 -0.06789382176523638 0.0006436717554150484
10.266666666666667 -0.09466238428388818 0.0006577844272120659
10.3 -0.11804713821326009 0.0006704598864587102
10.333333333333334 -0.13908804549166906 0.0006823769478831454
10.366666666666667 -0.1566044112007324 0.0006908137712890727
10.4 -0.16955573524400983 0.000697627962657682
10.433333333333334 -0.17764106918166578 0.0007025259836831443
10.466666666666667 -0.18267087392045572 0.0007046585845235653
10.5 -0.18205216659184587 0.0007044949307621895
10.533333333333333 -0.17598591587333567 0.0007017703903084427
10.566666666666666 -0.1663444230314491 0.000696803334570395
10.6 -0.15228519012945202 0.0006893803816547528
10.633333333333333 -0.13323693389223273 0.0006798102770317893
10.666666666666666 -0.11209899257263796 0.00066816082517758
10.7 -0.08880608436557479 0.0006552062639845202
10.733333333333333 -0.06143755683143193 0.0006412052303667384
10.766666666666667 -0.032314021550470716 0.0006240997548888141
10.8 -0.004068753312841378 0.0006081698795489575
10.833333333333334 0.024962084253053792 0.0006195385541194302
10.866666666666667 0.05091607088336115 0.0006365540309766701
10.9 0.07730600292836007 0.0006499565823832043
10.933333333333334 0.10020836382379208 0.0006630168892698268
10.966666666666667 0.12051950575564963 0.0006723295105000582
11.0 0.1377784609643587 0.000682477828745448
11.033333333333333 0.15052775733071588 0.000688797102505273
11.066666666666666 0.15948993751149382 0.0006937251531726751
11.1 0.1626444500808312 0.0006950004556701139
11.133333333333333 0.16277791956673676 0.0006950441228929238
11.166666666666666 0.1574447744432079 0.0006928217183453655
11.2 0.14716884088236842 0.000687120330355534
11.233333333333333 0.1327441055241697 0.0006803257110348793
11.266666666666667 0.11544642778702364 0.0006709957300077979
11.3 0.09322490988229948 0.000657614293134462
11.333333333333334 0.06833489662101158 0.0006444380525319621
11.366666666666667 0.04176705678785568 0.0006302801286698981
11.4 0.012428726993734334 0.0006101606220486871
11.433333333333334 -0.014920744587344218 0.0006133597907528685
11.466666666666667 -0.04315896764916769 0.0006269467055658867
11.5 -0.07196516994704574 0.000646614110287852
11.533333333333333 -0.09691275536905765 0.000660679063105199
11.566666666666666 -0.11920508061225843 0.0006715143256572215
11.6 -0.13895357209192358 0.0006819357207552557
11.633333333333333 -0.1567924058815467 0.0006917690236710461
11.666666666666666 -0.16945124548627113 0.0006982331453610491
11.7 -0.17745360291879841 0.0007021074203571176
11.733333333333333 -0.18145613018609266 0.0007043892000626883
11.766666666666667 -0.18035945550328608 0.0007040121475544725
11.8 -0.17469341408198744 0.0007016225043381397
11.833333333333334 -0.16501009747021458 0.0006970970279851219
11.866666666666667 -0.1508300080387256 0.000689363313902569
11.9 -0.13124125530517744 0.0006804026962732024
11.933333333333334 -0.11029043112179793 0.0006687110134950686
11.966666666666667 -0.08732914618384176 0.0006558732634095177
12.0 -0.05872641715581072 0.0006391726828773731
12.033333333333333 -0.03175570381070453 0.0006238680740840719
12.066666666666666 -0.0033965548433861573 0.0006068035556996351
12.1 0.025884044906098247 0.000619031572886071
12.133333333333333 0.05379868968375886 0.0006359298601421592
12.166666666666666 0.07848661268760006 0.0006498426515928191
12.2 0.10343774684372742 0.0006640578122672214
12.233333333333333 0.12228185841013955 0.0006743160810413623
12.266666666666667 0.13677635708467256 0.0006822590716124566
12.3 0.14956679049124738 0.0006868540213442464
12.333333333333334 0.15833035555276165 0.0006921384598011782
12.366666666666667 0.16278760585674715 0.0006957117996952145
12.4 0.16124571676190913 0.0006944463088762176
12.433333333333334 0.15554062149112383 0.0006921750877715571
12.466666666666667 0.14362141551895996 0.0006868206893125006
12.5 0.13020603008398074 0.0006793846547193394
12.533333333333333 0.11216688397849303 0.0006694844597613103
12.566666666666666 0.09149873068557772 0.0006576886293376133
12.6 0.06719871576043368 0.0006441881011978873
12.633333333333333 0.03956863201379863 0.0006276968602084085
12.666666666666666 0.011646544765080162 0.0006118684983399698
12.7 -0.017848737565293496 0.0006170603040689775
12.733333333333333 -0.04345426307166458 0.0006308936070908988
12.766666666666667 -0.07241958506395205 0.0006469048744201789
12.8 -0.09736832124547236 0.0006608537848284551
12.833333333333334 -0.11899942662775775 0.0006728336740360746
12.866666666666667 -0.13882406609288206 0.0006829681754544348
12.9 -0.15563068825937248 0.0006918009638705869
12.933333333333334 -0.1673946684107417 0.0006974369985309203
12.966666666666667 -0.17673600571460954 0.0007021749102967823
13.0 -0.17974130875684874 0.0007041913076573647
13.033333333333333 -0.17830324822950358 0.0007033769371627141
13.066666666666666 -0.172980469811574 0.0007014353164167542
13.1 -0.16248355014203045 0.0006968205613237799
13.133333333333333 -0.14779454753892146 0.000688896327012245
13.166666666666666 -0.1308692740341183 0.0006782359414807815
13.2 -0.10831999232850482 0.000666865183831522
13.233333333333333 -0.08326080586133752 0.0006539048566900768
13.266666666666667 -0.05822595587617494 0.0006410530831483033
13.3 -0.030483517302288397 0.0006235339072832684
13.333333333333334 -0.0008805030039656218 0.0006055658082028568
13.366666666666667 0.02787416942283153 0.0006208483695100339
13.4 0.05273256405516126 0.0006364857106001057
13.433333333333334 0.0797934736433546 0.0006503297774929501
13.466666666666667 0.10186883075385035 0.0006631420124837556
13.5 0.12083118964479116 0.0006732326670935568
13.533333333333333 0.13740910088933508 0.0006810496222464657
13.566666666666666 0.15094744049670816 0.00068937665754773
13.6 0.15770411686238053 0.0006959741128206853
13.633333333333333 0.1602506524667142 0.0006975816046841665
13.666666666666666 0.1600811233312014 0.0006944143599409425
13.7 0.1534930855002887 0.000692004874334573
13.733333333333333 0.14275778603483422 0.0006866893142093433
13.766666666666667 0.12741994446057103 0.0006770512079275204
13.8 0.10937302164545894 0.0006688934282085418
13.833333333333334 0.08903164229882343 0.0006562038406789511
13.866666666666667 0.06485906662899776 0.0006442591691909194
13.9 0.03860944566847456 0.0006281711914545504
13.933333333333334 0.012051241313623905 0.0006117251114282282
13.966666666666667 -0.01777637270363746 0.0006158036514270562
14.0 -0.04520865079337275 0.0006311671390283671
14.033333333333333 -0.07262031706849192 0.0006466756272255764
14.066666666666666 -0.09790665750785968 0.0006601934266400183
14.1 -0.12030555994993504 0.0006725908915739681
14.133333333333333 -0.13978418568613893 0.0006836134094126978
14.166666666666666 -0.15584582336882874 0.0006914623261670416
14.2 -0.1681163689565806 0.0006983117882183587
14.233333333333333 -0.1765965796668866 0.0007033179836710424
14.266666666666667 -0.17894610342779088 0.0007037612011462357
14.3 -0.17789539871246704 0.0007042006724461702
14.333333333333334 -0.17202337342955332 0.0006996213598838563
14.366666666666667 -0.1617780280150178 0.0006955466266198307
14.4 -0.14729454331204483 0.0006884523558959021
14.433333333333334 -0.12907762693318364 0.0006779139961678171
14.466666666666667 -0.1072741704945791 0.0006667979317242501
14.5 -0.0828437104836615 0.0006535659638243208
14.533333333333333 -0.05615213225733177 0.0006379246754815646
14.566666666666666 -0.028715346529054008 0.0006227500515500611
14.6 0.0002771702338048103 0.0006048012622479773
14.633333333333333 0.027691801825052598 0.0006211550046199797
14.666666666666666 0.055330317639094684 0.0006374967378038401
14.7 0.07951831234780492 0.0006513990547218351
14.733333333333333 0.10311561688817586 0.0006639379423834663
14.766666666666667 0.12101152326044069 0.0006740372531912342
14.8 0.13723196281492225 0.0006821711361966465
14.833333333333334 0.14828106296555182 0.000688741189197456
14.866666666666667 0.1570006217671829 0.0006927316868470534
14.9 0.15994755623028867 0.0006942202712820755
14.933333333333334 0.1601267656461161 0.0006941083297375139
14.966666666666667 0.15242174900035688 0.0006910144115944983
15.0 0.14282277498373655 0.0006845661562279448
15.033333333333333 0.12904358635263347 0.0006769725637862933
15.066666666666666 0.10989918900341562 0.0006683380818385681
15.1 0.08844121760700734 0.0006557038216373628
15.133333333333333 0.06404829234589224 0.0006426383444613354
15.166666666666666 0.03690971034201907 0.0006283713212530059
15.2 0.010885527813598842 0.0006118389636976234
15.233333333333333 -0.017671005390166097 0.0006154305200994775
15.266666666666667 -0.04636331085692283 0.0006337095450615407
15.3 -0.07306870251480095 0.0006471178124028837
15.333333333333334 -0.09955018979196854 0.0006600226054492009
15.366666666666667 -0.1207299100468711 0.0006729168487348836
15.4 -0.14005783805934885 0.0006823952021866309
15.433333333333334 -0.15643343960777617 0.000692384634551152
15.466666666666667 -0.16791796380784596 0.0006971866479437983
15.5 -0.17556822554015283 0.0007011150752374851
15.533333333333333 -0.17969080529069262 0.0007044142544688492
15.566666666666666 -0.17807649816898408 0.0007026803688248706
15.6 -0.1710736083883447 0.0007003420095563206
15.633333333333333 -0.16025470836067934 0.0006941330520982281
15.666666666666666 -0.1470400754925959 0.0006904206143158453
15.7 -0.1263483069465723 0.000677059728690893
15.733333333333333 -0.10512798649865929 0.0006655506696943841
15.766666666666667 -0.08055800863599295 0.0006514521515639665
15.8 -0.05551504695951543 0.0006374185518351824
15.833333333333334 -0.02760645661540153 0.0006209725345749408
15.866666666666667 0.0005048363964642549 0.0006053312022453251
15.9 0.028400957234134935 0.0006208947612574914
15.933333333333334 0.05573053581450978 0.0006370141935102963
15.966666666666667 0.08101942762029837 0.0006517899829950047
16.0 0.10294581298556695 0.0006643581909477614
16.033333333333335 0.12142291682863458 0.0006740617940157456
16.066666666666666 0.13794598515687756 0.0006832266063594161
16.1 0.148162795911599 0.0006879598812819243
16.133333333333333 0.15728697918293413 0.0006940107183968924
16.166666666666668 0.1606558612022426 0.0006948088101568217
16.2 0.15795620413397116 0.0006932921675049664
16.233333333333334 0.15159985278014515 0.0006893453083731405
16.266666666666666 0.14136547788411138 0.0006845216100851426
16.3 0.1270280643188815 0.0006787316439671731
16.333333333333332 0.10744370252472753 0.0006674538624477228
16.366666666666667 0.08600764900079921 0.0006543779075978973
16.4 0.06156616533743543 0.00064143597385459
16.433333333333334 0.035565724696545904 0.0006271045585317034
16.466666666666665 0.008756391758055591 0.0006103432922576028
16.5 -0.019785371227845593 0.0006161501162825975
16.533333333333335 -0.04735941656978544 0.0006320248397173739
16.566666666666666 -0.07365302104508391 0.0006461760026110902
16.6 -0.0978964583880245 0.000660527126295371
16.633333333333333 -0.12077384584570404 0.0006727481506864502
16.666666666666668 -0.14005071736755273 0.0006841393365225046
16.7 -0.15548419765782406 0.0006909432801233961
16.733333333333334 -0.1674755587804682 0.0006978849760121419
16.766666666666666 -0.17555609812496953 0.0007024983072272117
16.8 -0.17740095506356957 0.0007026194043256717
16.833333333333332 -0.17648552559904834 0.00070139694884222
16.866666666666667 -0.17048962856453403 0.0006998538242256602
16.9 -0.15931331705847646 0.0006936541218421077
16.933333333333334 -0.14410505726124798 0.0006862707449544758
16.966666666666665 -0.1249675282334462 0.0006755048423354726
17.0 -0.10357490269887634 0.0006645293810562947
17.033333333333335 -0.07953871129586526 0.0006515076014824567
17.066666666666666 -0.05200468942596312 0.0006356614502340194
17.1 -0.024029375531980503 0.0006193455470484797
17.133333333333333 0.002052527948173506 0.0006053093531825375
17.166666666666668 0.030569561855815323 0.000622204168857169
17.2 0.05577319241187023 0.0006385395587320333
17.233333333333334 0.07923829611080795 0.0006506071247907308
17.266666666666666 0.10054487239039736 0.0006635839792359238
17.3 0.1225124980409455 0.0006746437974921721
17.333333333333332 0.13724805454574926 0.0006824738327196322
17.366666666666667 0.1482657289202879 0.0006870589940535798
17.4 0.155310199959685 0.0006911503954543652
17.433333333333334 0.15743761666693373 0.0006931730399678537
17.466666666666665 0.15687472589005608 0.0006931609313461928
17.5 0.1503785093552995 0.0006902522972319913
17.533333333333335 0.14031655019269929 0.0006851165038659901
17.566666666666666 0.12552439421605482 0.0006775373759913272
17.6 0.10558108282121494 0.0006667332661971503
17.633333333333333 0.0836921686564506 0.0006550061339151009
17.666666666666668 0.060146530072372584 0.0006404950233682219
17.7 0.03330140095741251 0.0006242637442147939
17.733333333333334 0.0063497228362813535 0.0006085417123376444
17.766666666666666 -0.021496435172842065 0.0006188238539401314
17.8 -0.04859966294459234 0.0006325383432461348
17.833333333333332 -0.07470415207754656 0.0006473835088659091
17.866666666666667 -0.09921879241218026 0.000660697793834028
17.9 -0.12098117250607301 0.0006725201012444948
17.933333333333334 -0.1398392263157603 0.0006826059920762018
17.966666666666665 -0.15531673446154068 0.0006908381242590189
18.0 -0.16750892167086623 0.000696490261631405
18.033333333333335 -0.17344078559875842 0.0006997972981172551
18.066666666666666 -0.17631613458447967 0.0007014186544523626
18.1 -0.1743723033415874 0.0007008639859335808
18.133333333333333 -0.16788106575921044 0.0006974756354486411
18.166666666666668 -0.15724525913917242 0.0006925185241932752
18.2 -0.14319307106792303 0.0006850113868702434
18.233333333333334 -0.1241745283320133 0.0006749923233397154
18.266666666666666 -0.10374474991619072 0.0006648824185955943
18.3 -0.07834562273930863 0.0006513235948535229
18.333333333333332 -0.04998000623329485 0.0006343810723590873
18.366666666666667 -0.02337488607107549 0.0006185693257217649
18.4 0.004950371807950682 0.0006073531353832
18.433333333333334 0.030757623903025753 0.0006228131339269423
18.466666666666665 0.05479521183818708 0.0006377532195761954
18.5 0.08079422306337201 0.0006520691404402479
18.533333333333335 0.1020586121732711 0.000664107818763221
18.566666666666666 0.1202373155289131 0.0006739137227286945
18.6 0.13580519366448301 0.0006811461981866274
18.633333333333333 0.14715723728360758 0.0006891904306183805
18.666666666666668 0.1543326438234458 0.0006909109236573896
18.7 0.15766286559610965 0.0006929187971621842
18.733333333333334 0.1550614434080531 0.0006918537796582469
18.766666666666666 0.1483130212478244 0.0006877297766007262
18.8 0.13797551892830698 0.0006841219651714248
18.833333333333332 0.12334745526021228 0.0006762735755868887
18.866666666666667 0.10403823248320863 0.0006652944856858078
18.9 0.08404244427613734 0.0006541148576484912
18.933333333333334 0.05774631666350496 0.0006393107183195954
18.966666666666665 0.032340145736611974 0.0006239694794880138
19.0 0.005091431265596544 0.0006086508723211221
19.033333333333335 -0.021077361175935255 0.0006172059349017142
19.066666666666666 -0.0497838427599669 0.0006357339369160789
19.1 -0.07627044635765516 0.00064917769498396
19.133333333333333 -0.10044710598791412 0.0006629800079501341
19.166666666666668 -0.12218194654352381 0.0006743803901273215
19.2 -0.14054338833791397 0.0006833206712098805
19.233333333333334 -0.15651982876339512 0.0006921566065550278
19.266666666666666 -0.1661401234728652 0.0006965910251453267
19.3 -0.17313064803605002 0.0007006179288443215
19.333333333333332 -0.17549653097533185 0.0007027225255949177
19.366666666666667 -0.17386901596846274 0.0007014945131164074
19.4 -0.16668402394377693 0.0006982452724328125
19.433333333333334 -0.15520163650337307 0.0006918569971468558
19.466666666666665 -0.14064804249198387 0.0006844532458354369
19.5 -0.12272035585394497 0.0006747326151928801
19.533333333333335 -0.10102489401843519 0.0006635799320107022
19.566666666666666 -0.07656384643923773 0.0006499227992043249
19.6 -0.04943315530052914 0.0006343351179959808
19.633333333333333 -0.023374722179259743 0.0006196187892632092
19.666666666666668 0.004955798075949651 0.0006084449561339269
19.7 0.033078397845498736 0.0006239042858984939
19.733333333333334 0.0585484327141507 0.0006402632021855828
19.766666666666666 0.08138988196738824 0.0006514846680255454
19.8 0.10362809302591905 0.0006644289269633896
19.833333333333332 0.12290856753792313 0.0006749693380186661
19.866666666666667 0.1375888179633312 0.0006826450084355395
19.9 0.14769033823757946 0.0006880008624094158
19.933333333333334 0.1543604208830584 0.0006907442088573967
19.966666666666665 0.15716352535695272 0.0006925765520504057
20.0 0.15435492824630287 0.000693067637740602
20.033333333333335 0.14745337731294358 0.0006872963657127418
20.066666666666666 0.13571244111147757 0.0006821287445381297
20.1 0.12138324584761485 0.0006746009019123478
20.133333333333333 0.10286318456497527 0.0006642944041659882
20.166666666666668 0.08044772602835466 0.0006523926169875738
20.2 0.056362550448048845 0.0006378958994788728
20.233333333333334 0.028717790316611928 0.0006232663759656691
20.266666666666666 0.0032370082303424808 0.000608613821712151
20.3 -0.024225164169193323 0.0006197975988810958
20.333333333333332 -0.05151489694907449 0.0006347739610968461
20.366666666666667 -0.07760185952131735 0.0006502778903162698
20.4 -0.1019952573734045 0.0006631616357387071
20.433333333333334 -0.12338439875084721 0.000674393585325006
20.466666666666665 -0.1395241140154496 0.0006824485232441724
20.5 -0.15507084581814434 0.0006901372947650808
20.533333333333335 -0.1656841639326103 0.0006960524002443957
20.566666666666666 -0.17320576851344746 0.0007006856829617769
20.6 -0.17475746610044282 0.0007012085022806702
20.633333333333333 -0.17279639088581886 0.0007005567504467791
20.666666666666668 -0.16521124895472392 0.0006970206111721056
20.7 -0.1540711431095543 0.000691972816389913
20.733333333333334 -0.13834125409857656 0.0006840111167925045
20.766666666666666 -0.1196933372396925 0.0006732886317056819
20.8 -0.09875565008617652 0.0006605557929857397
20.833333333333332 -0.07527495680679283 0.0006497683917450064
20.866666666666667 -0.048927032936290776 0.0006341318031495291
20.9 -0.020272527525187364 0.0006178874583898028
20.933333333333334 0.00697692963959243 0.0006087108274213009
20.966666666666665 0.03374424229295708 0.0006241123584044966
21.0 0.06100382510606347 0.0006397526255215169
21.033333333333335 0.08349379099899881 0.0006524310686163298
21.066666666666666 0.10539632029152594 0.0006648594489032378
21.1 0.12317001189297906 0.0006748065989382462
21.133333333333333 0.1376004474630505 0.0006815230470111067
21.166666666666668 0.1491543942349972 0.0006876429504228398
21.2 0.1549565190688892 0.0006902482198511972
21.233333333333334 0.15531953425478862 0.0006918690211394629
21.266666666666666 0.15349360854819413 0.0006910058890775284
21.3 0.14677961032286724 0.000687839454597744
21.333333333333332 0.13436201878446613 0.0006805989260973422
21.366666666666667 0.1206060303472821 0.0006727185342897263
21.4 0.10153281462643934 0.0006640988570718598
21.433333333333334 0.0797635802283908 0.0006512024046171211
21.466666666666665 0.05522136865034142 0.0006371763221883486
21.5 0.02782208891986163 0.0006218370464118397
21.533333333333335 0.001684739839084526 0.0006065491876146045
21.566666666666666 -0.024788009378691994 0.0006196999572147081
21.6 -0.05138515296056234 0.0006337523539910045
21.633333333333333 -0.07779053177261477 0.0006502847261473516
21.666666666666668 -0.10104661378113675 0.0006620692657358374
21.7 -0.1220712800122122 0.0006739011866801342
21.733333333333334 -0.13995195469361077 0.0006831249979130927
21.766666666666666 -0.1554266150397944 0.0006909262868932953
21.8 -0.1659140143984228 0.0006966488495528389
21.833333333333332 -0.17153172488196344 0.0006991089455977983
21.866666666666667 -0.1734810311502179 0.0007003040793968629
21.9 -0.17178056426383012 0.0007014522654301691
21.933333333333334 -0.1641586699053262 0.000695738845920002
21.966666666666665 -0.15228492427672335 0.0006892046507026295
22.0 -0.13725075044884752 0.0006827166726279532
22.033333333333335 -0.11837642300637419 0.000672871405187972
22.066666666666666 -0.09637070655371048 0.0006601721676847
22.1 -0.07186366943502667 0.0006464678706113863
22.133333333333333 -0.04770144379304107 0.000633368973810472
22.166666666666668 -0.018546387647103285 0.0006159527512243704
22.2 0.007777182636718453 0.0006089102435493099
22.233333333333334 0.03480027799333367 0.0006266745218215658
22.266666666666666 0.06057794970031469 0.0006419923413148523
22.3 0.08434960556624012 0.0006536186149249529
22.333333333333332 0.1050154243798003 0.0006655941335210885
22.366666666666667 0.12235007086308523 0.0006752849599677979
22.4 0.13740458100609984 0.0006819871431401614
22.433333333333334 0.147884567380663 0.000689232015458785
22.466666666666665 0.15393961593070105 0.0006902707839277211
22.5 0.15554614470107497 0.0006911862908146049
22.533333333333335 0.15224172244545095 0.0006898211471688953
22.566666666666666 0.14467510219105031 0.0006861367482805525
22.6 0.13320177516356368 0.0006825248569794495
22.633333333333333 0.11838956222890593 0.0006722990337364038
22.666666666666668 0.0998221134655708 0.0006637739024792644
22.7 0.07799643027641269 0.0006511104383779137
22.733333333333334 0.052118954650831384 0.0006353754050080068
22.766666666666666 0.02688328836721752 0.0006208493488921267
22.8 0.0004924093563554604 0.0006043808024605959
22.833333333333332 -0.02623429742038863 0.0006204396447097339
22.866666666666667 -0.052627555825129464 0.00063581840877866
22.9 -0.07821632097539652 0.0006497485152310301
22.933333333333334 -0.10141153371147624 0.0006619816917748239
22.966666666666665 -0.1218477981757847 0.0006736007958561691
23.0 -0.140772019624944 0.0006833869341025811
23.033333333333335 -0.15602325583983234 0.0006916486476916395
23.066666666666666 -0.16643112346698563 0.0006969208403687088
23.1 -0.1722652070015438 0.0007009021525040127
23.133333333333333 -0.1727698411700454 0.0007007968534983311
23.166666666666668 -0.17019559587996366 0.000699459287859916
23.2 -0.16255395900726805 0.0006960766304983379
23.233333333333334 -0.15089638426058213 0.0006914802729763025
23.266666666666666 -0.13516113030973756 0.000682125106051229
23.3 -0.115479525580025 0.0006716308490531675
23.333333333333332 -0.0944038267180699 0.0006594980195207684
23.366666666666667 -0.07001556035475076 0.000645474102592386
23.4 -0.04406374039434925 0.0006301592813369311
23.433333333333334 -0.01692336504274687 0.0006151245801825529
23.466666666666665 0.009241434652050197 0.0006106970850352934
23.5 0.03530261481837954 0.0006258405258632721
23.533333333333335 0.06062127524681086 0.0006392308100549027
23.566666666666666 0.08374803255454237 0.0006524568146995674
23.6 0.10471558910586783 0.0006645299852330866
23.633333333333333 0.122573939868668 0.0006746359964210913
23.666666666666668 0.13769489221031245 0.0006816768027326503
23.7 0.14754668946860142 0.0006879368066208258
23.733333333333334 0.15294842038185044 0.0006925645954545812
23.766666666666666 0.15353721301417755 0.0006909837726651324
23.8 0.15089248684726705 0.0006892424007440834
23.833333333333332 0.1439172955943954 0.0006855121738595371
23.866666666666667 0.1315102711218382 0.0006802354067873828
23.9 0.11758367729892218 0.0006725433782369672
23.933333333333334 0.09858814651487285 0.0006611303238111543
23.966666666666665 0.07640787301869989 0.0006500713911679057
24.0 0.05084514752410282 0.0006374419906850157
24.033333333333335 0.0258013715721133 0.0006205036613715839
24.066666666666666 -0.002296367872308529 0.0006062532052978592
24.1 -0.02708197846272826 0.000620782011900866
24.133333333333333 -0.05491280005063111 0.0006363173617999138
24.166666666666668 -0.07862604901052093 0.0006498738547073141
24.2 -0.10296671346600418 0.0006625105611044457
24.233333333333334 -0.12244572081256433 0.0006734887492458874
24.266666666666666 -0.1402802856420861 0.0006826251385537441
24.3 -0.1550178178650917 0.000689702605378123
24.333333333333332 -0.1646156057919309 0.0006959807847048971
24.366666666666667 -0.17068501199875838 0.0006988070730531426
24.4 -0.17119173830676818 0.0006992799961836604
24.433333333333334 -0.16826439938138069 0.0006983299038768598
24.466666666666665 -0.1622638847196549 0.000695829121188013
24.5 -0.14945660153499885 0.0006886021677457721
24.533333333333335 -0.1341593386047705 0.0006812296753861136
24.566666666666666 -0.11560300581725726 0.000671288448096885
24.6 -0.09445643936743563 0.0006599957129817396
24.633333333333333 -0.06892509180088993 0.0006461928689730084
24.666666666666668 -0.04173538324362939 0.0006293132683831554
24.7 -0.015547386487823785 0.0006138281937994351
24.733333333333334 0.011935056210930241 0.0006111697418040834
24.766666666666666 0.03672133912226193 0.0006252333624474082
24.8 0.06129983583339682 0.0006407273203203334
24.833333333333332 0.08528791305647979 0.0006538314599519313
24.866666666666667 0.10580242769666819 0.0006656013699466029
24.9 0.12363327882240215 0.0006751453894884435
24.933333333333334 0.13760919272136304 0.0006828578408293595
24.966666666666665 0.14761350154303127 0.0006874624049882372
25.0 0.15256621133756218 0.0006903944617700497
25.033333333333335 0.15355450136377424 0.0006910662821123237
25.066666666666666 0.15022863787393534 0.0006898647284758197
25.1 0.14293758682684954 0.0006864353446820459
25.133333333333333 0.13087715426249075 0.0006796443389471829
25.166666666666668 0.11595086196415917 0.0006715611840044516
25.2 0.09686309825804637 0.0006605110933852326
25.233333333333334 0.07492906472546336 0.0006486756288877071
25.266666666666666 0.049794546827778736 0.0006352602854874795
25.3 0.02485087077704866 0.0006198170121349059
25.333333333333332 -0.0018319375603258836 0.0006057387142820536
25.366666666666667 -0.028526425456702125 0.0006216046530356338
25.4 -0.05550100234602133 0.0006373822899542192
25.433333333333334 -0.07983319093726989 0.0006507906966731758
25.466666666666665 -0.10401892546680586 0.0006649721890013699
25.5 -0.12497308058976207 0.0006771728276935424
25.533333333333335 -0.1415308878225514 0.0006848293294667851
25.566666666666666 -0.15573504140644093 0.0006916766309807976
25.6 -0.1640784427080281 0.0006957924301169149
25.633333333333333 -0.1698547425241517 0.0007009053488322703
25.666666666666668 -0.17079331660669375 0.0007000909577584424
25.7 -0.1675178511061211 0.0006981178010314615
25.733333333333334 -0.15977489603210496 0.0006941629057403143
25.766666666666666 -0.14815651086264336 0.0006881954172995308
25.8 -0.1320628953366233 0.0006799497594761061
25.833333333333332 -0.11301824681408366 0.0006697930182529704
25.866666666666667 -0.09112340659082142 0.0006576455339159792
25.9 -0.06708779784686056 0.0006436093472188265
25.933333333333334 -0.041397357308824406 0.0006302506025250218
25.966666666666665 -0.0144064020756322 0.0006130118957021792
26.0 0.012739506111619225 0.0006142683661190598
26.033333333333335 0.03864499331684796 0.0006271847589129215
26.066666666666666 0.06460400694736482 0.000641930784575584
26.1 0.08491087307701163 0.0006536034168232868
26.133333333333333 0.1069269935237704 0.0006657411873381841
26.166666666666668 0.12384472994946276 0.0006748375088754116
26.2 0.13685772343837221 0.0006824526150890908
26.233333333333334 0.14732204185015477 0.0006880614630367377
26.266666666666666 0.15041527466656857 0.0006896367221171928
26.3 0.15177865950262984 0.0006903746632523078
26.333333333333332 0.14896992235125708 0.000689182271766009
26.366666666666667 0.1412485636142592 0.0006846368703863903
26.4 0.12861650425705734 0.0006782798361375797
26.433333333333334 0.11216716105449681 0.0006700577705483213
26.466666666666665 0.09505602313382547 0.000660093356700045
26.5 0.07431965003908415 0.0006487078155204828
26.533333333333335 0.04873919072280589 0.0006338421759660151
26.566666666666666 0.0225798383983311 0.000618012354908961
26.6 -0.0032660707858645738 0.000605920806198524
26.633333333333333 -0.030853455381002363 0.0006234554092555827
26.666666666666668 -0.05668222894758724 0.0006382035621606136
26.7 -0.08171906050041876 0.0006511866206618949
26.733333333333334 -0.10500539554598597 0.0006644474017676455
26.766666666666666 -0.12464514173094546 0.0006742194385784828
26.8 -0.14103142539332414 0.0006839075197452305
26.833333333333332 -0.15425464856793622 0.000691178135026782
26.866666666666667 -0.16399409008330126 0.000695871359719491
26.9 -0.16890199385869906 0.0006985803075579
26.933333333333334 -0.1695740806473287 0.000698651884194823
26.966666666666665 -0.1658930409993795 0.0006968603910613158
27.0 -0.16008891080142623 0.0006955539173138237
27.033333333333335 -0.14631063297141317 0.0006871848225242227
27.066666666666666 -0.1305788350059936 0.0006793709749892685
27.1 -0.11104642107057192 0.000668977306841817
27.133333333333333 -0.08937103726420678 0.0006566800938223732
27.166666666666668 -0.06589065023992074 0.0006437270912797444
27.2 -0.039931289767858875 0.0006296257488080936
27.233333333333334 -0.012859377244407697 0.0006126643861362607
27.266666666666666 0.013749829434849939 0.0006125842449743301
27.3 0.03968527121219177 0.0006274871282255026
27.333333333333332 0.06336631526024038 0.0006424560148731856
27.366666666666667 0.08609924594177004 0.0006537410142631178
27.4 0.10652550109504691 0.0006652189815460341
27.433333333333334 0.12450462033404193 0.0006744810889797309
27.466666666666665 0.13746012816750505 0.0006836685644818763
27.5 0.14645585633319871 0.0006871596601501495
27.533333333333335 0.1517054260161571 0.0006908010220473548
27.566666666666666 0.15130282483281868 0.0006898068982619521
27.6 0.14725315299752617 0.0006877693777791738
27.633333333333333 0.13994948168759314 0.000684750588134525
27.666666666666668 0.12785902146745326 0.000680182204914781
27.7 0.11124925976334997 0.0006683564160567396
27.733333333333334 0.09213846286674926 0.0006614061367771901
27.766666666666666 0.07105458275383819 0.0006496672122112829
27.8 0.04565765272282406 0.000635290479116285
27.833333333333332 0.020866679953240277 0.0006188183979154993
27.866666666666667 -0.007489484327769381 0.0006087677135285857
27.9 -0.032416227738339985 0.0006233065093664558
27.933333333333334 -0.05815238627537224 0.0006386036739471981
27.966666666666665 -0.08186690089273686 0.0006515806556458559
28.0 -0.10581344674154998 0.0006643565938828505
28.033333333333335 -0.1254079976395947 0.0006746405718046355
28.066666666666666 -0.14158614414561657 0.0006844378053088573
28.1 -0.1542771746160628 0.0006910182400561848
28.133333333333333 -0.1631311818800461 0.0006949509515696284
28.166666666666668 -0.16803532479514624 0.0006974720194905804
28.2 -0.1689354435275762 0.0006983252885007507
28.233333333333334 -0.16522915750749254 0.000697336325916037
28.266666666666666 -0.156994885711766 0.0006929295697741811
28.3 -0.14430840736023337 0.000685770983367251
28.333333333333332 -0.12811243079397522 0.0006774834227059046
28.366666666666667 -0.11065675298255559 0.0006689354657484076
28.4 -0.08776031893084127 0.0006556727685495672
28.433333333333334 -0.0644714188423232 0.0006443179895406215
28.466666666666665 -0.03803624548455062 0.0006268465118419303
28.5 -0.012096501757829902 0.0006132727119523024
28.533333333333335 0.015617386558427808 0.0006138511544782309
28.566666666666666 0.04079927936036489 0.0006287617482117966
28.6 0.06438631917842952 0.000641669011848589
28.633333333333333 0.08678857825341524 0.0006546259261942938
28.666666666666668 0.1071429717271186 0.0006666521426048205
28.7 0.12327964889916147 0.000674408563936621
28.733333333333334 0.13641918731859554 0.0006814069961103564
28.766666666666666 0.1453982222631796 0.0006864575680548546
28.8 0.15045449502723393 0.0006893947768346342
28.833333333333332 0.1505288764739308 0.0006894030614779945
28.866666666666667 0.14664617099095575 0.0006874405474358303
28.9 0.13866415799695403 0.0006829641364791139
28.933333333333334 0.12601638772066814 0.0006778902723490743
28.966666666666665 0.10925691615929334 0.0006665107291490141
29.0 0.09053694848858923 0.0006581419191871024
29.033333333333335 0.06853653130249794 0.0006451029411281006
29.066666666666666 0.044047516856783105 0.0006290294077762257
29.1 0.018421409934861036 0.0006155155413796534
29.133333333333333 -0.007018138544288836 0.0006080798528024425
29.166666666666668 -0.03266865720627532 0.0006242540888072787
29.2 -0.058533581852030975 0.0006387599412319561
29.233333333333334 -0.08366250410597922 0.0006537733277737351
29.266666666666666 -0.10572204445569629 0.0006651736015539644
29.3 -0.12483198671338576 0.0006751277905073655
29.333333333333332 -0.140886919089418 0.0006839029437449851
29.366666666666667 -0.15488256817809204 0.0006913354595392274
29.4 -0.1643202085964639 0.0006963867819760328
29.433333333333334 -0.16776029763276432 0.0006983160082148221
29.466666666666665 -0.16812418233026963 0.0006980283428611733
29.5 -0.16424781381275008 0.0006968514261816994
29.533333333333335 -0.1564439304915619 0.0006934828734319609
29.566666666666666 -0.1439008266488402 0.0006864428790435972
29.6 -0.12702741579099713 0.0006766294129700867
29.633333333333333 -0.10862501873310418 0.000667823914471774
29.666666666666668 -0.08643046914047177 0.0006554527427048429
29.7 -0.061200745241002955 0.0006407365783521676
29.733333333333334 -0.036334326914871345 0.0006263130650367432
29.766666666666666 -0.010459193874731728 0.0006118832957220845
29.8 0.01731221010377873 0.0006153946894164389
29.833333333333332 0.04137311191752223 0.0006282912292781342
29.866666666666667 0.06573731104334705 0.0006438973337059978
29.9 0.08920197650129502 0.0006566806235808742
29.933333333333334 0.1078696293687613 0.0006671702705788318
29.966666666666665 0.1231589977600115 0.0006757661914264523
30.0 0.136229551857763 0.0006825809432541852
30.033333333333335 0.14514069857538411 0.0006883123377293965
30.066666666666666 0.1495744891431622 0.0006891179575984063
30.1 0.14994422584764877 0.0006896791391035328
30.133333333333333 0.1463002593624749 0.0006877805565959905
30.166666666666668 0.13727197306809727 0.0006832784630197708
30.2 0.12491414302380581 0.0006768523001511456
30.233333333333334 0.10959614601107512 0.0006680973332805623
30.266666666666666 0.09010031592672456 0.0006569572933722984
30.3 0.06663264154985883 0.0006438817449510859
30.333333333333332 0.04307661702670889 0.0006304468257847182
30.366666666666667 0.01774053100309132 0.0006156038482728922
30.4 -0.009766182593698344 0.0006115882767714475
30.433333333333334 -0.03491796929720433 0.0006252948020723167
30.466666666666665 -0.06070434050933138 0.0006393928386981551
30.5 -0.08489790231584192 0.0006532814325354019
30.533333333333335 -0.10621617405673241 0.0006649373958518001
30.566666666666666 -0.12576917224283113 0.0006756558061042361
30.6 -0.14216035938090021 0.0006841880455088767
30.633333333333333 -0.15459090100366074 0.0006910676421722495
30.666666666666668 -0.16264148059844658 0.000694378872700796
30.7 -0.1671768478678935 0.0006961752765753115
30.733333333333334 -0.1665206632246246 0.0006969880780251236
30.766666666666666 -0.16232488449853888 0.0006945739415964991
30.8 -0.15487941784175877 0.000691102955374362
30.833333333333332 -0.14169760233591044 0.00068411885751965
30.866666666666667 -0.12680505487121982 0.000676265618008931
30.9 -0.10593736934468376 0.0006657496776282523
30.933333333333334 -0.0832219058147243 0.0006527175922625278
30.966666666666665 -0.059559567024405353 0.000639258404090591
31.0 -0.03310173712678283 0.0006241506027450661
31.033333333333335 -0.00775766667490482 0.0006089321165684827
31.066666666666666 0.017555340799476616 0.0006132476465749576
31.1 0.043228325211698095 0.0006282388726629035
31.133333333333333 0.06658663949252074 0.0006461427072233794
31.166666666666668 0.08932030089718933 0.0006566554897424887
31.2 0.10929096902178177 0.0006671949113063042
31.233333333333334 0.12507572367234884 0.0006756740645857962
31.266666666666666 0.13713717347950702 0.0006829295310539496
31.3 0.14536866714791938 0.000686516930543779
31.333333333333332 0.14889267420302438 0.0006882047538953051
31.366666666666667 0.14856819365625634 0.0006883493678966068
31.4 0.14397305798899132 0.0006863440315956204
31.433333333333334 0.13524772199719556 0.0006816415696130618
31.466666666666665 0.12295079179524311 0.0006743854371115687
31.5 0.1048847584911805 0.0006658313672090604
31.533333333333335 0.08739625103100687 0.000656980286886516
31.566666666666666 0.06486905783955917 0.0006407638981782149
31.6 0.0408862728458099 0.000629241713776714
31.633333333333333 0.016428872908579348 0.0006140347419223043
31.666666666666668 -0.010993693292544002 0.0006109029802727831
31.7 -0.035602036261455874 0.0006256078141111399
31.733333333333334 -0.06262991907917816 0.0006400473723113947
31.766666666666666 -0.08656673204690216 0.0006550208311120881
31.8 -0.1075515202826857 0.000665863996386698
31.833333333333332 -0.12662913126125278 0.0006758256450485334
31.866666666666667 -0.14264581114056146 0.0006844933718157531
31.9 -0.15428712697889957 0.0006907190436781785
31.933333333333334 -0.16221153199820526 0.0006950519732555338
31.966666666666665 -0.16601077381655274 0.0006963713740048838
32.0 -0.16605660964201385 0.000696939300835614
32.03333333333333 -0.1612077588634687 0.0006948271618297253
32.06666666666667 -0.15255278554111812 0.0006907545777270485
32.1 -0.13875007088858335 0.0006839466987736131
32.13333333333333 -0.12275605769155497 0.0006751675904265036
32.166666666666664 -0.10369321191644007 0.0006643837497211369
32.2 -0.08401925309236649 0.0006548832519646386
32.233333333333334 -0.05842359872960061 0.0006395093123352721
32.266666666666666 -0.03287452764966002 0.0006239283762180386
32.3 -0.0058410380173520085 0.0006084945624514884
32.333333333333336 0.019104138764039585 0.0006161315101695063
32.36666666666667 0.04412953785318135 0.0006298491939553535
32.4 0.06973679748438921 0.0006444051814639695
32.43333333333333 0.08990078922316957 0.0006574867002445278
32.46666666666667 0.10981468017320326 0.0006678440986456619
32.5 0.12466427253438943 0.0006756727649363109
32.53333333333333 0.13651494686135004 0.0006818869615445033
32.56666666666667 0.14313824894348845 0.0006855596183436286
32.6 0.14779488919581213 0.0006879745928309866
32.63333333333333 0.14731093098226034 0.0006921068164803257
32.666666666666664 0.1422509494238143 0.0006871629450434791
32.7 0.1332859301477149 0.000680905332197751
32.733333333333334 0.12182420876855626 0.0006764102350807627
32.766666666666666 0.10534937546802492 0.0006667156746820585
32.8 0.08523226583321473 0.0006549989654928423
32.833333333333336 0.06229509951527317 0.0006420370828985125
32.86666666666667 0.03956031273183623 0.0006285796403536284
32.9 0.013506306778382491 0.000612387560371774
32.93333333333333 -0.012293607987200713 0.0006115934430231222
32.96666666666667 -0.03894548590336651 0.0006274834007451296
33.0 -0.06452651948286707 0.0006423675185810579
33.03333333333333 -0.08757159932295787 0.0006545451107302647
33.06666666666667 -0.10832721145863831 0.0006665974078469555
33.1 -0.12728607875606854 0.0006764891251904159
33.13333333333333 -0.14236478179718415 0.0006841712544215506
33.166666666666664 -0.1537788037589562 0.0006911138179794274
33.2 -0.16258969776619342 0.0006969240508992725
33.233333333333334 -0.16586013128172686 0.0006976518078636862
33.266666666666666 -0.16503518801339526 0.0006970276089799665
33.3 -0.16089350970662303 0.0006954882057723932
33.333333333333336 -0.1524778866221797 0.0006899583198102244
33.36666666666667 -0.13829247591632823 0.000683317277133888
33.4 -0.12193546172493797 0.0006754332923215312
33.43333333333333 -0.10278379786717033 0.0006631304625306089
33.46666666666667 -0.07956365057998202 0.0006515458135299135
33.5 -0.05557396808100183 0.0006366869115270318
33.53333333333333 -0.030666801176717443 0.0006231536896979424
33.56666666666667 -0.004017553410418492 0.0006081219418300641
33.6 0.022153149214000686 0.0006179799282979188
33.63333333333333 0.047178975873157954 0.0006319492835191107
33.666666666666664 0.07061445769605587 0.0006456081306417533
33.7 0.09178119036434691 0.0006582465461436593
33.733333333333334 0.11083340626195706 0.0006687529152904631
33.766666666666666 0.12507434731188966 0.000676106619028255
33.8 0.13675193414214415 0.0006824653727742769
33.833333333333336 0.14413507965861802 0.0006856606935585763
33.86666666666667 0.14747369799002477 0.0006885974790764859
33.9 0.14661805554109528 0.0006879227041590719
33.93333333333333 0.14116051711053468 0.0006847552421910541
33.96666666666667 0.13314399842694802 0.0006809928780490415
34.0 0.11961875623276305 0.0006746955373677088
34.03333333333333 0.10295290539610513 0.0006650289267928905
34.06666666666667 0.08238759647677696 0.0006536268497266823
34.1 0.061672397495570214 0.0006428277616647993
34.13333333333333 0.03873766479715694 0.0006286592845925684
34.166666666666664 0.013711233467123203 0.0006146699309753541
34.2 -0.013055720903212368 0.000613805758069616
34.233333333333334 -0.03927499353444212 0.0006278613322511506
34.266666666666666 -0.0652285855308723 0.0006443018171811421
34.3 -0.08830033006430758 0.0006557289367769698
34.333333333333336 -0.10901990748541682 0.0006675869389555777
34.36666666666667 -0.12727059370905178 0.0006762133681800786
34.4 -0.1425562713534776 0.0006848379434813978
34.43333333333333 -0.15421257370782365 0.0006908022631897104
34.46666666666667 -0.16174752781272983 0.0006951642587516293
34.5 -0.1649367321070511 0.0006966170793246407
34.53333333333333 -0.16503641345542827 0.0006966551125014431
34.56666666666667 -0.15972550186622703 0.0006942032826064426
34.6 -0.15267516613428198 0.0006932769852381337
34.63333333333333 -0.1373931849145935 0.0006820284812069088
34.666666666666664 -0.12115436604739527 0.0006734924862389774
34.7 -0.0994346545595289 0.000661438168649664
34.733333333333334 -0.07943894192714225 0.0006517784038368307
34.766666666666666 -0.05389307614316869 0.0006366066146482746
34.8 -0.030570687919169504 0.0006220470243614405
34.833333333333336 -0.004100651334682935 0.0006081610285361234
34.86666666666667 0.022136980839561136 0.0006170911570353363
34.9 0.04655536408047068 0.0006322304566676873
34.93333333333333 0.07031373706920555 0.0006454231355622897
34.96666666666667 0.09224494655374031 0.0006589772383346487
35.0 0.10946411665881998 0.0006684093929866519
35.03333333333333 0.1252575490934996 0.0006759717522912823
35.06666666666667 0.13456590330739934 0.0006807199880037307
35.1 0.14184607719106043 0.0006849031806018258
35.13333333333333 0.145799835896259 0.000686195591122235
35.166666666666664 0.1457879281038001 0.0006866408595022355
35.2 0.14076118527411546 0.0006846198763848232
35.233333333333334 0.13104636675904316 0.0006792499459764845
35.266666666666666 0.11763905612133845 0.0006716733441369388
35.3 0.10066834442249308 0.0006631865116455138
35.333333333333336 0.08171525682223349 0.0006518242308832523
35.36666666666667 0.05909051911248136 0.0006384853595844675
35.4 0.035303997266101124 0.0006275845448272116
35.43333333333333 0.010370579328184802 0.0006105979165517972
35.46666666666667 -0.015362631582986268 0.0006137510394251602
35.5 -0.041442368801170595 0.0006287038014419488
35.53333333333333 -0.06508653354760403 0.000642391537996459
35.56666666666667 -0.08854711316205657 0.0006556890685603944
35.6 -0.1087107433672442 0.000666438996745497
35.63333333333333 -0.12816999104908264 0.0006775711742741108
35.666666666666664 -0.14300190143288807 0.0006848441111978187
35.7 -0.15404268991141273 0.0006909880177569383
35.733333333333334 -0.16099541967613862 0.0006948602636981382
35.766666666666666 -0.16494299553728814 0.0006967060083647447
35.8 -0.16400760268227174 0.0006960713092045712
35.833333333333336 -0.15801616254598497 0.0006938226712958628
35.86666666666667 -0.1483234378318804 0.0006883288455060421
35.9 -0.13550014254561313 0.0006816974435347456
35.93333333333333 -0.12074540341962305 0.0006749762525359027
35.96666666666667 -0.09931077981453673 0.000662924078960167
36.0 -0.07624021183968627 0.0006501998825542143
36.03333333333333 -0.052876836234774946 0.0006360495884041445
36.06666666666667 -0.027184465784493746 0.0006208613804233008
36.1 -0.0013991976828802866 0.000605333586317783
36.13333333333333 0.0236470343059507 0.0006186781686318213
36.166666666666664 0.047968030935585326 0.0006330834422463155
36.2 0.0714720147410534 0.0006456251296240584
36.233333333333334 0.09224914899813365 0.000658223243404657
36.266666666666666 0.11053621591728868 0.0006680607889758133
36.3 0.12498589445449414 0.0006769988340866867
36.333333333333336 0.13671179468067673 0.0006823269739863747
36.36666666666667 0.142758545913537 0.0006856948778273808
36.4 0.14627161495819985 0.0006869783194926871
36.43333333333333 0.14516690071039196 0.0006864313288987012
36.46666666666667 0.13959281170752905 0.000683634940773864
36.5 0.12902091192951884 0.0006834845271985746
36.53333333333333 0.11475001083473921 0.0006718439486581435
36.56666666666667 0.09910641684966977 0.0006639367272764513
36.6 0.07836373387818958 0.0006512129534925609
36.63333333333333 0.05587682273722533 0.0006381373370229482
36.666666666666664 0.03236950252105265 0.0006256710054514183
36.7 0.00749955128918185 0.000608739505043465
36.733333333333334 -0.017121526486427143 0.0006160988040744969
36.766666666666666 -0.042579528351634845 0.0006292555279152276
36.8 -0.06696004868251289 0.0006435203158125791
36.833333333333336 -0.08971569750583464 0.0006557173188287274
36.86666666666667 -0.11082576730543908 0.0006679032430587373
36.9 -0.12929712558884424 0.0006772062436085358
36.93333333333333 -0.1428576076146971 0.0006854920752844829
36.96666666666667 -0.15420702824166968 0.0006923853550836467
37.0 -0.1614540725007007 0.0006973815019203911
37.03333333333333 -0.16461575827099728 0.0006982380507966068
37.06666666666667 -0.16199976158536472 0.000695783355222801
37.1 -0.1559950926087825 0.0006931349179628288
37.13333333333333 -0.14627172116402656 0.0006869776634096381
37.166666666666664 -0.13333732124893588 0.0006808475765427979
37.2 -0.11611271019719586 0.0006729680053760567
37.233333333333334 -0.09724308891347723 0.0006612088908390518
37.266666666666666 -0.07416301830459618 0.0006486016667804767
37.3 -0.05093523037017251 0.0006350882222908583
37.333333333333336 -0.0239727915840004 0.0006204451772956893
37.36666666666667 0.0013694692074356467 0.0006055521054345878
37.4 0.025937154726345186 0.0006196643644757333
37.43333333333333 0.04933187022814567 0.0006333242977880141
37.46666666666667 0.07345841479553655 0.0006480681251075787
37.5 0.0923491964399507 0.0006603293380205433
37.53333333333333 0.11087883264384449 0.00066917712797189
37.56666666666667 0.1259429879078863 0.0006761570350594104
37.6 0.1360221294145975 0.0006831721273374558
37.63333333333333 0.14365534645493938 0.0006899682743572444
37.666666666666664 0.1458567907376077 0.0006895490449773389
37.7 0.14433965603939775 0.0006894276893175677
37.733333333333334 0.1377314320426384 0.0006842532250848077
37.766666666666666 0.12773487791889288 0.0006767215100187962
37.8 0.11657204347400335 0.0006729821178600714
37.833333333333336 0.09829596770426398 0.000662291396790568
37.86666666666667 0.0790351947774247 0.0006518183377548642
37.9 0.05599946945010856 0.000638188197397721
37.93333333333333 0.03261635492309784 0.0006245498790019635
37.96666666666667 0.007656128311931016 0.0006108720244587633
38.0 -0.019739180265211365 0.0006159040352634107
38.03333333333333 -0.04329762454265781 0.000629475758253166
38.06666666666667 -0.06863457475340383 0.0006445959702100074
38.1 -0.09052503055093267 0.000657102594182557
38.13333333333333 -0.11058489162273182 0.0006713957427339073
38.166666666666664 -0.1279337186059854 0.0006760086846504809
38.2 -0.143300692168793 0.0006844119156292072
38.233333333333334 -0.15366597650342292 0.0006897617874654649
38.266666666666666 -0.15994421304703182 0.0006931685480403849
38.3 -0.16234371790458718 0.0006949685803509797
38.333333333333336 -0.16227934058479213 0.0006951132752187894
38.36666666666667 -0.15591398625523606 0.0006921633648332981
38.4 -0.14706178763593322 0.0006910965774618028
38.43333333333333 -0.13304641724670094 0.0006817209775272781
38.46666666666667 -0.11633178480455812 0.0006716847547494076
38.5 -0.09584748689004965 0.0006611702115665724
38.53333333333333 -0.07249561070925037 0.0006469249525061505
38.56666666666667 -0.049695044407649124 0.0006339214453376235
38.6 -0.023549969163474824 0.0006181690377178965
38.63333333333333 0.0019573168116251926 0.0006052695582672903
38.666666666666664 0.02629141655271314 0.0006201135213863458
38.7 0.05195095591459331 0.0006339935411160402
38.733333333333334 0.0739793273287815 0.0006481378531709991
38.766666666666666 0.0918543108834563 0.0006589803845712394
38.8 0.11176491694513543 0.0006688016079910153
38.833333333333336 0.12577802437584762 0.0006755496394582616
38.86666666666667 0.1356675888910361 0.0006800546775661831
38.9 0.14147691260318707 0.0006841271555027839
38.93333333333333 0.14399326651378183 0.0006851648471376537
38.96666666666667 0.14294936913220793 0.0006847713726038929
39.0 0.1369427658370406 0.0006817219103754935
39.03333333333333 0.12705465417675504 0.0006777148595225879
39.06666666666667 0.11216091197630636 0.0006706198452621909
39.1 0.09705959156388318 0.0006610888997750919
39.13333333333333 0.07638893167634052 0.0006498388662115329
39.166666666666664 0.05417869698432423 0.0006368388318069296
39.2 0.029333650165702076 0.000621172986983453
39.233333333333334 0.0057426712746251616 0.0006079574191785383
39.266666666666666 -0.02018376652663152 0.0006171352141811741
39.3 -0.045997036989749406 0.0006333847947573232
39.333333333333336 -0.06961644634832499 0.000645231162670637
39.36666666666667 -0.09205471817194867 0.0006579201053601297
39.4 -0.11225760813094315 0.0006687607045281901
39.43333333333333 -0.12922413267870705 0.0006779757998320035
39.46666666666667 -0.1433523289675909 0.000685463534127545
39.5 -0.15362704682858463 0.0006908833368701739
39.53333333333333 -0.16076313018127422 0.000694805760633882
39.56666666666667 -0.162367323032203 0.00069564307567066
39.6 -0.16021894043355944 0.0006946512861409071
39.63333333333333 -0.1544910521467473 0.0006923805781620662
39.666666666666664 -0.14397207199562043 0.0006855955405500047
39.7 -0.13035200107505998 0.0006784747966891158
39.733333333333334 -0.11251180985522538 0.0006688238401138663
39.766666666666666 -0.09431647480673112 0.0006592152438883864
39.8 -0.07216307544868564 0.0006475879593917794
39.833333333333336 -0.046236429139909836 0.0006320272308229097
39.86666666666667 -0.02304751626821829 0.0006178772485341474
39.9 0.0020513126176898563 0.0006054940226377522
39.93333333333333 0.02688256654830437 0.0006210676040305681
39.96666666666667 0.05256529232442434 0.0006364182176910246
40.0 0.07376590255154405 0.0006474197025406747
40.03333333333333 0.09470536683534084 0.000659081979254364
40.06666666666667 0.11087841561213438 0.0006682363107776562
40.1 0.12454271605328171 0.0006790001474192287
40.13333333333333 0.13457012111822506 0.0006810645891652811
40.166666666666664 0.14059114331788247 0.0006836822976495072
40.2 0.14351555936604826 0.0006862707956361291
40.233333333333334 0.14164300422941314 0.0006853651058215393
40.266666666666666 0.1353476791958533 0.0006819319849112604
40.3 0.1253480132833237 0.0006772123246002737
40.333333333333336 0.11124141962960023 0.0006683355149385284
40.36666666666667 0.09452281725029052 0.0006604890210670927
40.4 0.07314467122556108 0.0006516778059800638
40.43333333333333 0.05168049365086474 0.0006392659376617676
40.46666666666667 0.027892319979400636 0.0006233631854227692
40.5 0.003880645155698754 0.0006074312402814925
40.53333333333333 -0.021318263690039117 0.0006172455620147288
40.56666666666667 -0.046458048213011145 0.0006316630604384227
40.6 -0.07067464661811323 0.0006460165082315394
40.63333333333333 -0.09331110780818527 0.0006584552838510283
40.666666666666664 -0.11320104520332104 0.000668969166362679
40.7 -0.13005260655839967 0.0006784503595452795
40.733333333333334 -0.1430512724836248 0.0006856027309070922
40.766666666666666 -0.15307424314508625 0.0006907293491030253
40.8 -0.15987001462501788 0.0006946744219045176
40.833333333333336 -0.16153990073124982 0.0006955227576009582
40.86666666666667 -0.1602262077854659 0.0006947796245950211
40.9 -0.15325489885436824 0.0006913072366725725
40.93333333333333 -0.14356532134724023 0.0006859719629658811
40.96666666666667 -0.12924406842164735 0.0006793263070304367
41.0 -0.11132611777774962 0.0006684691791670472
41.03333333333333 -0.09095250868736818 0.0006574973874969997
41.06666666666667 -0.06926990209775581 0.0006458810998364595
41.1 -0.04491502915554953 0.000631201593135032
41.13333333333333 -0.021824902764133586 0.0006167819908059168
41.166666666666664 0.00585829421280404 0.0006081905020477764
41.2 0.02948553136237843 0.0006220295519596998
41.233333333333334 0.05301624266301923 0.0006370603673917993
41.266666666666666 0.07559531861010668 0.0006488837948682435
41.3 0.09550717874814507 0.0006603245749163406
41.333333333333336 0.11120659508697953 0.0006685154452200082
41.36666666666667 0.1255574963772709 0.0006765328590050135
41.4 0.13529643496669352 0.0006809162086649223
41.43333333333333 0.14061378933333427 0.0006840761471666457
41.46666666666667 0.14231157522897683 0.0006845271312694023
41.5 0.14059586951763656 0.0006836881911537751
41.53333333333333 0.134394158323475 0.0006807554797513271
41.56666666666667 0.1228971713976856 0.0006744902181518297
41.6 0.10896182019074878 0.0006673868812772238
41.63333333333333 0.09178464524421434 0.0006577245635952383
41.666666666666664 0.07184036769795081 0.0006470905596225318
41.7 0.04910375924234208 0.0006337776144717394
41.733333333333334 0.02560547775742938 0.000619867329679117
41.766666666666666 0.0014388030862091462 0.0006055375032466878
41.8 -0.023587286781802504 0.0006189652544541444
41.833333333333336 -0.048106693355726524 0.0006325317357048152
41.86666666666667 -0.07139714751169855 0.0006460087821809485
41.9 -0.0943558413224508 0.0006603128497876254
41.93333333333333 -0.11318687078392106 0.0006690239969745077
41.96666666666667 -0.12951259155189665 0.0006779597226602152
42.0 -0.14331449260380072 0.0006858673097967505
