0.0 1.1528562367115034 0.0007844540687327317
0.03333333333333333 1.202315463088841 0.0007690612585593559
0.06666666666666667 1.2291655583364391 0.000760764871693409
0.1 1.230706682217014 0.0007603817416887981
0.13333333333333333 1.207978087464515 0.0007682391085339635
0.16666666666666666 1.1567529731362343 0.0007847481153284708
0.2 1.0793826506409754 0.000806950769613124
0.23333333333333334 0.9744305792012364 0.0008272423045105892
0.26666666666666666 0.8460522444403558 0.0008378457901965231
0.3 0.6947120092517363 0.0008325940879702065
0.3333333333333333 0.5282834819954071 0.0008037596688840187
0.36666666666666664 0.3453187724715774 0.0007473036971185065
0.4 0.15696415756368606 0.0006653400083454775
0.43333333333333335 -0.027769088256691717 0.0005953718923547222
0.4666666666666667 -0.21919157606789652 0.0006886509257799378
0.5 -0.3921674142610831 0.0007542182176473733
0.5333333333333333 -0.5613665352821482 0.0008007141699681863
0.5666666666666667 -0.7145559680941831 0.0008168574748291801
0.6 -0.8552339198520255 0.0008155553361836043
0.6333333333333333 -0.9743857538845982 0.0008044012501012832
0.6666666666666666 -1.0716472131525965 0.0007843796756712429
0.7 -1.146579047303189 0.0007648754924072243
0.7333333333333333 -1.1959031569483274 0.0007556141583726639
0.7666666666666667 -1.219886541720257 0.0007520756582690691
0.8 -1.2198303440553968 0.0007522365577210532
0.8333333333333334 -1.1952866247629488 0.0007570283672302391
0.8666666666666667 -1.1436079242153854 0.000770389123823767
0.9 -1.063489425589349 0.0007924924532436428
0.9333333333333333 -0.956098841932148 0.0008129169311448248
0.9666666666666667 -0.8195793040581149 0.0008288357716337291
1.0 -0.6663735677321413 0.0008238581400956679
1.0333333333333334 -0.49695507311674764 0.0007891502580045229
1.0666666666666667 -0.31424678772824904 0.0007339154326592712
1.1 -0.1327304521052224 0.0006505786009410597
1.1333333333333333 0.05661456373464318 0.0006126070930113289
1.1666666666666667 0.23856630361143433 0.0007007446713035159
1.2 0.41365992828741854 0.0007672252339690488
1.2333333333333334 0.5768624814923251 0.0008096239438283304
1.2666666666666666 0.7259454848865732 0.0008305729694197961
1.3 0.8591597621610874 0.0008314200939585348
1.3333333333333333 0.9712139768776837 0.0008197347763504448
1.3666666666666667 1.0626966650525222 0.0008032844434460173
1.4 1.1329429505013544 0.0007881302230170473
1.4333333333333333 1.18116859033061 0.0007739989234385458
1.4666666666666666 1.2031894697533396 0.0007680710864397255
1.5 1.1999371561916383 0.0007699491906172362
1.5333333333333334 1.1693485817915241 0.0007812131672904066
1.5666666666666667 1.1151611442017915 0.0007970110849742085
1.6 1.031346117912161 0.0008195936242760826
1.6333333333333333 0.9251371643726847 0.0008317665384871553
1.6666666666666667 0.7937759362673779 0.0008377208663746805
1.7 0.6438283259421043 0.0008200841174970108
1.7333333333333334 0.47362442953301814 0.0007851059009816308
1.7666666666666666 0.29331804248336746 0.0007254074067075122
1.8 0.11494915154856765 0.0006420352270669061
1.8333333333333333 -0.07198383724861583 0.0006213853463765684
1.8666666666666667 -0.25001398744235054 0.0007009566970881953
1.9 -0.4288956564429845 0.0007666776780471118
1.9333333333333333 -0.5881325058928777 0.000806985061775789
1.9666666666666666 -0.73785791380088 0.0008189963519927845
2.0 -0.8670463757023359 0.0008191872536148503
2.033333333333333 -0.9811287731046349 0.0008018592296622495
2.066666666666667 -1.0692192035379882 0.0007857241742958987
2.1 -1.1375676067876124 0.0007672865027539277
2.1333333333333333 -1.178709433472551 0.0007592491524326395
2.1666666666666665 -1.1955681571676138 0.0007563001223331867
2.2 -1.1884001485096145 0.0007592337409652039
2.2333333333333334 -1.155731291358056 0.000765638608089203
2.2666666666666666 -1.0931120350705015 0.000784345485474125
2.3 -1.0056825573658719 0.0008030642263578969
2.3333333333333335 -0.8936928290987575 0.0008201139487883369
2.3666666666666667 -0.7586520563098401 0.000828143636379175
2.4 -0.5985788775902205 0.0008074709556956661
2.433333333333333 -0.42801542309969365 0.0007698164125221618
2.466666666666667 -0.25048240029924873 0.0007068828251925452
2.5 -0.06528644073268058 0.0006181416157235858
2.533333333333333 0.11581431510587566 0.000642101056290742
2.566666666666667 0.29369491528120584 0.000724768693662281
2.6 0.4629208900508883 0.0007832950795517157
2.6333333333333333 0.6213594535689214 0.0008187873681892999
2.6666666666666665 0.759162917151387 0.0008312431466287462
2.7 0.8841726260505235 0.0008302340469319436
2.7333333333333334 0.9906070597346415 0.0008200647999652144
2.7666666666666666 1.0680888233040275 0.0008034113756445471
2.8 1.1279826899390142 0.0007902369092236405
2.8333333333333335 1.1639684648118358 0.000782261985244892
2.8666666666666667 1.1766597128438039 0.0007772384499062923
2.9 1.1631916668449165 0.0007815604532375175
2.933333333333333 1.125753136811519 0.0007924827091636555
2.966666666666667 1.0584337829683967 0.00080832910644979
3.0 0.9674932952120939 0.0008265195554321147
3.033333333333333 0.8555868949659107 0.0008375375036132615
3.066666666666667 0.7171020651530211 0.0008366042961942544
3.1 0.5611590926618287 0.0008109758862467897
3.1333333333333333 0.3890131678066778 0.0007606551453355759
3.1666666666666665 0.21267882659293358 0.0006922199148739205
3.2 0.030348629564679954 0.0005981968071500122
3.2333333333333334 -0.14701986933811556 0.0006567670343184673
3.2666666666666666 -0.32669226631609594 0.0007320863097648456
3.3 -0.49082868513643796 0.0007839527184343997
3.3333333333333335 -0.6439954042829281 0.0008123039735780102
3.3666666666666667 -0.777741178391262 0.0008212813981889333
3.4 -0.8993000250730088 0.0008147002488978483
3.433333333333333 -0.998870619365669 0.000801274339641056
3.466666666666667 -1.0774595385277363 0.0007844221242516713
3.5 -1.1332476617830145 0.0007683093578336742
3.533333333333333 -1.1630868992652632 0.0007644782422844276
3.566666666666667 -1.1691816598719926 0.0007632958740126927
3.6 -1.1495815855661882 0.0007665888998813486
3.6333333333333333 -1.102416344594064 0.0007823427185915666
3.6666666666666665 -1.0271484382306064 0.0008001004619273555
3.7 -0.9298876939072466 0.0008175142909194744
3.7333333333333334 -0.8055302594804149 0.0008262363438497067
3.7666666666666666 -0.6639974568485071 0.0008209561994464432
3.8 -0.5030926650539601 0.0007963956150609519
3.8333333333333335 -0.33148799403836615 0.0007402569558236927
3.8666666666666667 -0.15299217698442352 0.0006611398753785247
3.9 0.028304310294555955 0.0005961964450264395
3.933333333333333 0.20170216480574812 0.0006834013000570904
3.966666666666667 0.37563236688457863 0.000756725796994373
4.0 0.5378639385853671 0.0008035449048179322
4.033333333333333 0.6808937328168624 0.0008285998601326172
4.066666666666666 0.8122868177535387 0.0008319530348483983
4.1 0.9215972063107939 0.0008274045769448568
4.133333333333334 1.0127137958096672 0.0008138023730552835
4.166666666666667 1.0802895163607957 0.0008012282738534271
4.2 1.1270133992943976 0.0007901953762701197
4.233333333333333 1.1479386992887395 0.0007853305893832374
4.266666666666667 1.1464149982537795 0.000787153931683493
4.3 1.1178918412650523 0.0007952291216652974
4.333333333333333 1.0662800949429063 0.0008096303080411538
4.366666666666666 0.985951163620453 0.0008252778059357757
4.4 0.8811983658688722 0.0008380947969811592
4.433333333333334 0.7608204362252042 0.0008390194156878694
4.466666666666667 0.6145902006562857 0.0008232509247055875
4.5 0.44996869121572075 0.0007834212952041453
4.533333333333333 0.28025550530342247 0.0007229813256421358
4.566666666666666 0.10093647075557657 0.000637441564167951
4.6 -0.0764050292921907 0.0006219071919338071
4.633333333333334 -0.24990656199358463 0.0007060058493492116
4.666666666666667 -0.4185306090790553 0.0007667417222972928
4.7 -0.5731910542131664 0.0008028587172269619
4.733333333333333 -0.7139251986470232 0.00081919895143856
4.766666666666667 -0.8380127741764661 0.0008195845454425088
4.8 -0.9462980661339201 0.0008090767844824986
4.833333333333333 -1.028863881349505 0.0007926942391154324
4.866666666666666 -1.0928233293981506 0.0007800671575544094
4.9 -1.1309165695975543 0.0007697824996155678
4.933333333333334 -1.1451412477611989 0.0007664610671114236
4.966666666666667 -1.1339026493386144 0.0007701416731320521
5.0 -1.0967310512605155 0.0007826386878428959
5.033333333333333 -1.0317219801023259 0.0007999267839622348
5.066666666666666 -0.9443819871600051 0.0008146255278056458
5.1 -0.8302192242034808 0.0008266838270171162
5.133333333333334 -0.6926185473735201 0.0008244081562126526
5.166666666666667 -0.5431032902049521 0.0008039780234084803
5.2 -0.37709682005814543 0.0007614645978444856
5.233333333333333 -0.20655161057004867 0.0006904645026631073
5.266666666666667 -0.02823808143507353 0.0006011626787918722
5.3 0.1513743769557087 0.0006625664082851312
5.333333333333333 0.3189002094568883 0.0007379793244689514
5.366666666666666 0.48012342160706933 0.0007902754915959376
5.4 0.6256969395558812 0.0008198865905324482
5.433333333333334 0.7564953924552014 0.0008327584329471671
5.466666666666667 0.8733273356554996 0.0008316411404136748
5.5 0.9655287079487768 0.0008244186454751112
5.533333333333333 1.0406442961303584 0.0008092915864585937
5.566666666666666 1.0923554872823422 0.000799485121264043
5.6 1.1192055784387318 0.0007922352763727325
5.633333333333334 1.1232065466360792 0.0007916821744204938
5.666666666666667 1.1035985573277893 0.0007975457893014681
5.7 1.056944265700507 0.0008115225749629751
5.733333333333333 0.9849055155389055 0.0008228346038577916
5.766666666666667 0.890386468412461 0.0008360071724669016
5.8 0.7755207558599813 0.0008398022441783448
5.833333333333333 0.6325803558684805 0.0008262593223559156
5.866666666666666 0.48199393386477996 0.0007899295338135714
5.9 0.31816371107451963 0.0007378931384758869
5.933333333333334 0.14010574591223918 0.0006598721650120098
5.966666666666667 -0.035975526983615204 0.0006027720806373454
6.0 -0.2097280341270892 0.0006890958757891363
6.033333333333333 -0.372555884109214 0.0007519483415963091
6.066666666666666 -0.5295555823173526 0.0007919670466334239
6.1 -0.6686476386030877 0.000818385767562102
6.133333333333334 -0.7973053754146329 0.000821758565452968
6.166666666666667 -0.9061453247851334 0.0008130410219251427
6.2 -0.9936251050566475 0.0008006994042669691
6.233333333333333 -1.0569064167843096 0.0007903022189263975
6.266666666666667 -1.101887646534982 0.0007788398238026684
6.3 -1.119325709489336 0.0007743741342909338
6.333333333333333 -1.1143598620667905 0.000776700633849492
6.366666666666666 -1.0805731130768288 0.0007861308542151946
6.4 -1.0219122813468502 0.0008015899584468134
6.433333333333334 -0.9372060179094417 0.0008136309858692847
6.466666666666667 -0.8300443195472909 0.000825121693806663
6.5 -0.7025821167498271 0.0008252337813184907
6.533333333333333 -0.5560933697621417 0.0008044222004864876
6.566666666666666 -0.39448887642615904 0.0007664860823250463
6.6 -0.22256545752849963 0.0006961749054971433
6.633333333333334 -0.04806641026867557 0.000610269138825649
6.666666666666667 0.11720100106167512 0.0006453750515531542
6.7 0.28874976800491037 0.0007241814261407242
6.733333333333333 0.4483068408599941 0.0007804856315307696
6.766666666666667 0.5950159198592704 0.000816309295000317
6.8 0.7240194358560874 0.0008300329928038197
6.833333333333333 0.8388711160147524 0.0008319600463494448
6.866666666666666 0.9334096266271555 0.000825823446642282
6.9 1.0112805011983115 0.0008160032026538477
6.933333333333334 1.063119433703238 0.0008054408598829887
6.966666666666667 1.0939071672257719 0.00079997758619621
7.0 1.0999251271356416 0.0007978556636794032
7.033333333333333 1.0828330879353105 0.0008037030192220573
7.066666666666666 1.040051459254843 0.000814965766562814
7.1 0.9733359535033399 0.0008258261198395012
7.133333333333334 0.8808768925882131 0.000838367250449279
7.166666666666667 0.7668658567133834 0.0008383281411550314
7.2 0.6343825889535307 0.0008294499893358731
7.233333333333333 0.4838537653067375 0.0007953392968639839
7.266666666666667 0.3193752720833571 0.0007383610632916149
7.3 0.15190712720569485 0.0006658902375556164
7.333333333333333 -0.0223943005303756 0.0005961670235585595
7.366666666666666 -0.19230344778285002 0.0006844251948059099
7.4 -0.3520616306265171 0.0007485822372491624
7.433333333333334 -0.5060734319822289 0.0007930808261811251
7.466666666666667 -0.6492327972961176 0.0008136242988014963
7.5 -0.7731765960716104 0.0008237571427359702
7.533333333333333 -0.8801985234276376 0.0008161852586235918
7.566666666666666 -0.9681137842044089 0.0008066224362981433
7.6 -1.0334569422967244 0.0007940428148403011
7.633333333333334 -1.0772257490369093 0.0007855267351439821
7.666666666666667 -1.0958209213701733 0.0007820063334615934
7.7 -1.090517030974912 0.0007834545630551748
7.733333333333333 -1.05924369029259 0.0007922945302707429
7.766666666666667 -1.0022156290195086 0.0008027484182646649
7.8 -0.920897993721407 0.0008184749785069556
7.833333333333333 -0.8163804976570477 0.000829344050732872
7.866666666666666 -0.6868880743454622 0.0008246131574931592
7.9 -0.5468556613064902 0.0008052217663527816
7.933333333333334 -0.38500537356847914 0.0007627842517299865
7.966666666666667 -0.2178294508865751 0.0006942809569743247
8.0 -0.04910056729248479 0.0006145304700711715
8.033333333333333 0.1199188081663649 0.0006465074821884048
8.066666666666666 0.2870856050259121 0.0007235597270437988
8.1 0.43791100697532975 0.0007797408953779672
8.133333333333333 0.5845232228767473 0.0008160054308365972
8.166666666666666 0.7118241942438204 0.0008320192277705418
8.2 0.8256193164220708 0.0008333778971436612
8.233333333333333 0.9189123383726888 0.0008275671419318842
8.266666666666667 0.992808124830102 0.0008160237786360991
8.3 1.0453307744900144 0.0008088725918693473
8.333333333333334 1.073389744853159 0.0008049168496564452
8.366666666666667 1.0774774636999274 0.0008046446230558502
8.4 1.0603626636307315 0.0008083350123591071
8.433333333333334 1.0161207026354486 0.00081817116480698
8.466666666666667 0.9495312282557998 0.0008252857551093173
8.5 0.8595168054557031 0.000838338242011738
8.533333333333333 0.7451764854582259 0.0008394869970158592
8.566666666666666 0.612978296118217 0.0008226249012016629
8.6 0.45918361519620293 0.0007888693887602161
8.633333333333333 0.29848898885400754 0.0007334374486993589
8.666666666666666 0.13135447401674752 0.0006546332860537241
8.7 -0.03406243900221131 0.0006018644425716813
8.733333333333333 -0.201842511698085 0.0006861563422655426
8.766666666666667 -0.35891889861228854 0.0007506698526619782
8.8 -0.5073935516550712 0.0007922659271397681
8.833333333333334 -0.6481617145750234 0.0008143807443258266
8.866666666666667 -0.7667380390452874 0.0008214162465300934
8.9 -0.8690934599360516 0.0008182964955362193
8.933333333333334 -0.9554961221179298 0.0008067191618936764
8.966666666666667 -1.0188562739113864 0.0007976782485685785
9.0 -1.0581103700398364 0.0007902476688896876
9.033333333333333 -1.0737489140095404 0.0007874565709871106
9.066666666666666 -1.0653126781083744 0.0007909282957307973
9.1 -1.0309425318455039 0.0007986108188573482
9.133333333333333 -0.973237001740149 0.0008106779158946198
9.166666666666666 -0.8897136717204835 0.0008210646560687929
9.2 -0.7831272195980813 0.0008284034044351296
9.233333333333333 -0.6574973699372166 0.0008213809303279085
9.266666666666667 -0.5110828990835329 0.0007963033236595418
9.3 -0.3521778995316887 0.0007477184669958947
9.333333333333334 -0.19451373498280594 0.0006845573962361573
9.366666666666667 -0.025033123722858475 0.0005988476877151344
9.4 0.14135720597775087 0.0006612541067382016
9.433333333333334 0.2984497124815473 0.000728598707239958
9.466666666666667 0.44982483149707614 0.0007856243073323665
9.5 0.5907736921514498 0.0008159845948386701
9.533333333333333 0.7159783483546507 0.0008304340498996865
9.566666666666666 0.8235032576205671 0.0008310429363053151
9.6 0.915668368420305 0.0008275753449872303
9.633333333333333 0.9821273242132088 0.0008193641116026606
9.666666666666666 1.029348960888388 0.000811519706040098
9.7 1.0531934807958891 0.0008080557101779462
9.733333333333333 1.0538634268136897 0.0008094237486342415
9.766666666666667 1.0307594058081844 0.0008156606746450024
9.8 0.9844565868282621 0.0008226961582175063
9.833333333333334 0.9115171846448505 0.0008349319574473268
9.866666666666667 0.8211490290298326 0.0008377041911014071
9.9 0.7042550134649699 0.0008362820076718291
9.933333333333334 0.5734479247862082 0.0008183776126517994
9.966666666666667 0.419018494900789 0.0007753186452874594
10.0 0.2614353435827148 0.0007179497234073295
10.033333333333333 0.09507989260024179 0.0006373417799373088
10.066666666666666 -0.06547207374705613 0.000619836708508667
10.1 -0.2285589462398602 0.0007008188901896639
10.133333333333333 -0.38307453092092036 0.0007586250696405283
10.166666666666666 -0.5268938433484576 0.0007946847780744282
10.2 -0.6605970814313936 0.0008164640342094298
10.233333333333333 -0.7750667190442311 0.0008220555699252063
10.266666666666667 -0.8742106215251597 0.0008178466254605832
10.3 -0.954118006944443 0.0008083080600136405
10.333333333333334 -1.0085675057513945 0.0008010598649221823
10.366666666666667 -1.0414873150158928 0.0007947682146336454
10.4 -1.0512132145100437 0.0007937183407336068
10.433333333333334 -1.036632913647453 0.0007960039460574997
10.466666666666667 -0.9975863191124298 0.0008055968474056652
10.5 -0.9360468880644364 0.0008155147214166103
10.533333333333333 -0.8489354692647494 0.0008237641175666832
10.566666666666666 -0.7358180927489641 0.0008280954247841255
10.6 -0.6056597305163386 0.0008131389676526712
10.633333333333333 -0.46113512789477273 0.0007857197811811378
10.666666666666666 -0.30456248142991826 0.0007356457226114221
10.7 -0.14445177203148907 0.0006612067839946723
10.733333333333333 0.016203313079637807 0.0005945204441891554
10.766666666666667 0.17823655790528878 0.0006813243875197217
10.8 0.3391782539306647 0.000746777514617547
10.833333333333334 0.4818611408009147 0.0007945197605142007
10.866666666666667 0.6160187651362246 0.0008216591480888491
10.9 0.7318049328908962 0.0008329194444893773
10.933333333333334 0.8355214098846183 0.0008345974817459689
10.966666666666667 0.9163133542252222 0.0008290538060098385
11.0 0.9780411156536105 0.0008197503439228981
11.033333333333333 1.0168687516001271 0.0008140435855543693
11.066666666666666 1.034733138983224 0.0008133558690299747
11.1 1.0290141711901781 0.0008149434441722114
11.133333333333333 1.000017755183053 0.0008211407480422928
11.166666666666666 0.9467376573577893 0.0008289237993204246
11.2 0.8681792382807988 0.0008378162815668722
11.233333333333333 0.7712278605865207 0.0008398768905893972
11.266666666666667 0.6509410530619993 0.0008333259116599656
11.3 0.5120920738122323 0.000802829196555721
11.333333333333334 0.36465715079439476 0.0007624159300210764
11.366666666666667 0.20243804158882897 0.0006943958041905895
11.4 0.0420101916824412 0.0006079061840073355
11.433333333333334 -0.11929075409000513 0.0006491866799109014
11.466666666666667 -0.2750213860004716 0.0007145780523526435
11.5 -0.42214490788668024 0.0007705953309112834
11.533333333333333 -0.5631220105226947 0.000802558256192798
11.566666666666666 -0.6860716694825493 0.000821601733588806
11.6 -0.7969857286251972 0.0008222442147511888
11.633333333333333 -0.8878294126219257 0.0008168031991883096
11.666666666666666 -0.9550364914667613 0.000806697030924175
11.7 -1.0024101282614457 0.000801850749995614
11.733333333333333 -1.0269142032669245 0.0007969602021071776
11.766666666666667 -1.0276547818007926 0.0007978461477649024
11.8 -1.004673981366727 0.0008047921800335978
11.833333333333334 -0.9582290686225378 0.0008138175500870259
11.866666666666667 -0.8860705836110971 0.0008215237647769547
11.9 -0.7905829179583957 0.0008283025222540763
11.933333333333334 -0.6750149603420555 0.0008242655773426089
11.966666666666667 -0.5412416712441602 0.0008052345809429484
12.0 -0.39463029133811695 0.0007657965994590787
12.033333333333333 -0.24052542596879684 0.0007079773653402566
12.066666666666666 -0.08183317032939999 0.0006348108687065923
12.1 0.07948235981392866 0.000629981082750225
12.133333333333333 0.23914789675997664 0.000704625939389053
12.166666666666666 0.3869187452882533 0.0007662219218572686
12.2 0.5257001118677648 0.0008055003772519109
12.233333333333333 0.6513283358849624 0.0008261273854441864
12.266666666666667 0.7599336565347428 0.0008332509332027449
12.3 0.8560964067891934 0.0008317192124885908
12.333333333333334 0.9288565041852482 0.0008252479170051119
12.366666666666667 0.9781308247308782 0.0008209327031647451
12.4 1.0076583062257363 0.0008157379625692851
12.433333333333334 1.0148913633555379 0.0008148619685239833
12.466666666666667 0.998878908432664 0.0008183590560268961
12.5 0.9600588077226377 0.0008274089582921418
12.533333333333333 0.8965935308679874 0.0008326111854555229
12.566666666666666 0.8104861624231704 0.0008381203250364955
12.6 0.704250488048491 0.000835208205609228
12.633333333333333 0.5777428393825709 0.0008193566947555242
12.666666666666666 0.43725898843754807 0.0007867362827371216
12.7 0.29073454772579277 0.0007312828920926773
12.733333333333333 0.13124142933687977 0.0006551305133945529
12.766666666666667 -0.02921021601974481 0.0006041617143410401
12.8 -0.1859114572286793 0.0006798834035845192
12.833333333333334 -0.33554621876440244 0.0007441818995161387
12.866666666666667 -0.4767454946046148 0.0007872727158718118
12.9 -0.6074534438342778 0.0008127185761759304
12.933333333333334 -0.7248395698313086 0.0008210605365228663
12.966666666666667 -0.8251115388524206 0.0008201769471368747
13.0 -0.9029654043264173 0.0008145792647608063
13.033333333333333 -0.9635194756842101 0.0008088727385734407
13.066666666666666 -0.995993630070098 0.0008032607580071849
13.1 -1.0106544620618998 0.0008009952009315757
13.133333333333333 -1.000717521305653 0.0008026696405659672
13.166666666666666 -0.9661060790897987 0.0008095275158266357
13.2 -0.9057318338542165 0.0008196343348157997
13.233333333333333 -0.8247182908955417 0.0008265955390567292
13.266666666666667 -0.7206405693789714 0.0008273534381710856
13.3 -0.5964695874025355 0.0008142820088490321
13.333333333333334 -0.45880442296860563 0.0007844532069817278
13.366666666666667 -0.310342641535415 0.0007362521292674229
13.4 -0.1595022221475481 0.0006683703937485075
13.433333333333334 -0.000111454027940937 0.0005826524991104462
13.466666666666667 0.15715034092666524 0.0006689384714722024
13.5 0.3054219732089184 0.0007366268704266932
13.533333333333333 0.44963811778826707 0.000785832584966728
13.566666666666666 0.579560511270248 0.0008151184945809353
13.6 0.695900256581803 0.0008301644543498021
13.633333333333333 0.7954585221534256 0.0008346372029214288
13.666666666666666 0.8757125218352844 0.0008319704996849753
13.7 0.9367230666935937 0.0008267482083830213
13.733333333333333 0.9752270359891871 0.0008224139041594913
13.766666666666667 0.9929913554304608 0.0008197288098500399
13.8 0.9891558114575283 0.0008227989392634028
13.833333333333334 0.9604893298878538 0.0008277798637610356
13.866666666666667 0.9102949039237459 0.0008334843837650707
13.9 0.8361870363976869 0.0008386982265337073
13.933333333333334 0.7405540456242364 0.0008376489171650903
13.966666666666667 0.6240522018098942 0.000827398898836873
14.0 0.49205525739123296 0.0007998868796457725
14.033333333333333 0.3514517067567852 0.0007571971834487989
14.066666666666666 0.19770242851346365 0.0006919330957418091
14.1 0.04272703263487804 0.0006122726187185804
14.133333333333333 -0.1128107831033389 0.0006455863876607126
14.166666666666666 -0.2638527918516799 0.0007133222075856871
14.2 -0.4085731804280201 0.0007656795717576048
14.233333333333333 -0.5434675883397424 0.0008000518777394605
14.266666666666667 -0.6640928858224582 0.0008172567313760037
14.3 -0.7695561258434607 0.0008210875252605554
14.333333333333334 -0.8541390966548924 0.0008206756922799485
14.366666666666667 -0.9197905422230029 0.0008149283111796857
14.4 -0.9663743866691347 0.000808186002984379
14.433333333333334 -0.9881305750591892 0.0008045453265281832
14.466666666666667 -0.9879328702332411 0.0008053048202921742
14.5 -0.9634518975268506 0.0008107353721075183
14.533333333333333 -0.9149978795334864 0.0008160411132108747
14.566666666666666 -0.8453296582530977 0.0008244222730450224
14.6 -0.7505667200977444 0.000828090213811028
14.633333333333333 -0.6357885188400914 0.0008193569082645125
14.666666666666666 -0.5059548949585041 0.0007965012398171156
14.7 -0.36576374238198955 0.0007578099496408641
14.733333333333333 -0.21127212023645722 0.0006952675786296159
14.766666666666667 -0.0590347141062583 0.0006219509949530883
14.8 0.09407825954848786 0.0006381384033191939
14.833333333333334 0.24400441274401757 0.00071073803345717
14.866666666666667 0.38990458810735423 0.0007660372895734735
14.9 0.5239983130710548 0.000801171275088497
14.933333333333334 0.6428612077041796 0.0008231522150018433
14.966666666666667 0.7478647664149863 0.0008340556852960423
15.0 0.8335091405642513 0.0008331032315964659
15.033333333333333 0.8997309419985056 0.0008297486760447947
15.066666666666666 0.9469570637659674 0.0008264689048189666
15.1 0.9715039267784996 0.0008228385658128889
15.133333333333333 0.9741612307246554 0.0008262822989449914
15.166666666666666 0.9548233486380958 0.0008276839444886219
15.2 0.9137409145460333 0.0008332285746347479
15.233333333333333 0.8494097349539111 0.0008374423433075151
15.266666666666667 0.7607409111339997 0.0008397611905732738
15.3 0.6516862666676945 0.0008315976090573773
15.333333333333334 0.5312853835590877 0.0008129705434312129
15.366666666666667 0.39306755219309214 0.0007719072330266696
15.4 0.24289629423678605 0.0007126813180066416
15.433333333333334 0.0931760355485137 0.0006402952630535641
15.466666666666667 -0.05840598073057987 0.0006155588582216348
15.5 -0.21083273047493317 0.0006892511450130867
15.533333333333333 -0.356310427089243 0.0007490628130324972
15.566666666666666 -0.48885318185308985 0.0007890357270926573
15.6 -0.6172386369151613 0.0008118399803871412
15.633333333333333 -0.7235774901361623 0.0008200123882622368
15.666666666666666 -0.8132248108456986 0.0008220607426070448
15.7 -0.88545162229819 0.0008161680360737611
15.733333333333333 -0.9359967205072524 0.0008106755946388766
15.766666666666667 -0.9656969729411893 0.0008074728762018646
15.8 -0.9707745685431838 0.0008078629461185649
15.833333333333334 -0.9538173115998906 0.0008105710112188413
15.866666666666667 -0.9152656150769366 0.0008161328144490332
15.9 -0.8494758922381176 0.0008247246920042306
15.933333333333334 -0.7660183160439992 0.0008283999690590349
15.966666666666667 -0.6558783531219674 0.0008209629497009097
16.0 -0.5367644128024874 0.0008027952916508374
16.033333333333335 -0.40001455251183193 0.0007695635675504797
16.066666666666666 -0.2533685189515845 0.0007158117608674908
16.1 -0.10134704548698968 0.0006410354987412686
16.133333333333333 0.04894764878743244 0.0006163849172198324
16.166666666666668 0.19921083747377719 0.0006894934501527894
16.2 0.34281896817544766 0.0007507439131725357
16.233333333333334 0.4774741612945799 0.000791691605329381
16.266666666666666 0.5980425655345367 0.0008201089568892206
16.3 0.7077447603439937 0.0008334823517189838
16.333333333333332 0.7964484404715213 0.0008331278162231337
16.366666666666667 0.8679758817917934 0.0008326300209953175
16.4 0.918188340975415 0.0008295083228537781
16.433333333333334 0.948889545749916 0.0008239760857576828
16.466666666666665 0.9577826119298553 0.0008254532253046953
16.5 0.9451858567845398 0.0008275286980137242
16.533333333333335 0.9107222756250284 0.0008329851633646079
16.566666666666666 0.8506401911013467 0.0008368602726521734
16.6 0.7706923311585859 0.0008410308246126208
16.633333333333333 0.668451438691219 0.0008327779083417974
16.666666666666668 0.5533528474266936 0.0008154552245818181
16.7 0.42149424771831956 0.0007853847619733179
16.733333333333334 0.2767719048254883 0.0007283823127789413
16.766666666666666 0.12815478047671006 0.0006574239338961729
16.8 -0.021448518188851906 0.0005982300010812132
16.833333333333332 -0.1717434991096455 0.0006776757975541225
16.866666666666667 -0.31713060096898965 0.0007356810361663357
16.9 -0.4503911555622228 0.0007785471003384781
16.933333333333334 -0.5777667995796203 0.000807670889797607
16.966666666666665 -0.6880075725979504 0.0008195099427783514
17.0 -0.7783181264018307 0.0008223332960850538
17.033333333333335 -0.8540092201813024 0.0008204118272064909
17.066666666666666 -0.9081243289166764 0.000814109262400553
17.1 -0.9425637997519947 0.0008107072019544193
17.133333333333333 -0.9530848814260772 0.0008104231599397327
17.166666666666668 -0.9420274953756842 0.0008127386879309695
17.2 -0.9072990664175931 0.0008211735389028751
17.233333333333334 -0.8492650966816995 0.000822978871109159
17.266666666666666 -0.7708144675442657 0.0008268919057038415
17.3 -0.665414636172759 0.000821869892522531
17.333333333333332 -0.5539903503248684 0.0008065958766847459
17.366666666666667 -0.4193637633396124 0.0007731628175356442
17.4 -0.27754355414614634 0.0007240101792104214
17.433333333333334 -0.1309064396731342 0.0006588148373883052
17.466666666666665 0.018109548059514625 0.0006002081347146679
17.5 0.16694761146806697 0.0006762109786578041
17.533333333333335 0.3128861147159144 0.0007410374321938362
17.566666666666666 0.44328065775190756 0.0007845161166304959
17.6 0.5682239011838904 0.0008138098443937203
17.633333333333333 0.6779665542822353 0.0008286123157263958
17.666666666666668 0.7665634749001865 0.0008344206404042875
17.7 0.8423377134340673 0.0008344134688084148
17.733333333333334 0.8935342957813971 0.0008315936149039249
17.766666666666666 0.9275871009608446 0.0008266987330025621
17.8 0.94017360942956 0.0008293681347573134
17.833333333333332 0.9320132305432176 0.0008309902779595202
17.866666666666667 0.8982335114308894 0.0008341090655132888
17.9 0.8453164221530052 0.0008374462293849749
17.933333333333334 0.7697071293266196 0.0008369477960805671
17.966666666666665 0.6737099644785702 0.0008335019420874223
18.0 0.5626040278194847 0.0008162886433368266
18.033333333333335 0.4336219311198835 0.0007855114782949757
18.066666666666666 0.29072711396924794 0.0007349976332896024
18.1 0.1455016107530958 0.0006684272275624126
18.133333333333333 -0.0012473520414771177 0.0005850412524345471
18.166666666666668 -0.1472853710491815 0.0006625375414197054
18.2 -0.2893665802630272 0.0007274903644912678
18.233333333333334 -0.42355147392411346 0.0007707195186236748
18.266666666666666 -0.5500517181942605 0.0008036703049352223
18.3 -0.6619256641765983 0.0008170950608995531
18.333333333333332 -0.7537859618584416 0.0008214477187433733
18.366666666666667 -0.8309889020933898 0.0008205771552959318
18.4 -0.8858327512742357 0.0008172413260417732
18.433333333333334 -0.9218102942199621 0.0008130497418509242
18.466666666666665 -0.9355094437157273 0.0008115890866938757
18.5 -0.9274750205933675 0.0008141475575604851
18.533333333333335 -0.8966868314172494 0.0008178003184344806
18.566666666666666 -0.8431970493333953 0.0008241419265785366
18.6 -0.7661722966886573 0.0008275681450508054
18.633333333333333 -0.6644810788450971 0.0008226756082493347
18.666666666666668 -0.5555227714366723 0.0008050150395605415
18.7 -0.4267980228869767 0.0007776852365478093
18.733333333333334 -0.28879019534585276 0.0007303475455857633
18.766666666666666 -0.14149664606475404 0.0006621151290764349
18.8 0.0018562582772769123 0.000589318333731824
18.833333333333332 0.1489511553336924 0.00066840835589696
18.866666666666667 0.29017429538778766 0.0007334312671692933
18.9 0.42327251399164023 0.0007804903950352493
18.933333333333334 0.5479810752230597 0.000809794494421312
18.966666666666665 0.6540951998446035 0.0008287405873497189
19.0 0.7468319587757514 0.0008329072712893737
19.033333333333335 0.8210830065138225 0.0008347919945875804
19.066666666666666 0.8754924631825238 0.000832161045705937
19.1 0.9097593490732762 0.0008295018586556013
19.133333333333333 0.9228904101753597 0.000830229892903378
19.166666666666668 0.9160027578327545 0.0008303666217727157
19.2 0.8862005613897407 0.0008349973780604758
19.233333333333334 0.8368401892409404 0.0008389866042003424
19.266666666666666 0.7609960110728162 0.0008379793493684673
19.3 0.6670280994393804 0.0008320162448158808
19.333333333333332 0.5598415267703154 0.0008162372438456078
19.366666666666667 0.4349988948303559 0.0007839495527485196
19.4 0.29748431186780666 0.000737308034840567
19.433333333333334 0.1555655112670526 0.0006713839883575601
19.466666666666665 0.01018699446259621 0.0005923428489433419
19.5 -0.1342402002433819 0.0006573394970855462
19.533333333333335 -0.2761349291064047 0.0007203659816922281
19.566666666666666 -0.40927164595287163 0.0007685480452166438
19.6 -0.533431711268175 0.0007974305051671182
19.633333333333333 -0.6441615416184532 0.0008160878246353809
19.666666666666668 -0.7361512019367547 0.0008231409203678375
19.7 -0.8113578850510882 0.0008207983053417633
19.733333333333334 -0.8681192299588821 0.0008184797202925864
19.766666666666666 -0.904408722450144 0.0008161976933481752
19.8 -0.9177692842798671 0.0008172269289324907
19.833333333333332 -0.9106582774060689 0.0008192150928097996
19.866666666666667 -0.8812995124508822 0.0008209891058084118
19.9 -0.8279834023099658 0.0008241321211809316
19.933333333333334 -0.7521678826972332 0.000825284503646273
19.966666666666665 -0.6585265059864319 0.0008215612772357606
20.0 -0.5450634656393661 0.0008067975253736037
20.033333333333335 -0.42059722129511345 0.0007741925813013473
20.066666666666666 -0.28458718401990774 0.0007289801900676185
20.1 -0.14037944410331035 0.0006637721020069653
20.133333333333333 0.0021467521579300467 0.0005881293209796402
20.166666666666668 0.14755255985379565 0.0006654270799504314
20.2 0.2827771564876888 0.0007249337548890789
20.233333333333334 0.41259416438381585 0.0007741933476063667
20.266666666666666 0.5343562676219215 0.0008054650467073099
20.3 0.6435570608462847 0.0008247825057504654
20.333333333333332 0.7333012585791481 0.0008305761607800832
20.366666666666667 0.8055755366152385 0.0008338192531394117
20.4 0.8601664189504291 0.000832864205412287
20.433333333333334 0.8933404196475416 0.0008310439692921223
20.466666666666665 0.9061617870382048 0.0008311701743832778
20.5 0.8990669866472677 0.0008325032052388659
20.533333333333335 0.8703134589563617 0.0008357017579586623
20.566666666666666 0.8201937282339008 0.0008367430491013073
20.6 0.7464048398868763 0.0008369867563260414
20.633333333333333 0.6548114482917489 0.0008321640308432965
20.666666666666668 0.5467309673603514 0.0008139506962128173
20.7 0.42678900490236005 0.0007854135752319857
20.733333333333334 0.28785115757129065 0.0007317939843830557
20.766666666666666 0.15060733958410774 0.0006696166333302611
20.8 0.006264561491749872 0.0005898332561599896
20.833333333333332 -0.13470784177568043 0.0006614764223134006
20.866666666666667 -0.2736739021228584 0.0007210682569619986
20.9 -0.4048369630065409 0.0007680005368452258
20.933333333333334 -0.5252148597112496 0.0008014987860809342
20.966666666666665 -0.6344092965264387 0.0008173344345540068
21.0 -0.7246253100899405 0.0008216591460485922
21.033333333333335 -0.8002366546782863 0.0008219168810918998
21.066666666666666 -0.8546236022210285 0.0008197453792190279
21.1 -0.8893585625115223 0.0008180192257144503
21.133333333333333 -0.9023436647649912 0.0008174452827587331
21.166666666666668 -0.8935754287699254 0.0008183616446452158
21.2 -0.8638788957191679 0.0008216851339289954
21.233333333333334 -0.8104055259276595 0.0008249210754630587
21.266666666666666 -0.7357734548595666 0.0008263302793727334
21.3 -0.6409835196074606 0.0008203888346881572
21.333333333333332 -0.5285471801199665 0.0008030068613243957
21.366666666666667 -0.406485316419481 0.0007719126392654041
21.4 -0.27327438948873833 0.0007231050805251993
21.433333333333334 -0.13105848078240803 0.0006561142612568627
21.466666666666665 0.008931859938584003 0.0005916804565185858
21.5 0.15167538624023252 0.0006700881755379029
21.533333333333335 0.28722617401815265 0.0007302648386358079
21.566666666666666 0.4149730057650467 0.0007753060134216838
21.6 0.5333994359181188 0.0008062627401158595
21.633333333333333 0.63674110514472 0.0008233520602801692
21.666666666666668 0.7257058727992285 0.0008319570954692379
21.7 0.795587262990705 0.0008339143772324586
21.733333333333334 0.8489174963692868 0.0008357894329446003
21.766666666666666 0.8799584432489707 0.0008313618528065225
21.8 0.8907948471501742 0.0008329965352579238
21.833333333333332 0.8823367898177326 0.000833960722115723
21.866666666666667 0.8516214848545043 0.0008366227280381944
21.9 0.8002708455265231 0.0008395137223335958
21.933333333333334 0.7261710593034176 0.0008375167831881081
21.966666666666665 0.6339263379254031 0.0008282882241644751
22.0 0.5287201624411371 0.0008102893535291145
22.033333333333335 0.4051334058960352 0.0007776916374548914
22.066666666666666 0.27034187900223355 0.0007264194124975698
22.1 0.13341747584432612 0.0006622644274976441
22.133333333333333 -0.007606429999707401 0.0005909461899773682
22.166666666666668 -0.14759839093210994 0.0006673243617507651
22.2 -0.2834499546930479 0.0007267560045791654
22.233333333333334 -0.409447408003957 0.0007688953094214801
22.266666666666666 -0.5271431626983036 0.0007981347398444694
22.3 -0.6343233636302933 0.0008168645621269288
22.333333333333332 -0.7221480682704494 0.000822543308725332
22.366666666666667 -0.7939764482449605 0.0008221654571646253
22.4 -0.8445435317221226 0.0008204173735242293
22.433333333333334 -0.8763544842827873 0.0008183160253396604
22.466666666666665 -0.8861646971287009 0.0008192897741579053
22.5 -0.8749394094797286 0.0008207694177768676
22.533333333333335 -0.8433272243235509 0.000823262157137461
22.566666666666666 -0.7855420796518192 0.0008277555618676491
22.6 -0.7096441155769929 0.0008239177859130642
22.633333333333333 -0.6137903993831256 0.0008166061271914771
22.666666666666668 -0.5051904106725292 0.0007969923708621707
22.7 -0.3816992563657511 0.000763592580121486
22.733333333333334 -0.24807702286532216 0.0007144380235319936
22.766666666666666 -0.11186139758755773 0.000649393795591105
22.8 0.030928747812793984 0.0006055545599548684
22.833333333333332 0.16822738667351878 0.0006760532372323824
22.866666666666667 0.2984666173387232 0.0007353369429621837
22.9 0.4249073289397301 0.0007797899244298967
22.933333333333334 0.5407701024526601 0.0008075490829932974
22.966666666666665 0.6412924850026002 0.0008231259069692021
23.0 0.7259502908112273 0.0008315914340727426
23.033333333333335 0.790585997837082 0.0008320488681518023
23.066666666666666 0.8386569328990578 0.0008331484815365942
23.1 0.8677462253834439 0.000830146386837205
23.133333333333333 0.8760067966540923 0.0008328039587176539
23.166666666666668 0.8640210997362241 0.0008341329982586299
23.2 0.8297331591309802 0.0008351299863460504
23.233333333333334 0.7762920550064232 0.000837747776809894
23.266666666666666 0.6990748410978384 0.0008366745500355544
23.3 0.6067124994802567 0.0008252077945570813
23.333333333333332 0.4981545099726526 0.0008035148521052249
23.366666666666667 0.37623514710400363 0.0007647690950446928
23.4 0.2450892194018188 0.0007160593200522536
23.433333333333334 0.10466184449071814 0.0006488705401507394
23.466666666666665 -0.0334463468751226 0.0006064971019494741
23.5 -0.1682991189473513 0.0006746156802492076
23.533333333333335 -0.2995793378786521 0.0007302080593972748
23.566666666666666 -0.4247856127615433 0.0007742052332355143
23.6 -0.5387813942957047 0.0008021268954179206
23.633333333333333 -0.639407686369357 0.0008173492085002954
23.666666666666668 -0.7235846411974689 0.0008230733885358221
23.7 -0.7908280533469664 0.0008228400038805539
23.733333333333334 -0.8380219391596544 0.000821516232149988
23.766666666666666 -0.8645892397779832 0.0008203383850802215
23.8 -0.8702706275805668 0.0008208084916470071
23.833333333333332 -0.8552242191113739 0.0008222461335590792
23.866666666666667 -0.8191983620943667 0.0008260877128429822
23.9 -0.7602691104690819 0.000826518676338206
23.933333333333334 -0.6800381027983129 0.0008238374223081824
23.966666666666665 -0.5848835343394589 0.0008116616908272478
24.0 -0.46958309782007474 0.0007905778281934173
24.033333333333335 -0.3483510334445625 0.0007525811972201035
24.066666666666666 -0.2199493836173968 0.0007026228876562124
24.1 -0.08056704115397616 0.0006318205646879266
24.133333333333333 0.058553031442043095 0.0006214085124985613
24.166666666666668 0.19389678702913965 0.0006904750664747383
24.2 0.3206978312412654 0.0007453550073677206
24.233333333333334 0.4438240959359985 0.0007841163824350295
24.266666666666666 0.5543309569025846 0.0008129871350112117
24.3 0.6491795013319844 0.0008243899222600826
24.333333333333332 0.7289220707890395 0.0008335709102026412
24.366666666666667 0.7891723864227548 0.0008358864353998907
24.4 0.8335877866972853 0.0008361221330127622
24.433333333333334 0.8568348294709416 0.0008342600601847217
24.466666666666665 0.8596271819542229 0.0008350196654097752
24.5 0.842193387725993 0.000836835055016083
24.533333333333335 0.8051448361714076 0.0008382952201517746
24.566666666666666 0.747372406957877 0.0008374719619061999
24.6 0.668454605074365 0.0008337363808015308
24.633333333333333 0.5729621977870581 0.0008185598839751673
24.666666666666668 0.46207986352922636 0.0007950848406678701
24.7 0.3410591712804071 0.0007550137442479676
24.733333333333334 0.20696235902878618 0.0006970939165017176
24.766666666666666 0.07130928650425244 0.0006295573977811164
24.8 -0.06360569906337081 0.0006241341046940713
24.833333333333332 -0.19775470864297778 0.0006887859267899477
24.866666666666667 -0.3270250066507543 0.0007419947685310957
24.9 -0.4466230352165488 0.0007773007591855841
24.933333333333334 -0.5585205353504118 0.0008049450746417941
24.966666666666665 -0.6507550148226781 0.0008179092442133218
25.0 -0.7314213030554433 0.0008228042484165199
25.033333333333335 -0.7894974983625185 0.0008251193010725411
25.066666666666666 -0.8323839747622513 0.0008229248273734502
25.1 -0.8535724873577709 0.0008211151692947283
25.133333333333333 -0.8538143286381247 0.0008212216393016503
25.166666666666668 -0.8344125720138028 0.0008249103014429382
25.2 -0.7926093062288786 0.0008244751748176515
25.233333333333334 -0.728748807336322 0.0008261344089413036
25.266666666666666 -0.6453519335818692 0.000819063565052125
25.3 -0.547067062599424 0.0008050302717390601
25.333333333333332 -0.4318180679264148 0.0007762983138548396
25.366666666666667 -0.3071215851081704 0.0007371330883886862
25.4 -0.17647819802339557 0.0006811028211150261
25.433333333333334 -0.041314424781683234 0.000611222338690473
25.466666666666665 0.09255030321795027 0.0006403309278565084
25.5 0.22647344337544126 0.0007065104752391749
25.533333333333335 0.35289043382212637 0.0007569895332361076
25.566666666666666 0.4676056413150335 0.0007898308042296187
25.6 0.5733232976647139 0.0008128277093130132
25.633333333333333 0.6629509560172191 0.0008240194021575942
25.666666666666668 0.734563354213415 0.0008335443058726799
25.7 0.7917221248127786 0.0008343647448592062
25.733333333333334 0.8286451603536504 0.0008358122771537912
25.766666666666666 0.8448368223885689 0.0008354046767221623
25.8 0.8422193513452298 0.0008358099208350955
25.833333333333332 0.8197318075902051 0.0008365865157491381
25.866666666666667 0.7754767446415592 0.0008382029301878813
25.9 0.7120972636844649 0.0008371295745528418
25.933333333333334 0.6288267457377421 0.0008258473543787392
25.966666666666665 0.5307743071654845 0.0008108629124408129
26.0 0.41925572773406367 0.0007814508585047286
26.033333333333335 0.2922841228589539 0.0007353909591230057
26.066666666666666 0.16427912116857127 0.0006776305716293674
26.1 0.031411128687321786 0.0006057645506988216
26.133333333333333 -0.10605539294991011 0.0006461126253491378
26.166666666666668 -0.23650362511714867 0.0007066307388644277
26.2 -0.3583528947654945 0.0007523379106740835
26.233333333333334 -0.47327999380953684 0.0007863117367128969
26.266666666666666 -0.5783300201171018 0.0008074571182259405
26.3 -0.6679908851390877 0.0008184103390730391
26.333333333333332 -0.7386861571842246 0.0008221931146360495
26.366666666666667 -0.7917174715777903 0.0008233035483222739
26.4 -0.8270989616031402 0.0008223716723438912
26.433333333333334 -0.84145152164494 0.0008229934238009884
26.466666666666665 -0.8344535342656718 0.0008237744202623798
26.5 -0.807353663675272 0.0008260795112394748
26.533333333333335 -0.7596050698022719 0.0008265337464535838
26.566666666666666 -0.6919654788117354 0.000824103994488623
26.6 -0.6046097326737145 0.0008162798058052312
26.633333333333333 -0.500492116800874 0.0007974142709715748
26.666666666666668 -0.3829971645788327 0.0007633822199664686
26.7 -0.26053935310584503 0.0007195245271228168
26.733333333333334 -0.12768430161375932 0.0006585012189231354
26.766666666666666 0.004771793339167417 0.0005916972895982876
26.8 0.13600248688673286 0.000664112210334078
26.833333333333332 0.2630039692909336 0.0007262328605748269
26.866666666666667 0.38292181194285396 0.0007637078060439006
26.9 0.49800453389081206 0.0007981589480171025
26.933333333333334 0.5960476385132205 0.0008213014765896531
26.966666666666665 0.6771081669010313 0.0008289729807025026
27.0 0.7460300554333602 0.0008329463412130034
27.033333333333335 0.7936061171305384 0.0008349429088464477
27.066666666666666 0.821971956579954 0.0008341846286763488
27.1 0.833151079505473 0.0008356862004251786
27.133333333333333 0.8227630614705236 0.0008364466489216849
27.166666666666668 0.7928914988837513 0.0008374366758593377
27.2 0.7429782304147419 0.0008383453341271885
27.233333333333334 0.673426355276434 0.0008324265115726703
27.266666666666666 0.5861114548199037 0.0008203299522965279
27.3 0.48265258958886104 0.000799547386573618
27.333333333333332 0.36730047054811216 0.0007646462628306816
27.366666666666667 0.24131553980158496 0.0007151650654320107
27.4 0.11121373533345506 0.000650281432862887
27.433333333333334 -0.021367267386702155 0.0005986706767171189
27.466666666666665 -0.1512632986981444 0.0006676642102187991
27.5 -0.2790652800968411 0.0007254024943836868
27.533333333333335 -0.39647930123979575 0.0007647884317590337
27.566666666666666 -0.5055144527490757 0.0007939282439773931
27.6 -0.6038113723798431 0.0008133342583833691
27.633333333333333 -0.6842903488508018 0.0008200633943029612
27.666666666666668 -0.7486880775338264 0.0008216611055957834
27.7 -0.7948050913889133 0.0008226938701374475
27.733333333333334 -0.8204989267972482 0.0008235211632675599
27.766666666666666 -0.8266138317785201 0.0008263819403304673
27.8 -0.8113830981915146 0.000824484431355188
27.833333333333332 -0.778486111307853 0.0008268449591694038
27.866666666666667 -0.721904346270218 0.000824088177294513
27.9 -0.6465310397811103 0.0008196475717289209
27.933333333333334 -0.5555092901477211 0.0008054468078637633
27.966666666666665 -0.4456317214040395 0.0007836823873074716
28.0 -0.3290228860606675 0.0007452383905907078
28.033333333333335 -0.20282795174275872 0.0006943835717020119
28.066666666666666 -0.07104654924184038 0.000626791309663921
28.1 0.058136078502617976 0.0006230833523237916
28.133333333333333 0.18448278635508017 0.000685680696795532
28.166666666666668 0.31216200661097565 0.0007406239763560474
28.2 0.42542235795712524 0.0007788789240701921
28.233333333333334 0.5296082349015832 0.0008054767477471136
28.266666666666666 0.6218683927199335 0.0008226731096246942
28.3 0.6971027443058654 0.0008294042903207455
28.333333333333332 0.7554217133613151 0.000833433273109252
28.366666666666667 0.7942605917013845 0.0008349663807361019
28.4 0.8156911341597382 0.0008383617260594445
28.433333333333334 0.8167829178652648 0.0008380314636260433
28.466666666666665 0.7990126288527495 0.0008380667907884609
28.5 0.7613726572793761 0.0008379158661302455
28.533333333333335 0.7020931306447925 0.0008345773610450857
28.566666666666666 0.626638469932258 0.0008277391987162597
28.6 0.5360828734211865 0.000811807108047069
28.633333333333333 0.4274485270707094 0.0007845406573058766
28.666666666666668 0.3107701262269064 0.0007447827842676502
28.7 0.181787563317209 0.0006871492418975556
28.733333333333334 0.05615274723210578 0.0006217846835706586
28.766666666666666 -0.07576770587342217 0.0006286034512479055
28.8 -0.2052171140308356 0.0006929680460626975
28.833333333333332 -0.3242417530121708 0.0007412638007333605
28.866666666666667 -0.43946689930994454 0.0007789178319386747
28.9 -0.5395915638794765 0.0008014188217028151
28.933333333333334 -0.6300905717751685 0.000815193505007028
28.966666666666665 -0.7034380306726002 0.0008217205331638722
29.0 -0.7581610229096227 0.0008232100876289783
29.033333333333335 -0.7940709582115182 0.0008230312244343896
29.066666666666666 -0.8109201869994023 0.0008242754824266951
29.1 -0.8096823464615033 0.0008246644038526485
29.133333333333333 -0.7847725716996075 0.0008253746953257313
29.166666666666668 -0.7433207186080072 0.000825230501849239
29.2 -0.6791649031588679 0.0008229029767110596
29.233333333333334 -0.5963896722737441 0.0008153113587316962
29.266666666666666 -0.49830177824805805 0.0007941619477493389
29.3 -0.3860876400509744 0.0007657116599373293
29.333333333333332 -0.269560166143472 0.0007235535998204035
29.366666666666667 -0.14012851508343716 0.0006650433576443071
29.4 -0.013151596817764634 0.0005958316367482789
29.433333333333334 0.1185241205447451 0.0006546397498872619
29.466666666666665 0.24381840253399473 0.0007151124448901147
29.5 0.35996124003521 0.0007605082689513543
29.533333333333335 0.46759074345506185 0.0007910865872374218
29.566666666666666 0.5635906345200166 0.0008173560257510593
29.6 0.6481472012018605 0.0008260634433697733
29.633333333333333 0.7155988375619361 0.0008325342148991499
29.666666666666668 0.7636545632635371 0.0008351777035021657
29.7 0.7934530717261514 0.0008375290535780344
29.733333333333334 0.8048499771552552 0.0008360164036768092
29.766666666666666 0.7972986206620346 0.0008376700571177675
29.8 0.7708739283556458 0.0008378878677738344
29.833333333333332 0.7218407395445487 0.0008353310488237176
29.866666666666667 0.6575608894938613 0.0008291498209799242
29.9 0.576597894480802 0.0008208728844288915
29.933333333333334 0.47627526322913516 0.0007979247445325521
29.966666666666665 0.3638333151100228 0.0007630954573447646
30.0 0.24364628417466 0.0007149173574447498
30.033333333333335 0.11969851823448764 0.0006559653912561053
30.066666666666666 -0.008400683124385 0.0005926098033503802
30.1 -0.13646860719959736 0.0006599899409363286
30.133333333333333 -0.2613892851235228 0.0007185755854416942
30.166666666666668 -0.3755007989164125 0.0007585374291493863
30.2 -0.48237027669773214 0.0007889897544147151
30.233333333333334 -0.5760305147341768 0.0008054245432632667
30.266666666666666 -0.6553983943118656 0.0008176147767545716
30.3 -0.7218784387443977 0.0008229571255898849
30.333333333333332 -0.7665102692025919 0.0008234871259701348
30.366666666666667 -0.7936829477072889 0.0008254693345274289
30.4 -0.7992874392522994 0.0008247515076090783
30.433333333333334 -0.7864226221654822 0.0008265561436496816
30.466666666666665 -0.7532427314711057 0.0008255451977886574
30.5 -0.7003989338645631 0.0008246651962829921
30.533333333333335 -0.627505691010952 0.0008170038654696787
30.566666666666666 -0.5385465037793604 0.0008058151240751821
30.6 -0.436328172405677 0.0007801210749686649
30.633333333333333 -0.3203001352159378 0.0007421978858233591
30.666666666666668 -0.19786435284798448 0.0006921197115021815
30.7 -0.07341111133490485 0.0006318003299585345
30.733333333333334 0.055112766940653216 0.0006211390343512646
30.766666666666666 0.1809963789727266 0.0006864396231205383
30.8 0.3009279459059316 0.0007358819139959283
30.833333333333332 0.4119911942178769 0.0007755889776396852
30.866666666666667 0.5101369949261315 0.0008011679861004151
30.9 0.6006578391781273 0.0008200118364034559
30.933333333333334 0.6742868275526793 0.0008273399285567695
30.966666666666665 0.7317036641535339 0.0008317742055440336
31.0 0.7702738996913532 0.0008343576443070599
31.033333333333335 0.7892652913802043 0.000835516587454288
31.066666666666666 0.7898660688993032 0.0008366123050752572
31.1 0.772232878408824 0.0008361755515424729
31.133333333333333 0.7346640092785597 0.0008369317104238716
31.166666666666668 0.6795527781396626 0.0008327971242699794
31.2 0.6053821796924651 0.0008246543482287594
31.233333333333334 0.516002668345741 0.0008063126826028943
31.266666666666666 0.4136009735324571 0.0007801338416919545
31.3 0.29617901031637117 0.0007369092226346408
31.333333333333332 0.17411071928863378 0.0006818193583369159
31.366666666666667 0.04727503740396644 0.0006163731566239741
31.4 -0.07929603035842844 0.0006332637114962181
31.433333333333334 -0.20417997674429125 0.0006919044719235767
31.466666666666665 -0.32010478511230667 0.000739920590479004
31.5 -0.42963164837251105 0.0007740314455955688
31.533333333333335 -0.5254284957235068 0.0007974173924659711
31.566666666666666 -0.6110475705908935 0.0008124955914938781
31.6 -0.6835486872126628 0.0008201836873564794
31.633333333333333 -0.7371021876315011 0.0008231887904407431
31.666666666666668 -0.7717681907176281 0.0008247406092126708
31.7 -0.785982284263902 0.0008254847910281748
31.733333333333334 -0.781054895193155 0.0008264687562781203
31.766666666666666 -0.7569036831807476 0.0008259712690684706
31.8 -0.7116367619811367 0.0008247724165145742
31.833333333333332 -0.6499869962137461 0.0008196123112750309
31.866666666666667 -0.5685798679658648 0.0008111538271343699
31.9 -0.475272252144066 0.0007895228228346207
31.933333333333334 -0.36625800341253023 0.0007594107245825765
31.966666666666665 -0.24793791875030072 0.0007140796702859442
32.0 -0.1231522585924524 0.0006559998791596244
32.03333333333333 0.0035169552868155956 0.0005918206315504953
32.06666666666667 0.12600847900457524 0.0006569645223039045
32.1 0.24682279454656283 0.0007149469267207498
32.13333333333333 0.3607502488692873 0.0007578231310615968
32.166666666666664 0.46309537236919335 0.0007896622666109243
32.2 0.5564878440048157 0.0008110436827921674
32.233333333333334 0.6340292966400848 0.0008245207701440549
32.266666666666666 0.698959257496912 0.0008300498794099331
32.3 0.7435281198913146 0.000832881188430834
32.333333333333336 0.7709720891343663 0.0008349583651369175
32.36666666666667 0.7801694160156871 0.0008356959679189924
32.4 0.7700224080327006 0.0008357821023718959
32.43333333333333 0.741379688314374 0.0008365540913677361
32.46666666666667 0.6952660610484915 0.0008333279485904788
32.5 0.627806701401833 0.0008265944513029533
32.53333333333333 0.5454570006687894 0.0008125716414570938
32.56666666666667 0.44988309671550025 0.0007895809792549113
32.6 0.3408084499878042 0.0007540444115119449
32.63333333333333 0.21956819664887742 0.0007048765852728511
32.666666666666664 0.09679407636010047 0.0006441515969169281
32.7 -0.024688887007702477 0.0006026484756433623
32.733333333333334 -0.149798991206173 0.0006680051082826877
32.766666666666666 -0.2692738220471929 0.0007213455719475848
32.8 -0.38152786337816474 0.0007604299782813517
32.833333333333336 -0.4812877900451149 0.0007890978025013595
32.86666666666667 -0.5714167111105327 0.000806770635387255
32.9 -0.6464620108449347 0.0008201758027126527
32.93333333333333 -0.7057352222276098 0.0008229363048292138
32.96666666666667 -0.747827791657835 0.0008233326862326917
33.0 -0.7698205036297426 0.0008241286231338574
33.03333333333333 -0.7729809198741145 0.0008263506838999124
33.06666666666667 -0.75653136097313 0.0008268679143232927
33.1 -0.7204960244518746 0.0008249565409066406
33.13333333333333 -0.6665336958269917 0.0008209747920956412
33.166666666666664 -0.593531314059342 0.0008141918838943107
33.2 -0.5064168565550735 0.0007980376787265486
33.233333333333334 -0.4041779605534222 0.0007704925080491698
33.266666666666666 -0.29062010203945565 0.00073109488720835
33.3 -0.16978196965149456 0.0006780391543536879
33.333333333333336 -0.0465639655797741 0.0006156136329756659
33.36666666666667 0.07579560844098145 0.0006315025503177418
33.4 0.1971351359991214 0.0006953488941229824
33.43333333333333 0.314559883573249 0.0007415326502595021
33.46666666666667 0.41809423341094765 0.0007768677222592668
33.5 0.5164619634987409 0.0008011512147266808
33.53333333333333 0.5979760644776524 0.0008174849153490538
33.56666666666667 0.6668714756069828 0.0008283525743792985
33.6 0.7160370929955121 0.0008336228026242232
33.63333333333333 0.750882429148954 0.0008350733398077015
33.666666666666664 0.7659583003784588 0.0008354269557211413
33.7 0.7641167906484073 0.0008351548782427054
33.733333333333334 0.7429686069466507 0.0008372232142572766
33.766666666666666 0.7014323360121546 0.0008350739369180626
33.8 0.6432241632491776 0.000829326903564076
33.833333333333336 0.5662378390970415 0.0008167983385360955
33.86666666666667 0.47782534630939694 0.000798091807897694
33.9 0.3724436789907332 0.0007636754255372358
33.93333333333333 0.26187952466714115 0.0007257917355178445
33.96666666666667 0.13681616975572572 0.0006656039284607118
34.0 0.019608247321385247 0.0005995780357567447
34.03333333333333 -0.10622546870142578 0.0006459787603993739
34.06666666666667 -0.22395084347087033 0.0007015793801153913
34.1 -0.3374197228878554 0.000745026598458709
34.13333333333333 -0.43941878439805326 0.0007763175291291557
34.166666666666664 -0.5326630736717491 0.0007984044876520047
34.2 -0.6131137138532525 0.000812222233312454
34.233333333333334 -0.676410697791759 0.0008204473079016505
34.266666666666666 -0.7238362486748425 0.0008238850892409166
34.3 -0.7529346810646926 0.0008246360233528094
34.333333333333336 -0.76203498261566 0.0008252647189206375
34.36666666666667 -0.7527747836968627 0.0008252042832745943
34.4 -0.722992816723405 0.0008246651895010837
34.43333333333333 -0.6736376362568336 0.0008239679056009086
34.46666666666667 -0.6063671745646063 0.0008151829769361685
34.5 -0.5264703498033448 0.0008034712860491844
34.53333333333333 -0.43275242365185745 0.0007782111512621981
34.56666666666667 -0.3246574516109766 0.0007431087123204727
34.6 -0.20570713639391325 0.0006951133237918794
34.63333333333333 -0.08720997522026104 0.000635957147696764
34.666666666666664 0.036109715630721864 0.0006092114546942529
34.7 0.15609460620067248 0.0006736154016629969
34.733333333333334 0.27457672947649303 0.0007229011823913778
34.766666666666666 0.3797659825028185 0.0007645580850393907
34.8 0.4791628541729621 0.0007921917315716898
34.833333333333336 0.5642626449104214 0.0008133483492340776
34.86666666666667 0.6349904350527685 0.0008227989717817241
34.9 0.6915074452747072 0.0008300427554837064
34.93333333333333 0.7306096448056054 0.0008316742734685301
34.96666666666667 0.7516302901974016 0.0008358154001799623
35.0 0.7542618320251963 0.000836901722436445
35.03333333333333 0.7399811799516324 0.0008360370974119791
35.06666666666667 0.704695394955561 0.0008348308197873022
35.1 0.6534626046413731 0.0008302290640674892
35.13333333333333 0.5805797654133059 0.0008208219515337678
35.166666666666664 0.4982008234922546 0.0008014763126317215
35.2 0.4004068593261639 0.0007743112482667125
35.233333333333334 0.2897366174238806 0.0007372811514577138
35.266666666666666 0.17668837097937437 0.0006847472025732215
35.3 0.05445423086862023 0.0006205976408281758
35.333333333333336 -0.06654109005108472 0.0006257414486434409
35.36666666666667 -0.18459862769831978 0.000683923816291454
35.4 -0.2991689187409229 0.0007319970644977247
35.43333333333333 -0.4038807791535502 0.0007674026086358365
35.46666666666667 -0.5017431771878663 0.0007938706895654901
35.5 -0.5813029944311944 0.0008077211096719772
35.53333333333333 -0.6478176341314535 0.0008170477472175808
35.56666666666667 -0.6989773004356606 0.000821026838501937
35.6 -0.7343168054298315 0.0008244533018274547
35.63333333333333 -0.7496287436894924 0.000824754838899322
35.666666666666664 -0.7446588058163814 0.0008252039223624053
35.7 -0.7232248248568393 0.0008253160857873976
35.733333333333334 -0.6806015855796668 0.0008223056397277384
35.766666666666666 -0.6211638929931542 0.0008144184258752629
35.8 -0.5435298022452182 0.0008046648281880842
35.833333333333336 -0.45230150084980775 0.0007859187871974704
35.86666666666667 -0.35236159182398874 0.0007542643725517162
35.9 -0.24053294736891884 0.0007116481806756503
35.93333333333333 -0.11975100384324006 0.0006530827461286304
35.96666666666667 -0.002001375859934329 0.0005899127019702911
36.0 0.11958793959618745 0.0006548158678639088
36.03333333333333 0.23540176102832686 0.0007116301246008205
36.06666666666667 0.34597346718080685 0.0007543311181258394
36.1 0.44462323304063467 0.0007837160529723386
36.13333333333333 0.5334388550407144 0.0008039870823416395
36.166666666666664 0.6083578013565432 0.0008237067253213937
36.2 0.6674955598488975 0.0008285541569504895
36.233333333333334 0.7108871114849895 0.0008333908466826578
36.266666666666666 0.737013218526579 0.0008348917626356256
36.3 0.7432597376783773 0.0008353763964605854
36.333333333333336 0.7341431595620741 0.0008360579676244262
36.36666666666667 0.7041724479027206 0.0008331989243897109
36.4 0.656644301578247 0.000830319780165234
36.43333333333333 0.5937563902326561 0.0008222813783967942
36.46666666666667 0.5144429012018139 0.000806732341964933
36.5 0.4211040637791595 0.0007809611583085019
36.53333333333333 0.3157715906968216 0.0007462294976151029
36.56666666666667 0.20288335531326887 0.0006965173064726327
36.6 0.08524391206069662 0.0006370283612648353
36.63333333333333 -0.03805453579073735 0.0006109085450876212
36.666666666666664 -0.15413807378597766 0.0006706048120040664
36.7 -0.26655522249112423 0.0007209451843840364
36.733333333333334 -0.373482538380146 0.0007596314624965794
36.766666666666666 -0.4698211716630324 0.0007873270212058192
36.8 -0.5544055564721945 0.0008038057271503307
36.833333333333336 -0.6239669690772843 0.0008140171637965876
36.86666666666667 -0.6780442288283351 0.0008199451279885528
36.9 -0.7163573038610598 0.0008219955050065009
36.93333333333333 -0.7354333610883622 0.0008251939398382646
36.96666666666667 -0.7359209979749787 0.0008252598423933444
37.0 -0.719168993520605 0.0008250162103743408
37.03333333333333 -0.6807846740017803 0.0008239319540247481
37.06666666666667 -0.6270775942302069 0.0008176541985343011
37.1 -0.5561738752709133 0.0008062588320427722
37.13333333333333 -0.46989202788341816 0.0007886034962325539
37.166666666666664 -0.3691396445393259 0.0007600692310718582
37.2 -0.26198119628338673 0.0007217893112529405
37.233333333333334 -0.1453848484984889 0.0006671978896696518
37.266666666666666 -0.028912033514017436 0.0006064711521089616
37.3 0.09135579366599107 0.0006401425377938752
37.333333333333336 0.20651903206268724 0.0006981935330679923
37.36666666666667 0.3165753312282595 0.0007422541955835471
37.4 0.41613653195301437 0.0007757949744933157
37.43333333333333 0.5061405804138888 0.0007987241782818622
37.46666666666667 0.5814365951950236 0.000815336926095922
37.5 0.6457253310416816 0.0008259013695920414
37.53333333333333 0.6905872156389208 0.0008310641734335933
37.56666666666667 0.7212094214178505 0.0008330540159219302
37.6 0.7334216048465317 0.0008332924738034819
37.63333333333333 0.727448858411455 0.0008353855208130812
37.666666666666664 0.7015399803967107 0.0008367619442283258
37.7 0.6607334362297471 0.0008320942273574161
37.733333333333334 0.6000014995909138 0.0008240842874295273
37.766666666666666 0.5243490243737101 0.0008087642676178897
37.8 0.43501015865355563 0.0007845116222117143
37.833333333333336 0.33547143026808174 0.0007537770907844465
37.86666666666667 0.22550664418020785 0.0007069051788324843
37.9 0.1127326760693433 0.0006527770484561629
37.93333333333333 -0.0073846823046358956 0.0005934525051889796
37.96666666666667 -0.1252398784901614 0.0006559615741182911
38.0 -0.23987874890720004 0.0007089026645586138
38.03333333333333 -0.3441916292701933 0.0007520318412086446
38.06666666666667 -0.44178256563401463 0.0007792341516515422
38.1 -0.5306527251015889 0.0007985983552007969
38.13333333333333 -0.6008616994374989 0.0008105390269753654
38.166666666666664 -0.6582822859544882 0.0008185635959909732
38.2 -0.6999998411568658 0.0008215016771170314
38.233333333333334 -0.7222335526735061 0.0008235529256920282
38.266666666666666 -0.7266897034215122 0.0008244903831203798
38.3 -0.7129176723685461 0.000824806715192139
38.333333333333336 -0.681273931972072 0.0008227818763613115
38.36666666666667 -0.6283578521668063 0.0008189640879848747
38.4 -0.5622039567597465 0.0008087702931620644
38.43333333333333 -0.4796574309514523 0.0007897486716201829
38.46666666666667 -0.3838869683609162 0.0007643513605110619
38.5 -0.2793637698121253 0.000728434631871
38.53333333333333 -0.16670347988093204 0.000678757850949202
38.56666666666667 -0.05064905740427332 0.0006177835735356949
38.6 0.06674471687235094 0.0006264823294840766
38.63333333333333 0.18166327717957315 0.0006853819926443128
38.666666666666664 0.2891441426796899 0.0007341412674086722
38.7 0.3924639330752626 0.0007667870838858892
38.733333333333334 0.4832002639225404 0.0007946781371094835
38.766666666666666 0.5614740509887483 0.0008119017391271521
38.8 0.6261279077830566 0.0008225595612880721
38.833333333333336 0.6746758652883178 0.0008278944307733571
38.86666666666667 0.7067498864870735 0.0008319885031308205
38.9 0.7209767175244475 0.0008330299687336895
38.93333333333333 0.7186455765255577 0.0008329797419905915
38.96666666666667 0.697956653527348 0.0008331253401242522
39.0 0.659823186804167 0.0008319714331391781
39.03333333333333 0.6027853666207786 0.0008218046241498245
39.06666666666667 0.5318135315623057 0.0008091227720452565
39.1 0.4468401164710609 0.0007888334828780597
39.13333333333333 0.3492709425204739 0.0007571687846160136
39.166666666666664 0.2415488312855874 0.000716224607291871
39.2 0.12933398232423135 0.0006600152266938164
39.233333333333334 0.013150838610725819 0.0005976063944694906
39.266666666666666 -0.105633952185957 0.0006465958771878361
39.3 -0.2175031986765473 0.0007000587580519024
39.333333333333336 -0.3236903207892945 0.0007438379600749334
39.36666666666667 -0.4225279330736519 0.0007723712930408078
39.4 -0.5061568134316706 0.0007940326740726311
39.43333333333333 -0.5831772465471652 0.0008106336148731019
39.46666666666667 -0.6400019920791361 0.0008160510196415505
39.5 -0.6820141483957884 0.0008198669333021602
39.53333333333333 -0.7086837470653474 0.0008230005684533026
39.56666666666667 -0.7159998903105227 0.000824043644734096
39.6 -0.7050787413383758 0.0008245608384442882
39.63333333333333 -0.6764020427512769 0.0008230183536637181
39.666666666666664 -0.6287313533126577 0.000817613937286521
39.7 -0.5657971963634553 0.0008092267465347192
39.733333333333334 -0.484911640924863 0.0007919542391000012
39.766666666666666 -0.3940238450844097 0.0007678467734767991
39.8 -0.2913108781202476 0.0007313184358592184
39.833333333333336 -0.1828544838289026 0.0006871280948615721
39.86666666666667 -0.06806302308106109 0.0006282688788936258
39.9 0.04704257254992782 0.0006163368160551838
39.93333333333333 0.16000409340762903 0.0006756081847164863
39.96666666666667 0.2717001266974476 0.0007261720800232352
40.0 0.37190874178195704 0.0007616254836019798
40.03333333333333 0.46231845068949795 0.0007894605995599213
40.06666666666667 0.5428386363964463 0.00080928529418689
40.1 0.6070460603336172 0.0008208032605220295
40.13333333333333 0.6592504120205863 0.0008255217932522374
40.166666666666664 0.6936583869552074 0.0008310645274033357
40.2 0.7102896762087829 0.000834355925538155
40.233333333333334 0.7094580253406569 0.0008344428042804664
40.266666666666666 0.6916397968521075 0.000833908809966255
40.3 0.6550704330964962 0.0008312639208983841
40.333333333333336 0.6024419572317818 0.0008233795094471086
40.36666666666667 0.5337299982255207 0.0008072965067436044
40.4 0.4505770917446075 0.000788280522366569
40.43333333333333 0.3586380978968229 0.0007611935069529729
40.46666666666667 0.25174339574349547 0.0007169130199593532
40.5 0.1420357231077263 0.0006685056581531845
40.53333333333333 0.02773889257760881 0.0006048146803220994
40.56666666666667 -0.08691820338680932 0.0006369937460335012
40.6 -0.1989912542291947 0.0006920031991484443
40.63333333333333 -0.3054517220907869 0.000735086299314347
40.666666666666664 -0.40381198281102787 0.0007657250662164716
40.7 -0.4872307858087001 0.0007897570986670766
40.733333333333334 -0.5632899512250817 0.0008053293083407631
40.766666666666666 -0.6243043975034641 0.0008150256578014492
40.8 -0.6708130435839765 0.000820451199612271
40.833333333333336 -0.6963814924134383 0.0008223141914381893
40.86666666666667 -0.7046541626093527 0.0008229125238661261
40.9 -0.696226287887574 0.0008229425085284348
40.93333333333333 -0.6701729830501151 0.0008211865626115422
40.96666666666667 -0.6232070639449874 0.0008171650245983875
41.0 -0.5638100325149165 0.0008092959724239623
41.03333333333333 -0.4893903487708885 0.0007925024050343121
41.06666666666667 -0.39816035767036195 0.0007684157455327134
41.1 -0.298695617855341 0.0007323977958862415
41.13333333333333 -0.19299606810406114 0.0006896890843406944
41.166666666666664 -0.07982653725589076 0.0006338298762831734
41.2 0.033137007823616005 0.00060953094205244
41.233333333333334 0.14625527805420657 0.0006678842180599387
41.266666666666666 0.2522901028686639 0.0007195919843393517
41.3 0.3564809789148237 0.0007562864033284766
41.333333333333336 0.4480341952379736 0.000786538798275227
41.36666666666667 0.5262129070469062 0.0008049130119763825
41.4 0.5922545678755435 0.0008176265806811855
41.43333333333333 0.6440630204076003 0.0008248893029628723
41.46666666666667 0.6788183340061309 0.0008289064923218126
41.5 0.6982354224194781 0.0008322595043890324
41.53333333333333 0.7004298442654253 0.0008331368074561141
41.56666666666667 0.6846885988337151 0.0008328858917138193
41.6 0.6494384910211257 0.0008279612433182981
41.63333333333333 0.600355848858003 0.0008228929382476657
41.666666666666664 0.5338766639066317 0.0008096213554623644
41.7 0.45195961005642626 0.000788426684303345
41.733333333333334 0.3598088794028769 0.0007603807526585515
41.766666666666666 0.26063098527132783 0.0007252415588218097
41.8 0.14954666286388094 0.0006728890813476052
41.833333333333336 0.03704941737020272 0.0006117092204034683
41.86666666666667 -0.07338893143666589 0.0006291520698227387
41.9 -0.1822755211764579 0.0006845847587949871
41.93333333333333 -0.2901044894520488 0.0007306281158483419
41.96666666666667 -0.3875312668385637 0.0007638856731030375
42.0 -0.47457345080022667 0.0007855673183497225
