0.0 0.37378853032313003 0.0007867906481542342
0.03333333333333333 0.3147957616099936 0.0007619500502539789
0.06666666666666667 0.2442868867004529 0.0007354992848284947
0.1 0.16937608606054755 0.0007012000275295471
0.13333333333333333 0.08410399098393889 0.0006543555925731109
0.16666666666666666 0.0037245377734805686 0.0006063785194034233
0.2 -0.07960411049804046 0.0006499397366524495
0.23333333333333334 -0.15961297800851162 0.0006942544701202258
0.26666666666666666 -0.2374736841719733 0.0007307177365657724
0.3 -0.3064782003952345 0.0007602696548432153
0.3333333333333333 -0.3688943300580052 0.0007823162099568348
0.36666666666666664 -0.42058000696682024 0.0008001422553514104
0.4 -0.46397336453077853 0.0008118314380702318
0.43333333333333335 -0.4938601321615763 0.0008204325272986313
0.4666666666666667 -0.5109590467118584 0.0008238382328955574
0.5 -0.51501353952528 0.0008251667947529739
0.5333333333333333 -0.5053108684463273 0.0008213794995676205
0.5666666666666667 -0.48277171216103093 0.0008173821227036582
0.6 -0.4458851489727361 0.0008072609603476111
0.6333333333333333 -0.3971778334985381 0.0007912376881016314
0.6666666666666666 -0.33800658586816446 0.0007705557991993239
0.7 -0.27091846812360143 0.0007439661514286322
0.7333333333333333 -0.19607157332463138 0.0007097833284836763
0.7666666666666667 -0.11604608284661158 0.0006697637505497234
0.8 -0.03371421852367116 0.0006232869046515904
0.8333333333333334 0.04758935859675345 0.000631720888229062
0.8666666666666667 0.12772903329933805 0.000677121965029448
0.9 0.20737556667829915 0.0007164996548722768
0.9333333333333333 0.27702130323516727 0.0007472267905893615
0.9666666666666667 0.34154480992340136 0.0007692829878773177
1.0 0.3974803104291759 0.0007913547995638814
1.0333333333333334 0.43978271296661736 0.0008042988606335455
1.0666666666666667 0.471708148223163 0.0008145482387645897
1.1 0.4928953345290782 0.0008200194833265506
1.1333333333333333 0.49899240900044073 0.0008206587412156185
1.1666666666666667 0.493529203219292 0.0008202848162979781
1.2 0.47348640720905993 0.0008158534519249749
1.2333333333333334 0.442066051376201 0.0008089685919732137
1.2666666666666666 0.3980534140586105 0.0007967798857355657
1.3 0.3417721222753138 0.0007742808815952573
1.3333333333333333 0.2757078205119523 0.0007491704132831511
1.3666666666666667 0.20669543798165835 0.0007185255671030288
1.4 0.1282114347602194 0.0006795648671226451
1.4333333333333333 0.044276609214995 0.0006321270499497558
1.4666666666666666 -0.03745006029797437 0.0006281181995115917
1.5 -0.11782007686269008 0.0006722962332249838
1.5333333333333334 -0.19824428091837198 0.0007102368812064719
1.5666666666666667 -0.27080305386531917 0.0007434152662583182
1.6 -0.33796730773890976 0.0007697714207252626
1.6333333333333333 -0.3915543768620948 0.000787897419090855
1.6666666666666667 -0.4392682165001862 0.0008028349556828962
1.7 -0.4740749318146324 0.0008124803269685121
1.7333333333333334 -0.49816441443990833 0.0008185262245988811
1.7666666666666666 -0.508494765034191 0.0008203894153104851
1.8 -0.5058293161784482 0.0008204328549291651
1.8333333333333333 -0.48951635742692406 0.0008167292560092854
1.8666666666666667 -0.4602305938111356 0.0008092325517540244
1.9 -0.41881402051089867 0.0007973113916264207
1.9333333333333333 -0.36521690494867226 0.0007800230889474236
1.9666666666666666 -0.3028495829155435 0.0007570067351548859
2.0 -0.23283130463835508 0.0007275914589830734
2.033333333333333 -0.1567041491123656 0.0006918185374553687
2.066666666666667 -0.07324021213211805 0.0006470642148116434
2.1 0.0096020257722859 0.0006112632594914361
2.1333333333333333 0.08882917195142953 0.0006565206473083812
2.1666666666666665 0.16827396992442054 0.0006990537434361788
2.2 0.2378618267697391 0.0007316785160439154
2.2333333333333334 0.3084513693814564 0.0007583623195295819
2.2666666666666666 0.367035194126254 0.0007834579818580822
2.3 0.41726132017137824 0.0007976467275270793
2.3333333333333335 0.4526184485630622 0.0008074010635577555
2.3666666666666667 0.4795612002762677 0.0008154650402258934
2.4 0.4937086389481165 0.0008183910066555944
2.433333333333333 0.49356624221645806 0.0008196089843014454
2.466666666666667 0.48075815171370145 0.0008170490556210219
2.5 0.4541825488022194 0.0008114491939097412
2.533333333333333 0.4167935958320017 0.0007978449699206913
2.566666666666667 0.3653720561052963 0.000782502915256611
2.6 0.30720368800412357 0.0007606166402466252
2.6333333333333333 0.23928076942200877 0.0007330915123165416
2.6666666666666665 0.16334763694148108 0.0006953516983856933
2.7 0.082781042763298 0.00065363625545245
2.7333333333333334 -0.0014457428109971556 0.0006054808642545939
2.7666666666666666 -0.0845471884631596 0.0006547964310734955
2.8 -0.16108127405286518 0.0006940213617961655
2.8333333333333335 -0.2355038253810692 0.0007295681840289725
2.8666666666666667 -0.3025729593251041 0.0007590152434814312
2.9 -0.3634394025142696 0.0007801335191464642
2.933333333333333 -0.41508202654368836 0.0007970110663240715
2.966666666666667 -0.4555215586424557 0.0008073205099587422
3.0 -0.4847415557921504 0.0008168301968236036
3.033333333333333 -0.500430594295992 0.0008218290906679693
3.066666666666667 -0.5026177231289881 0.000821754833952193
3.1 -0.49264243831226634 0.0008183213952674961
3.1333333333333333 -0.46927085647400096 0.0008138589847153099
3.1666666666666665 -0.43441533565612345 0.0008028241345450771
3.2 -0.38736589173357866 0.000787085357200179
3.2333333333333334 -0.3305675297317258 0.0007673902895328766
3.2666666666666666 -0.265396986983545 0.0007429919514242989
3.3 -0.19158101128130195 0.0007096948755849763
3.3333333333333335 -0.11349093033478892 0.0006692918193195591
3.3666666666666667 -0.03145283565759194 0.0006225430661781911
3.4 0.047293094911812966 0.0006349622525509621
3.433333333333333 0.13006815201750604 0.0006778558362071085
3.466666666666667 0.20437993939979476 0.0007160255454890796
3.5 0.27378649188266047 0.00074746608248627
3.533333333333333 0.3368574712746087 0.0007701621324756047
3.566666666666667 0.38985935330959914 0.0007889407047638186
3.6 0.433136477410396 0.0008038924800313207
3.6333333333333333 0.46435884219895723 0.0008120433304276697
3.6666666666666665 0.4831651845577534 0.0008179051939911641
3.7 0.48878692047903644 0.0008199700353962447
3.7333333333333334 0.48145827774515726 0.0008213738140738225
3.7666666666666666 0.46145941023814785 0.0008143209788633032
3.8 0.42876702564400443 0.0008044773587093101
3.8333333333333335 0.38251780899127713 0.0007898058889756476
3.8666666666666667 0.33150369803304425 0.0007705743255183584
3.9 0.2663216665022262 0.0007451241425330823
3.933333333333333 0.19435822884969775 0.0007108316856753172
3.966666666666667 0.11815193218532016 0.0006737052467457316
4.0 0.03856399181848928 0.0006263931553422628
4.033333333333333 -0.04105474981209878 0.0006293701728815257
4.066666666666666 -0.12355189391551169 0.0006794256680036082
4.1 -0.1981673060215491 0.0007143234725249803
4.133333333333334 -0.27033648029722096 0.0007433109864879439
4.166666666666667 -0.33280565331652995 0.0007685886017193555
4.2 -0.38859021062223587 0.0007885743326361827
4.233333333333333 -0.4331073638210754 0.0008026450758791825
4.266666666666667 -0.4673394832254897 0.0008117185537999116
4.3 -0.48933780174056707 0.0008180411888480954
4.333333333333333 -0.4988144300683265 0.0008202383521411227
4.366666666666666 -0.49645562926702685 0.0008202625740055813
4.4 -0.4781936143460493 0.0008156261823868416
4.433333333333334 -0.449090358613566 0.0008064073038700492
4.466666666666667 -0.4055020731447139 0.000793373547386067
4.5 -0.35448662170213985 0.0007767595659875504
4.533333333333333 -0.29220397662976927 0.0007557988253433234
4.566666666666666 -0.22359901508941943 0.0007239302279812565
4.6 -0.14968523292030841 0.0006900168400581497
4.633333333333334 -0.07077518209916123 0.0006495588634027466
4.666666666666667 0.01109354374536787 0.0006127527909550855
4.7 0.09203638355860293 0.0006594562657967068
4.733333333333333 0.16879678040436305 0.000699272635588416
4.766666666666667 0.24271759261983142 0.0007346904423958245
4.8 0.3079165203218804 0.000762156465359598
4.833333333333333 0.365768180147948 0.0007813289562414449
4.866666666666666 0.4121097151505055 0.0007955181246215859
4.9 0.44596027132640464 0.0008066551265805133
4.933333333333334 0.46955533893244766 0.0008146313043329023
4.966666666666667 0.4817074982664442 0.0008174267397098034
5.0 0.48167394630589005 0.0008176463614715801
5.033333333333333 0.4682973845813135 0.0008142661091932735
5.066666666666666 0.44077931200314685 0.0008065208677072166
5.1 0.40238970445563965 0.0007936733972898069
5.133333333333334 0.3509036496422253 0.0007773666122974365
5.166666666666667 0.2909161642831117 0.0007560830491631365
5.2 0.22470052676647737 0.0007265953821601057
5.233333333333333 0.1519959758869995 0.0006902740514760086
5.266666666666667 0.0713489489875024 0.0006470516979093233
5.3 -0.0061186747643711195 0.0006110181463589021
5.333333333333333 -0.08722189893178657 0.0006553021569108142
5.366666666666666 -0.16368333932216333 0.0006963910117128436
5.4 -0.23611620792332427 0.0007289997109122259
5.433333333333334 -0.3052187891705469 0.0007586602160654099
5.466666666666667 -0.3608163743770949 0.0007783369185273004
5.5 -0.4113640343697427 0.0007947337875601201
5.533333333333333 -0.44902241187244163 0.0008069317985385238
5.566666666666666 -0.47585469616047466 0.000815244879800503
5.6 -0.4910301200822439 0.0008175191589523956
5.633333333333334 -0.4928746015313765 0.0008176821793490219
5.666666666666667 -0.48177854555631844 0.0008155032427935027
5.7 -0.4582353301077825 0.0008098710626432415
5.733333333333333 -0.42389659046705597 0.000799577543902863
5.766666666666667 -0.37342216253869137 0.0007845352047929355
5.8 -0.3163123617384281 0.0007626926718162785
5.833333333333333 -0.2517084062899301 0.0007366555063338942
5.866666666666666 -0.17876058605843348 0.0007024645360958204
5.9 -0.10133529043422591 0.0006655790782856691
5.933333333333334 -0.024462761757950802 0.000621730675756646
5.966666666666667 0.053688291960612325 0.0006371236220794538
6.0 0.13350568069545765 0.0006805530993090891
6.033333333333333 0.20920065312343722 0.0007177767845131799
6.066666666666666 0.27480215062661184 0.0007474603001562663
6.1 0.33892479852299345 0.0007700234839059239
6.133333333333334 0.38981421374704806 0.0007876056221783334
6.166666666666667 0.430541049871157 0.0008018149578175593
6.2 0.4583360785063169 0.0008098977806763608
6.233333333333333 0.4731812278219659 0.0008150793497460063
6.266666666666667 0.47752985646694734 0.0008163368307484431
6.3 0.4697356978113647 0.0008139805454070448
6.333333333333333 0.4479943135084043 0.0008095225200236422
6.366666666666666 0.41546267477476007 0.0008004172144560617
6.4 0.36993267264827984 0.0007860423233229108
6.433333333333334 0.3138772544016259 0.0007638003076561595
6.466666666666667 0.2520791704387738 0.0007378087155106572
6.5 0.18016442603783347 0.0007056428917595614
6.533333333333333 0.10307197447526177 0.0006648524835242697
6.566666666666666 0.026126870530433003 0.0006221781515848811
6.6 -0.053487711650633867 0.000638379090425828
6.633333333333334 -0.13078470616249507 0.0006790695089899379
6.666666666666667 -0.2029325300462643 0.0007146057367583836
6.7 -0.27331027138519187 0.0007455377285183196
6.733333333333333 -0.33491841236985537 0.0007688202329454441
6.766666666666667 -0.38868688639462384 0.0007870904977998472
6.8 -0.4312007852268276 0.0008015195611513759
6.833333333333333 -0.46294520786371585 0.0008092211522096049
6.866666666666666 -0.4822649790102606 0.0008145587772324658
6.9 -0.4889191073450373 0.0008167371417358016
6.933333333333334 -0.48378699350725735 0.0008163015968918885
6.966666666666667 -0.4652609868250007 0.0008106921094008235
7.0 -0.43324011795230183 0.0008046153283430835
7.033333333333333 -0.3919889920797672 0.0007899996068992943
7.066666666666666 -0.3385041696930235 0.0007708813466691389
7.1 -0.27599189710120325 0.0007468642945986925
7.133333333333334 -0.20558781236729154 0.0007154509384795782
7.166666666666667 -0.1315323543847325 0.0006815751191517339
7.2 -0.05629797530786727 0.0006399368329541646
7.233333333333333 0.021543495086713695 0.000619623067144158
7.266666666666667 0.10101527827736528 0.0006646636947773565
7.3 0.17546965527704902 0.0007038515970672621
7.333333333333333 0.24480433432558824 0.0007349759433595837
7.366666666666666 0.3084141140448031 0.0007605649978024709
7.4 0.3641183792638656 0.000781170213028759
7.433333333333334 0.40876265715325816 0.0007961617862495274
7.466666666666667 0.441833973860413 0.0008090175266483035
7.5 0.4638433582132989 0.000813347236892692
7.533333333333333 0.47359251327210283 0.0008170549558469964
7.566666666666666 0.4704757035122685 0.0008177169065554102
7.6 0.45396000709244566 0.0008102980214727551
7.633333333333334 0.42625059225990464 0.0008047126900873613
7.666666666666667 0.3861231408679317 0.0007889751399532408
7.7 0.3373425481275541 0.0007741638165022491
7.733333333333333 0.2768986255118239 0.000748199021945839
7.766666666666667 0.20760259617437496 0.0007184730229913838
7.8 0.13519833928096334 0.0006827491591859525
7.833333333333333 0.058363765076416385 0.0006403651270511304
7.866666666666666 -0.019604617384388772 0.0006172548124788492
7.9 -0.09899365212801875 0.0006637339363098904
7.933333333333334 -0.1736466577031335 0.0007005270087968585
7.966666666666667 -0.2441943523873185 0.0007337736222921276
8.0 -0.30674019596290125 0.00075839630565111
8.033333333333333 -0.36107945622377113 0.0007794567597971258
8.066666666666666 -0.409887307681193 0.00079632169520788
8.1 -0.4449184249787375 0.0008058964923444711
8.133333333333333 -0.4701494992160401 0.0008148982529274651
8.166666666666666 -0.48164493571748135 0.0008166255387989096
8.2 -0.48141496919020904 0.0008165677077821565
8.233333333333333 -0.4689381570267742 0.0008130982522489005
8.266666666666667 -0.4429633361337901 0.0008064276479938237
8.3 -0.405737071812089 0.0007958300159492393
8.333333333333334 -0.35791687856448423 0.0007789926831253124
8.366666666666667 -0.30160629194194705 0.0007586374349835001
8.4 -0.23470383537207112 0.0007292328628516198
8.433333333333334 -0.16068675916512581 0.000696355692353573
8.466666666666667 -0.08482903690295052 0.000656331624292808
8.5 -0.007857466738610326 0.0006110702044801516
8.533333333333333 0.06896934753262204 0.0006455021795015448
8.566666666666666 0.14185137510412352 0.0006860947499028047
8.6 0.21455992827135223 0.0007147349569270323
8.633333333333333 0.28055902583142694 0.0007515255616084016
8.666666666666666 0.3370378322748488 0.0007736696036379498
8.7 0.3868261462925804 0.0007880307355660476
8.733333333333333 0.423886016421218 0.0008002550940250375
8.766666666666667 0.45108561232394895 0.0008074815811070502
8.8 0.4651327797134653 0.0008110850476830689
8.833333333333334 0.46701989944996414 0.0008115389471242684
8.866666666666667 0.45666168308178556 0.0008095062113727125
8.9 0.434167266159218 0.0008037310156119304
8.933333333333334 0.3988905395264689 0.0007937884443103282
8.966666666666667 0.35355736915278657 0.000778045551067752
9.0 0.29913304223178416 0.0007581410438827763
9.033333333333333 0.23547853323265838 0.0007302926226982753
9.066666666666666 0.16382583093693434 0.0006961838848638102
9.1 0.0884502012987269 0.0006575529100886074
9.133333333333333 0.012327673003974774 0.0006121585135566814
9.166666666666666 -0.06522093759272687 0.0006430879006009277
9.2 -0.14189796799362028 0.0006845748766111659
9.233333333333333 -0.21178917845313952 0.0007187788499367354
9.266666666666667 -0.27858741387161245 0.0007476066704231732
9.3 -0.33737774689822553 0.0007706455862293016
9.333333333333334 -0.38535654412467363 0.000783838681658322
9.366666666666667 -0.4260961508223844 0.0007992778643713949
9.4 -0.4567388072716183 0.0008074049718995169
9.433333333333334 -0.4734777566605245 0.0008120963127486447
9.466666666666667 -0.47810714390037445 0.0008137846142119431
9.5 -0.4696112928668039 0.0008098256978569807
9.533333333333333 -0.44875655217167537 0.0008050666636082449
9.566666666666666 -0.4176867588576834 0.000796811519923224
9.6 -0.3755485828948822 0.0007821433975479519
9.633333333333333 -0.321447242649774 0.0007640595635144964
9.666666666666666 -0.2586794850176946 0.0007398896307422853
9.7 -0.19175189311047142 0.0007097208716425607
9.733333333333333 -0.11725534448941263 0.0006722258075612525
9.766666666666667 -0.03809968181158559 0.0006281294499816473
9.8 0.041723086002771 0.0006293914431768147
9.833333333333334 0.11324097474015969 0.0006698750794616459
9.866666666666667 0.1876264655863395 0.0007072740951359346
9.9 0.2521227433126077 0.0007376946536617468
9.933333333333334 0.31384804874943595 0.000762689143847195
9.966666666666667 0.36566016525957945 0.0007795895350959925
10.0 0.40803502216119975 0.0007965687763257234
10.033333333333333 0.43862029073948566 0.0008055693587392665
10.066666666666666 0.45686149495185907 0.0008104090987366974
10.1 0.46501941800569546 0.0008100889754606988
10.133333333333333 0.4593743030873037 0.0008088864766420123
10.166666666666666 0.44165811874588806 0.0008038236467414195
10.2 0.4115946636869782 0.000795082094385835
10.233333333333333 0.3707894049177018 0.0007843349365624364
10.266666666666667 0.31855664826000374 0.0007631930978342916
10.3 0.2577103879306644 0.0007386330550154252
10.333333333333334 0.19258360891926274 0.0007108249665059296
10.366666666666667 0.11838205178423186 0.0006715303312043869
10.4 0.043369015076373224 0.0006305805618901303
10.433333333333334 -0.034261982592388183 0.0006271179159225634
10.466666666666667 -0.11010690136156688 0.0006685668206218159
10.5 -0.1837816322966093 0.0007037328471509452
10.533333333333333 -0.2505373425820053 0.00073517975202253
10.566666666666666 -0.31252287949900015 0.0007606786801284682
10.6 -0.3685629198890956 0.0007816217118167268
10.633333333333333 -0.4106053949096776 0.0007969953442967803
10.666666666666666 -0.4432554356628889 0.0008048567628304304
10.7 -0.46487103250783063 0.0008103452889995366
10.733333333333333 -0.4747149744722186 0.0008126777481196057
10.766666666666667 -0.4708027555645427 0.0008114170097016093
10.8 -0.4560797517664971 0.0008074564347377855
10.833333333333334 -0.4278123663406805 0.0007995032764134269
10.866666666666667 -0.3890788543470095 0.0007874850143771983
10.9 -0.34011355647288366 0.0007705881486891886
10.933333333333334 -0.28314852068357366 0.0007493921436195206
10.966666666666667 -0.21738609840865925 0.000719169641950429
11.0 -0.1468684316879658 0.0006874456347917834
11.033333333333333 -0.07141073671562582 0.0006479353177169661
11.066666666666666 0.006388078870293963 0.0006083493269518009
11.1 0.08287429555412786 0.0006523186048380397
11.133333333333333 0.1569318882265596 0.0006911444822114421
11.166666666666666 0.22704623230494142 0.0007248171268939563
11.2 0.2885445264223384 0.0007524933401453215
11.233333333333333 0.34304739675418644 0.0007731308817019444
11.266666666666667 0.38780737294939155 0.0007878884462611535
11.3 0.4229530922556249 0.000799731898911471
11.333333333333334 0.4466563017673101 0.0008064470703911808
11.366666666666667 0.45996586092227165 0.0008095628347211115
11.4 0.45921190772097575 0.000810427402501146
11.433333333333334 0.44532538151661266 0.0008071011348858015
11.466666666666667 0.41773274171672725 0.0007995340134562823
11.5 0.383769647463318 0.0007878939652682937
11.533333333333333 0.3379534576263178 0.000771724547390662
11.566666666666666 0.28071589689544524 0.0007508363120951045
11.6 0.2177730576889372 0.0007227564557651389
11.633333333333333 0.14783799189418037 0.0006896720951654889
11.666666666666666 0.07056206185896012 0.0006477831197817391
11.7 -0.0018209138850200015 0.0006063246258020628
11.733333333333333 -0.08117680324022562 0.0006524458702542174
11.766666666666667 -0.15384502479808312 0.0006900757450676864
11.8 -0.22292712082464342 0.0007200314284560583
11.833333333333334 -0.2874289224665698 0.0007503649960365344
11.866666666666667 -0.3416085332856004 0.0007714404486974247
11.9 -0.38994838429030526 0.000788548735473793
11.933333333333334 -0.42661860423256154 0.0007989068000210375
11.966666666666667 -0.45302737725217374 0.0008103603436681039
12.0 -0.4674683199003988 0.000812837065081673
12.033333333333333 -0.46902206405143204 0.0008115328531985155
12.066666666666666 -0.4590576709049063 0.0008084083475180526
12.1 -0.43647298408324425 0.000802047125576022
12.133333333333333 -0.40327074591569895 0.000791579076115323
12.166666666666666 -0.35712807906796995 0.0007768219774904606
12.2 -0.3033435505933484 0.0007570240241105974
12.233333333333333 -0.2409949914829065 0.0007311441090672166
12.266666666666667 -0.17228704441284862 0.0006988057635190503
12.3 -0.10115848606892998 0.0006628795271985399
12.333333333333334 -0.02398110007912476 0.0006194883158866515
12.366666666666667 0.052728362721022465 0.0006357219886638371
12.4 0.1259003958256587 0.0006759172594760499
12.433333333333334 0.19402901110340454 0.0007104780709169256
12.466666666666667 0.26063039680889566 0.0007404873411683832
12.5 0.3169159435652589 0.0007634042046587575
12.533333333333333 0.36754528310866375 0.0007812648254899024
12.566666666666666 0.40663910030966943 0.0007986525027360303
12.6 0.4314011770120239 0.0008024308778682432
12.633333333333333 0.4481831348011393 0.0008093572835949359
12.666666666666666 0.4541996716032627 0.0008087134491050474
12.7 0.4462487551160099 0.0008100698954746632
12.733333333333333 0.4256661909020637 0.0008017361837375225
12.766666666666667 0.3947428997679766 0.0007919733658703354
12.8 0.35227992341061276 0.0007770516411261252
12.833333333333334 0.29922994806514364 0.0007569291718446114
12.866666666666667 0.23948209514411653 0.0007324691586180487
12.9 0.17260694606588134 0.0007012371251474969
12.933333333333334 0.10122977720649468 0.0006623791580071814
12.966666666666667 0.026406227574662572 0.0006202426521509478
13.0 -0.047870718767482945 0.000633335221913979
13.033333333333333 -0.12253676307242525 0.0006735941013296665
13.066666666666666 -0.19307462795259062 0.0007089543252822295
13.1 -0.25827092240104105 0.0007385731525079708
13.133333333333333 -0.31770184313652206 0.0007614961931578512
13.166666666666666 -0.3672213110191284 0.000778566674119241
13.2 -0.40720425486659656 0.0007914871978585425
13.233333333333333 -0.43778415729744224 0.0008025051953320927
13.266666666666667 -0.45633684059227664 0.0008068454813397463
13.3 -0.463820308450039 0.0008100552293610064
13.333333333333334 -0.4590414583523955 0.0008090071923551045
13.366666666666667 -0.4414153089560958 0.0008041562310246997
13.4 -0.41113876371874186 0.0007944375877486087
13.433333333333334 -0.3715996861108159 0.0007808469399604445
13.466666666666667 -0.3213403753389288 0.00076311885082192
13.5 -0.2636315921197271 0.0007405648179751312
13.533333333333333 -0.19991679069624346 0.0007125768949317879
13.566666666666666 -0.12700976878434042 0.0006772790503640769
13.6 -0.05237521998381936 0.0006369195393979635
13.633333333333333 0.019911687382295366 0.0006184303053997191
13.666666666666666 0.09427253837820779 0.0006610600588258658
13.7 0.16359884732005017 0.0006955812063770828
13.733333333333333 0.2324159792612936 0.0007282804068820814
13.766666666666667 0.29255843062587694 0.0007540562070434409
13.8 0.344742025364994 0.0007750152880525718
13.833333333333334 0.38651079557650636 0.0007897080312224691
13.866666666666667 0.41849843546854676 0.0007997592753817284
13.9 0.43992477168268473 0.000806291872110565
13.933333333333334 0.4497883149459861 0.0008076431624686187
13.966666666666667 0.4470858420172595 0.0008078419374151213
14.0 0.4321897815433028 0.0008041338864284708
14.033333333333333 0.4041215051233834 0.0007954201294790852
14.066666666666666 0.368453120747537 0.0007836857636962513
14.1 0.31796623992512435 0.0007670421520838411
14.133333333333333 0.2634608066408919 0.0007440998834003509
14.166666666666666 0.19938356223409215 0.0007159269883186548
14.2 0.12817155256011334 0.0006793407547119601
14.233333333333333 0.05446937228104467 0.0006373580653104838
14.266666666666667 -0.01903250529170361 0.000617630016621195
14.3 -0.09154231114588493 0.0006580074778460288
14.333333333333334 -0.163845647291888 0.0006958221170241252
14.366666666666667 -0.2289952745689203 0.0007258946546166156
14.4 -0.2909560026953147 0.000749733381622042
14.433333333333334 -0.3444154195564449 0.0007728747169747363
14.466666666666667 -0.39001436260040157 0.0007864686303594159
14.5 -0.4245806647306973 0.0007974821789497044
14.533333333333333 -0.4474068792675467 0.0008063163046390653
14.566666666666666 -0.45791329290048366 0.000808565734461919
14.6 -0.4579148268299631 0.0008083735197512154
14.633333333333333 -0.4444638421763444 0.0008049128401375616
14.666666666666666 -0.4204055569486245 0.0007982341960642847
14.7 -0.3843962112581754 0.0007875501027344023
14.733333333333333 -0.33894690622541035 0.0007727357470384555
14.766666666666667 -0.28365703402075443 0.0007496422618263887
14.8 -0.22068157811610553 0.0007222337395049183
14.833333333333334 -0.15171479512204938 0.0006903060482979784
14.866666666666667 -0.07990826668040643 0.0006531941775572009
14.9 -0.00669139957244137 0.0006095183070160323
14.933333333333334 0.06658610528234717 0.000646012105860766
14.966666666666667 0.1383658348000165 0.0006827616888458732
15.0 0.20431726941721165 0.0007165044900590278
15.033333333333333 0.26621052877200335 0.0007445874023077059
15.066666666666666 0.3204537353545777 0.0007645575056440257
15.1 0.36713203981114834 0.0007832754052271573
15.133333333333333 0.40347420946346374 0.0007937554775894196
15.166666666666666 0.4286110691166793 0.0008024406154054642
15.2 0.4417127888034051 0.0008060273438845744
15.233333333333333 0.4432307303316192 0.0008063249007462803
15.266666666666667 0.4334827564050555 0.0008041038565157477
15.3 0.41129524575450377 0.0007973552454078048
15.333333333333334 0.3761579620122896 0.0007878633466497642
15.366666666666667 0.3348568494133953 0.000772329999470911
15.4 0.2780753267054187 0.0007491132841160875
15.433333333333334 0.21997273902388667 0.0007238756440418603
15.466666666666667 0.1520774769898907 0.0006930062529095782
15.5 0.08207893629671349 0.0006538415129194453
15.533333333333333 0.008512613801338968 0.0006115582086292908
15.566666666666666 -0.06509657899734114 0.0006432238440223781
15.6 -0.1369842840624008 0.0006824525379393875
15.633333333333333 -0.2050444942601803 0.0007161580103937082
15.666666666666666 -0.2668514210847411 0.0007464142520258732
15.7 -0.32011858654192227 0.0007641338967448452
15.733333333333333 -0.3708678443818532 0.0007799608703052407
15.766666666666667 -0.4087307851335592 0.0007947408339133988
15.8 -0.43401122755704147 0.0008008129771012173
15.833333333333334 -0.449282605938619 0.0008052936831327573
15.866666666666667 -0.4523448993923879 0.0008061023045242699
15.9 -0.44387925592731536 0.0008042220971015701
15.933333333333334 -0.4241430576058307 0.0007990618141043293
15.966666666666667 -0.3923056301074528 0.0007884199976782025
16.0 -0.3519154055767124 0.0007783232724848377
16.033333333333335 -0.30165946332692145 0.0007575104025810409
16.066666666666666 -0.24119266935188585 0.0007327879629392409
16.1 -0.17661464140053795 0.0007023149817322605
16.133333333333333 -0.10585163018617516 0.000665547770455549
16.166666666666668 -0.032561453780143496 0.0006259404364073462
16.2 0.040574803046076184 0.0006297936360558851
16.233333333333334 0.11278561719569725 0.0006698535763523944
16.266666666666666 0.17914712317128015 0.0007042331989410844
16.3 0.24301136402531506 0.0007329123134421078
16.333333333333332 0.3005201274710563 0.0007564128469458864
16.366666666666667 0.3486516531428416 0.0007750268649909242
16.4 0.38806112948440635 0.0007889700244109177
16.433333333333334 0.4165627072405141 0.0007983627587274111
16.466666666666665 0.4338397146047172 0.0008037182788002695
16.5 0.44011368392263356 0.0008055475277030655
16.533333333333335 0.4329468107688297 0.0008053446323622038
16.566666666666666 0.41526709941196543 0.0007983943151401163
16.6 0.386620333215798 0.0007885219495333273
16.633333333333333 0.34675618483174653 0.0007748363383652257
16.666666666666668 0.2957277842531477 0.0007575816481545927
16.7 0.23751199735962197 0.000731020650474562
16.733333333333334 0.1754842355848667 0.0007025263231839052
16.766666666666666 0.1038573445300628 0.0006647444260694524
16.8 0.02954851307063018 0.0006248978579416788
16.833333333333332 -0.04117593994345044 0.0006304843451566539
16.866666666666667 -0.11259521608432721 0.0006703840105400233
16.9 -0.17955056108512116 0.0007045826612347428
16.933333333333334 -0.24295786698464297 0.0007322153817733712
16.966666666666665 -0.3027333691809478 0.0007575197612027518
17.0 -0.34899524699509304 0.0007773342748139678
17.033333333333335 -0.3926213440938322 0.0007908326370814067
17.066666666666666 -0.4228092118675623 0.0008002076046834672
17.1 -0.441797276811384 0.0008070938253358362
17.133333333333333 -0.44896775891986485 0.0008076994683583472
17.166666666666668 -0.4453392422073112 0.0008061886097938675
17.2 -0.42975275413559827 0.0008024256952951503
17.233333333333334 -0.402388015126462 0.0007930454453237146
17.266666666666666 -0.36518634002003847 0.0007808899985732309
17.3 -0.31664005190434286 0.0007622988089512339
17.333333333333332 -0.2617796190398574 0.0007403068698597637
17.366666666666667 -0.19741835219175008 0.0007112773192533284
17.4 -0.12860559133887936 0.0006758166218657768
17.433333333333334 -0.05648850531768299 0.000639502721295454
17.466666666666665 0.01613515318452004 0.0006150703152227703
17.5 0.08667115508408976 0.0006551404287454266
17.533333333333335 0.15510792684941171 0.0006925030897407536
17.566666666666666 0.21984895305583757 0.0007238168799870992
17.6 0.2795515766344012 0.0007494437124612174
17.633333333333333 0.3305003131719096 0.0007694918657242811
17.666666666666668 0.37241025611752 0.0007863004325276979
17.7 0.4049537272732161 0.0007942438445617261
17.733333333333334 0.4256997635240711 0.000803138098594891
17.766666666666666 0.43663625196349 0.000804670815377162
17.8 0.4328267034702656 0.0008043680882776072
17.833333333333332 0.41933605645178335 0.0007999660828535426
17.866666666666667 0.38963542810351176 0.0007910896237900422
17.9 0.35765738195082086 0.0007797016868260065
17.933333333333334 0.310718038681782 0.0007625313719176186
17.966666666666665 0.2570820927880415 0.0007412749418666542
18.0 0.19423547890219686 0.0007108943914093391
18.033333333333335 0.12777228227094348 0.0006772832600755174
18.066666666666666 0.056194532272146255 0.0006379572347269685
18.1 -0.015208587886781854 0.0006138153804196907
18.133333333333333 -0.0894207649713526 0.0006572538258245164
18.166666666666668 -0.15671597518487024 0.000690529917524052
18.2 -0.22092270961228874 0.0007218046553070789
18.233333333333334 -0.2823169036905341 0.000747105596989539
18.266666666666666 -0.3335506402685938 0.0007680046471360558
18.3 -0.3768840768759455 0.000783917518811128
18.333333333333332 -0.40960426574782494 0.0007949237142853005
18.366666666666667 -0.4328706950347364 0.0008022420830867683
18.4 -0.44397279741903717 0.0008065639002735603
18.433333333333334 -0.4435411005463082 0.000806194561901008
18.466666666666665 -0.4316881127556597 0.0008025630562790154
18.5 -0.40798586321098335 0.000796723299661517
18.533333333333335 -0.3734321999086134 0.0007869449696778497
18.566666666666666 -0.33098160736011606 0.0007697879285123443
18.6 -0.27651232091568717 0.0007480957305011637
18.633333333333333 -0.21585642327666157 0.0007221848749248971
18.666666666666668 -0.1508308923622442 0.0006894610683449431
18.7 -0.08332827244932674 0.0006541888023830905
18.733333333333334 -0.010378268124685688 0.0006142126703469822
18.766666666666666 0.061821700093237425 0.0006418728652989106
18.8 0.13174887860062579 0.000679856892335795
18.833333333333332 0.1974648282475909 0.0007118886810390523
18.866666666666667 0.25759448460617324 0.0007395073854609691
18.9 0.31075282728847187 0.000762551201357986
18.933333333333334 0.35544878922233875 0.0007782716678182422
18.966666666666665 0.39073126967906574 0.0007883175301197087
19.0 0.4148440510984269 0.0007983552845189368
19.033333333333335 0.42808780249304773 0.0008022306442137528
19.066666666666666 0.4301873040959859 0.0008026182140750682
19.1 0.4199328910967928 0.0008001909862461742
19.133333333333333 0.39900042239852035 0.0007945442803847791
19.166666666666668 0.36675353132062144 0.000782863880481377
19.2 0.32307867067046797 0.00076827627244197
19.233333333333334 0.2717609164128277 0.0007458979934637511
19.266666666666666 0.21229574846913526 0.0007214171482764486
19.3 0.14893108134959837 0.0006894474449963273
19.333333333333332 0.07994442106590485 0.0006512373834723223
19.366666666666667 0.008567359290579038 0.0006111721124095176
19.4 -0.06326187391773584 0.0006415662758333107
19.433333333333334 -0.1329615794333849 0.0006798240591600335
19.466666666666665 -0.1986215142153627 0.0007126813921080333
19.5 -0.25941109102847254 0.0007409656934657116
19.533333333333335 -0.31234779218863135 0.000763008887821659
19.566666666666666 -0.3581275385829419 0.0007783160397628608
19.6 -0.3940074905236738 0.0007888620594825868
19.633333333333333 -0.4206492037198983 0.0007965429019671233
19.666666666666668 -0.4347017553633574 0.0008025878992644064
19.7 -0.4390701172365325 0.0008038957644935785
19.733333333333334 -0.43182420797941956 0.000802016965822161
19.766666666666666 -0.4116365502743622 0.0007961683215140236
19.8 -0.38278477842450975 0.0007879764418769475
19.833333333333332 -0.34085112510151344 0.0007726743722606955
19.866666666666667 -0.29278072984364 0.0007534251634189748
19.9 -0.23480565278362772 0.0007339495525406359
19.933333333333334 -0.17192333763544393 0.0007024860965201274
19.966666666666665 -0.10516955329174038 0.0006679366580894658
20.0 -0.03431672455469138 0.00062624964577606
20.033333333333335 0.0368146258427782 0.0006276159904036321
20.066666666666666 0.10746258258176461 0.0006681809068068006
20.1 0.1746485851075828 0.0007022543587336394
20.133333333333333 0.23702842774032903 0.0007316881334275549
20.166666666666668 0.2921355437523913 0.000756420322068907
20.2 0.33709506568546455 0.0007730264410421572
20.233333333333334 0.37693042972252594 0.0007867260222097494
20.266666666666666 0.402930275137062 0.0007965512613085091
20.3 0.4197730674393007 0.0007998974530809
20.333333333333332 0.42533477148995724 0.0008010483079622932
20.366666666666667 0.4183494000386729 0.0007988573875316596
20.4 0.40173549526959423 0.0007917805254413768
20.433333333333334 0.37399969504723435 0.0007847884408822559
20.466666666666665 0.3350869651495286 0.0007707487491028231
20.5 0.28636379437975623 0.0007522434865258054
20.533333333333335 0.23052605585298222 0.0007270045407371528
20.566666666666666 0.16976396586642697 0.0006988476930131493
20.6 0.1004003268761681 0.0006632785672813085
20.633333333333333 0.03187514138530882 0.0006240189276170011
20.666666666666668 -0.03708246348384464 0.0006261517230397098
20.7 -0.10891818480667106 0.0006666270477999892
20.733333333333334 -0.17569520008279088 0.0007013908786782097
20.766666666666666 -0.24070233733156227 0.0007315967006323587
20.8 -0.29509943674286576 0.0007548989892808833
20.833333333333332 -0.3434414205682855 0.000772201027658237
20.866666666666667 -0.38175396798907535 0.0007858338379892471
20.9 -0.4110241793300117 0.0007958607496852954
20.933333333333334 -0.42884896642565384 0.000801876608869101
20.966666666666665 -0.43655621995059957 0.0008045187756113847
21.0 -0.4312319048953456 0.0008033307867121864
21.033333333333335 -0.4167024606978121 0.0007996314315903419
21.066666666666666 -0.3887677150238815 0.0007907518363342025
21.1 -0.3510764929808374 0.0007777236606734128
21.133333333333333 -0.30421756216269735 0.0007584412813895769
21.166666666666668 -0.2500293872949306 0.0007363973716267846
21.2 -0.18849949373151664 0.0007093659468913882
21.233333333333334 -0.12496092805452276 0.000677607421275192
21.266666666666666 -0.05384508485095457 0.0006380159459414073
21.3 0.013018903084894097 0.0006147654708039997
21.333333333333332 0.08672552517125706 0.0006559988908686198
21.366666666666667 0.1528833889332352 0.0006914399386749315
21.4 0.215126177827925 0.0007209704122192462
21.433333333333334 0.2704283711694496 0.0007457136353634652
21.466666666666665 0.3211705007347802 0.000765943952368231
21.5 0.36171415785689015 0.0007801591471519043
21.533333333333335 0.3911720007304281 0.0007898305737316091
21.566666666666666 0.4126464760777178 0.0007977899417921375
21.6 0.421504855455197 0.0008013328298983047
21.633333333333333 0.4180357728133574 0.0007999378851369365
21.666666666666668 0.40433889881825735 0.0007960655441896503
21.7 0.38007013325899625 0.0007875587309805199
21.733333333333334 0.34320054257172916 0.000774067541766732
21.766666666666666 0.2960053564214688 0.0007584005962921747
21.8 0.2458085474752943 0.0007355089279970639
21.833333333333332 0.18610397104419052 0.0007099723795009893
21.866666666666667 0.12116176965233723 0.0006767917874506701
21.9 0.05195790527715439 0.0006378499935197623
21.933333333333334 -0.01692403033065573 0.0006177670714316158
21.966666666666665 -0.08836854165055603 0.0006575808340196498
22.0 -0.15227059844141994 0.000690601917970185
22.033333333333335 -0.2167902139472443 0.0007231554685797892
22.066666666666666 -0.2762791563989963 0.0007470801485801037
22.1 -0.3253798840549313 0.0007662866507122112
22.133333333333333 -0.3678384904295523 0.0007814417937279661
22.166666666666668 -0.39993325734735985 0.0007933587451084412
22.2 -0.42081446001957257 0.0007979582171254163
22.233333333333334 -0.43029419148558296 0.0008003196233830612
22.266666666666666 -0.42942550935269713 0.0008010955769144901
22.3 -0.417152969575593 0.0007973710138396983
22.333333333333332 -0.3941141008758108 0.0007900754718945247
22.366666666666667 -0.36063654558888614 0.0007797615405181757
22.4 -0.3163577476484029 0.0007635470811332423
22.433333333333334 -0.26456815258788574 0.0007434352232852381
22.466666666666665 -0.20418533697334726 0.0007160622866578537
22.5 -0.14030796470982262 0.0006858087598533291
22.533333333333335 -0.07330668504557705 0.0006486605212274316
22.566666666666666 -0.002629116262022452 0.0006084869290470343
22.6 0.0668454979894669 0.000644577847612432
22.633333333333333 0.13349275543726621 0.0006834040205629943
22.666666666666668 0.19465711663499669 0.0007133704965093801
22.7 0.250490753493282 0.0007379446828725822
22.733333333333334 0.3049712821985119 0.0007607269651804804
22.766666666666666 0.3482217458868606 0.0007756760107958116
22.8 0.38143406294745513 0.000786976316944743
22.833333333333332 0.4034085778712787 0.0007932694229497717
22.866666666666667 0.41299863861635494 0.0007986564396467166
22.9 0.414523989057047 0.0007987655513374547
22.933333333333334 0.40523181503593725 0.0007952395328116313
22.966666666666665 0.38462458386407994 0.0007884709131832368
23.0 0.3519907841086152 0.0007766547240066757
23.033333333333335 0.3107391881412173 0.0007624805847761817
23.066666666666666 0.25653948314366015 0.0007431401483311562
23.1 0.2011312641928448 0.000717820102540706
23.133333333333333 0.13655878889276846 0.0006838096693844442
23.166666666666668 0.06975833235600637 0.0006478667922019399
23.2 0.0001773142934624002 0.0006061800734111782
23.233333333333334 -0.06771929961545994 0.0006471534445952332
23.266666666666666 -0.13446167166618087 0.0006825415439993543
23.3 -0.19950598956007887 0.0007138825813990668
23.333333333333332 -0.25674584027657715 0.000738595398264319
23.366666666666667 -0.3090868743559357 0.0007603835837765582
23.4 -0.3539018094640209 0.0007776877298377727
23.433333333333334 -0.38820503903440584 0.0007886840858530308
23.466666666666665 -0.41151292274135304 0.0007947269094009113
23.5 -0.4252871090378992 0.0008002018058389515
23.533333333333335 -0.42704022919068274 0.0008011041407184338
23.566666666666666 -0.41895053713394853 0.0007996291312404313
23.6 -0.3990742418574816 0.0007926606021842475
23.633333333333333 -0.36923278470633425 0.0007819962884440534
23.666666666666668 -0.3279982070888328 0.0007670157374481401
23.7 -0.27929801509384805 0.0007472837347626271
23.733333333333334 -0.22146225510415787 0.0007244070283712045
23.766666666666666 -0.15819328014189524 0.0006940341740380718
23.8 -0.09266217100101888 0.0006601335426879157
23.833333333333332 -0.022768501170054415 0.0006207528047641117
23.866666666666667 0.045723505909746116 0.0006322992285650031
23.9 0.11231626776127344 0.0006702567518707819
23.933333333333334 0.17721604816401035 0.000702517898003685
23.966666666666665 0.23591625956164664 0.0007295430473797382
24.0 0.2878520017069433 0.0007521335594630751
24.033333333333335 0.33300571169813453 0.0007708457656738221
24.066666666666666 0.3687473874504861 0.0007826910196722658
24.1 0.3941866724404925 0.000793262090603708
24.133333333333333 0.4100248090623714 0.0007970623769856244
24.166666666666668 0.4136774801265427 0.0007992197308002713
24.2 0.4065825800264052 0.0007960475963689206
24.233333333333334 0.3875194203351327 0.0007894810059543289
24.266666666666666 0.358443728414173 0.0007779604934865514
24.3 0.31978829212502063 0.0007645053609971475
24.333333333333332 0.27226487033664243 0.0007451408060266673
24.366666666666667 0.2167833778083619 0.0007190085876305208
24.4 0.15463427858089274 0.0006927648619199644
24.433333333333334 0.09013897364026427 0.0006573878252805476
24.466666666666665 0.021671159075202624 0.0006187040047084119
24.5 -0.04947083668188706 0.0006355223949335159
24.533333333333335 -0.11460723394986093 0.0006712922674802363
24.566666666666666 -0.18027193282729853 0.0007039128066569922
24.6 -0.23873577575791022 0.0007314566771190467
24.633333333333333 -0.29334138715358693 0.0007541349504838202
24.666666666666668 -0.33725219041225063 0.000770830734400596
24.7 -0.3746537226926056 0.0007843905644444593
24.733333333333334 -0.40160546754514537 0.0007927156637394517
24.766666666666666 -0.4187754772015711 0.0007986613400854936
24.8 -0.42461076743114806 0.0008013220442922298
24.833333333333332 -0.41859527817406655 0.0007970332295320071
24.866666666666667 -0.4013558038334834 0.0007929052845039308
24.9 -0.372969632527142 0.000783408922936879
24.933333333333334 -0.3354784521038955 0.0007710559383066196
24.966666666666665 -0.2888945487697317 0.000752456311318983
25.0 -0.23361883809274575 0.0007282867237903001
25.033333333333335 -0.17584511050732246 0.0007035493000955018
25.066666666666666 -0.10966830017356623 0.00066883938994379
25.1 -0.04127581407816118 0.0006314726064312812
25.133333333333333 0.024218324482362417 0.000622369502824606
25.166666666666668 0.09293130952586696 0.0006596678959825547
25.2 0.15771023789403896 0.0006962366484958293
25.233333333333334 0.21812636576148198 0.000724930908318766
25.266666666666666 0.270259079033842 0.0007456927509968958
25.3 0.3185552809861128 0.0007649979055794898
25.333333333333332 0.3564417509989305 0.0007795477871138656
25.366666666666667 0.38446974576702314 0.0007876251512383692
25.4 0.40275018998526363 0.0007945664129936358
25.433333333333334 0.40822570250965484 0.0007968368289845151
25.466666666666665 0.4050539432032913 0.0007946761933476099
25.5 0.38886289704226806 0.0007908432081334404
25.533333333333335 0.3638927452241628 0.0007830502389900573
25.566666666666666 0.3271813059069711 0.0007676267758537358
25.6 0.2838974164834769 0.0007504669286598764
25.633333333333333 0.2306505051379941 0.0007290932978862297
25.666666666666668 0.16979540390929607 0.0006994700135937726
25.7 0.10702998605256313 0.000663942108112589
25.733333333333334 0.0385441720155556 0.000628262108478217
25.766666666666666 -0.02891503297104887 0.0006242404947020865
25.8 -0.09615665262794315 0.0006617943603701298
25.833333333333332 -0.16110031442679099 0.0006941128134989871
25.866666666666667 -0.2219444833545187 0.0007253119121110874
25.9 -0.27636127345035527 0.0007487019221928959
25.933333333333334 -0.32378491907481755 0.0007667969126334828
25.966666666666665 -0.3628078933724007 0.0007812937966550915
26.0 -0.3927366703151055 0.0007899192925441834
26.033333333333335 -0.41218625603627773 0.0007967424538019574
26.066666666666666 -0.4205532551392381 0.0007991510733326712
26.1 -0.41677075953654724 0.0007980907040333052
26.133333333333333 -0.4040419863704128 0.0007928223339963014
26.166666666666668 -0.3802778394271861 0.0007846750506830813
26.2 -0.3452262660654361 0.0007727783787857545
26.233333333333334 -0.30202756096648237 0.0007555770647014737
26.266666666666666 -0.2506237713663142 0.000734912553932543
26.3 -0.19168010515311282 0.0007103289593325679
26.333333333333332 -0.12783265739284438 0.0006777107198888965
26.366666666666667 -0.06333474871934602 0.0006439381894713381
26.4 0.0058927549954864615 0.0006101586280931916
26.433333333333334 0.07409583180199873 0.0006490418259980923
26.466666666666665 0.13960634546636513 0.000683497175823472
26.5 0.20013521858475739 0.0007132136941080947
26.533333333333335 0.2529919476831114 0.0007386845799484676
26.566666666666666 0.3031155315134794 0.0007583771675565565
26.6 0.34467273787612906 0.0007755105386800243
26.633333333333333 0.37431913310644815 0.0007852021239315166
26.666666666666668 0.39479076846574296 0.0007903985916087319
26.7 0.40490216953900743 0.0007951890971644171
26.733333333333334 0.40379917020107753 0.0007954314381592442
26.766666666666666 0.39316137132459317 0.0007915766841297134
26.8 0.36929703051134816 0.0007831615828122751
26.833333333333332 0.3367933886043799 0.000770890810708913
26.866666666666667 0.2928378725555924 0.000753804749357434
26.9 0.24506842064725678 0.0007347518401889797
26.933333333333334 0.1882753080678377 0.0007064016867568967
26.966666666666665 0.12449938581446932 0.0006758096092589483
27.0 0.05959251832257311 0.0006382602568543658
27.033333333333335 -0.008164203366445863 0.000609346064842111
27.066666666666666 -0.07658391197058681 0.0006498403845866113
27.1 -0.14122779121731402 0.000683239140070957
27.133333333333333 -0.20386602560604683 0.0007146918117922618
27.166666666666668 -0.25867258446614316 0.0007383793915581305
27.2 -0.3079710050174929 0.0007581877093748579
27.233333333333334 -0.3484397251349384 0.0007748684724035448
27.266666666666666 -0.38054275785993685 0.0007854621682479856
27.3 -0.40260910376491005 0.0007924378009517841
27.333333333333332 -0.4145768628874235 0.0007983379160107495
27.366666666666667 -0.41573673077707163 0.0007984018644327517
27.4 -0.40442173054991276 0.000795354784304092
27.433333333333334 -0.38351932405666667 0.000788329042385405
27.466666666666665 -0.3513154448666056 0.0007778000380431194
27.5 -0.31093504831925206 0.0007637763023548017
27.533333333333335 -0.2624492304168859 0.0007427520718871761
27.566666666666666 -0.20666730677921288 0.0007174432021551658
27.6 -0.1445564718548393 0.0006862228450852659
27.633333333333333 -0.07942760678838486 0.0006508763475474161
27.666666666666668 -0.01369177958451588 0.000614282270184046
27.7 0.05231235471447205 0.0006382434173309096
27.733333333333334 0.11773274387077343 0.0006731313574471209
27.766666666666666 0.18136413560246895 0.0007038687190822901
27.8 0.2378805333580781 0.0007295765713805913
27.833333333333332 0.28792569716050564 0.0007515611373984932
27.866666666666667 0.32970432306712955 0.0007664668170713762
27.9 0.3620109305221588 0.000779152721987364
27.933333333333334 0.38671712565072397 0.0007859688675483922
27.966666666666665 0.398059773523958 0.0007922103325464502
28.0 0.4002119628794145 0.0007933178207805147
28.033333333333335 0.3915394522599021 0.0007905777750897292
28.066666666666666 0.3726765182938014 0.0007861012068147155
28.1 0.3432965711289486 0.0007749497666372784
28.133333333333333 0.3043283409662427 0.000758876833765576
28.166666666666668 0.2558870852618856 0.0007395365300971735
28.2 0.20120132375591088 0.0007158660526774274
28.233333333333334 0.14090964598085512 0.00068424588983379
28.266666666666666 0.07704295538426718 0.0006515033646039281
28.3 0.012407388216317738 0.0006142056068824987
28.333333333333332 -0.055799058531235554 0.0006391646349583127
28.366666666666667 -0.1210835282776465 0.000674810019683128
28.4 -0.18425566842687713 0.0007061782448241349
28.433333333333334 -0.24175664610742764 0.0007330137437050466
28.466666666666665 -0.2926987510313928 0.0007537035075423915
28.5 -0.3351021852525786 0.0007709449854829686
28.533333333333335 -0.3704719801889808 0.000783518471553446
28.566666666666666 -0.3953114045857189 0.0007908733033578086
28.6 -0.40942551117732123 0.0007955165637378303
28.633333333333333 -0.4126477820772261 0.0007968247165061615
28.666666666666668 -0.4070454478129475 0.0007952491981972898
28.7 -0.38877467633371177 0.0007890014661499078
28.733333333333334 -0.3601549439001942 0.0007792544344953911
28.766666666666666 -0.32022243584503995 0.0007649428505367428
28.8 -0.2739351477464723 0.0007462970110856393
28.833333333333332 -0.2208149080645967 0.0007239568233160798
28.866666666666667 -0.15936599946684446 0.0006942128355073574
28.9 -0.09667007277048784 0.0006618955498130796
28.933333333333334 -0.029970727080543675 0.0006239070795821464
28.966666666666665 0.0356605018847979 0.0006276349407626849
29.0 0.10056091253336917 0.0006664391097501304
29.033333333333335 0.16192267780298744 0.0006973182288786683
29.066666666666666 0.2235258353264458 0.0007272282843923672
29.1 0.27365592151489393 0.0007468450343124378
29.133333333333333 0.3167319240460452 0.0007640388930210684
29.166666666666668 0.3521130462648199 0.0007787830199317836
29.2 0.3774001084577878 0.0007871792556384261
29.233333333333334 0.39286265401550785 0.0007920290905247263
29.266666666666666 0.39822457635245917 0.0007947418059852107
29.3 0.392790642496012 0.0007920949506702302
29.333333333333332 0.37691622923193036 0.000786106045229884
29.366666666666667 0.3496033955181342 0.0007760690173920226
29.4 0.3119646805276524 0.0007628994484824014
29.433333333333334 0.2671791941073243 0.0007476424825175187
29.466666666666665 0.21339495932374178 0.0007214614553176235
29.5 0.15613316211260955 0.0006927422663569882
29.533333333333335 0.0937318055723528 0.0006631511176931199
29.566666666666666 0.026126131185302992 0.0006216354637160297
29.6 -0.03844644934166927 0.0006296762961685715
29.633333333333333 -0.10237985490183163 0.000665075600682366
29.666666666666668 -0.16572172884733533 0.0007007768655519775
29.7 -0.22582498374071683 0.000725666875399017
29.733333333333334 -0.2770322647870536 0.0007468639359457518
29.766666666666666 -0.32208084182763486 0.0007653328121748904
29.8 -0.3599749028219725 0.0007792819613381963
29.833333333333332 -0.3857002031066105 0.0007856746640348411
29.866666666666667 -0.40219828381064054 0.0007931284408023154
29.9 -0.40902861347264297 0.0007958745514329846
29.933333333333334 -0.4048263357642515 0.0007945550178563576
29.966666666666665 -0.3895652074951557 0.0007901360773459043
30.0 -0.3661869832422568 0.0007823196971022406
30.033333333333335 -0.3301077385738266 0.0007688896665904998
30.066666666666666 -0.28395414818816567 0.0007508444331486563
30.1 -0.2333752866043148 0.0007293188925905358
30.133333333333333 -0.17658101638287596 0.000700822638491444
30.166666666666668 -0.11291739511612525 0.0006701361568560577
30.2 -0.0481292373213853 0.0006345884190102416
30.233333333333334 0.017286447420148152 0.0006161311140347875
30.266666666666666 0.08197184551428062 0.000653770941706891
30.3 0.14671475376711401 0.0006872355107083172
30.333333333333332 0.2046841726866544 0.0007169498491663706
30.366666666666667 0.2554540051091378 0.0007409626357670618
30.4 0.3023136130540615 0.0007609572037741152
30.433333333333334 0.3410679152016843 0.0007746195183566673
30.466666666666665 0.3680628844343601 0.0007854971170767611
30.5 0.386335417026507 0.0007913548659292391
30.533333333333335 0.39531456188003977 0.0007934920465417772
30.566666666666666 0.3916015264121414 0.0007916484752799602
30.6 0.3783661270635276 0.0007866172837808216
30.633333333333333 0.3544877860622109 0.0007794099156699374
30.666666666666668 0.3205395933993135 0.0007654366418585745
30.7 0.2780203832788503 0.00074944874476357
30.733333333333334 0.22603866546286852 0.0007264541151153769
30.766666666666666 0.17162461355413297 0.0007000330590206938
30.8 0.11038593912685259 0.0006713032956013887
30.833333333333332 0.043449713761680706 0.0006316169017656498
30.866666666666667 -0.02084046504471138 0.0006189687772493908
30.9 -0.08629047431189044 0.0006549872331613471
30.933333333333334 -0.15008923082157177 0.0006894817830740696
30.966666666666665 -0.2081112969043418 0.0007161969418298664
31.0 -0.26228477296475583 0.0007403337627660544
31.033333333333335 -0.30925396343963957 0.0007598736994883781
31.066666666666666 -0.3470153807467794 0.0007742636103356126
31.1 -0.376756504505226 0.0007845754816737105
31.133333333333333 -0.39556452292783567 0.0007918160616521286
31.166666666666668 -0.40470947680327696 0.0007950710843432907
31.2 -0.403037853568731 0.0007936846596578451
31.233333333333334 -0.3911569606669549 0.0007908228538811013
31.266666666666666 -0.36965342176390553 0.0007839818335207971
31.3 -0.3356803212866089 0.0007703813716294361
31.333333333333332 -0.29343798540374333 0.0007539057323415199
31.366666666666667 -0.24504696208528268 0.0007334732322068216
31.4 -0.19128876363808092 0.0007098463017678469
31.433333333333334 -0.12632638557615203 0.000676772011484833
31.466666666666665 -0.0638542970828583 0.0006428142202214299
31.5 0.001204753405215119 0.0006069179938556269
31.533333333333335 0.06799754711727299 0.0006457925141736265
31.566666666666666 0.12876763537325003 0.0006793128965919548
31.6 0.1880927138881359 0.000710075697548912
31.633333333333333 0.24089270949739244 0.0007340722523557497
31.666666666666668 0.2867231520878926 0.0007549566060381374
31.7 0.32754998649241024 0.0007695276276272756
31.733333333333334 0.3589761959815006 0.0007808406559414727
31.766666666666666 0.3800271375520443 0.0007885595607806106
31.8 0.3888692459279268 0.0007904370173880126
31.833333333333332 0.3887652082214318 0.0007908836665918018
31.866666666666667 0.3763375106246044 0.0007837944405104658
31.9 0.3585002807185974 0.0007808018365218494
31.933333333333334 0.32595250836320894 0.000770094652901232
31.966666666666665 0.2879271895021184 0.0007519059560130992
32.0 0.23884175186023845 0.0007321315477757939
32.03333333333333 0.18257897140900634 0.0007049184212004622
32.06666666666667 0.12232527937290961 0.0006752162527228489
32.1 0.05619311571804555 0.0006381577044528297
32.13333333333333 -0.005974672128212351 0.0006082945186665764
32.166666666666664 -0.06946994842703762 0.000645780334106727
32.2 -0.1333357551625425 0.0006789012657563431
32.233333333333334 -0.19284668050350798 0.000708726722243036
32.266666666666666 -0.24773265331208386 0.0007332971684822498
32.3 -0.29464879698010715 0.000754768500596803
32.333333333333336 -0.3343316123802204 0.0007692708893770606
32.36666666666667 -0.36524432966299075 0.0007799282184620671
32.4 -0.387434524283947 0.0007880659091094033
32.43333333333333 -0.39841338300171486 0.0007920338390243198
32.46666666666667 -0.3986774662975938 0.0007926290165432004
32.5 -0.39082473763863124 0.0007909041245511839
32.53333333333333 -0.37107349254786054 0.0007840216296168268
32.56666666666667 -0.34136078992815283 0.000773494638401373
32.6 -0.3031944916694119 0.0007585407027931312
32.63333333333333 -0.2569959325914127 0.0007396310967261455
32.666666666666664 -0.2028078710107883 0.0007160723608029829
32.7 -0.1437007080762418 0.0006858677787210943
32.733333333333334 -0.08019286988784725 0.0006524666590916328
32.766666666666666 -0.015865404443311925 0.0006159464269045976
32.8 0.048994827981779614 0.0006353411507469819
32.833333333333336 0.11201618110869006 0.0006701954687427653
32.86666666666667 0.1730055011666821 0.0007007897012497877
32.9 0.22792392518158167 0.0007288293810071289
32.93333333333333 0.27583673431204503 0.0007488411145854523
32.96666666666667 0.3156283655349135 0.0007645521023726398
33.0 0.3488434817483378 0.0007738115277046154
33.03333333333333 0.37114359849380035 0.0007829308476701713
33.06666666666667 0.3832177470788311 0.0007878276701359099
33.1 0.3865483275412549 0.0007880047714982075
33.13333333333333 0.37862974240048264 0.0007852092143157963
33.166666666666664 0.3585521831722529 0.0007788954446892316
33.2 0.33129102827460954 0.0007689286231197245
33.233333333333334 0.29456256901435734 0.0007544118570497194
33.266666666666666 0.25000067895067396 0.0007365090460181856
33.3 0.1930883133628797 0.0007104743277987491
33.333333333333336 0.13896822534099176 0.0006847386069671335
33.36666666666667 0.07521951443286817 0.0006490068955103678
33.4 0.010959340124850198 0.0006115119982370697
33.43333333333333 -0.05408252122925956 0.0006379004844860592
33.46666666666667 -0.11742969713228193 0.0006718705957790005
33.5 -0.17669096733462997 0.0007024925038968122
33.53333333333333 -0.23266671038103015 0.0007283786514528101
33.56666666666667 -0.2814411105276347 0.0007483379202882223
33.6 -0.3220215709989291 0.0007647562096276816
33.63333333333333 -0.3558427741818906 0.00077774235756084
33.666666666666664 -0.3798220995180844 0.0007880647836337462
33.7 -0.39393493852719697 0.0007909878129165882
33.733333333333334 -0.39803747814208174 0.0007912901244211401
33.766666666666666 -0.39176915601830614 0.0007893526891180058
33.8 -0.3739192902069302 0.0007834902376115394
33.833333333333336 -0.3473835758283351 0.0007741690029237636
33.86666666666667 -0.31091722244499104 0.0007611314630548982
33.9 -0.2659792242781836 0.000743589112145171
33.93333333333333 -0.21191589985228437 0.0007210109224752848
33.96666666666667 -0.15564495125376943 0.0006917573270769917
34.0 -0.09544309011354972 0.0006605066396544179
34.03333333333333 -0.03184176631065322 0.0006264652559080028
34.06666666666667 0.034075482085587805 0.0006262049516398624
34.1 0.09733114479891669 0.0006626077922348428
34.13333333333333 0.1570117555209045 0.0006945562543328732
34.166666666666664 0.21182172573502273 0.000720132133255863
34.2 0.2627639866830178 0.0007417837096971303
34.233333333333334 0.3044561983909509 0.0007603247310599137
34.266666666666666 0.33760687149784774 0.0007724631773560753
34.3 0.3646735133352491 0.0007817775496385404
34.333333333333336 0.3787598958676276 0.000788098744437693
34.36666666666667 0.38420239803650114 0.0007905690591412107
34.4 0.3797798802148507 0.0007865583521650676
34.43333333333333 0.363339122942762 0.0007815527807096267
34.46666666666667 0.33547547742484163 0.0007731975353841847
34.5 0.3016615011690791 0.0007573954165515095
34.53333333333333 0.2589521329150435 0.000742266711263817
34.56666666666667 0.20697443488047765 0.0007171161199182874
34.6 0.15064475937755423 0.0006904640083317815
34.63333333333333 0.0880556703737099 0.0006577351198592818
34.666666666666664 0.025418263885370964 0.0006206534395260012
34.7 -0.035516397572219374 0.0006270644394454281
34.733333333333334 -0.10194007195102894 0.0006638383168686562
34.766666666666666 -0.16177084221355847 0.0006955205663383979
34.8 -0.21703510726975098 0.0007222110063643816
34.833333333333336 -0.26733575952827415 0.000744104490300268
34.86666666666667 -0.30942663855093383 0.0007619282667680194
34.9 -0.3450889359191382 0.0007754657118186348
34.93333333333333 -0.37240660895018274 0.00078616893717387
34.96666666666667 -0.3875526888992236 0.0007923931887519609
35.0 -0.39382840456336854 0.0007994738332182671
35.03333333333333 -0.3886266170327485 0.0007965649586803014
35.06666666666667 -0.3746407633140841 0.0007885354326615523
35.1 -0.35072798699880564 0.0007778388744417164
35.13333333333333 -0.3165089808063585 0.0007647357329280124
35.166666666666664 -0.2746492266894062 0.0007480712750437268
35.2 -0.22559825527821767 0.0007256389017318565
35.233333333333334 -0.16910413153353893 0.0006993582958406963
35.266666666666666 -0.10854123745072525 0.0006685372954521596
35.3 -0.04934289615928168 0.0006370592709477457
35.333333333333336 0.018523531880091502 0.00061563787830465
35.36666666666667 0.08089604938949213 0.0006522769260609435
35.4 0.14390829709537684 0.0006860381794975279
35.43333333333333 0.20019725077425374 0.0007153076701210126
35.46666666666667 0.249136404081649 0.0007359944474273072
35.5 0.294384102682722 0.0007548993264834825
35.53333333333333 0.3304373738381485 0.0007701078084645929
35.56666666666667 0.35282222024872417 0.0007786702441962001
35.6 0.37128346130395495 0.0007835207128820687
35.63333333333333 0.37869039047536746 0.000786776616222562
35.666666666666664 0.37593310168381955 0.000786155513958664
35.7 0.3638434823625573 0.0007827826248499314
35.733333333333334 0.33950844872956987 0.0007764105117692433
35.766666666666666 0.30651541948790206 0.0007620372919470153
35.8 0.26502372295845533 0.0007454735215513542
35.833333333333336 0.2175067943597942 0.0007238941442634372
35.86666666666667 0.1610371412316859 0.0006979317468049362
35.9 0.103253666611347 0.0006635089223331753
35.93333333333333 0.04085924527702749 0.0006300728566743172
35.96666666666667 -0.022437171207332896 0.0006202154433487227
36.0 -0.08624568557582342 0.0006565792788025132
36.03333333333333 -0.14504518015375015 0.0006873409504192518
36.06666666666667 -0.20342604270264975 0.0007153178658057813
36.1 -0.2545516392139974 0.0007386080603335454
36.13333333333333 -0.2992466327031946 0.0007570378478265472
36.166666666666664 -0.337087192042097 0.0007714138634235534
36.2 -0.36506580977668834 0.0007815814222517647
36.233333333333334 -0.3818238967156237 0.0007876851346654834
36.266666666666666 -0.38969922637615545 0.000789798307584022
36.3 -0.38834374993951576 0.0007892221985840164
36.333333333333336 -0.3770166022362992 0.0007845709784697896
36.36666666666667 -0.3532012573613485 0.0007769238878361229
36.4 -0.32159411608360744 0.0007649098020444667
36.43333333333333 -0.2824325749027426 0.0007496377766727513
36.46666666666667 -0.23463695448077934 0.0007286686466693726
36.5 -0.17928554899222784 0.0007039982962568359
36.53333333333333 -0.12240323784868633 0.0006761971975707409
36.56666666666667 -0.06029996972256819 0.0006427606181307333
36.6 0.004301332885793786 0.0006089735071877203
36.63333333333333 0.06666521469470033 0.0006451457415421885
36.666666666666664 0.12839068852022997 0.0006783301186845392
36.7 0.1847771033173183 0.000708969909719942
36.733333333333334 0.23551813466698499 0.0007312250551652633
36.766666666666666 0.28149507876490704 0.0007504367084690822
36.8 0.3195089906989564 0.000765049193116929
36.833333333333336 0.3482234088724407 0.0007758047124465373
36.86666666666667 0.36762678217196465 0.0007843995556858774
36.9 0.37624367849612056 0.0007861011485328362
36.93333333333333 0.3768228467272845 0.000785469428172314
36.96666666666667 0.3652528412751299 0.0007826453695763402
37.0 0.34478191265645775 0.0007759229354701858
37.03333333333333 0.3138498693541132 0.0007615658810949943
37.06666666666667 0.27398068822448174 0.0007471055946642324
37.1 0.22639267039017066 0.0007256074229768372
37.13333333333333 0.17332739842871184 0.0007003904955545093
37.166666666666664 0.11383470721331017 0.0006700462405876129
37.2 0.054210617034080436 0.0006391237695591925
37.233333333333334 -0.008286331601534335 0.0006098002172804044
37.266666666666666 -0.07058431511485408 0.0006469309069584428
37.3 -0.13159474542032415 0.0006822949131742306
37.333333333333336 -0.1900869207064709 0.0007096002967948156
37.36666666666667 -0.24304344382691134 0.0007323782834784132
37.4 -0.2874576881659547 0.0007507870343451128
37.43333333333333 -0.32458357448057745 0.0007652795082472297
37.46666666666667 -0.35523709555612004 0.0007768380425686727
37.5 -0.37465897926312086 0.0007851787444857483
37.53333333333333 -0.386374399533848 0.0007894016239685109
37.56666666666667 -0.3874573427367544 0.000789616343743027
37.6 -0.37657057369335084 0.0007859636540893389
37.63333333333333 -0.3571207359301985 0.0007788824281897977
37.666666666666664 -0.3272714098880715 0.0007698125365213082
37.7 -0.2913850521942167 0.0007549232643270232
37.733333333333334 -0.2416987599224128 0.0007328799217594939
37.766666666666666 -0.18988723455731643 0.0007099820202615126
37.8 -0.13303387602402267 0.0006811295081354252
37.833333333333336 -0.07137983569519339 0.0006495056701626561
37.86666666666667 -0.008549423185354206 0.0006118055457580013
37.9 0.05165095650307771 0.0006368686679092267
37.93333333333333 0.11137189320341612 0.0006684393487793316
37.96666666666667 0.17029544015107634 0.0006992821382514613
38.0 0.22296361473888726 0.0007247658630860354
38.03333333333333 0.2681723364721405 0.0007425010534646836
38.06666666666667 0.30773598555832626 0.0007601743263301874
38.1 0.3378625032230092 0.0007713173054024192
38.13333333333333 0.35943265657192264 0.0007779369645261047
38.166666666666664 0.37007063126707906 0.0007823427653659842
38.2 0.3718509311205183 0.0007847674738792332
38.233333333333334 0.36367871442957617 0.0007812519047531441
38.266666666666666 0.3448756540288254 0.0007729310498865161
38.3 0.316596212610403 0.0007644504407723351
38.333333333333336 0.27862639469898376 0.0007508956343179052
38.36666666666667 0.23540595428293062 0.0007306107125983063
38.4 0.18455281528930118 0.0007076419725971228
38.43333333333333 0.12536815264322243 0.0006779794348973633
38.46666666666667 0.06559343046682838 0.0006445714768388566
38.5 0.0033691756516589432 0.0006082489728563307
38.53333333333333 -0.05800599998447702 0.0006405275800913102
38.56666666666667 -0.11777819968679773 0.0006743350042721502
38.6 -0.17443055190866621 0.0007027691357461563
38.63333333333333 -0.2285975702544126 0.0007271202613381711
38.666666666666664 -0.2771349334759957 0.0007480367132436383
38.7 -0.3150601115384658 0.0007634951351064845
38.733333333333334 -0.3468606421232048 0.0007752096768746108
38.766666666666666 -0.36942513951266787 0.0007820146088782232
38.8 -0.3828341766090421 0.0007868025975216741
38.833333333333336 -0.38473605922126997 0.0007874520018025799
38.86666666666667 -0.3766964359893017 0.0007840996454283045
38.9 -0.35938779554095207 0.0007781981204639243
38.93333333333333 -0.33187945075533637 0.0007686691860835926
38.96666666666667 -0.29570300843502684 0.0007560116301112418
39.0 -0.2532405438895151 0.0007369939868558384
39.03333333333333 -0.2007629450760306 0.0007136426906738658
39.06666666666667 -0.14578577638536594 0.0006861911426604694
39.1 -0.08608496084732473 0.0006565905710521347
39.13333333333333 -0.02493157917757073 0.0006222720275041796
39.166666666666664 0.038574369036001 0.000630007026010973
39.2 0.09964008410018106 0.0006654986644917815
39.233333333333334 0.15638306303613347 0.0006942001733569736
39.266666666666666 0.2090500921338221 0.000720154474140644
39.3 0.25697209376454233 0.0007415234873826004
39.333333333333336 0.295468491888071 0.0007566395080933486
39.36666666666667 0.326180692829495 0.0007682056026540596
39.4 0.3523651951443139 0.0007787272542039703
39.43333333333333 0.36571206725124955 0.0007825065892628214
39.46666666666667 0.3697123449072747 0.0007839816480371131
39.5 0.36338909967498373 0.0007818515738140519
39.53333333333333 0.346912477348939 0.0007753514140187434
39.56666666666667 0.3203824418334874 0.0007664132224429188
39.6 0.28620294482471786 0.0007519903187845345
39.63333333333333 0.24489888256304734 0.0007347099647601885
39.666666666666664 0.19330823506350733 0.0007113844458715712
39.7 0.13790989920615182 0.0006829753197250266
39.733333333333334 0.07779775363460348 0.0006492373460838946
39.766666666666666 0.014927768983890118 0.0006143897038249236
39.8 -0.04500105107857494 0.0006325973267871932
39.833333333333336 -0.10519489622194028 0.0006657757352751953
39.86666666666667 -0.1653271701861924 0.0006954709736232689
39.9 -0.21690708078807236 0.0007198325041070097
39.93333333333333 -0.2631984270536399 0.0007405791366034697
39.96666666666667 -0.30550605854084667 0.0007590453215423065
40.0 -0.3373125107295726 0.0007703273402083766
40.03333333333333 -0.36173214152335603 0.0007787669248722207
40.06666666666667 -0.3762535065621454 0.0007842277251912666
40.1 -0.3803031742302841 0.0007857987122020238
40.13333333333333 -0.37422387854509886 0.0007839286890806707
40.166666666666664 -0.3597192777316066 0.000779405552509771
40.2 -0.3338243433504003 0.0007709517304710367
40.233333333333334 -0.3005425176401928 0.0007570496095676837
40.266666666666666 -0.2584289723515817 0.0007391310761747927
40.3 -0.21127839088544195 0.0007180237288311186
40.333333333333336 -0.1565087309095622 0.000692478885230885
40.36666666666667 -0.0964453560764433 0.0006606093180674122
40.4 -0.0351983174183148 0.000627253293602123
40.43333333333333 0.026184849704278212 0.0006217880649613261
40.46666666666667 0.08626502037527113 0.0006564056748261382
40.5 0.14507412164304154 0.000687470443526017
40.53333333333333 0.19782729321056336 0.0007161975737461357
40.56666666666667 0.24717427060729244 0.0007360554444227618
40.6 0.2857167954172126 0.0007535574872423179
40.63333333333333 0.3219386162817705 0.000765377426044489
40.666666666666664 0.3455470841160134 0.0007753420742468431
40.7 0.3595637995746598 0.0007821340250085962
40.733333333333334 0.3654143074367584 0.0007843754154567839
40.766666666666666 0.3615802491821931 0.0007816786592326208
40.8 0.34587871216945326 0.0007730220629339479
40.833333333333336 0.3209430116112203 0.0007665669792527585
40.86666666666667 0.29023327059980547 0.0007554892636519872
40.9 0.24925808604492403 0.0007364537726981812
40.93333333333333 0.20058583046397196 0.0007149455911840408
40.96666666666667 0.14574804044294878 0.0006893281336163848
41.0 0.09143411902534157 0.000659335763048316
41.03333333333333 0.030373630036174902 0.0006240567972237293
41.06666666666667 -0.030917231340070787 0.0006236772054367748
41.1 -0.09391409873053912 0.0006600390280555035
41.13333333333333 -0.15106007896538456 0.0006891225932085798
41.166666666666664 -0.20358502676035356 0.000717306553093211
41.2 -0.2528407050025917 0.0007371616866130859
41.233333333333334 -0.2956100428826157 0.0007547005295689413
41.266666666666666 -0.32945171399216094 0.0007669827400709761
41.3 -0.3557070463880083 0.000777563599339226
41.333333333333336 -0.3722034505831658 0.0007826871800036828
41.36666666666667 -0.3781432792912529 0.0007845631386275143
41.4 -0.37479839448498053 0.0007835758852958175
41.43333333333333 -0.36029989591378625 0.0007790954197536282
41.46666666666667 -0.3376576705938591 0.0007713708819304665
41.5 -0.3047860340607729 0.0007582686427358154
41.53333333333333 -0.2653072545797754 0.0007419325712867408
41.56666666666667 -0.21908528495267535 0.0007226546635180076
41.6 -0.1650727074621748 0.000696176953723121
41.63333333333333 -0.10586435998444078 0.0006670475480646115
41.666666666666664 -0.04796624085331007 0.000634023363579754
41.7 0.01220622893241878 0.0006139110809006004
41.733333333333334 0.07512998887026455 0.0006497953800286976
41.766666666666666 0.1317797499766628 0.0006809812074221322
41.8 0.18523465967003358 0.000708052302294454
41.833333333333336 0.23539891402155322 0.0007296284328235925
41.86666666666667 0.2776779917653257 0.0007506632021450077
41.9 0.3122387810275397 0.0007634240320610886
41.93333333333333 0.3389435385055596 0.0007731726282964035
41.96666666666667 0.3548200148630737 0.0007777520244789948
42.0 0.363247952643882 0.0007797737115678993
