0.0 -0.6661140436977263 0.0009977572872134077
0.03333333333333333 -0.6684182085352094 0.0009986698678895456
0.06666666666666667 -0.6544184661278352 0.0009983307597239977
0.1 -0.6218832531734768 0.0009945337455473657
0.13333333333333333 -0.5747834326427398 0.000984459958100925
0.16666666666666666 -0.5128141960461767 0.0009694921338233575
0.2 -0.43515074205191406 0.000938630813565211
0.23333333333333334 -0.347350919689838 0.0009032376693158262
0.26666666666666666 -0.2526524286068618 0.0008572232619612485
0.3 -0.15271233848749335 0.0008015555747705461
0.3333333333333333 -0.0464983196203796 0.0007369013406689703
0.36666666666666664 0.061713021988115915 0.0007481820772364464
0.4 0.16348696475346639 0.0008099799205052993
0.43333333333333335 0.26582270669901054 0.00086656904431065
0.4666666666666667 0.36047489730615406 0.0009125092638903043
0.5 0.44578971960439 0.0009506415906397891
0.5333333333333333 0.5153381481976967 0.000977235519115438
0.5666666666666667 0.570906850635179 0.0009935772295672773
0.6 0.6132747399428989 0.0010027848968362507
0.6333333333333333 0.6394658075068763 0.0010080353427006639
0.6666666666666666 0.6482696256098298 0.0010096685977594166
0.7 0.6428803736400704 0.0010101647446515427
0.7333333333333333 0.6187462139475908 0.0010093772716754934
0.7666666666666667 0.577395654793175 0.0009977753797342226
0.8 0.51991710273082 0.0009826498358921354
0.8333333333333334 0.45239159499669945 0.000960640880854402
0.8666666666666667 0.3675095252723361 0.0009198546086106596
0.9 0.27223467270022195 0.0008728285288780446
0.9333333333333333 0.17234013324982503 0.0008191955761018277
0.9666666666666667 0.06971235047762206 0.0007525812089395345
1.0 -0.03535391158739658 0.0007295225069084699
1.0333333333333334 -0.1374586148172538 0.0007916950115746946
1.0666666666666667 -0.24238369436567037 0.0008478576856716102
1.1 -0.33677473012722886 0.0008942382732479159
1.1333333333333333 -0.42255542216720804 0.0009309413868280325
1.1666666666666667 -0.4959097405390075 0.0009607957746574636
1.2 -0.5602333480718718 0.0009774585683451908
1.2333333333333334 -0.6064314077896301 0.00098804178705858
1.2666666666666666 -0.6384877534180995 0.0009935255465121084
1.3 -0.6567861686425609 0.0009932379549468795
1.3333333333333333 -0.6565835510803345 0.000995478094512281
1.3666666666666667 -0.6436459207174933 0.000995971773048221
1.4 -0.6046637409491732 0.0009899884668668202
1.4333333333333333 -0.5564675114134358 0.0009802681485626685
1.4666666666666666 -0.491845446149547 0.0009635651688154612
1.5 -0.415052435951282 0.0009304772749273438
1.5333333333333334 -0.3270437558182892 0.0008926330779150393
1.5666666666666667 -0.2310171677681061 0.00084311581916377
1.6 -0.12829566119663474 0.0007861070533364267
1.6333333333333333 -0.030745417373888233 0.0007242916918472585
1.6666666666666667 0.07362832644713259 0.0007518998147607592
1.7 0.18461121412636047 0.0008207350818226489
1.7333333333333334 0.28258711279904986 0.0008737322356092148
1.7666666666666666 0.3705646482257108 0.0009141021044968833
1.8 0.4484634961451386 0.0009533397911618557
1.8333333333333333 0.5167300464590067 0.0009765193835022945
1.8666666666666667 0.572282708819273 0.0009923818711489174
1.9 0.6108162938502149 0.0010021179650095968
1.9333333333333333 0.6330797862319052 0.001007248358853352
1.9666666666666666 0.6392255460937696 0.0010092822679825808
2.0 0.6311412582716349 0.0010081820350898996
2.033333333333333 0.605465658765945 0.001002991870729164
2.066666666666667 0.5630001702881906 0.000994554674357273
2.1 0.5045105560051434 0.0009779844573498675
2.1333333333333333 0.43091116680722447 0.0009515354565599043
2.1666666666666665 0.34515566573212486 0.0009098823145853863
2.2 0.24842886180331933 0.0008589347875414266
2.2333333333333334 0.150559108577992 0.000805624548888606
2.2666666666666666 0.04967372453885148 0.0007406058358984946
2.3 -0.05287893574118229 0.0007434754805976454
2.3333333333333335 -0.15539487368792296 0.0008036366719106625
2.3666666666666667 -0.2529376653633478 0.0008546547935193716
2.4 -0.34837662329173347 0.0008987828605849235
2.433333333333333 -0.4285757817347242 0.0009347564764627392
2.466666666666667 -0.5019367945432257 0.0009631732858179642
2.5 -0.5616678477883714 0.0009778226491810038
2.533333333333333 -0.6067856353122322 0.000990175522329828
2.566666666666667 -0.6367503775502297 0.0009949322837058405
2.6 -0.6496679523462773 0.0009953171008356687
2.6333333333333333 -0.6473214868214678 0.0009968283614808504
2.6666666666666665 -0.6278116106000299 0.0009945701010101171
2.7 -0.5913601661726049 0.0009893005850234449
2.7333333333333334 -0.5399773992914135 0.0009773931042967865
2.7666666666666666 -0.4723886561286996 0.0009577496155450671
2.8 -0.39283269649480346 0.000920331677011943
2.8333333333333335 -0.3082161314924108 0.0008831982540082328
2.8666666666666667 -0.21385942536823183 0.0008354906168979714
2.9 -0.11201633782699055 0.0007807127001440289
2.933333333333333 -0.006145928280570781 0.0007098583110487743
2.966666666666667 0.09965111604890696 0.000772708889231255
3.0 0.20208763858267476 0.0008306327376653433
3.033333333333333 0.2986324339279359 0.0008813756197619815
3.066666666666667 0.3833102626329661 0.0009190860032631809
3.1 0.46027991181977446 0.0009589997247358983
3.1333333333333333 0.5248182133787324 0.0009808174392643698
3.1666666666666665 0.5742737016805476 0.0009923084790357528
3.2 0.6108305088969663 0.0010010795863791833
3.2333333333333334 0.6292800600627861 0.0010049343658176113
3.2666666666666666 0.6314931741044414 0.0010059690778945196
3.3 0.6195522424230027 0.0010043207177371505
3.3333333333333335 0.5906967473869924 0.0010004168894520715
3.3666666666666667 0.5458992030424317 0.000989729949268492
3.4 0.4824419570159322 0.0009708736094148351
3.433333333333333 0.4118194784531615 0.0009404067562862606
3.466666666666667 0.32506794461920013 0.0009009287746077899
3.5 0.23148884813310727 0.000852427309413456
3.533333333333333 0.12740871628993058 0.000791223868517682
3.566666666666667 0.02620716556145125 0.000721369725008178
3.6 -0.07589317546478938 0.0007554530667620019
3.6333333333333333 -0.1755346029138096 0.0008140938207105153
3.6666666666666665 -0.2703013417236775 0.0008629089270436041
3.7 -0.35534266950905896 0.0009045049895676227
3.7333333333333334 -0.4387797038814497 0.0009426668184389642
3.7666666666666666 -0.5068051751757595 0.0009666525314009355
3.8 -0.5634250582296041 0.0009797446228242412
3.8333333333333335 -0.6052756379791157 0.000988197790976475
3.8666666666666667 -0.6295342103409443 0.0009932090182511732
3.9 -0.6399252028124213 0.000995177360666677
3.933333333333333 -0.6343760050901327 0.0009950341387899853
3.966666666666667 -0.6121319929074295 0.0009940522880690361
4.0 -0.5725031201469213 0.0009858822717649929
4.033333333333333 -0.5178342289107092 0.0009743615244829362
4.066666666666666 -0.4471185771882539 0.0009505820328346015
4.1 -0.3684628435776233 0.0009146753272050168
4.133333333333334 -0.27981847110931723 0.000870713287145497
4.166666666666667 -0.1854386664992675 0.00082265930482886
4.2 -0.08396685637872789 0.0007621004843675477
4.233333333333333 0.017936309301417017 0.0007169811584730769
4.266666666666667 0.11582787589234654 0.0007813414687930786
4.3 0.21788844937165586 0.000839646508314501
4.333333333333333 0.3101880855177378 0.0008876784383247682
4.366666666666666 0.3942378457157695 0.0009299862962471872
4.4 0.4681740051795587 0.0009622156021048545
4.433333333333334 0.529922124697983 0.00098129452900253
4.466666666666667 0.5763146493443957 0.0009943633110558459
4.5 0.6054388728173035 0.0009997425778403013
4.533333333333333 0.6201333502660218 0.0010034163971899268
4.566666666666666 0.6204683051675789 0.0010034919312280621
4.6 0.6045156221984165 0.0010011187797273058
4.633333333333334 0.572059440566031 0.000996815518214067
4.666666666666667 0.5247397965048054 0.0009853497221194996
4.7 0.46103204227191713 0.0009604073155464743
4.733333333333333 0.38520849791294737 0.0009308061588489958
4.766666666666667 0.2969407067225329 0.0008851646739095331
4.8 0.19958744353681962 0.000833023108196218
4.833333333333333 0.10265171062309468 0.0007735581932125785
4.866666666666666 -0.0004186161409362075 0.0007052061363793114
4.9 -0.09798309263418901 0.00076902196869999
4.933333333333334 -0.19716635244340824 0.0008281701924017781
4.966666666666667 -0.28644179814785675 0.0008712064823208632
5.0 -0.37123514820657516 0.0009108186377702054
5.033333333333333 -0.44985686670196257 0.0009440876842832235
5.066666666666666 -0.5160891297493145 0.0009684905756354167
5.1 -0.568794393386205 0.000981789210143691
5.133333333333334 -0.6047266239494716 0.0009894953997281464
5.166666666666667 -0.6271638891467728 0.000993610957727542
5.2 -0.6332427722415024 0.0009950922964763187
5.233333333333333 -0.6219401046565485 0.0009938618167336655
5.266666666666667 -0.5950060109201476 0.0009896309560551986
5.3 -0.5532989674748752 0.0009834394742347374
5.333333333333333 -0.496295389383011 0.0009690273726029597
5.366666666666666 -0.42724899693433377 0.0009431757313260736
5.4 -0.3425625934692242 0.0009016818912475077
5.433333333333334 -0.2539046463601861 0.0008598221064916589
5.466666666666667 -0.16010586118337014 0.0008088466016299978
5.5 -0.0586047986602869 0.0007443901810275447
5.533333333333333 0.04110490427134031 0.0007343724286117265
5.566666666666666 0.13836540402260852 0.000795688947109352
5.6 0.23940703506006925 0.0008527180956735825
5.633333333333334 0.3291186065205745 0.0008972462227437306
5.666666666666667 0.4066897034063701 0.0009335769893883961
5.7 0.4769411038549034 0.0009672921201828166
5.733333333333333 0.5346148091309314 0.0009864465310689408
5.766666666666667 0.5754599442099589 0.000995947983536305
5.8 0.6029705132010789 0.0010017214834570076
5.833333333333333 0.6122050233167213 0.001004157965301733
5.866666666666666 0.6082910523448893 0.001003766350773816
5.9 0.5881214067170493 0.0009990436630450406
5.933333333333334 0.5527278763980762 0.000992292915816373
5.966666666666667 0.5022384238350622 0.0009783255540436464
6.0 0.43406042354946817 0.0009557186287962871
6.033333333333333 0.35799801014134836 0.0009162633528873032
6.066666666666666 0.26761846547151835 0.0008720672245114414
6.1 0.17428706915601838 0.0008214142133209923
6.133333333333334 0.07286898278387063 0.0007582844992873455
6.166666666666667 -0.02706500819703038 0.0007247210502504924
6.2 -0.12601826581885314 0.000786574957426428
6.233333333333333 -0.2203472140857478 0.0008390684452574959
6.266666666666667 -0.30850405848481105 0.0008850508862916495
6.3 -0.3899409377118603 0.0009233217699182728
6.333333333333333 -0.462324010367388 0.0009530053183396947
6.366666666666666 -0.5243437305285856 0.0009708294587760236
6.4 -0.5709514228426358 0.0009804399459052426
6.433333333333334 -0.6043176377597328 0.0009884336170589147
6.466666666666667 -0.6213580870948521 0.0009921928057555762
6.5 -0.6233083222571534 0.0009928059112348508
6.533333333333333 -0.6089184230433654 0.0009914243551679691
6.566666666666666 -0.5779318399292168 0.0009852542539349196
6.6 -0.5316597893535664 0.0009751642831684615
6.633333333333334 -0.4736943663727963 0.0009621218617171801
6.666666666666667 -0.4006496222059689 0.0009334188070572735
6.7 -0.3159437141699388 0.0008895603691294052
6.733333333333333 -0.22436600210266588 0.0008438137151232095
6.766666666666667 -0.12680041071157105 0.0007865875930856969
6.8 -0.027408480065748985 0.0007238350028181684
6.833333333333333 0.06895461263511882 0.0007523344264991072
6.866666666666666 0.16801347624357257 0.0008149366547671455
6.9 0.26150920550527446 0.0008664663294106201
6.933333333333334 0.34464384183255936 0.0009121631072218084
6.966666666666667 0.42116702137839146 0.0009446079907234339
7.0 0.4832437415932174 0.0009696335193131733
7.033333333333333 0.5403331514868916 0.000989349464413758
7.066666666666666 0.57744610115217 0.0009957401891438344
7.1 0.5987187939377777 0.0010014340317444637
7.133333333333334 0.6053160989253324 0.0010012039136687578
7.166666666666667 0.5958096019613283 0.0010001346046206727
7.2 0.573855211746959 0.0009968919822633815
7.233333333333333 0.5343189317456036 0.0009876708908450604
7.266666666666667 0.4800023022922736 0.0009710120908063558
7.3 0.41084839560478337 0.0009484194805200463
7.333333333333333 0.3327723538424248 0.000906117630193326
7.366666666666666 0.23928723112355127 0.0008586292527943407
7.4 0.1440223344219666 0.0008034244420041248
7.433333333333334 0.04614235089356582 0.0007381225414764409
7.466666666666667 -0.055291760067289496 0.000742622385622671
7.5 -0.15369653064744987 0.0008030521818765124
7.533333333333333 -0.24515136978255897 0.000852659909288872
7.566666666666666 -0.32959613256492465 0.0008959420642986049
7.6 -0.4067974304775025 0.0009326827432175611
7.633333333333334 -0.47668124273893475 0.0009571329756341007
7.666666666666667 -0.5337484452822243 0.0009744776632003571
7.7 -0.5761630313088967 0.000984434966086578
7.733333333333333 -0.6042176624383803 0.0009897823875086864
7.766666666666667 -0.6160808707523585 0.0009916207223158446
7.8 -0.61335974063554 0.0009914811752219643
7.833333333333333 -0.5943906547356557 0.0009890342999909763
7.866666666666666 -0.5595409921455197 0.0009820919169829523
7.9 -0.5088761843547255 0.0009698514575191552
7.933333333333334 -0.44444115822648106 0.0009498388324509222
7.966666666666667 -0.37001926470475566 0.0009210290296611801
8.0 -0.28747701615056814 0.000877853590775135
8.033333333333333 -0.19023158309701704 0.0008247000889627654
8.066666666666666 -0.10143681408744462 0.0007726426631246008
8.1 -8.404860079051054e-05 0.0007049747949668709
8.133333333333333 0.09553412583798017 0.0007694485540048202
8.166666666666666 0.1935730526307882 0.0008284415615483487
8.2 0.28691397487213094 0.0008782342885100269
8.233333333333333 0.36728014728943187 0.0009184371035353411
8.266666666666667 0.4392564824996401 0.000953174863159878
8.3 0.5009589843928465 0.0009760358216565068
8.333333333333334 0.54619119598859 0.0009870520073402833
8.366666666666667 0.5769417528543488 0.000994899288013662
8.4 0.594413305763607 0.0009986061695996806
8.433333333333334 0.5951591659578943 0.0010007121456623302
8.466666666666667 0.5823635042574539 0.000997526767151924
8.5 0.5548169278591474 0.000991850554102447
8.533333333333333 0.5023722483351254 0.0009805274097194339
8.566666666666666 0.4502880494311641 0.0009599806406704325
8.6 0.38211745424786797 0.0009307688991782026
8.633333333333333 0.2986025298229191 0.0008891796238151839
8.666666666666666 0.20669892151880281 0.0008381809196237322
8.7 0.10972259532992752 0.0007777258571662338
8.733333333333333 0.013897241798028455 0.0007153473120459376
8.766666666666667 -0.08655209217897313 0.0007616261497776083
8.8 -0.17979080598200717 0.0008123638471404515
8.833333333333334 -0.2702686851456291 0.0008606782676708336
8.866666666666667 -0.35220111483014016 0.0009064367065432788
8.9 -0.42551674435974274 0.0009366403802159029
8.933333333333334 -0.4894452965288794 0.0009605104499747497
8.966666666666667 -0.5395302162407765 0.0009722325383364483
9.0 -0.5770949662378364 0.0009820381944591894
9.033333333333333 -0.6006946725223338 0.0009874936226944575
9.066666666666666 -0.6088519457218565 0.000989487814763268
9.1 -0.6007029806254229 0.0009886883453953388
9.133333333333333 -0.5760173195021359 0.000983598109521533
9.166666666666666 -0.5368493557917878 0.0009764316584960353
9.2 -0.4824209639188982 0.0009627033316322864
9.233333333333333 -0.41700794048618056 0.0009386420287630926
9.266666666666667 -0.3395578144878978 0.0009038501470530202
9.3 -0.25409348728514525 0.000861747555820469
9.333333333333334 -0.1618908476658494 0.0008087338046553205
9.366666666666667 -0.06858540575404891 0.0007521852994044897
9.4 0.02771409681233863 0.0007244441437349904
9.433333333333334 0.12626520496887803 0.0007898762690476124
9.466666666666667 0.22382222659102208 0.0008463950005676013
9.5 0.30994513215038366 0.0008896192716421614
9.533333333333333 0.38741630615767686 0.0009273505408969318
9.566666666666666 0.4532538124264637 0.0009593307826676334
9.6 0.5096912282425217 0.000977348979753212
9.633333333333333 0.5518777332591639 0.00098841587233367
9.666666666666666 0.5768019007090722 0.000994642682616509
9.7 0.5884508856917716 0.0009965347107387945
9.733333333333333 0.5854296302449682 0.0009972428551444645
9.766666666666667 0.5663216166478293 0.000993831796504141
9.8 0.5353173429351904 0.000986235890328091
9.833333333333334 0.4849683264527836 0.0009734691211554236
9.866666666666667 0.4237372089585075 0.0009502933174217465
9.9 0.34841244150280204 0.0009176135325362211
9.933333333333334 0.26512121009087297 0.0008698924938062014
9.966666666666667 0.1721336807557295 0.0008167868468718087
10.0 0.07924563804623509 0.0007596625267950463
10.033333333333333 -0.01901465583105048 0.0007172776286021379
10.066666666666666 -0.1117995568978767 0.0007781514862395394
10.1 -0.208144905040199 0.0008349095795334716
10.133333333333333 -0.2954683494996979 0.0008787319214799139
10.166666666666666 -0.3713601504860338 0.0009157369826750528
10.2 -0.4410844263720134 0.00094660784586309
10.233333333333333 -0.5010141188632348 0.0009657223616286181
10.266666666666667 -0.5470617882830223 0.000976915968534442
10.3 -0.5786513241606481 0.000983045643317304
10.333333333333334 -0.5954289944652389 0.0009882915724549468
10.366666666666667 -0.5983805076457774 0.0009890923200677193
10.4 -0.5852412319050285 0.0009872198221196893
10.433333333333334 -0.5541089411618011 0.0009807963681223164
10.466666666666667 -0.5130545184718721 0.0009697501691882104
10.5 -0.455049702229405 0.0009552157025516372
10.533333333333333 -0.3844465540613348 0.0009249583727505839
10.566666666666666 -0.30582718427132477 0.0008834767796564447
10.6 -0.2191629922051336 0.0008395461914748326
10.633333333333333 -0.12689151974497032 0.0007869842765841351
10.666666666666666 -0.03223743272750821 0.000726711340527729
10.7 0.06168237926218845 0.0007448449051425388
10.733333333333333 0.1590041854151789 0.0008068582518524214
10.766666666666667 0.24964728114946388 0.0008587518605312483
10.8 0.3338760981106232 0.000905110215335958
10.833333333333334 0.4059552269960833 0.0009392815476710337
10.866666666666667 0.4680423616663114 0.0009624588949499469
10.9 0.5184888630334099 0.0009788961851516786
10.933333333333334 0.5529635479036117 0.0009871887096899457
10.966666666666667 0.5745905039714855 0.000993480050760942
11.0 0.5811965910684557 0.0009970843056629208
11.033333333333333 0.5729660238876518 0.000995176655280261
11.066666666666666 0.551285582110077 0.0009891979895493286
11.1 0.5114266702531443 0.0009795644052315033
11.133333333333333 0.4577045242838254 0.0009628528302570438
11.166666666666666 0.3929951613364375 0.0009391520191510128
11.2 0.31375551372566995 0.0008983453006308206
11.233333333333333 0.22858044087722146 0.0008515442538279128
11.266666666666667 0.141405387122464 0.0007991221686111938
11.3 0.04378634641066 0.0007373584990847601
11.333333333333334 -0.05034850588166366 0.0007405003540884303
11.366666666666667 -0.1478928133876089 0.0008003260637904908
11.4 -0.23469152199343118 0.0008499659168266505
11.433333333333334 -0.3189636869631422 0.0008907625510045092
11.466666666666667 -0.39513741162773425 0.0009261215226296082
11.5 -0.46031711410415055 0.0009512451031878921
11.533333333333333 -0.5132454045478185 0.0009666451693838285
11.566666666666666 -0.5541347385461612 0.0009772720160448056
11.6 -0.5807409103307141 0.0009843516516422346
11.633333333333333 -0.5914779810498856 0.000986798424735147
11.666666666666666 -0.5882768549521261 0.000986741888475584
11.7 -0.5694234662283295 0.0009850704463650883
11.733333333333333 -0.5355701674821838 0.0009759798698880662
11.766666666666667 -0.48593680983947185 0.0009635191083892103
11.8 -0.42415443494943866 0.0009420187831913895
11.833333333333334 -0.35136113138873515 0.0009078735837098062
11.866666666666667 -0.269929620991582 0.0008688359942004009
11.9 -0.18093654264638478 0.0008211889647713744
11.933333333333334 -0.09101784252467353 0.0007655734231390432
11.966666666666667 0.0008582107957579414 0.0007054065742496446
12.0 0.09809877242075374 0.0007693631023014957
12.033333333333333 0.19012680648611047 0.0008263964792426803
12.066666666666666 0.2793969007060918 0.0008757595310907584
12.1 0.3570462954141481 0.0009173955029877501
12.133333333333333 0.42555956599357164 0.000947757812264749
12.166666666666666 0.4810624034539679 0.0009681199275531904
12.2 0.5248117510041489 0.0009801725807976336
12.233333333333333 0.5559900337255373 0.0009882673815430065
12.266666666666667 0.570550702552534 0.0009924319681793303
12.3 0.5725573994586803 0.0009948747978522077
12.333333333333334 0.5589363325045477 0.0009920090096834366
12.366666666666667 0.5303815822628529 0.000985800588096053
12.4 0.4853892561233335 0.0009746771692194511
12.433333333333334 0.42856311925431717 0.0009549248918644393
12.466666666666667 0.35929209746989527 0.0009198779569766224
12.5 0.2802678359816399 0.0008805013826116426
12.533333333333333 0.18797481239776614 0.0008281451496320036
12.566666666666666 0.10228016210871914 0.0007763017724346233
12.6 0.006953176210889935 0.0007108872851101754
12.633333333333333 -0.08497039328744888 0.0007628950308564142
12.666666666666666 -0.17880036743765057 0.0008156405894995944
12.7 -0.2625340215570459 0.0008634019113941127
12.733333333333333 -0.34539425747177893 0.0009042540256211096
12.766666666666667 -0.4153171409730221 0.0009372556596678461
12.8 -0.4748598965158248 0.0009559796033599133
12.833333333333334 -0.5238765933612171 0.0009699786473398309
12.866666666666667 -0.5586503304894714 0.0009811630865118603
12.9 -0.5782516945705416 0.0009845472449809822
12.933333333333334 -0.5842505104667611 0.0009859889021140988
12.966666666666667 -0.5764855044705536 0.0009874519018632233
13.0 -0.5504897251512306 0.0009799829075139987
13.033333333333333 -0.5108356851022586 0.0009711875311788631
13.066666666666666 -0.4570804072556387 0.0009559476217063101
13.1 -0.39239084586948497 0.0009309548596152517
13.133333333333333 -0.31565894659319554 0.0008984984259416962
13.166666666666666 -0.23314551957006702 0.0008502308847602447
13.2 -0.1452351700820109 0.0007977229715978584
13.233333333333333 -0.052714456504837845 0.0007391810351952618
13.266666666666667 0.04303296368704711 0.0007337053715529424
13.3 0.13353279626974282 0.0007929598753092237
13.333333333333334 0.22399157956821683 0.0008469431457889809
13.366666666666667 0.30566187200352607 0.0008896971263336328
13.4 0.37874134859064246 0.0009273410982563735
13.433333333333334 0.44265275853502584 0.0009527324438269869
13.466666666666667 0.4922823689912472 0.000969987719698806
13.5 0.5316858002043786 0.0009817360962999233
13.533333333333333 0.5552312536700861 0.0009875966274200954
13.566666666666666 0.5653210850580033 0.0009917593439175976
13.6 0.561175208415061 0.000995099675529243
13.633333333333333 0.5424988018124086 0.0009892433013065638
13.666666666666666 0.5073923646595362 0.0009780957068437068
13.7 0.4568796108290441 0.0009615236692996909
13.733333333333333 0.39484993988866307 0.0009393406505067148
13.766666666666667 0.32188184431046474 0.0009031297178801467
13.8 0.2386263416530114 0.0008582201227360919
13.833333333333334 0.1515232570910135 0.0008064715922340704
13.866666666666667 0.057375690159098984 0.0007457159684897061
13.9 -0.03311934206786615 0.0007280804009485164
13.933333333333334 -0.1251058207018882 0.0007864385583918054
13.966666666666667 -0.2137601011390965 0.0008357838428446063
14.0 -0.29443761404647134 0.0008774499320512441
14.033333333333333 -0.36926202209274805 0.0009164846028076878
14.066666666666666 -0.43612661271526826 0.0009455762786741984
14.1 -0.4924218898971438 0.0009635627515068856
14.133333333333333 -0.5342771566248049 0.0009752791393129456
14.166666666666666 -0.5622535538616564 0.000981732401893587
14.2 -0.5753961393569325 0.00098551057618812
14.233333333333333 -0.5749072212703104 0.000986460181413018
14.266666666666667 -0.5588826671597596 0.0009836840198803598
14.3 -0.5259198116585475 0.0009755840847551767
14.333333333333334 -0.48312714165939474 0.0009621621195247121
14.366666666666667 -0.42512655512521424 0.000942973280095627
14.4 -0.3546286681361124 0.0009154110306643926
14.433333333333334 -0.2800226363154341 0.0008749216796689607
14.466666666666667 -0.1950282356195234 0.0008272845454830313
14.5 -0.10281579464002014 0.0007742080808567781
14.533333333333333 -0.013652798272512636 0.0007137840870701986
14.566666666666666 0.07240340204216934 0.0007531006951993352
14.6 0.16920957793578792 0.000813472930626169
14.633333333333333 0.25467958307991634 0.0008617759811283543
14.666666666666666 0.3353494502916815 0.0009054405460589554
14.7 0.40116147239135613 0.0009365390705114995
14.733333333333333 0.46084279838872194 0.000960980733914707
14.766666666666667 0.5046686215348354 0.0009749623149152287
14.8 0.5364404865214667 0.000983399335365287
14.833333333333334 0.554964751332174 0.0009905295246250834
14.866666666666667 0.5581303669358538 0.0009925152747607413
14.9 0.5481691166406707 0.0009907464521607956
14.933333333333334 0.5211426689247483 0.0009843300845866487
14.966666666666667 0.48241603076379 0.0009716483259147868
15.0 0.4303557376267198 0.0009534247091397274
15.033333333333333 0.3634630346359178 0.000926658680135195
15.066666666666666 0.28644245935756724 0.0008860003578872733
15.1 0.20115532550077858 0.0008375711920934892
15.133333333333333 0.10996537377404976 0.0007787128755772366
15.166666666666666 0.019098999294328713 0.0007186996429014054
15.2 -0.07009909260940672 0.0007519268739831914
15.233333333333333 -0.1584017091924669 0.0008050511349368683
15.266666666666667 -0.24351459446122828 0.0008557526781589331
15.3 -0.32270476002455933 0.0008934480627837416
15.333333333333334 -0.3948333324631181 0.0009274501282149905
15.366666666666667 -0.45514468798059676 0.0009496415596086383
15.4 -0.5039920956737284 0.0009655516081146231
15.433333333333334 -0.5397728929411 0.0009751847318506535
15.466666666666667 -0.5610015603428855 0.0009800232211969462
15.5 -0.5697007716537403 0.000983322537277509
15.533333333333333 -0.5620156756347181 0.000981631745990863
15.566666666666666 -0.5404459969021973 0.0009761948596347381
15.6 -0.5033617962491256 0.0009669779033160131
15.633333333333333 -0.45246841603435034 0.0009512498272615799
15.666666666666666 -0.3926358883343608 0.0009306698065117414
15.7 -0.32122395312306595 0.0008979649590087346
15.733333333333333 -0.23926273893413277 0.00085471198019485
15.766666666666667 -0.15327153988199216 0.0008039666761089637
15.8 -0.06512855675838723 0.0007504870755577486
15.833333333333334 0.027079907264485115 0.0007226287138319583
15.866666666666667 0.11708354304458828 0.0007823787016126155
15.9 0.20542941030377365 0.0008346424296444277
15.933333333333334 0.28695115221488093 0.0008814858639762391
15.966666666666667 0.36140060520709233 0.0009190020346822592
16.0 0.4255953762626955 0.0009484445571260602
16.033333333333335 0.4780262143849422 0.0009676885205195385
16.066666666666666 0.5165926176564039 0.0009793560208518626
16.1 0.5424738061405092 0.0009857663724467391
16.133333333333333 0.5519536661788632 0.0009895985347756486
16.166666666666668 0.5492469876877303 0.0009894461821157163
16.2 0.5325141749161818 0.000985286368426208
16.233333333333334 0.5002159736727035 0.0009767548380171798
16.266666666666666 0.4533033483851546 0.0009617926619808204
16.3 0.39794800672841524 0.0009430729690428907
16.333333333333332 0.3262244209435791 0.0009104692389367286
16.366666666666667 0.24789178651548294 0.0008683746477355647
16.4 0.1578549877729592 0.0008120710931543151
16.433333333333334 0.068003914986546 0.0007548373891037297
16.466666666666665 -0.018961710863234164 0.0007196523917837178
16.5 -0.11061742345698507 0.0007794417601799664
16.533333333333335 -0.20065093200861275 0.0008311148600044227
16.566666666666666 -0.27772164016546547 0.0008744860031291157
16.6 -0.35250979406468613 0.000911926146947406
16.633333333333333 -0.41716900630407927 0.0009387944024566997
16.666666666666668 -0.47308337602142186 0.0009571231874417885
16.7 -0.5146313234855111 0.0009675929341951273
16.733333333333334 -0.543767876744333 0.000975197722133947
16.766666666666666 -0.5589984471877747 0.0009792669017875122
16.8 -0.5596249667100245 0.0009820639089254124
16.833333333333332 -0.5466460176907695 0.0009785081967624842
16.866666666666667 -0.5185929182426996 0.0009728620004456623
16.9 -0.4769448291787304 0.000962442204165026
16.933333333333334 -0.42108380959071895 0.0009426363138126947
16.966666666666665 -0.3573968355479302 0.0009172200370501926
17.0 -0.2809962256666846 0.0008769441896537833
17.033333333333335 -0.20031485321883813 0.0008314379498766677
17.066666666666666 -0.11193822426750796 0.0007782875606945766
17.1 -0.021913008099158127 0.0007205617340344563
17.133333333333333 0.0716521677197532 0.0007526398492354175
17.166666666666668 0.157002983771997 0.0008084167131657272
17.2 0.24323528161278637 0.0008599351903562369
17.233333333333334 0.31807245799679096 0.0008981819934597013
17.266666666666666 0.3870308453762312 0.0009311862549580274
17.3 0.44340710199758415 0.0009536967034065036
17.333333333333332 0.49024033805157163 0.0009693839594361875
17.366666666666667 0.522939462903498 0.0009792327116352473
17.4 0.5407503878916059 0.0009855708079898884
17.433333333333334 0.5443319981150192 0.0009865190653589595
17.466666666666665 0.5363345478661666 0.000984685691046261
17.5 0.5101391627216363 0.0009779407223061698
17.533333333333335 0.47262121391689543 0.0009677978986185609
17.566666666666666 0.4231599248873982 0.0009540017872102791
17.6 0.3598705564305344 0.0009249664502289368
17.633333333333333 0.28721421731790936 0.0008846388412815376
17.666666666666668 0.2031929647711984 0.0008368973425676995
17.7 0.11779965998502186 0.0007845312093869572
17.733333333333334 0.027311210879610758 0.0007253653924811261
17.766666666666666 -0.061823088028449935 0.0007450034894760788
17.8 -0.15055617149908793 0.000799304789011468
17.833333333333332 -0.23535480879625342 0.0008496371335438013
17.866666666666667 -0.31062257162505413 0.0008900347502954209
17.9 -0.3777647842887658 0.0009207974549900744
17.933333333333334 -0.4393499706980087 0.0009453889412928684
17.966666666666665 -0.48683978704083436 0.0009595174721815924
18.0 -0.5235196952004543 0.0009714599159845738
18.033333333333335 -0.5452747539683832 0.0009762873506190539
18.066666666666666 -0.5545982094622721 0.000979503398181758
18.1 -0.5485220011231171 0.000977882949021236
18.133333333333333 -0.5266416996526981 0.0009732979457086621
18.166666666666668 -0.4936431694285828 0.0009654507026717885
18.2 -0.44530626525685296 0.0009517692659485322
18.233333333333334 -0.38647903461309385 0.0009284489734763257
18.266666666666666 -0.3145132957186234 0.0008948407771645628
18.3 -0.23885977692850244 0.0008556627663467153
18.333333333333332 -0.15374762276087356 0.000805036417533822
18.366666666666667 -0.06814598203462435 0.0007521308616861844
18.4 0.023699009326799275 0.0007209591723510399
18.433333333333334 0.11220573103186268 0.0007809176783409727
18.466666666666665 0.1967875174116989 0.0008304216632223083
18.5 0.27698457273258886 0.0008757048775363541
18.533333333333335 0.3497387034966567 0.0009153615485034128
18.566666666666666 0.41108640271636276 0.0009434550800057062
18.6 0.4633820670123457 0.000961082752053033
18.633333333333333 0.5016844747688728 0.0009759835343902123
18.666666666666668 0.5257902763253728 0.0009837649195876264
18.7 0.5365085978313614 0.0009873780703664181
18.733333333333334 0.5357740997538706 0.0009869167047511507
18.766666666666666 0.5200817346254907 0.0009823258167956928
18.8 0.4888056581210265 0.000972983511993375
18.833333333333332 0.4438928128381107 0.0009572698331956064
18.866666666666667 0.3889910829021023 0.000936556849165715
18.9 0.3209815771713292 0.0009022346438923301
18.933333333333334 0.2435289593799629 0.000861220663509632
18.966666666666665 0.15959578575327968 0.0008102726864921139
19.0 0.07613076944356946 0.0007580129376688199
19.033333333333335 -0.015820704040639094 0.0007156560043192935
19.066666666666666 -0.10448807437159287 0.0007729138419657611
19.1 -0.18944107282961042 0.0008225374696841647
19.133333333333333 -0.2686291423942522 0.0008669581490527989
19.166666666666668 -0.34046885653300524 0.0009032718451372213
19.2 -0.4049336014442404 0.0009312019640834723
19.233333333333334 -0.45880569326750087 0.0009496395508460931
19.266666666666666 -0.5003066251882339 0.0009633403690737508
19.3 -0.5318181212338218 0.0009733071078324995
19.333333333333332 -0.5457440719834071 0.000976773963600741
19.366666666666667 -0.5458632691895849 0.0009773881515225957
19.4 -0.5322448114019572 0.0009747591707175429
19.433333333333334 -0.5063174918220025 0.0009689834460689939
19.466666666666665 -0.4639895183522427 0.000958362294642745
19.5 -0.40886178671573287 0.0009385398339940565
19.533333333333335 -0.3453858429705892 0.0009131170133282462
19.566666666666666 -0.2739277266530274 0.0008734379841821571
19.6 -0.19656275501717718 0.0008328951570290011
19.633333333333333 -0.11159544091964953 0.0007798542871862296
19.666666666666668 -0.02114346301511403 0.0007201161221836554
19.7 0.06555834001229097 0.0007505836686208245
19.733333333333334 0.15495919032424674 0.0008052026544197177
19.766666666666666 0.23687828379886786 0.000855615549865435
19.8 0.31160414671496606 0.0008990241516599329
19.833333333333332 0.3783012021265205 0.0009296652537814087
19.866666666666667 0.4308136484538638 0.0009500482465866766
19.9 0.4754148205435639 0.0009626596775725305
19.933333333333334 0.5090834132249803 0.0009742925308598993
19.966666666666665 0.5263006594152898 0.000980960994457325
20.0 0.5310268870315981 0.000986182963312876
20.033333333333335 0.5222465611772504 0.0009841290591185992
20.066666666666666 0.49892810349403455 0.0009779794386638452
20.1 0.46054598077356995 0.0009650693667168642
20.133333333333333 0.4098079255572715 0.0009479048946060553
20.166666666666668 0.3481261146415474 0.0009201513326679844
20.2 0.27690667129594476 0.0008839595752674345
20.233333333333334 0.1983461101081732 0.0008368886659258223
20.266666666666666 0.11444028264205962 0.0007833107622609026
20.3 0.027414216543073865 0.000723764117296518
20.333333333333332 -0.05893429037065867 0.0007438551227757773
20.366666666666667 -0.1467067562920574 0.0007998691966135119
20.4 -0.22698106921848504 0.0008475037394996554
20.433333333333334 -0.3044850539441865 0.0008875799825891484
20.466666666666665 -0.37273901752808897 0.0009191929273394406
20.5 -0.4301680873212145 0.0009418830399529621
20.533333333333335 -0.4772945187232342 0.0009569875898791103
20.566666666666666 -0.512471533977922 0.0009670738615559227
20.6 -0.5347559349414561 0.0009735615297638001
20.633333333333333 -0.5420882310973119 0.0009752409581004207
20.666666666666668 -0.5357453437729096 0.0009748290643418756
20.7 -0.5149082537802748 0.0009710669006531836
20.733333333333334 -0.4824940772835882 0.0009621725643741419
20.766666666666666 -0.4351668891995767 0.0009479822992907727
20.8 -0.37501004146251976 0.0009252876090047879
20.833333333333332 -0.3080022856709254 0.0008952289324546947
20.866666666666667 -0.2335092207531757 0.0008533957856980967
20.9 -0.1516646163456102 0.0008050380251326539
20.933333333333334 -0.06404582527214342 0.0007520402864546194
20.966666666666665 0.023081327171994362 0.0007222286854316091
21.0 0.10872244781564713 0.0007796974887887415
21.033333333333335 0.19057076159278866 0.0008282648700287942
21.066666666666666 0.2700106512249599 0.0008762656067392571
21.1 0.34188482814745136 0.0009145797635779496
21.133333333333333 0.4034609794313473 0.0009396132870127527
21.166666666666668 0.4527208577040036 0.0009571095968667898
21.2 0.48971141136811336 0.0009713943830889638
21.233333333333334 0.513116550414868 0.000977527341551765
21.266666666666666 0.5235845926090977 0.0009805331834245035
21.3 0.5208025867915191 0.0009813409824781516
21.333333333333332 0.5046310600026951 0.000977866310572395
21.366666666666667 0.4755540425681312 0.0009689910711794258
21.4 0.43121627828023223 0.0009543102085169952
21.433333333333334 0.37702829328154136 0.000936015200959206
21.466666666666665 0.3103328958530091 0.000901708313807148
21.5 0.23599899856337145 0.0008575195389524948
21.533333333333335 0.15573427767807713 0.0008096052677870336
21.566666666666666 0.06949413567370318 0.0007529586936345783
21.6 -0.019594963339357115 0.0007202246378613004
21.633333333333333 -0.10232514304172854 0.000772331663656714
21.666666666666668 -0.1872125407398044 0.0008242943025328631
21.7 -0.2626213951568484 0.0008664406928270418
21.733333333333334 -0.334741673948979 0.0009032643636733284
21.766666666666666 -0.3976196032482381 0.0009306360146971171
21.8 -0.4487607271246169 0.0009489567048849845
21.833333333333332 -0.49154769484838273 0.0009615832975126692
21.866666666666667 -0.5201498155733141 0.0009704754519924697
21.9 -0.533187657015086 0.0009743761518317129
21.933333333333334 -0.5343518950163075 0.000975067997703194
21.966666666666665 -0.5205806189157908 0.0009718168059088539
22.0 -0.4932752856578882 0.0009660252474263387
22.033333333333335 -0.4533657764206522 0.0009540902412461527
22.066666666666666 -0.4008729944174699 0.0009349013565583264
22.1 -0.33831645996113785 0.0009071184080700623
22.133333333333333 -0.2656199258358024 0.0008735951054648083
22.166666666666668 -0.18736212201798916 0.0008284907147646237
22.2 -0.10258256638387475 0.0007743999685228542
22.233333333333334 -0.017478911954709474 0.0007181899146707256
22.266666666666666 0.06737195250132695 0.0007504202516222663
22.3 0.14963764812546895 0.0008024481962698449
22.333333333333332 0.23206681399924875 0.0008532698608856859
22.366666666666667 0.30684494458221184 0.0008961562273455126
22.4 0.3699338778669069 0.0009247955973682997
22.433333333333334 0.4237288809062102 0.0009460841522903607
22.466666666666665 0.46647413386149006 0.0009615738497742443
22.5 0.4972128277596013 0.0009735915799867212
22.533333333333335 0.5143132474796589 0.0009790455270675125
22.566666666666666 0.5173553874733001 0.0009814482867712693
22.6 0.5072912671491379 0.000978469858402442
22.633333333333333 0.4825965362698599 0.0009725295491735952
22.666666666666668 0.44661657884713213 0.000960948679155027
22.7 0.3976662821677585 0.0009414541913375096
22.733333333333334 0.33626820599327634 0.0009155975870990818
22.766666666666666 0.26319834753307975 0.0008733538530507068
22.8 0.1867055839399345 0.0008268544841423531
22.833333333333332 0.10657704511020867 0.0007802212507325157
22.866666666666667 0.018124776010052412 0.0007196775179586432
22.9 -0.0660961368314375 0.0007494278957036749
22.933333333333334 -0.1488767272922839 0.0008026783726412245
22.966666666666665 -0.22793533939062727 0.000848952130535402
23.0 -0.30094178606072663 0.000887352395499974
23.033333333333335 -0.36551078291444217 0.000917488335335892
23.066666666666666 -0.42263940228937347 0.0009401351665492275
23.1 -0.46890698576160644 0.0009546444019311595
23.133333333333333 -0.5020874337795663 0.0009646901860403956
23.166666666666668 -0.5238512061874554 0.0009733033384734524
23.2 -0.5279118425934717 0.0009750694979738794
23.233333333333334 -0.5216147632373384 0.00097499328131323
23.266666666666666 -0.5001875746543332 0.0009690353665070539
23.3 -0.4661071120722887 0.0009591885522733379
23.333333333333332 -0.41978109591321044 0.0009426626491284562
23.366666666666667 -0.3612508735281093 0.0009195104763788375
23.4 -0.29572134479819806 0.0008887769846792626
23.433333333333334 -0.2206340382488674 0.0008492995434408734
23.466666666666665 -0.13762950569263138 0.0007991695774403618
23.5 -0.05438270347506735 0.0007439105779030245
23.533333333333335 0.029185047110359654 0.0007261854896818479
23.566666666666666 0.11564013866414212 0.0007840762484905006
23.6 0.19691397362803267 0.0008338383020780604
23.633333333333333 0.27239387898034617 0.0008777210933530455
23.666666666666668 0.3399034276976869 0.0009131418909317235
23.7 0.39748558783663196 0.0009388155777790841
23.733333333333334 0.44493870519255274 0.0009573100469913998
23.766666666666666 0.480420343073667 0.0009690021470815657
23.8 0.5015459277710589 0.0009761291313568066
23.833333333333332 0.5110541174104365 0.000979821379792245
23.866666666666667 0.5078205864238491 0.0009789609314601044
23.9 0.49086023623475744 0.0009747365087173776
23.933333333333334 0.45958093643869957 0.0009648431163019056
23.966666666666665 0.4161293312806024 0.0009470203434371327
24.0 0.3590289726886267 0.0009259800022395903
24.033333333333335 0.2948995777011186 0.0008926712905552581
24.066666666666666 0.22110513594548484 0.0008489364172529767
24.1 0.1397741358287163 0.0008000498523854926
24.133333333333333 0.057304492960148945 0.0007444927567617429
24.166666666666668 -0.026966193539519706 0.0007235618950821067
24.2 -0.11036141953169246 0.0007790869651594229
24.233333333333334 -0.1905226282123045 0.0008266609412932724
24.266666666666666 -0.2644004883968552 0.0008706507187959955
24.3 -0.3332600388732957 0.0009022793152386743
24.333333333333332 -0.39389620875599596 0.0009295883537809857
24.366666666666667 -0.44092868127162416 0.0009474059032433813
24.4 -0.4812519155780707 0.0009591298376642743
24.433333333333334 -0.506802812474132 0.0009681169429412995
24.466666666666665 -0.518870551156866 0.000970511000173091
24.5 -0.5182097317932465 0.0009710717675079916
24.533333333333335 -0.5038631350318656 0.0009676187053676566
24.566666666666666 -0.4762865549229164 0.0009602724145397756
24.6 -0.4365711991242151 0.0009474071175505361
24.633333333333333 -0.3846774874896877 0.0009276490976385943
24.666666666666668 -0.3228537290456641 0.0009018882699423636
24.7 -0.25117324545998615 0.000866090207150727
24.733333333333334 -0.17232761362111804 0.000820043846542523
24.766666666666666 -0.09241953722257608 0.0007709773540220677
24.8 -0.009087954086775733 0.0007121329412219431
24.833333333333332 0.07454125157684388 0.0007580251481142664
24.866666666666667 0.15694155553541222 0.0008078708597335227
24.9 0.23532263181993157 0.0008575941309919011
24.933333333333334 0.3066512938155721 0.0008962550694647242
24.966666666666665 0.36748395180477533 0.0009271724430832129
25.0 0.4189463938976264 0.0009460345678857229
25.033333333333335 0.45917667949818286 0.0009613872550927605
25.066666666666666 0.487393349461987 0.0009708679173786594
25.1 0.502718049321058 0.0009769275194452254
25.133333333333333 0.504350877390971 0.000977536658754774
25.166666666666668 0.49206624656664455 0.0009745028303578818
25.2 0.4674057564835956 0.0009657416876013847
25.233333333333334 0.43015500386411804 0.0009544115546401555
25.266666666666666 0.3807816418513194 0.0009338752642402137
25.3 0.31972472073129454 0.0009086228394515894
25.333333333333332 0.24853023149078357 0.0008688657877273798
25.366666666666667 0.174389125322243 0.0008234045543882851
25.4 0.0923225348531967 0.000769328269060579
25.433333333333334 0.008480771094086927 0.0007135032412819969
25.466666666666665 -0.07194622153135838 0.0007523224606244827
25.5 -0.15694291486509687 0.0008071946896776871
25.533333333333335 -0.2325443421604082 0.0008523474012356036
25.566666666666666 -0.30197239973676354 0.0008906468896104913
25.6 -0.3644951994227835 0.0009190920983808692
25.633333333333333 -0.4190305922536417 0.0009380871930201873
25.666666666666668 -0.46037104433539605 0.0009516057865299743
25.7 -0.49161339878710986 0.0009610552133824113
25.733333333333334 -0.5105600643019228 0.0009684910004582603
25.766666666666666 -0.5141069465953707 0.0009710675584863049
25.8 -0.5061912237399223 0.0009683947477419075
25.833333333333332 -0.482831475834189 0.0009624395521111162
25.866666666666667 -0.44644569922846283 0.0009514349733605876
25.9 -0.4021330632967144 0.0009351865271159387
25.933333333333334 -0.344299889742143 0.0009125262210932239
25.966666666666665 -0.2754709717695848 0.0008777131151326834
26.0 -0.2015297527445468 0.0008396855122293212
26.033333333333335 -0.12414252720915916 0.0007902845782924856
26.066666666666666 -0.04043553942304502 0.0007354816125706293
26.1 0.04316274578582026 0.0007367043424741926
26.133333333333333 0.12391771981565909 0.0007922092552778565
26.166666666666668 0.20521685501616246 0.0008397839700720611
26.2 0.2759492903970019 0.0008808012467085846
26.233333333333334 0.34071932245537145 0.0009144139250227279
26.266666666666666 0.39399849187850455 0.0009361158315306373
26.3 0.4389859419194653 0.0009541057137981146
26.333333333333332 0.4732255688689775 0.0009647092022416759
26.366666666666667 0.49360279384194033 0.0009732957907800377
26.4 0.4988691567083931 0.0009743325090960098
26.433333333333334 0.4931773025805786 0.000973480983048558
26.466666666666665 0.47334232194719306 0.0009680711283132637
26.5 0.44032646524730124 0.000955155528050533
26.533333333333335 0.3980340498671755 0.0009400937638061047
26.566666666666666 0.3440262053116207 0.0009179416468278467
26.6 0.275920149971982 0.0008847059599398355
26.633333333333333 0.20354924791487744 0.0008428209869353331
26.666666666666668 0.12305736553673925 0.0007905483665110735
26.7 0.04489708934445639 0.0007371839602112532
26.733333333333334 -0.03991646612751638 0.0007324054323766677
26.766666666666666 -0.1209671137701042 0.0007882227346949627
26.8 -0.1993785040725376 0.0008340943448505167
26.833333333333332 -0.27030987089466774 0.0008727334642398277
26.866666666666667 -0.3368253845873926 0.0009046549166947804
26.9 -0.3948128153100568 0.0009306945701155755
26.933333333333334 -0.44012048925470854 0.0009469642758476726
26.966666666666665 -0.4763735240679855 0.0009580921923693642
27.0 -0.4989776628318041 0.0009656250748016904
27.033333333333335 -0.5082229822452923 0.0009690275551025307
27.066666666666666 -0.5052071832703037 0.0009681331290608552
27.1 -0.48810630895899165 0.0009629520326036589
27.133333333333333 -0.45883664075504366 0.0009563282923800154
27.166666666666668 -0.4176654472241898 0.000942007634880837
27.2 -0.36415292862512555 0.0009206568512956648
27.233333333333334 -0.3019065423493643 0.0008930416351832782
27.266666666666666 -0.23282815527617112 0.0008536401902780599
27.3 -0.15625250962884688 0.0008108062246630632
27.333333333333332 -0.07781726452860244 0.0007619574871509244
27.366666666666667 0.007365208367630011 0.000712753990032235
27.4 0.09109201020202172 0.00077462255282848
27.433333333333334 0.16913587042896888 0.0008176346343509999
27.466666666666665 0.24417629204558758 0.0008656571351134956
27.5 0.31242601909224665 0.0009002286064140885
27.533333333333335 0.37040608405168746 0.0009275180494869861
27.566666666666666 0.41795990018016316 0.0009454601391752915
27.6 0.4537266605258378 0.000960007287919673
27.633333333333333 0.47942498822454804 0.0009685476783442004
27.666666666666668 0.4906105357129834 0.0009731643497580822
27.7 0.4900560319770182 0.0009733525357421557
27.733333333333334 0.4770482170062331 0.0009694817596252459
27.766666666666666 0.449326523434447 0.0009596842440595665
27.8 0.40884027178417653 0.0009439766778225889
27.833333333333332 0.36084377732943035 0.0009242482301106136
27.866666666666667 0.2999107916726687 0.0008966893102444473
27.9 0.2336089354108951 0.0008611533555554218
27.933333333333334 0.15742771270701414 0.0008134721930950217
27.966666666666665 0.07289056417880205 0.0007564930251175994
28.0 -0.007129944825993554 0.0007152913612439773
28.033333333333335 -0.08746952368380106 0.0007683578215106901
28.066666666666666 -0.16557115060563987 0.0008131698350241912
28.1 -0.24056670154113302 0.0008575573534540804
28.133333333333333 -0.3096094747760349 0.0008930724756306407
28.166666666666668 -0.3688329469654276 0.0009197308829197448
28.2 -0.4188153766988112 0.0009385459121279416
28.233333333333334 -0.4575479670660679 0.0009516664718521306
28.266666666666666 -0.4857581738906797 0.0009619571985425845
28.3 -0.49946586721165326 0.0009670689746981709
28.333333333333332 -0.5014928293139204 0.0009677237264027472
28.366666666666667 -0.4911212296170653 0.0009652553122599938
28.4 -0.4642588074812995 0.0009589343491812063
28.433333333333334 -0.4288281036340671 0.0009452083935339584
28.466666666666665 -0.38143438096648435 0.0009260701287058248
28.5 -0.32175040593816756 0.0009021140757525803
28.533333333333335 -0.256589292280404 0.0008676316683516871
28.566666666666666 -0.18331790526455735 0.0008284323927252313
28.6 -0.10543826326566162 0.0007798100439107974
28.633333333333333 -0.024666485822894865 0.0007281012956360938
28.666666666666668 0.05366087785484606 0.0007450040647880296
28.7 0.1349844594811282 0.0007974103620298767
28.733333333333334 0.2119792237262999 0.0008496205165859916
28.766666666666666 0.2838006301251911 0.0008862767048378184
28.8 0.3447671234603066 0.0009149460657615904
28.833333333333332 0.3963493325140118 0.0009370557845217453
28.866666666666667 0.43687644647824553 0.000953158130630738
28.9 0.46455866840271676 0.0009641620849845101
28.933333333333334 0.4814400226019745 0.0009687472259505281
28.966666666666665 0.4858778513771986 0.0009710962595484429
29.0 0.4780066200932176 0.0009698108200968947
29.033333333333335 0.4570310400450557 0.000963344304956204
29.066666666666666 0.4227824146229526 0.0009511391650111056
29.1 0.3777831281016986 0.0009339730322179829
29.133333333333333 0.32233595832930484 0.0009097054638784186
29.166666666666668 0.2563774872044014 0.0008744619805254872
29.2 0.18097945736234786 0.0008318711957409908
29.233333333333334 0.10414121893689325 0.0007812629977091562
29.266666666666666 0.026473519381899905 0.0007248608313067638
29.3 -0.05354715176353065 0.000744916930387203
29.333333333333332 -0.13228265085268165 0.0007972613096452752
29.366666666666667 -0.20946709068932406 0.0008411573105674419
29.4 -0.27879913711588133 0.0008771690005638377
29.433333333333334 -0.3430306510990206 0.000908208200022742
29.466666666666665 -0.3956881166689285 0.0009324116436867924
29.5 -0.4397497535804945 0.0009464891597998348
29.533333333333335 -0.47177934296650714 0.0009565472680161946
29.566666666666666 -0.48999338575100265 0.0009622623511522099
29.6 -0.49681216121642563 0.0009653843504298654
29.633333333333333 -0.4898432488448372 0.0009635748384054232
29.666666666666668 -0.4709966325060478 0.0009599221082151055
29.7 -0.44063787996083204 0.0009497978815137254
29.733333333333334 -0.3963767182166632 0.0009345045261789364
29.766666666666666 -0.3420840043434674 0.0009133150894844455
29.8 -0.27865026249195807 0.0008828477220546582
29.833333333333332 -0.2085649031862654 0.0008447954738921848
29.866666666666667 -0.1339794263614786 0.0007993254379293213
29.9 -0.05646628528728253 0.0007465150806402684
29.933333333333334 0.026587912791540203 0.0007291363060348138
29.966666666666665 0.10536604800362505 0.0007781783197729625
30.0 0.18224357442997213 0.0008282525253196504
30.033333333333335 0.2536861245116156 0.0008710937910137995
30.066666666666666 0.32071435195496073 0.0009059552655852343
30.1 0.373875121209649 0.0009286208980957555
30.133333333333333 0.4184235854673643 0.0009461544440428349
30.166666666666668 0.45208518229347533 0.0009583804302698007
30.2 0.472658339113285 0.0009659842829216059
30.233333333333334 0.48146968977646554 0.0009696803691655598
30.266666666666666 0.4787384027871227 0.0009695036434091975
30.3 0.46229891578215004 0.0009641095026284852
30.333333333333332 0.433370366319516 0.0009568167882502143
30.366666666666667 0.3905664917698139 0.0009393155079180371
30.4 0.3380994912839408 0.0009172023276463048
30.433333333333334 0.2754062283128145 0.000886120142512492
30.466666666666665 0.2071824457071469 0.0008480277948229586
30.5 0.13003325723703113 0.0007965082360102405
30.533333333333335 0.053632992504669894 0.0007473725556766467
30.566666666666666 -0.02652427779536427 0.000727122554698003
30.6 -0.10423555167993248 0.000776862839623027
30.633333333333333 -0.17947767755558697 0.0008221877924834697
30.666666666666668 -0.25175471136332983 0.0008658855292914547
30.7 -0.3167137370984226 0.0008996434658480879
30.733333333333334 -0.3747089091787631 0.0009242510069401577
30.766666666666666 -0.42057176869437163 0.0009398970084416591
30.8 -0.4572926597243778 0.0009512676853297708
30.833333333333332 -0.4796545701382142 0.0009593878887814711
30.866666666666667 -0.48996028779960615 0.0009627486802931684
30.9 -0.48866838824469716 0.0009623905188292925
30.933333333333334 -0.4758053027954079 0.000959474396902027
30.966666666666665 -0.44674106542321584 0.0009520398484847425
31.0 -0.409892691623138 0.0009402274367971142
31.033333333333335 -0.3593089586683203 0.000920347891579465
31.066666666666666 -0.2992098097092386 0.0008930219502125136
31.1 -0.2312349606033621 0.0008602438229430853
31.133333333333333 -0.15952468876266684 0.0008187958582014376
31.166666666666668 -0.08107699995678903 0.000766476526001314
31.2 -0.004012326750600459 0.0007153887846228016
31.233333333333334 0.07479843823732925 0.0007597449358346803
31.266666666666666 0.15294853266341832 0.0008092218764970405
31.3 0.22651558084252665 0.0008548099263505915
31.333333333333332 0.2936042389311344 0.0008914017740955793
31.366666666666667 0.35135160840974433 0.0009185558552528006
31.4 0.3983166231627214 0.0009391359655208098
31.433333333333334 0.43528831828259845 0.0009524020493743013
31.466666666666665 0.4616163121568472 0.0009613288230155836
31.5 0.47257803068485305 0.000965645573807683
31.533333333333335 0.4737160192344397 0.0009656489565912363
31.566666666666666 0.4618208280161273 0.0009656104796390563
31.6 0.4373987518632747 0.0009542368838097448
31.633333333333333 0.4015293735433266 0.000941974602428286
31.666666666666668 0.3546102152807174 0.000922564253513336
31.7 0.29813915880680253 0.0008967501669268629
31.733333333333334 0.22994069053664865 0.0008605507462918771
31.766666666666666 0.15781882926321322 0.0008168399606612031
31.8 0.07830434198494109 0.0007650361256443944
31.833333333333332 -0.00025458824544074914 0.0007117054669558839
31.866666666666667 -0.07499315421375985 0.0007595538235636579
31.9 -0.1536258437968101 0.0008114872825527031
31.933333333333334 -0.22576276971915146 0.0008510163685101213
31.966666666666665 -0.2920593671368377 0.0008851109153551473
32.0 -0.35010354946615546 0.0009098763695175593
32.03333333333333 -0.40096886377327146 0.000932195880254727
32.06666666666667 -0.43833767326275924 0.0009462628432735931
32.1 -0.46760155038341206 0.0009564522249392304
32.13333333333333 -0.48190042386397797 0.0009615204059100213
32.166666666666664 -0.48446274238060993 0.000963115693624006
32.2 -0.47446194874921727 0.0009603991255758837
32.233333333333334 -0.4529545110423243 0.000955419389859824
32.266666666666666 -0.418735005349742 0.0009441257761482746
32.3 -0.3729383326702786 0.000923684425212401
32.333333333333336 -0.3201830754262707 0.0009023779849307578
32.36666666666667 -0.25594190166246605 0.0008699896812578989
32.4 -0.1826706860635434 0.0008277455968708769
32.43333333333333 -0.10709624249124719 0.0007805252450902994
32.46666666666667 -0.027541289476616982 0.0007322717887860604
32.5 0.04986621637378957 0.0007433687332826441
32.53333333333333 0.12756747359549026 0.0007963364747624602
32.56666666666667 0.19960391196537547 0.0008412756746202232
32.6 0.2666150092721812 0.000877204152251454
32.63333333333333 0.3283981363826542 0.0009079190173231222
32.666666666666664 0.37359564648338844 0.0009286234400197046
32.7 0.41786870953529986 0.0009469935002714425
32.733333333333334 0.4455421995282464 0.0009548835416037238
32.766666666666666 0.4631167575977394 0.0009629873276156276
32.8 0.4670036919242098 0.0009659321997265713
32.833333333333336 0.459748920817513 0.000963160346351466
32.86666666666667 0.44070075145345605 0.0009568673704112851
32.9 0.4093921770440792 0.000946441737880499
32.93333333333333 0.3652479184896839 0.0009296360162130424
32.96666666666667 0.31162224307633435 0.0009074218467503004
33.0 0.2531022140730469 0.0008763996021996512
33.03333333333333 0.18229840993634933 0.0008332498435330016
33.06666666666667 0.1086402719615835 0.0007854654650480131
33.1 0.026707118723060752 0.0007324814588521855
33.13333333333333 -0.05007872223625736 0.000748531574787055
33.166666666666664 -0.1258890671191481 0.0007934710451072136
33.2 -0.19712551577818613 0.0008363728545016935
33.233333333333334 -0.26637805610771104 0.0008736196469568136
33.266666666666666 -0.3275169842384356 0.0009025350228134554
33.3 -0.3796045247028197 0.0009259452832681148
33.333333333333336 -0.420813563179968 0.0009410278638723457
33.36666666666667 -0.45204993290838125 0.0009525147363014796
33.4 -0.47190271823037805 0.0009595865333834053
33.43333333333333 -0.4792353156013523 0.0009620166496384641
33.46666666666667 -0.47338852739554727 0.0009612300372534022
33.5 -0.45645550586924394 0.0009546816652689638
33.53333333333333 -0.4254516572305119 0.000945252523023743
33.56666666666667 -0.3828051121886077 0.0009298050813069114
33.6 -0.33372425002661155 0.0009102085925536407
33.63333333333333 -0.2717350689917128 0.0008811956702511892
33.666666666666664 -0.20464310833649535 0.0008443351026684309
33.7 -0.1312148696664764 0.00080105237347744
33.733333333333334 -0.054306425917319 0.0007474236946003465
33.766666666666666 0.020161856453634983 0.0007247994581510153
33.8 0.09718742776338837 0.0007761064570934589
33.833333333333336 0.17262670529798527 0.0008222256376825832
33.86666666666667 0.24512746107377573 0.000866583215498401
33.9 0.3073553238013593 0.0008989813092000198
33.93333333333333 0.35945083179531134 0.0009204291866938275
33.96666666666667 0.40271884618602466 0.0009402305463793725
34.0 0.434287134718963 0.0009534733532313711
34.03333333333333 0.4553604429516349 0.0009619092860969625
34.06666666666667 0.46360561575343473 0.0009650448334133088
34.1 0.46024827441171423 0.0009635844429862761
34.13333333333333 0.4449571719468652 0.000957116272708447
34.166666666666664 0.41718968273072443 0.0009483346894327283
34.2 0.3770061200557728 0.0009325063890402441
34.233333333333334 0.3267689716374816 0.0009102691418913511
34.266666666666666 0.26944801629319926 0.0008834811374020535
34.3 0.20274339913200093 0.0008459823990599191
34.333333333333336 0.12983354286435458 0.000799836534702808
34.36666666666667 0.054553933672622304 0.0007491716691585756
34.4 -0.021335111894212007 0.0007271914150462529
34.43333333333333 -0.09969002659672581 0.0007773516293820698
34.46666666666667 -0.1734711391565488 0.0008217873237399698
34.5 -0.2428630065373372 0.0008621122516427882
34.53333333333333 -0.3032764614708543 0.0008910144536274367
34.56666666666667 -0.3577548250340902 0.0009158189263774319
34.6 -0.4041138235619357 0.0009343321154602902
34.63333333333333 -0.4389862785037943 0.0009464509395039067
34.666666666666664 -0.4620198733071687 0.0009537340304981989
34.7 -0.4735604099895799 0.0009578928168427203
34.733333333333334 -0.4716860001515284 0.0009591030723108407
34.766666666666666 -0.45899520314527553 0.0009552874241717246
34.8 -0.432804621638372 0.0009459256871781063
34.833333333333336 -0.39492203100295664 0.0009301191752155713
34.86666666666667 -0.3457305391874093 0.0009130157062661737
34.9 -0.2879817600180673 0.0008863443580389152
34.93333333333333 -0.22457211179927877 0.000855545741104552
34.96666666666667 -0.15352263002813818 0.0008129001773686528
35.0 -0.08137751368144153 0.000768208736623574
35.03333333333333 -0.003337022375552199 0.0007135028767505736
35.06666666666667 0.07458552054695768 0.0007648339539612081
35.1 0.14943546553241688 0.0008120548852254827
35.13333333333333 0.22257453302048238 0.0008566706079572994
35.166666666666664 0.28474712448265005 0.0008894105501862093
35.2 0.3397341245187265 0.0009143615972524999
35.233333333333334 0.38582644144256256 0.00093343120783973
35.266666666666666 0.4201897209230422 0.0009465306986695676
35.3 0.4456344674153699 0.0009580103290950936
35.333333333333336 0.45753481734955004 0.0009639266465034102
35.36666666666667 0.4573445885769849 0.0009633216779048603
35.4 0.4464446983208419 0.0009608161272346982
35.43333333333333 0.420803725501861 0.00095050972395333
35.46666666666667 0.38604577274185276 0.0009378276766571214
35.5 0.3405936616890197 0.0009188984823534363
35.53333333333333 0.28325606936185455 0.0008906880088001001
35.56666666666667 0.21898809599392902 0.0008551407997042237
35.6 0.1504171082039272 0.0008136821151474571
35.63333333333333 0.07543211822960996 0.0007650887262220935
35.666666666666664 0.0005247545686641341 0.0007132280472479499
35.7 -0.076532563682239 0.0007617162595979637
35.733333333333334 -0.15151905040039443 0.0008073284330705199
35.766666666666666 -0.22099534866316084 0.000848449386614325
35.8 -0.2835990000951432 0.0008813940708835566
35.833333333333336 -0.340103472399109 0.0009073373981181576
35.86666666666667 -0.38742752372906814 0.0009269766375019084
35.9 -0.4252077530576595 0.0009423128840856387
35.93333333333333 -0.4516866030138842 0.0009512930433884792
35.96666666666667 -0.46548288725547726 0.0009565212584275451
36.0 -0.4675312185829854 0.0009592686448939292
36.03333333333333 -0.45891087670464636 0.0009546044644592189
36.06666666666667 -0.4364860059156855 0.0009480812011181672
36.1 -0.40191722146218506 0.0009351637467867602
36.13333333333333 -0.3565914770287467 0.0009181064930946503
36.166666666666664 -0.30476057584025723 0.0008959606168951195
36.2 -0.2421490609406321 0.0008647152626381771
36.233333333333334 -0.1732269847057853 0.0008264429996775458
36.266666666666666 -0.1001010517734111 0.0007804281622041109
36.3 -0.02682362811224384 0.0007317624617399383
36.333333333333336 0.04943474233421813 0.0007431278315366274
36.36666666666667 0.1242013797163335 0.0007942027756547981
36.4 0.19521916882668386 0.000838760940104627
36.43333333333333 0.26192549486973876 0.0008764945844791372
36.46666666666667 0.3183830734414267 0.0009043281415435644
36.5 0.3663114456132132 0.0009248552899920326
36.53333333333333 0.40560011951895086 0.000941758011117233
36.56666666666667 0.4336763856398303 0.0009515182399871258
36.6 0.44921910178648083 0.0009574299848119083
36.63333333333333 0.4535239058895352 0.0009600286852614603
36.666666666666664 0.44619806650767196 0.0009600213112170297
36.7 0.42635548476730856 0.0009528229740626282
36.733333333333334 0.39417196249693087 0.00094072161533304
36.766666666666666 0.3526827364468861 0.0009250555196542165
36.8 0.29865754650686777 0.0008982341574296782
36.833333333333336 0.23758775949364092 0.0008661223932254769
36.86666666666667 0.16959198489047048 0.000824364395073246
36.9 0.09794412829346148 0.0007804207541332181
36.93333333333333 0.021612811831486292 0.0007281360191125248
36.96666666666667 -0.05102395940957287 0.00074793707950295
37.0 -0.1247395531961444 0.0007927460230678779
37.03333333333333 -0.1957144537276606 0.0008370183246838026
37.06666666666667 -0.2623010237968098 0.0008723832881557536
37.1 -0.32005471682192704 0.0009013849440921429
37.13333333333333 -0.3705688591097049 0.0009215659555549816
37.166666666666664 -0.41041554808630504 0.0009382559774334109
37.2 -0.4410840506968758 0.0009470578628287263
37.233333333333334 -0.45852573966496574 0.0009533203516619571
37.266666666666666 -0.4644323011029488 0.0009560980032141675
37.3 -0.45905170413641244 0.0009546054378850033
37.333333333333336 -0.43998510680240244 0.0009495196601221889
37.36666666666667 -0.4111102301529086 0.0009399724095605633
37.4 -0.3698037398673631 0.0009231081396467999
37.43333333333333 -0.3188729251235784 0.0009016856694711861
37.46666666666667 -0.259660455953326 0.0008728863366121997
37.5 -0.19355606549201296 0.0008342397056460282
37.53333333333333 -0.12489898964216552 0.0007943912784349333
37.56666666666667 -0.04829320914458544 0.0007450480506371246
37.6 0.025038856720823212 0.000728686891818129
37.63333333333333 0.09778062104232134 0.0007784036811319117
37.666666666666664 0.17203274380804795 0.0008250638798697751
37.7 0.23786297129033854 0.0008640537819597227
37.733333333333334 0.29973959275107215 0.0008939601236733763
37.766666666666666 0.3486081559393503 0.0009168153269845103
37.8 0.39169979994225557 0.0009364492929707091
37.833333333333336 0.4212361967176109 0.0009472371063310447
37.86666666666667 0.4394198036169372 0.0009554866451454425
37.9 0.4469879844495206 0.0009592451188534801
37.93333333333333 0.4430894387902318 0.0009578947365412871
37.96666666666667 0.4272881368477199 0.0009531667967823676
38.0 0.4003421296591446 0.0009429389163320145
38.03333333333333 0.3608560993513889 0.0009269542527492458
38.06666666666667 0.31142418598771604 0.0009042869809479104
38.1 0.2539742737985397 0.0008757023872978387
38.13333333333333 0.18823233591918365 0.0008367898958457631
38.166666666666664 0.11764095817640685 0.0007922252060684892
38.2 0.04627879973473742 0.0007439288763562354
38.233333333333334 -0.027903404527749642 0.000732242445141338
38.266666666666666 -0.10298854748771001 0.0007794686069515361
38.3 -0.1720729999858397 0.0008254399492875486
38.333333333333336 -0.239085463364609 0.0008609575816442006
38.36666666666667 -0.29931080346846545 0.0008882329851061521
38.4 -0.35269491034462536 0.0009143629526704999
38.43333333333333 -0.3947608249443343 0.0009307450635436809
38.46666666666667 -0.42839383659385916 0.0009413968126761874
38.5 -0.4473310582818922 0.0009487402992449656
38.53333333333333 -0.4587510356780807 0.0009527840197083304
38.56666666666667 -0.4553830437905543 0.0009524593496220701
38.6 -0.4370236581513072 0.0009491981665506466
38.63333333333333 -0.41504714402192666 0.0009400247622725066
38.666666666666664 -0.3771120836435595 0.0009257968475367973
38.7 -0.32979320602116724 0.0009045273809160648
38.733333333333334 -0.2731335576194861 0.0008792941139339483
38.766666666666666 -0.21066136593099702 0.0008467107962182308
38.8 -0.1406069826506407 0.000806020023997378
38.833333333333336 -0.0688450553056661 0.0007595272542543913
38.86666666666667 0.006078778217056042 0.0007165250943072287
38.9 0.0805484196577159 0.0007659823734120913
38.93333333333333 0.149587508109893 0.000812643438717009
38.96666666666667 0.2198819974003067 0.0008519824912794349
39.0 0.28177895088818833 0.0008868304729950371
39.03333333333333 0.3332420692503656 0.0009101752038674915
39.06666666666667 0.3786410477153635 0.000930935049495929
39.1 0.41225777865565605 0.0009438026189506066
39.13333333333333 0.43282075069973885 0.0009521005835014251
39.166666666666664 0.4427078492895485 0.000956067798100313
39.2 0.4408501276216076 0.0009557817614379571
39.233333333333334 0.4269737321910269 0.000951561576198523
39.266666666666666 0.4027740898724681 0.000943187371029941
39.3 0.3676690620410605 0.0009283278801042738
39.333333333333336 0.32249573253894714 0.0009095271004847527
39.36666666666667 0.2682522081258478 0.0008830231705094782
39.4 0.20410219640485797 0.0008487389543195278
39.43333333333333 0.13620250943580006 0.0008057023494290605
39.46666666666667 0.06568168637446202 0.0007589833833262921
39.5 -0.010136388660127954 0.0007203364643855424
39.53333333333333 -0.08327046119694796 0.0007681249311201621
39.56666666666667 -0.1529646993708948 0.000812269949509753
39.6 -0.22068546982148876 0.0008490201057440305
39.63333333333333 -0.2795731307235862 0.000880793781655953
39.666666666666664 -0.3343973771651886 0.0009065416656665604
39.7 -0.3794127111234902 0.0009261849910127129
39.733333333333334 -0.41409586861516656 0.0009396085197936332
39.766666666666666 -0.4386903770740634 0.0009469435503672297
39.8 -0.45076647427782135 0.0009503805400001841
39.833333333333336 -0.451977967314154 0.0009522724833865848
39.86666666666667 -0.44165455755315486 0.0009492756419695048
39.9 -0.41857720310734203 0.0009421680539891675
39.93333333333333 -0.38524563767981074 0.0009290019962571727
39.96666666666667 -0.34103904583178957 0.0009104110652114472
40.0 -0.2847800462395308 0.0008849206114492358
40.03333333333333 -0.22375816260441267 0.0008555422796531764
40.06666666666667 -0.15836192201871216 0.0008166541158829144
40.1 -0.0856886106033062 0.0007709362783383245
40.13333333333333 -0.014637244554791588 0.0007239735394427918
40.166666666666664 0.059012312379412235 0.0007519553824593683
40.2 0.13228478366695254 0.0008019006415426189
40.233333333333334 0.19935506986539486 0.0008420484189495536
40.266666666666666 0.2585534575252925 0.0008746195166427495
40.3 0.3133566635051361 0.0009004869875232635
40.333333333333336 0.3600434142448295 0.0009230123690256442
40.36666666666667 0.39534611232922334 0.0009374908759741674
40.4 0.4208550231066186 0.0009471039797754877
40.43333333333333 0.43542524858151094 0.0009537875507112936
40.46666666666667 0.43632517669862525 0.0009550086305220584
40.5 0.4263379527809533 0.0009510287059973921
40.53333333333333 0.40547667088881456 0.0009428589973077273
40.56666666666667 0.3748693783447865 0.000932440292450043
40.6 0.33225566013282154 0.0009128549230266736
40.63333333333333 0.2793601088938835 0.0008879388737150773
40.666666666666664 0.21926713807513515 0.0008552281830181419
40.7 0.1530568315461858 0.0008159017400445334
40.733333333333334 0.08154168990881935 0.0007712112896345047
40.766666666666666 0.010920335378558835 0.0007209007860269588
40.8 -0.06349863087170637 0.000756686828671152
40.833333333333336 -0.13201156524799748 0.0008006505945473974
40.86666666666667 -0.20046760259567828 0.0008393490679911297
40.9 -0.26495156908413364 0.0008738643967806103
40.93333333333333 -0.3175920525872176 0.0008998850229958721
40.96666666666667 -0.36383401139848737 0.0009177822324671903
41.0 -0.4016444811819034 0.0009352297595859316
41.03333333333333 -0.4285160672285782 0.0009437543124083403
41.06666666666667 -0.4444404623111366 0.0009515348789493339
41.1 -0.44804993599504944 0.0009527169193423446
41.13333333333333 -0.44049160855232267 0.0009507974093575511
41.166666666666664 -0.4217878753011788 0.0009433033165191507
41.2 -0.38909225103275796 0.0009314007922688883
41.233333333333334 -0.348381038713973 0.0009139800997047809
41.266666666666666 -0.29521706975005796 0.0008889453682685566
41.3 -0.23981226675460932 0.0008628518784408179
41.333333333333336 -0.17668466232165117 0.0008270222951504702
41.36666666666667 -0.10648463769248473 0.000787048779549035
41.4 -0.03219548224227813 0.0007366526343600965
41.43333333333333 0.03890548803956602 0.0007384194590991863
41.46666666666667 0.10932920407204615 0.0007868237797124811
41.5 0.17929035078616445 0.0008301155633463897
41.53333333333333 0.24292211500179586 0.0008656610475549498
41.56666666666667 0.2978797860886925 0.000891960111525425
41.6 0.345669599534964 0.0009151738405165921
41.63333333333333 0.3838974395402067 0.0009321488074711115
41.666666666666664 0.4098296224551668 0.0009427315145459358
41.7 0.4260805285697542 0.000949198328943246
41.733333333333334 0.43190762556063306 0.0009531591032716502
41.766666666666666 0.4244380884637702 0.0009509695344629421
41.8 0.40763498042648305 0.0009453832705325627
41.833333333333336 0.37858414046249506 0.0009342190503706105
41.86666666666667 0.33873035035792803 0.0009163529602770892
41.9 0.29235191939213695 0.0008953488816519917
41.93333333333333 0.23503386149417232 0.0008670735443963018
41.96666666666667 0.1689885053658952 0.0008298455959958595
42.0 0.10159790141790105 0.0007834029165797035
