0.0 1.0601903277552436 0.0008297269658419371
0.03333333333333333 1.0862775020670126 0.0008212427189642213
0.06666666666666667 1.0901663118322291 0.0008218631463987602
0.1 1.0700441053402232 0.0008291355660003941
0.13333333333333333 1.024156669433215 0.0008376456471059779
0.16666666666666666 0.9528296575016681 0.0008504899346609696
0.2 0.8548445349037623 0.0008590276386716278
0.23333333333333334 0.7376335668457127 0.0008620052107735088
0.26666666666666666 0.5996029928726315 0.0008443263754244201
0.3 0.44349171885047084 0.0008049945816738235
0.3333333333333333 0.2793661463167887 0.0007434839053100384
0.36666666666666664 0.10983436907529626 0.0006588956428822818
0.4 -0.05987835486544038 0.0006315156177764264
0.43333333333333335 -0.22609186909598109 0.0007110246742256521
0.4666666666666667 -0.3858161730325225 0.0007764321144958508
0.5 -0.5388568303589867 0.0008124641513074238
0.5333333333333333 -0.6772381760282524 0.0008344833126695539
0.5666666666666667 -0.8005232890149161 0.0008405568004185016
0.6 -0.9016524501177055 0.0008330057542503821
0.6333333333333333 -0.9879702398645659 0.000822406619589211
0.6666666666666666 -1.0490078021115117 0.0008129961762339821
0.7 -1.0871328039210626 0.0008028303447256135
0.7333333333333333 -1.1020910638543178 0.0007976782263581228
0.7666666666666667 -1.0931931349880715 0.0008015559484835233
0.8 -1.0591512322481487 0.0008086104061988397
0.8333333333333334 -1.000749624612026 0.0008211735114400653
0.8666666666666667 -0.9160379637729167 0.0008349297070981976
0.9 -0.8081071921398821 0.0008438845286177221
0.9333333333333333 -0.6807350202844206 0.0008415878235952245
0.9666666666666667 -0.5357929979268163 0.0008183063006349522
1.0 -0.37687143814149293 0.0007733170894219654
1.0333333333333334 -0.2124727505920842 0.0007060662212642899
1.0666666666666667 -0.04066660814705325 0.0006218040581022835
1.1 0.1259604807302839 0.0006656847137504196
1.1333333333333333 0.2877601699441961 0.0007405523602029285
1.1666666666666667 0.4457063670729822 0.0008011868999056038
1.2 0.5898788483730433 0.0008367970363030164
1.2333333333333334 0.7175825694551378 0.0008518158794712516
1.2666666666666666 0.8291101743308084 0.0008542206045291101
1.3 0.9233555509637353 0.0008465346947597041
1.3333333333333333 0.9910975567431108 0.0008388885001213708
1.3666666666666667 1.0397020692200718 0.0008304706947117602
1.4 1.0655624784739142 0.0008248038339422337
1.4333333333333333 1.0670877658703584 0.0008279082833564377
1.4666666666666666 1.0452213416395115 0.0008321824408366041
1.5 0.9991862539789524 0.0008422040744855419
1.5333333333333334 0.9223543759502942 0.0008514414529134928
1.5666666666666667 0.8304191645002875 0.0008616142457029685
1.6 0.7123836822488293 0.0008593462071910807
1.6333333333333333 0.5744916580417274 0.0008380484354154616
1.6666666666666667 0.42517815439196904 0.0008010035383278491
1.7 0.2618795499662199 0.0007396810852799973
1.7333333333333334 0.09262536120636179 0.0006476964204183006
1.7666666666666666 -0.0740245234860987 0.0006365077530439689
1.8 -0.23768194555281982 0.0007219618180835385
1.8333333333333333 -0.3909569629409442 0.0007792489877334052
1.8666666666666667 -0.5415702525196742 0.0008156796957704548
1.9 -0.6770806584195803 0.000838642357930075
1.9333333333333333 -0.7924258426861932 0.0008431123410254093
1.9666666666666666 -0.8940160678985849 0.0008333026192420823
2.0 -0.9754089383945127 0.0008260624622327128
2.033333333333333 -1.0318673652049504 0.000814484300275975
2.066666666666667 -1.0678365543772057 0.0008080482899928132
2.1 -1.0805222832982886 0.0008035001192576718
2.1333333333333333 -1.0684071145714873 0.000808014309533478
2.1666666666666665 -1.0323933498510596 0.0008156412802742263
2.2 -0.9693885509027113 0.0008280874669028826
2.2333333333333334 -0.8862019011388507 0.0008398262683635416
2.2666666666666666 -0.7756124718475063 0.0008418897680176896
2.3 -0.647483160456197 0.0008374481038689874
2.3333333333333335 -0.5036995230816372 0.0008107485209863929
2.3666666666666667 -0.3482796710062686 0.0007624642849449192
2.4 -0.18440663255586506 0.0006972521175356017
2.433333333333333 -0.019622549818185637 0.0006104722320866875
2.466666666666667 0.14570446357203848 0.0006773624439105619
2.5 0.31009502968483255 0.0007505925867257734
2.533333333333333 0.4597909414033219 0.0008064054731726777
2.566666666666667 0.5980683164647784 0.0008399843921618189
2.6 0.7232837789084895 0.0008517010476729592
2.6333333333333333 0.8294804002456859 0.0008552156329419969
2.6666666666666665 0.917133708142223 0.000847652867590587
2.7 0.9801999376216135 0.0008397138660314329
2.7333333333333334 1.0241515110261468 0.0008358429623436248
2.7666666666666666 1.0450806429589832 0.0008313660285155233
2.8 1.0435358263764716 0.0008320798640437665
2.8333333333333335 1.0170457449236332 0.0008384275112403028
2.8666666666666667 0.9648393801194244 0.0008470803918693148
2.9 0.8873631675108989 0.0008550614596011252
2.933333333333333 0.7896377190363972 0.0008589497165680804
2.966666666666667 0.6742584066676786 0.0008539763982143844
3.0 0.5355180976590046 0.0008272401947529984
3.033333333333333 0.3878753221850735 0.0007890589199507914
3.066666666666667 0.2204624043338674 0.0007166998466401064
3.1 0.059372493323670235 0.0006334639351602486
3.1333333333333333 -0.10580621827804618 0.0006548989601903726
3.1666666666666665 -0.26586034853426693 0.0007358179929967679
3.2 -0.4191493958033011 0.0007898136527721422
3.2333333333333334 -0.5646262511366774 0.0008166281601665881
3.2666666666666666 -0.6931695372548266 0.0008390346931780313
3.3 -0.8016428623633971 0.0008393398749174663
3.3333333333333335 -0.8980538875371649 0.0008303545365930809
3.3666666666666667 -0.9719972718873365 0.0008225804623269717
3.4 -1.0228094107540133 0.000815459205053104
3.433333333333333 -1.05238270526853 0.0008105284234816157
3.466666666666667 -1.0584677601761117 0.0008087107686431949
3.5 -1.0421118985764493 0.0008134989475470089
3.533333333333333 -0.9984194688457433 0.0008195106362743898
3.566666666666667 -0.9310744095272838 0.0008316579349592068
3.6 -0.8418243470279068 0.000840462342512116
3.6333333333333333 -0.7287301908164676 0.0008412406617459567
3.6666666666666665 -0.6007656918604014 0.0008295146307258916
3.7 -0.4537819481774939 0.0008003962394669828
3.7333333333333334 -0.2974743650917535 0.0007474838573306997
3.7666666666666666 -0.13735746431469717 0.0006716532828849597
3.8 0.02303515090313249 0.0006101218592718775
3.8333333333333335 0.18600756372752603 0.0006984743670367943
3.8666666666666667 0.3435394536791665 0.0007681831185930021
3.9 0.4946137211015731 0.00081594518688477
3.933333333333333 0.6223974182152338 0.0008454934653752133
3.966666666666667 0.7391103737153144 0.0008541340950045662
4.0 0.8382739437130922 0.0008544676875660295
4.033333333333333 0.91842696846525 0.0008499273864671641
4.066666666666666 0.9766661990369699 0.0008424143345326929
4.1 1.0123806486374665 0.0008367868912630971
4.133333333333334 1.0263221112208216 0.0008351345887527284
4.166666666666667 1.0177060398516677 0.0008379046680444535
4.2 0.9834022980981533 0.000843957728361322
4.233333333333333 0.9252627614841461 0.0008529988388105147
4.266666666666667 0.842320518391329 0.0008586960379841635
4.3 0.7394490861965621 0.0008588152532796878
4.333333333333333 0.618027670830321 0.0008478259647116682
4.366666666666666 0.476391961107761 0.000814488327636198
4.4 0.3230681002396871 0.0007616620183570899
4.433333333333334 0.1645763100032688 0.0006889424237420116
4.466666666666667 0.004196263567011858 0.000601361636258132
4.5 -0.15809847532249577 0.0006796539004154112
4.533333333333333 -0.3144459839573861 0.0007493784711514184
4.566666666666666 -0.4624529232264125 0.0007983643521966011
4.6 -0.5968451727608417 0.0008255712090006195
4.633333333333334 -0.7165593380820429 0.0008387709326141968
4.666666666666667 -0.8224991779108003 0.0008397899565434352
4.7 -0.9077560340062786 0.0008317975993621385
4.733333333333333 -0.9712876784693312 0.0008241635407517656
4.766666666666667 -1.0162160328461314 0.0008179453485113175
4.8 -1.037186943535056 0.0008141318344834225
4.833333333333333 -1.0341493050290471 0.0008146743095551745
4.866666666666666 -1.0079957683362448 0.0008199316958221736
4.9 -0.9575152041632493 0.0008304986315654794
4.933333333333334 -0.8827185913584803 0.0008381467750165905
4.966666666666667 -0.7857054020157208 0.0008435758807285865
5.0 -0.6694404245631854 0.0008390403193010432
5.033333333333333 -0.5348344169047884 0.0008218758173819118
5.066666666666666 -0.38709890892566734 0.0007813531003755814
5.1 -0.23468797782222742 0.0007203926229901181
5.133333333333334 -0.07245489932099282 0.0006410318635812484
5.166666666666667 0.08730079883267079 0.000647797455037874
5.2 0.2458368033260658 0.0007287467432757488
5.233333333333333 0.4008038251088367 0.0007871370534270339
5.266666666666667 0.5342436576554295 0.0008231498853702446
5.3 0.6578762890277425 0.0008483133056866876
5.333333333333333 0.7667039478904323 0.0008540408628732177
5.366666666666666 0.8563184887610603 0.0008543380929876276
5.4 0.9261885798813513 0.0008484342157198954
5.433333333333334 0.9755463320472465 0.000842368724100262
5.466666666666667 1.0014477082665427 0.0008392676426434154
5.5 1.0050011888847157 0.0008394090896808315
5.533333333333333 0.986829929517795 0.0008440680650835253
5.566666666666666 0.9428663332645136 0.0008491725478401158
5.6 0.8745577897480028 0.0008568153579940896
5.633333333333334 0.7840308834394712 0.00086153727092253
5.666666666666667 0.6754729540739476 0.0008550621241804057
5.7 0.5470767494422465 0.0008349915392633633
5.733333333333333 0.4065777192758437 0.0007936896501051227
5.766666666666667 0.2509428718978571 0.0007320896066702054
5.8 0.08890743780887975 0.0006488850332928425
5.833333333333333 -0.06583434664784713 0.0006336748191665131
5.866666666666666 -0.2233208948438356 0.000713267708243176
5.9 -0.3761947961362336 0.0007744702907429568
5.933333333333334 -0.5146168527435887 0.0008105502922298724
5.966666666666667 -0.6416423632793041 0.0008312550208521285
6.0 -0.7537476996452945 0.00084139728623156
6.033333333333333 -0.8464661591612842 0.0008380490505759397
6.066666666666666 -0.9229842635578636 0.0008320549612413908
6.1 -0.976435730060534 0.0008236727045806136
6.133333333333334 -1.0094493359025096 0.0008186659145819064
6.166666666666667 -1.0184697477734688 0.0008181593295077949
6.2 -1.0053858253591286 0.0008202847828884252
6.233333333333333 -0.9663012214532327 0.0008289565505447127
6.266666666666667 -0.9056689474017239 0.000836809624850221
6.3 -0.8224624794101534 0.0008413402813509663
6.333333333333333 -0.7165359730331501 0.0008419553505799593
6.366666666666666 -0.5945299091818291 0.0008297300984363432
6.4 -0.4554089894955411 0.0007986052949709443
6.433333333333334 -0.3064977456104306 0.0007492185046629185
6.466666666666667 -0.15235595355084486 0.0006827303457028755
6.5 0.00598797485190652 0.0005985994847457089
6.533333333333333 0.1661601361328066 0.000688154573103783
6.566666666666666 0.31880185910444464 0.0007590789239401707
6.6 0.458107798418316 0.000804021851436354
6.633333333333334 0.5893770987860961 0.000838559579123821
6.666666666666667 0.7040496657524794 0.0008507343285976132
6.7 0.7997339329773455 0.0008560601043858806
6.733333333333333 0.8769815532030503 0.000853296135870707
6.766666666666667 0.9368474871300024 0.0008459866946323169
6.8 0.9726804530482734 0.0008431815788009223
6.833333333333333 0.9868781253025015 0.0008353528612157213
6.866666666666666 0.9791187636384223 0.0008439016478818395
6.9 0.9452778344881858 0.000848546473758649
6.933333333333334 0.892830539303612 0.0008575452685826157
6.966666666666667 0.8132431366503725 0.0008606971266997832
7.0 0.7119012905446882 0.0008569114856169513
7.033333333333333 0.5954348208266321 0.0008434012904671162
7.066666666666666 0.46453486753998424 0.0008124888077455927
7.1 0.31226090780534027 0.0007562694111476476
7.133333333333334 0.16228183280784264 0.0006893915106102322
7.166666666666667 0.0056967588405274884 0.0006009821040675245
7.2 -0.15378743026680539 0.0006807740556101505
7.233333333333333 -0.30397687156906794 0.0007459683997400046
7.266666666666667 -0.44522571905879443 0.0007943530182731307
7.3 -0.577161939134223 0.0008231625286002631
7.333333333333333 -0.6917967772517405 0.0008368586632137021
7.366666666666666 -0.7930501292453721 0.000839275090011804
7.4 -0.8757378726781053 0.0008348386874719171
7.433333333333334 -0.9387368871347957 0.0008290399610147992
7.466666666666667 -0.9790248738247753 0.0008235301806531758
7.5 -0.9985891355277863 0.000821999402674134
7.533333333333333 -0.9950803870808336 0.0008219731608933856
7.566666666666666 -0.9666661193432021 0.0008281780584640241
7.6 -0.916227097446924 0.0008366741190388716
7.633333333333334 -0.8430392062894674 0.0008402697596658903
7.666666666666667 -0.7462479654183325 0.0008440211483781157
7.7 -0.6323885377129416 0.0008362591736705838
7.733333333333333 -0.5030298530822745 0.0008114710448434703
7.766666666666667 -0.3592213169327504 0.0007685908533640595
7.8 -0.21009472154434525 0.000707322953091033
7.833333333333333 -0.05536249070363989 0.0006274185582100175
7.866666666666666 0.10004853965892119 0.0006562730020402835
7.9 0.2545601162770397 0.0007310828912083234
7.933333333333334 0.3996513600019419 0.0007880877364917493
7.966666666666667 0.5292073380784901 0.0008258973921987378
8.0 0.6474001024028287 0.0008462051846542806
8.033333333333333 0.7497298780765267 0.0008536331998029167
8.066666666666666 0.8350166128317783 0.0008559796897709138
8.1 0.8985170917802406 0.0008495298174497901
8.133333333333333 0.9429923388745399 0.0008469256029473016
8.166666666666666 0.9658505326257034 0.0008447714972382725
8.2 0.9657622064435228 0.000844695053787925
8.233333333333333 0.9428022127846648 0.0008493076830655699
8.266666666666667 0.8964016353119265 0.0008526329791707088
8.3 0.8283035339311999 0.0008596280892904096
8.333333333333334 0.7359602935364284 0.0008578803605375773
8.366666666666667 0.6261666297104445 0.0008473290678006062
8.4 0.5012543890697376 0.0008247125173986847
8.433333333333334 0.3587502787291632 0.0007785897520938279
8.466666666666667 0.2122019972638793 0.0007197236248689121
8.5 0.057445373614868116 0.0006369432221100604
8.533333333333333 -0.0995930152481173 0.0006556721836367407
8.566666666666666 -0.249638866198493 0.0007272739714123955
8.6 -0.39210153183311586 0.0007778564692489387
8.633333333333333 -0.5255823556508534 0.0008124028503843084
8.666666666666666 -0.6439774060453187 0.0008314467002890069
8.7 -0.7479439457696385 0.0008389280214620154
8.733333333333333 -0.8355157492207221 0.0008400622399092894
8.766666666666667 -0.9036976806083006 0.000832690024326066
8.8 -0.9514661486822933 0.0008295846971686505
8.833333333333334 -0.9763271929972185 0.0008252773777316369
8.866666666666667 -0.9799223624835564 0.0008254330531533016
8.9 -0.9606215244822819 0.0008281198459955119
8.933333333333334 -0.9174914889001013 0.0008343601839004844
8.966666666666667 -0.8513635909611457 0.0008410061928945112
9.0 -0.7631184748338643 0.0008434979317657465
9.033333333333333 -0.6576790149431563 0.000836808795047661
9.066666666666666 -0.5344989848654914 0.0008206388838101208
9.1 -0.39619923229740744 0.000782371646599056
9.133333333333333 -0.2507698647204001 0.0007289663864084028
9.166666666666666 -0.10174804689065414 0.0006535014948789025
9.2 0.05721572589301729 0.0006332633461991061
9.233333333333333 0.20695061961693603 0.0007105802264066874
9.266666666666667 0.3493764697440066 0.0007709770441786667
9.3 0.4839930458401531 0.0008132407512419504
9.333333333333334 0.6049359484726768 0.0008398256968163986
9.366666666666667 0.7102104703585631 0.000850471347962567
9.4 0.7993795139092297 0.0008532053330155831
9.433333333333334 0.8672144863239337 0.0008519758592900883
9.466666666666667 0.9166586300552182 0.0008500908157985654
9.5 0.9440676920354778 0.0008475110671352093
9.533333333333333 0.949455070203359 0.000848090297232873
9.566666666666666 0.9330900027991486 0.0008510302676282278
9.6 0.8936281581441805 0.0008540153752002455
9.633333333333333 0.8313142652922939 0.0008579740171371641
9.666666666666666 0.7465081864619999 0.0008580770269278615
9.7 0.6428675160519844 0.0008494992172602966
9.733333333333333 0.523960991229983 0.0008276935485320713
9.766666666666667 0.39119923019733294 0.0007902258326490386
9.8 0.24292140133706044 0.0007315429312363675
9.833333333333334 0.09414030570297507 0.0006537053919647151
9.866666666666667 -0.0570335616915484 0.0006324568383412124
9.9 -0.20913001529409442 0.000707626412787904
9.933333333333334 -0.35077265286023734 0.0007661792164037062
9.966666666666667 -0.4863879004635048 0.0008061159095576476
10.0 -0.6040232656729563 0.0008278442390027285
10.033333333333333 -0.7126645674772402 0.0008390386029221153
10.066666666666666 -0.8020134117328286 0.0008383718709057408
10.1 -0.8732069635465246 0.0008375841776353532
10.133333333333333 -0.9249902324713952 0.0008317921228914171
10.166666666666666 -0.955144900434202 0.0008275069828619364
10.2 -0.9629679042139903 0.0008272963035791392
10.233333333333333 -0.9490264424093148 0.0008305845489950947
10.266666666666667 -0.9118773870625092 0.0008355470698898637
10.3 -0.8513823806728282 0.0008417723361705542
10.333333333333334 -0.7718703267477373 0.0008493471541978215
10.366666666666667 -0.6683690698122288 0.0008436918932801518
10.4 -0.5498806379050709 0.0008228823447274936
10.433333333333334 -0.4185267738265697 0.0007897750879929388
10.466666666666667 -0.27498540420414025 0.0007368002993657363
10.5 -0.12744524267676485 0.0006699542177892592
10.533333333333333 0.023171952764541034 0.0006131744014274826
10.566666666666666 0.17480244257362954 0.0006951740584187904
10.6 0.3191855832984987 0.0007590203858826028
10.633333333333333 0.4491335648177505 0.0008044378422655818
10.666666666666666 0.5720826950232595 0.0008327362951832118
10.7 0.6785379457779415 0.0008490548768782524
10.733333333333333 0.7689040983886611 0.0008537850027577898
10.766666666666667 0.8408870915964445 0.0008550911306558495
10.8 0.892626313186875 0.0008511053426457638
10.833333333333334 0.9229529473483159 0.0008506442304021533
10.866666666666667 0.9321781330342278 0.0008488007419292787
10.9 0.919150793136476 0.0008525289193045404
10.933333333333334 0.8848252073138746 0.0008568419366605795
10.966666666666667 0.8280069567857131 0.0008604281155298876
11.0 0.7496549645058613 0.0008611419553788968
11.033333333333333 0.6483518335898885 0.000851854731539814
11.066666666666666 0.5341273145721489 0.0008322285700670395
11.1 0.4053791590664726 0.0007933964957461126
11.133333333333333 0.26271981868753036 0.0007389796919778369
11.166666666666666 0.11360242548970177 0.0006629790450329992
11.2 -0.033385381671149315 0.0006191917958724008
11.233333333333333 -0.18384428015251855 0.0006987489978490524
11.266666666666667 -0.3246297920745472 0.0007564859456957174
11.3 -0.4554945599351684 0.0007988768328235363
11.333333333333334 -0.5791911936638088 0.0008252807117874461
11.366666666666667 -0.6841149700971761 0.0008372602954884734
11.4 -0.7770551738861303 0.0008408216541988534
11.433333333333334 -0.850502366762303 0.0008401430114006736
11.466666666666667 -0.9033006373885608 0.0008376618793298762
11.5 -0.9357280527571741 0.0008319734065347362
11.533333333333333 -0.9465342239733417 0.0008309794329528497
11.566666666666666 -0.9353807876086115 0.0008323833726283647
11.6 -0.9006725086913039 0.0008358382261600683
11.633333333333333 -0.8431520370748842 0.0008418106458124575
11.666666666666666 -0.7648855230232351 0.0008443615426506623
11.7 -0.668221615625025 0.0008383731950414308
11.733333333333333 -0.5552194858706642 0.0008234246773356491
11.766666666666667 -0.4280248871045034 0.0007948671657941331
11.8 -0.28569370365780916 0.000743049581445332
11.833333333333334 -0.14262799941874893 0.000678239429727584
11.866666666666667 0.007363862224625215 0.0006057189937551891
11.9 0.15525027790780307 0.0006843382916718321
11.933333333333334 0.29877987598014144 0.0007525693203034867
11.966666666666667 0.4296356615478537 0.0007980829218522945
12.0 0.5515769666310983 0.0008308086398527426
12.033333333333333 0.6569580590034899 0.0008462342643914544
12.066666666666666 0.7476027626335386 0.0008555404147332357
12.1 0.8188451862952197 0.0008559502242284633
12.133333333333333 0.872632191775632 0.0008533687067235896
12.166666666666666 0.9051398799237506 0.0008538620494812355
12.2 0.9164730236276577 0.0008516067111347114
12.233333333333333 0.9058284238210405 0.0008544413380576765
12.266666666666667 0.8719658210214644 0.0008557180797843511
12.3 0.8179721248095119 0.0008593393838657315
12.333333333333334 0.7404960570917853 0.0008571638300195472
12.366666666666667 0.6435550446487026 0.0008497824403641552
12.4 0.5335803108649947 0.0008291304161368585
12.433333333333334 0.4084407843800151 0.0007958870072139468
12.466666666666667 0.2648065672719881 0.0007429387015898126
12.5 0.1258451630468249 0.0006713858569021292
12.533333333333333 -0.023267618669870326 0.0006131097066574449
12.566666666666666 -0.17089406040173277 0.000691509284932057
12.6 -0.31247561306343696 0.0007534505343418929
12.633333333333333 -0.43993116597943654 0.0007933645283183521
12.666666666666666 -0.5594474475877584 0.0008204263194185879
12.7 -0.667142687694454 0.0008350446848858217
12.733333333333333 -0.7578192119554895 0.0008402353296803611
12.766666666666667 -0.8327079645038203 0.0008391486815125804
12.8 -0.8843494705562381 0.0008361435090399327
12.833333333333334 -0.9181570561886597 0.000834238425782452
12.866666666666667 -0.9304285762418237 0.000833275903867059
12.9 -0.9205710248509705 0.0008337117535351934
12.933333333333334 -0.8868374741160173 0.0008399959310830818
12.966666666666667 -0.8308928411920643 0.0008429294044873803
13.0 -0.7554591950431798 0.000843865027970292
13.033333333333333 -0.6602701112383675 0.0008394622037739552
13.066666666666666 -0.5476816151557918 0.0008215168708352039
13.1 -0.42315468032809794 0.0007920114334297734
13.133333333333333 -0.28528812860390623 0.0007450158961461173
13.166666666666666 -0.14401398289937078 0.0006800914600821051
13.2 0.003050719153807255 0.0006012309980971279
13.233333333333333 0.14912933308945714 0.0006835771725803852
13.266666666666667 0.29076483455739693 0.0007477484459402217
13.3 0.41935003912180563 0.0007943010414833696
13.333333333333334 0.537044570674588 0.0008287481747486503
13.366666666666667 0.6435444717989581 0.0008475600499683322
13.4 0.7333220892714846 0.0008544479677898842
13.433333333333334 0.8045103365535743 0.0008571600995861406
13.466666666666667 0.8569798681416317 0.0008553912178645984
13.5 0.8891319954493715 0.0008549975729829074
13.533333333333333 0.8997886123576021 0.0008540999609278899
13.566666666666666 0.889628716265275 0.00085592023170733
13.6 0.8566362755406521 0.0008584942236922188
13.633333333333333 0.8046827819771977 0.0008603483279460145
13.666666666666666 0.7275693050185852 0.000857705424044175
13.7 0.6315011819144659 0.0008488717659584921
13.733333333333333 0.5232449760954943 0.00082879687866666
13.766666666666667 0.3990773442350802 0.0007949264466509676
13.8 0.25886229021590573 0.0007374417005076017
13.833333333333334 0.1198533641808756 0.0006687251914281461
13.866666666666667 -0.025637724144037873 0.0006160952857203646
13.9 -0.17019297630314054 0.0006918941451671545
13.933333333333334 -0.3069022060746644 0.0007539363184700387
13.966666666666667 -0.43479269313217767 0.0007926871390462886
14.0 -0.5544735047117818 0.0008200584944223488
14.033333333333333 -0.6576505779837923 0.0008335185891986674
14.066666666666666 -0.7485290219026859 0.0008395149863585916
14.1 -0.8194454349423572 0.0008392869705549089
14.133333333333333 -0.8710270706011882 0.0008393637565005108
14.166666666666666 -0.9030309012428872 0.000834764552151257
14.2 -0.9140225044665956 0.0008344694584759837
14.233333333333333 -0.9031182923888634 0.0008360835544636291
14.266666666666667 -0.8701550137158105 0.0008394469800762083
14.3 -0.8159594150783107 0.0008431881531161256
14.333333333333334 -0.7386590664450379 0.0008451595648339971
14.366666666666667 -0.647049388245379 0.0008376261309988031
14.4 -0.5334250649889318 0.0008191066002100067
14.433333333333334 -0.4116546726972792 0.0007897052086213718
14.466666666666667 -0.2749974793838213 0.0007405395366147371
14.5 -0.13522657347864817 0.000674563741566242
14.533333333333333 0.011690189093261793 0.00060771422121139
14.566666666666666 0.15298629632162059 0.0006864317485749949
14.6 0.28933804588049783 0.0007478409491579185
14.633333333333333 0.41637398455090885 0.0007958278954747766
14.666666666666666 0.5343202852964485 0.00082783696565214
14.7 0.636390495820748 0.0008448174552964094
14.733333333333333 0.7254366288353017 0.0008543429855699669
14.766666666666667 0.7942019320069278 0.0008557385589094135
14.8 0.8432142930775933 0.0008551092054081
14.833333333333334 0.874174328106917 0.0008525373906798084
14.866666666666667 0.8843916770092832 0.0008539816005780354
14.9 0.8720093649449571 0.0008555798764595668
14.933333333333334 0.8372705541953328 0.0008559760942394856
14.966666666666667 0.7845009291394881 0.0008594726409982822
15.0 0.710656578611614 0.0008564709818584815
15.033333333333333 0.6131306121991477 0.0008463966011351687
15.066666666666666 0.5058433018239448 0.000824864207129461
15.1 0.379364508247955 0.0007875102406222356
15.133333333333333 0.24389935711454327 0.0007313133550322648
15.166666666666666 0.10649270819796666 0.0006623462164692673
15.2 -0.037243307562936055 0.0006232769904187391
15.233333333333333 -0.17764630533853815 0.0006940225320514748
15.266666666666667 -0.3128696011750962 0.0007523499089326369
15.3 -0.44011317658327626 0.0007953022644250907
15.333333333333334 -0.5534931302134353 0.0008191140155782151
15.366666666666667 -0.6559660353538407 0.000835097242413485
15.4 -0.742729623309887 0.0008399522052401354
15.433333333333334 -0.8104053584518894 0.0008380284034479324
15.466666666666667 -0.8594083624233515 0.0008373170452640188
15.5 -0.8899547937627994 0.0008363177588267545
15.533333333333333 -0.8982272486475891 0.0008369502834737474
15.566666666666666 -0.8847104384611416 0.0008377719820664709
15.6 -0.8502796057696912 0.0008404117368556729
15.633333333333333 -0.7922946438479097 0.0008443099088034645
15.666666666666666 -0.7148027556338161 0.0008432502409930764
15.7 -0.6236547120904647 0.0008350247958328616
15.733333333333333 -0.5100517539223007 0.0008139089468196525
15.766666666666667 -0.3884219240263064 0.0007821464527691391
15.8 -0.2528774962166835 0.0007324734684565071
15.833333333333334 -0.11552578089252256 0.0006669583720344541
15.866666666666667 0.025490821825574075 0.0006161377417519265
15.9 0.16529443149293932 0.0006964298374093902
15.933333333333334 0.302406182844789 0.000753173386435213
15.966666666666667 0.42554224582724404 0.0007976337909374465
16.0 0.5410083580414448 0.0008294655128325834
16.033333333333335 0.6398203487902526 0.0008460679953889993
16.066666666666666 0.7230504909649408 0.0008531540599326926
16.1 0.7889892778969051 0.0008541117796737607
16.133333333333333 0.8358512629302827 0.0008557941306935879
16.166666666666668 0.8623656133474025 0.0008556676354236625
16.2 0.8686905222656961 0.0008547457780924139
16.233333333333334 0.8528573635196156 0.0008555416910527303
16.266666666666666 0.8175641489821097 0.0008581496843759195
16.3 0.7613673883652889 0.0008569691919345646
16.333333333333332 0.6837286077517505 0.000855794933475984
16.366666666666667 0.587733373032264 0.0008415728132011857
16.4 0.48038645954375037 0.0008168755813572348
16.433333333333334 0.35377436891530895 0.0007774211095455397
16.466666666666665 0.2156334776293055 0.000718382892586994
16.5 0.08150754374525464 0.0006498690704039717
16.533333333333335 -0.0590692185360389 0.0006372886556525875
16.566666666666666 -0.19818333843792346 0.0007056324765032096
16.6 -0.3311258466233868 0.0007588801729895289
16.633333333333333 -0.451428940091921 0.0007968316439727618
16.666666666666668 -0.563290165511368 0.0008211528742768648
16.7 -0.6631796091365155 0.0008344496401342383
16.733333333333334 -0.7432918496778745 0.0008405048330972775
16.766666666666666 -0.8074523009474012 0.0008398940716517478
16.8 -0.8531987719795222 0.0008374346441912817
16.833333333333332 -0.8777151581864989 0.0008371155985980039
16.866666666666667 -0.881985479109014 0.0008377660860134917
16.9 -0.8657168751372177 0.000839062807924118
16.933333333333334 -0.8264422672588392 0.0008410448860581843
16.966666666666665 -0.7672759484259847 0.0008440338684490012
17.0 -0.6881447351452898 0.0008392389074243223
17.033333333333335 -0.5923287801293601 0.0008297277543386494
17.066666666666666 -0.4813578494489024 0.0008073873532237208
17.1 -0.3569496563232654 0.0007704069466539787
17.133333333333333 -0.2257761500969202 0.0007198402373549961
17.166666666666668 -0.087072051325566 0.000649660919200129
17.2 0.052364902224170506 0.0006319242890754639
17.233333333333334 0.18968883900861105 0.0007034970636140281
17.266666666666666 0.3190114476157389 0.0007597149961224847
17.3 0.44262421560794796 0.000804180164095003
17.333333333333332 0.5511270428601096 0.0008285217771043518
17.366666666666667 0.6480408710333712 0.0008429078986623706
17.4 0.7264607258646504 0.0008532542364257933
17.433333333333334 0.7867331936782453 0.0008560655276368401
17.466666666666665 0.8294691745279458 0.0008561565453317765
17.5 0.8498685312284346 0.0008561231263465308
17.533333333333335 0.8526011396626841 0.0008563123617967294
17.566666666666666 0.8326234451941181 0.0008596460333026856
17.6 0.7933028153762914 0.0008645579692879712
17.633333333333333 0.7323071454926317 0.0008600436141613654
17.666666666666668 0.6512917376338656 0.0008517149055010664
17.7 0.5558358118800029 0.0008363322944263674
17.733333333333334 0.44379548692218895 0.0008107146095937545
17.766666666666666 0.3192350325012031 0.0007661384857431397
17.8 0.18633479782665915 0.000703914803522776
17.833333333333332 0.04889700706382043 0.0006313869147224829
17.866666666666667 -0.08884054759742281 0.000651823659152187
17.9 -0.2242590196743488 0.0007173616371290159
17.933333333333334 -0.35237052743217673 0.0007664535146180151
17.966666666666665 -0.47091211010574063 0.0008022257955673795
18.0 -0.577600967538457 0.0008245944901614788
18.033333333333335 -0.6694720371635935 0.0008355189069151336
18.066666666666666 -0.7487822933675863 0.0008421126719778682
18.1 -0.806624718247561 0.0008406294169076567
18.133333333333333 -0.8469953725350347 0.0008423583104297805
18.166666666666668 -0.8662073323708565 0.0008406217067860045
18.2 -0.8656400133724785 0.0008402181623244909
18.233333333333334 -0.8429508580748099 0.0008406015618235285
18.266666666666666 -0.8008063467069968 0.0008426912154705368
18.3 -0.7369849783857125 0.000841946878844424
18.333333333333332 -0.6543551823278362 0.0008365914475458869
18.366666666666667 -0.556658894941266 0.0008236915541841583
18.4 -0.44143054843159185 0.0007972219552702664
18.433333333333334 -0.31937825528978087 0.0007565656339336702
18.466666666666665 -0.18698232230634218 0.0007018953798635097
18.5 -0.04925338844473511 0.0006279543257335513
18.533333333333335 0.08723859552597843 0.0006517909029171848
18.566666666666666 0.22156886103762669 0.0007181561236986045
18.6 0.34758010641734777 0.0007727837988615316
18.633333333333333 0.46357290800639817 0.0008088295740105167
18.666666666666668 0.5691425988813251 0.0008330187526335298
18.7 0.6588137074405175 0.0008454153488093308
18.733333333333334 0.7310860157469218 0.0008507142468040518
18.766666666666666 0.7853750726612422 0.0008537204961273082
18.8 0.8235650871347291 0.0008573334474660799
18.833333333333332 0.8386027741496965 0.0008563884884171813
18.866666666666667 0.8353584544414299 0.000861107897179969
18.9 0.8108355627962877 0.0008623804395163637
18.933333333333334 0.764081793606737 0.0008619026941952823
18.966666666666665 0.6980111354435269 0.0008536023609990728
19.0 0.6136297488113472 0.0008437946050249279
19.033333333333335 0.5137954527081626 0.000825273641243629
19.066666666666666 0.39975800835586534 0.0007920657464119962
19.1 0.2754046749640574 0.000745211645887367
19.133333333333333 0.14019396234195244 0.0006801520046379184
19.166666666666668 0.007589794605493673 0.0006059277680195013
19.2 -0.12829323059487768 0.0006723119513500908
19.233333333333334 -0.26083030054034084 0.0007330687086026244
19.266666666666666 -0.3822647912118136 0.0007773682675258908
19.3 -0.4966327210945859 0.0008077491685826721
19.333333333333332 -0.5954772405490165 0.0008269425042229939
19.366666666666667 -0.6844478063265144 0.0008371825267714517
19.4 -0.7555090277608093 0.0008401859391125033
19.433333333333334 -0.8073799184025243 0.0008398736076441482
19.466666666666665 -0.8405497207948124 0.0008395818887946271
19.5 -0.853988422758031 0.0008397584941111091
19.533333333333335 -0.8469256784854596 0.0008422184594230053
19.566666666666666 -0.8176122039875396 0.0008427387422981214
19.6 -0.768035428479685 0.0008425808919750866
19.633333333333333 -0.6975556760029233 0.0008413181736199871
19.666666666666668 -0.6145504075648008 0.0008342831765311143
19.7 -0.5119698124025616 0.0008153324160260489
19.733333333333334 -0.3962767399803871 0.0007830898232842887
19.766666666666666 -0.270429095841554 0.0007387149233518131
19.8 -0.1379814961066163 0.0006782211274927452
19.833333333333332 -0.004806027918632857 0.0006049053048989925
19.866666666666667 0.12783254805847272 0.0006739893604776059
19.9 0.2602200848233697 0.0007366534509765099
19.933333333333334 0.3819622815713926 0.0007842784302659056
19.966666666666665 0.4915112016598205 0.000816389387813532
20.0 0.5909889457729578 0.0008366980196619078
20.033333333333335 0.6744084002672079 0.0008477432279454522
20.066666666666666 0.7398327348596865 0.0008543134489764626
20.1 0.786785537276285 0.0008549209957442461
20.133333333333333 0.8163853640917033 0.0008543507232934289
20.166666666666668 0.8262937095187555 0.0008564504964432285
20.2 0.8159816633145399 0.0008574602845309309
20.233333333333334 0.7832052413548097 0.0008574828612823993
20.266666666666666 0.7322386058881147 0.0008588099471397159
20.3 0.6612474056313141 0.0008531856857809661
20.333333333333332 0.5732486191075307 0.0008399261933154101
20.366666666666667 0.4655737367533843 0.0008123641488323452
20.4 0.35100176306652253 0.0007753043747383281
20.433333333333334 0.22349778567070044 0.0007237762420118921
20.466666666666665 0.09097397262253455 0.0006552530049526994
20.5 -0.03837401500551434 0.0006234306221422486
20.533333333333335 -0.17346653878258625 0.0006943477052606395
20.566666666666666 -0.29912526738265066 0.0007488589170078219
20.6 -0.4184697479659356 0.0007871174875153653
20.633333333333333 -0.5285711037927292 0.00081455088394633
20.666666666666668 -0.6219102315087903 0.0008318702945734335
20.7 -0.7006896240413185 0.0008393665628692037
20.733333333333334 -0.7642880581070424 0.0008404154920883533
20.766666666666666 -0.8080151765933737 0.0008420902163769339
20.8 -0.8345499323766639 0.0008404730056551513
20.833333333333332 -0.8399132900691045 0.0008409468106747031
20.866666666666667 -0.8247445045964068 0.0008417991940077307
20.9 -0.7896248515997909 0.0008419230495697594
20.933333333333334 -0.7335211031240896 0.0008429936961412698
20.966666666666665 -0.6586618092020344 0.0008392974084527882
21.0 -0.5679432682540403 0.0008250399396499963
21.033333333333335 -0.46176910606202515 0.0008009526769026665
21.066666666666666 -0.34203562151439726 0.000767536510745126
21.1 -0.21738995498243174 0.0007143263479068296
21.133333333333333 -0.08727585323006588 0.000650918298241987
21.166666666666668 0.04690754294429732 0.0006309861459571145
21.2 0.17603052571715472 0.0006975416183676586
21.233333333333334 0.30315321686332347 0.0007554038919475037
21.266666666666666 0.41771621726882247 0.0007954398584955613
21.3 0.5237716513276097 0.0008256236211034995
21.333333333333332 0.6152251821140404 0.0008397687560883771
21.366666666666667 0.6897606991132117 0.0008514010519552473
21.4 0.7478611771800472 0.0008552410766712315
21.433333333333334 0.7879522084268571 0.0008562520675863272
21.466666666666665 0.8095040530861545 0.0008575238036557797
21.5 0.8102729459732974 0.0008580566909549558
21.533333333333335 0.7921646393060437 0.0008590485315215224
21.566666666666666 0.7512280385739971 0.000858177089243406
21.6 0.693574704799803 0.0008543285230836473
21.633333333333333 0.6141445789132534 0.0008458942784353995
21.666666666666668 0.5202162900080567 0.000828190017540531
21.7 0.41310363401969047 0.000798051813542866
21.733333333333334 0.2941239126022279 0.0007554055770861989
21.766666666666666 0.1650917954161769 0.0006950751125803789
21.8 0.03635700185682109 0.000623123772280014
21.833333333333332 -0.09290203337966355 0.0006541173925415644
21.866666666666667 -0.223296577968722 0.0007181605488831011
21.9 -0.345166192171008 0.0007663608502524455
21.933333333333334 -0.4573259570621598 0.0007999291896569893
21.966666666666665 -0.55933890312747 0.0008215451652658912
22.0 -0.6461004458998585 0.0008320485030445246
22.033333333333335 -0.7178316094874259 0.0008389298846808169
22.066666666666666 -0.7736182255281657 0.0008404822020056102
22.1 -0.8092255242451626 0.0008404380528284072
22.133333333333333 -0.8260358919573234 0.0008428000049253148
22.166666666666668 -0.8226598185358317 0.0008413863994232162
22.2 -0.7983958132328256 0.0008449015095569612
22.233333333333334 -0.7553654072775956 0.000842816264811086
22.266666666666666 -0.6907353487693177 0.000841000508681744
22.3 -0.6100392731144102 0.0008321803565310981
22.333333333333332 -0.5134550476503725 0.0008156735669554438
22.366666666666667 -0.40486411321029314 0.0007867169844446575
22.4 -0.2834477406517123 0.0007445485727207712
22.433333333333334 -0.15630866642476762 0.0006875548375709917
22.466666666666665 -0.02705873078552385 0.0006190411169787954
22.5 0.10189009874645512 0.0006591856331451679
22.533333333333335 0.23152667061132348 0.0007249917196510136
22.566666666666666 0.3503789401022527 0.0007733629203184322
22.6 0.45941809366143227 0.0008079268662460892
22.633333333333333 0.5565481357745546 0.0008301336664517933
22.666666666666668 0.6404398568835876 0.0008454612469561695
22.7 0.7073022184486158 0.0008521107066497002
22.733333333333334 0.75571592114102 0.0008576932642948565
22.766666666666666 0.7867842834420168 0.0008571545689045612
22.8 0.7988842367330338 0.0008570140468050491
22.833333333333332 0.7913948794176925 0.0008570989425382702
22.866666666666667 0.7626612410183476 0.0008583816694675006
22.9 0.7144826966389901 0.0008569411205078259
22.933333333333334 0.6465274846865435 0.0008485357889115308
22.966666666666665 0.5621671719448571 0.0008376835669438032
23.0 0.46571762716508563 0.0008163802221872185
23.033333333333335 0.3523010999224259 0.0007772018812969295
23.066666666666666 0.2295321418703549 0.0007278993947660573
23.1 0.10215014695831412 0.0006612515944272312
23.133333333333333 -0.026128496305135137 0.000616672496712909
23.166666666666668 -0.15268683796496768 0.0006838600675684037
23.2 -0.27689332332795846 0.0007405103158054649
23.233333333333334 -0.3929695072024765 0.0007821301096802014
23.266666666666666 -0.49985350930101574 0.0008109140945050108
23.3 -0.5937559179394811 0.0008251026258782046
23.333333333333332 -0.6726173417006276 0.000835893085793793
23.366666666666667 -0.7360158760861334 0.0008400201310011512
23.4 -0.7813838579856338 0.0008413295485196759
23.433333333333334 -0.8068942972993581 0.0008421067953153782
23.466666666666665 -0.8135798872438389 0.000841490061053829
23.5 -0.8017876184676967 0.0008431298241073915
23.533333333333335 -0.7677775658701708 0.0008430161782408963
23.566666666666666 -0.7142677686353164 0.0008416006615040716
23.6 -0.6414045290575539 0.0008364549473730554
23.633333333333333 -0.5552607317917165 0.0008234369211713721
23.666666666666668 -0.4538918474048127 0.0008004705652480126
23.7 -0.3395266745920585 0.0007650171411667794
23.733333333333334 -0.2156101533605528 0.0007146691629023871
23.766666666666666 -0.08882734354052331 0.0006517431234662613
23.8 0.03866611534279392 0.0006245666608311398
23.833333333333332 0.16316101582990364 0.0006911253446843513
23.866666666666667 0.2871669319787179 0.0007481807649733496
23.9 0.40272929043024924 0.0007887984622030331
23.933333333333334 0.5014891430091474 0.0008186120858221235
23.966666666666665 0.5933171454031401 0.0008377225731721616
24.0 0.6664719089612895 0.0008478413622660108
24.033333333333335 0.7230094585837905 0.0008534432004296821
24.066666666666666 0.762924304607927 0.0008550245345237961
24.1 0.7835962923506083 0.0008574141674400071
24.133333333333333 0.7849359247288159 0.0008579358507287971
24.166666666666668 0.7660757116189074 0.0008574562383707462
24.2 0.7298018758627558 0.0008559326284085511
24.233333333333334 0.6710998345054572 0.0008531773240523233
24.266666666666666 0.5967417631094182 0.0008421436217246336
24.3 0.5054684261353088 0.000822578276028274
24.333333333333332 0.40041630200178585 0.0007927304392767454
24.366666666666667 0.28358729668619237 0.0007491278349101571
24.4 0.16293977391476247 0.0006920168353999612
24.433333333333334 0.0329758551135071 0.0006220567402807145
24.466666666666665 -0.0935183271448392 0.0006533633325731397
24.5 -0.21801831127078736 0.00071405864793056
24.533333333333335 -0.33570660306816136 0.0007612981466773583
24.566666666666666 -0.44534172308722303 0.0007951328188121054
24.6 -0.5439479869102009 0.0008159889866458103
24.633333333333333 -0.6281404789009648 0.0008311395175497616
24.666666666666668 -0.6987058394914368 0.0008376236024515427
24.7 -0.7505753498358595 0.0008412936837363105
24.733333333333334 -0.7846812554491822 0.0008406907242642925
24.766666666666666 -0.7996865843311762 0.0008416426955532019
24.8 -0.7961138995283495 0.0008423815486572339
24.833333333333332 -0.7727930055479236 0.0008425710001058739
24.866666666666667 -0.7294036447534915 0.0008415240841906924
24.9 -0.6672146917534564 0.0008422918451465033
24.933333333333334 -0.586379043553806 0.0008287275587091081
24.966666666666665 -0.4915892388456315 0.000808869338536633
25.0 -0.38428020727163154 0.0007804225820829958
25.033333333333335 -0.2679452385449357 0.0007375094366687818
25.066666666666666 -0.1433609271205867 0.0006799293646205518
25.1 -0.02085498415917874 0.0006135166485529663
25.133333333333333 0.10405567888278809 0.0006612656038771092
25.166666666666668 0.22806946296327768 0.0007219012366721789
25.2 0.3467422822279046 0.0007718560276143704
25.233333333333334 0.4523220283571023 0.0008047623130575388
25.266666666666666 0.5450038786224799 0.0008279442304145457
25.3 0.6248846093066976 0.0008428111672689198
25.333333333333332 0.6902724452790129 0.0008503810110884746
25.366666666666667 0.7364829987540892 0.0008600988165337053
25.4 0.7639714308267707 0.0008562856811236141
25.433333333333334 0.774407814313266 0.000856796049083064
25.466666666666665 0.7638109396791039 0.0008565866339472761
25.5 0.7347241192556244 0.00085551323623001
25.533333333333335 0.6848256332193777 0.0008548063740144718
25.566666666666666 0.6188246987968322 0.0008460728653336691
25.6 0.5345174728421335 0.0008281813536668015
25.633333333333333 0.43902176821302996 0.0008074461146426182
25.666666666666668 0.3296818676360969 0.0007686021937211573
25.7 0.21057916930515824 0.0007154928974985875
25.733333333333334 0.08582900958621002 0.0006514240531259041
25.766666666666666 -0.039197357562820466 0.0006232598224475
25.8 -0.1630621087884977 0.0006895970433760945
25.833333333333332 -0.2820108687254401 0.0007411466750688045
25.866666666666667 -0.3948429739438944 0.0007815542847131596
25.9 -0.4977984509960861 0.0008089613432560316
25.933333333333334 -0.5851471673883806 0.0008236539119764741
25.966666666666665 -0.6594254887469465 0.000833992629419078
26.0 -0.7201057922144777 0.0008394726229702387
26.033333333333335 -0.7611961864171398 0.0008411595508975855
26.066666666666666 -0.7837086636441606 0.0008431235378365542
26.1 -0.7871848447576343 0.0008429939050225155
26.133333333333333 -0.7730379084593267 0.0008437207786902157
26.166666666666668 -0.7372902847492094 0.0008422025413121759
26.2 -0.6835646280284345 0.0008394209508467698
26.233333333333334 -0.6101361543004 0.0008325972574122487
26.266666666666666 -0.5234912686683902 0.0008175327212511796
26.3 -0.42192093370682476 0.0007919753896398207
26.333333333333332 -0.30912195650434565 0.0007528793014521251
26.366666666666667 -0.18808405533840802 0.0007043974508025852
26.4 -0.06767500270237738 0.0006420937236142343
26.433333333333334 0.057025386048226524 0.0006349141535827579
26.466666666666665 0.1804578706374132 0.0007014119548832964
26.5 0.29671542794691275 0.0007521086415663292
26.533333333333335 0.4056637441618121 0.0007908388579739856
26.566666666666666 0.5040944031301844 0.0008187824133230048
26.6 0.5859400744384092 0.0008397299255351598
26.633333333333333 0.6570636172486813 0.0008507336138767752
26.666666666666668 0.7105658137121548 0.0008540410490618378
26.7 0.743581250172427 0.0008561648235831942
26.733333333333334 0.7599919054111703 0.0008569948482407552
26.766666666666666 0.7577614101359541 0.0008566702911542157
26.8 0.7374233014527484 0.0008578749524696949
26.833333333333332 0.6959972765666004 0.0008573401876428299
26.866666666666667 0.6371102664617584 0.0008504915261992041
26.9 0.5602505066080258 0.000835716809564957
26.933333333333334 0.4673141521943824 0.0008139473444383483
26.966666666666665 0.36598562041948884 0.000781577942396583
27.0 0.2500273693432211 0.0007363816990053618
27.033333333333335 0.13150249046089932 0.0006767711413972755
27.066666666666666 0.0064174356671060214 0.000606253269827264
27.1 -0.11512470466882234 0.000665776378103472
27.133333333333333 -0.23506405744190506 0.0007219091947024414
27.166666666666668 -0.34734557750727957 0.0007652428769575614
27.2 -0.4541651310748756 0.0007973234498214188
27.233333333333334 -0.5461284695664572 0.000817333680358634
27.266666666666666 -0.6251266794810669 0.0008298593172411106
27.3 -0.6909016420266404 0.000837796548893821
27.333333333333332 -0.7360476413695677 0.0008404482292542204
27.366666666666667 -0.7660518135872381 0.0008412036912419651
27.4 -0.7766187402503267 0.000842779800749538
27.433333333333334 -0.7682203331077413 0.0008427661626910776
27.466666666666665 -0.7414035958486453 0.0008432892448043683
27.5 -0.6941017551226477 0.00084313042467421
27.533333333333335 -0.6289139235037767 0.0008345178478613713
27.566666666666666 -0.5444622444774466 0.0008209615547845051
27.6 -0.4517674401891862 0.0007999045502016799
27.633333333333333 -0.3443958434950774 0.0007656027405555377
27.666666666666668 -0.23089713766488348 0.0007218086564810544
27.7 -0.10679823149338392 0.0006614015397548995
27.733333333333334 0.013035302560563613 0.000610774604803084
27.766666666666666 0.13665437304569858 0.0006785744620086132
27.8 0.2536783887912618 0.0007340035719691218
27.833333333333332 0.3644490565252428 0.0007779448572911019
27.866666666666667 0.46364577605173174 0.0008083199291181731
27.9 0.5522091055641107 0.0008307639269216072
27.933333333333334 0.6261397499263431 0.0008427549494841591
27.966666666666665 0.6825146654241058 0.0008500538471238883
28.0 0.7238746068062352 0.0008519548591536807
28.033333333333335 0.7451502716650487 0.0008553240414173047
28.066666666666666 0.7484234312516582 0.0008563498339635434
28.1 0.7344140915635752 0.0008560944626198053
28.133333333333333 0.7005595817504043 0.0008532854376329668
28.166666666666668 0.6488632294480351 0.0008498957739226931
28.2 0.5798300225350727 0.0008391493712895937
28.233333333333334 0.490466805374518 0.0008194272066003871
28.266666666666666 0.3934348356706244 0.0007925752196853431
28.3 0.28364476943321143 0.0007511370617926394
28.333333333333332 0.16760697461182822 0.0006966203506678093
28.366666666666667 0.04519195928391334 0.0006289342559302399
28.4 -0.07534693312429569 0.0006438637335340475
28.433333333333334 -0.19545942108743575 0.0007064765449224797
28.466666666666665 -0.3073741972970572 0.0007520420427388208
28.5 -0.4150794162760327 0.0007854956246245437
28.533333333333335 -0.509916623779481 0.0008111325944325509
28.566666666666666 -0.5950173487494925 0.0008263787058828687
28.6 -0.6618382699274046 0.0008338331314540204
28.633333333333333 -0.7145643364806089 0.0008385495761175088
28.666666666666668 -0.7475757860439951 0.0008408986535268781
28.7 -0.7635380751433561 0.0008420179036744413
28.733333333333334 -0.7614436190403284 0.0008430022236246559
28.766666666666666 -0.7397094630877631 0.0008431948462745975
28.8 -0.6984422637431683 0.000840925322658892
28.833333333333332 -0.640235638583785 0.000835231847104656
28.866666666666667 -0.5664509428692671 0.0008255910669022759
28.9 -0.4734080612777043 0.0008049773689584594
28.933333333333334 -0.37228987841798344 0.0007768010879244946
28.966666666666665 -0.25982987810632624 0.0007338119355537187
29.0 -0.14443648085365354 0.0006816819625466153
29.033333333333335 -0.022164491033423706 0.0006154939807588092
29.066666666666666 0.09809061547824242 0.0006584867254437188
29.1 0.2163533076314034 0.000717174886550126
29.133333333333333 0.32695246612538226 0.0007650951311723442
29.166666666666668 0.42586404202181477 0.0007960923329457525
29.2 0.5172643974303317 0.0008210436105758889
29.233333333333334 0.5958367483150053 0.0008379019965805146
29.266666666666666 0.6567013385196913 0.0008462329692807691
29.3 0.7020095163109998 0.0008511517388359868
29.333333333333332 0.7296063640317073 0.0008531529064121912
29.366666666666667 0.738277717458918 0.0008549242876140228
29.4 0.7286630866786837 0.0008591813086141764
29.433333333333334 0.7021130283756145 0.0008545382844451499
29.466666666666665 0.6541300514999469 0.0008524008362827962
29.5 0.5906226717465733 0.000843846675257276
29.533333333333335 0.5101954162518684 0.0008258788150704577
29.566666666666666 0.4154096986849093 0.0007983203402485706
29.6 0.30933849116137 0.0007609341817704784
29.633333333333333 0.1967936907436632 0.0007092251637887403
29.666666666666668 0.07802360920714016 0.0006495819654503826
29.7 -0.039250050504732265 0.0006255692657430659
29.733333333333334 -0.15971545882810328 0.0006897468204099255
29.766666666666666 -0.2743813670688351 0.0007394206931082836
29.8 -0.38083538369859815 0.0007759951957181932
29.833333333333332 -0.47748542170313085 0.0008073143785624071
29.866666666666667 -0.5626696534788096 0.0008237784715366958
29.9 -0.6370958387989138 0.0008351938718382801
29.933333333333334 -0.6901375517258685 0.000837046367219263
29.966666666666665 -0.728406006783391 0.0008402945806813555
30.0 -0.7491088177997918 0.0008418237801786077
30.033333333333335 -0.7520450769167677 0.0008433068361411999
30.066666666666666 -0.7354817765188182 0.0008421064696183533
30.1 -0.7002341806955015 0.0008414494019801655
30.133333333333333 -0.6474968536071524 0.0008374222006218845
30.166666666666668 -0.5777446514679297 0.0008298979691546693
30.2 -0.49205673557326635 0.0008117315537755077
30.233333333333334 -0.3933588974094811 0.0007835142190861233
30.266666666666666 -0.28464249983249557 0.0007426425872033016
30.3 -0.16875715791059914 0.0006927277000007281
30.333333333333332 -0.050233617770703475 0.0006313159412192418
30.366666666666667 0.06649435809899887 0.0006426766443789478
30.4 0.18374423198478618 0.0007014582823691162
30.433333333333334 0.29621857240833066 0.0007471015269816528
30.466666666666665 0.39710490864586445 0.0007884956738589688
30.5 0.4893375491257356 0.0008162616908367615
30.533333333333335 0.5685303479670687 0.0008321019484567316
30.566666666666666 0.6332477769116407 0.0008430409442456988
30.6 0.682811606443286 0.0008495549633448229
30.633333333333333 0.7143381509915719 0.0008556701172318659
30.666666666666668 0.7259766028335427 0.000854902088124887
30.7 0.7219925424255872 0.0008558206254956069
30.733333333333334 0.6988135192499114 0.0008536023413918681
30.766666666666666 0.657397736856699 0.0008507796129904044
30.8 0.5982279697041789 0.0008418519487557452
30.833333333333332 0.5219094503134231 0.000826564000913188
30.866666666666667 0.4362296502757765 0.0008056882738377569
30.9 0.33046977186067944 0.0007697073155858991
30.933333333333334 0.22180802055917023 0.0007223399698536304
30.966666666666665 0.10325152108302668 0.0006603794053825773
31.0 -0.013634753612863362 0.0006094138686299801
31.033333333333335 -0.1297544194505837 0.0006712216544897398
31.066666666666666 -0.24676126095972814 0.000726487796606945
31.1 -0.35244596615219703 0.000766235234211432
31.133333333333333 -0.4502353479316229 0.0007970729579971358
31.166666666666668 -0.5359044831469107 0.0008159101945237612
31.2 -0.6108958502806671 0.000829681828107387
31.233333333333334 -0.6699211910011931 0.0008361999985355695
31.266666666666666 -0.7116012607081297 0.0008393402001429795
31.3 -0.7363351233835467 0.0008414914498913184
31.333333333333332 -0.7428467528256917 0.0008421047730767794
31.366666666666667 -0.7304033322747067 0.000841737136850429
31.4 -0.6996515918643409 0.0008409906999546912
31.433333333333334 -0.6517042511878918 0.0008376198093125176
31.466666666666665 -0.5864516469053818 0.0008267150602084827
31.5 -0.5058877894559033 0.0008124219587790638
31.533333333333335 -0.40939940882751263 0.00078805334261417
31.566666666666666 -0.30385995147500117 0.0007511416993223885
31.6 -0.19189400787868308 0.0007037897281379213
31.633333333333333 -0.07657300548866201 0.0006448860209618823
31.666666666666668 0.04183784620938331 0.0006265981015419683
31.7 0.1552155276242342 0.0006856997838977086
31.733333333333334 0.2682961189597873 0.0007408118794026142
31.766666666666666 0.3722691537460986 0.0007784416250084525
31.8 0.464270233151548 0.0008085925956234918
31.833333333333332 0.5457570530146082 0.0008322728293387316
31.866666666666667 0.6126255174226902 0.0008402008603712874
31.9 0.6653890356359864 0.0008479542095268799
31.933333333333334 0.6978090944539547 0.0008520420629026804
31.966666666666665 0.7142910989097567 0.00085496734677315
32.0 0.7136349739965675 0.0008544073990145451
32.03333333333333 0.6940889815037963 0.000854365840099125
32.06666666666667 0.6553842799688202 0.0008518111630865244
32.1 0.6031840734963798 0.00084138010172774
32.13333333333333 0.5322272844802841 0.0008289281630581291
32.166666666666664 0.446302670661476 0.0008068393915969252
32.2 0.3462310408959993 0.0007761643781771799
32.233333333333334 0.2402298553394501 0.0007290871489696316
32.266666666666666 0.12556674083614475 0.0006736871647750886
32.3 0.008375911344272513 0.0006064348320074364
32.333333333333336 -0.10855051185653879 0.0006615127551515693
32.36666666666667 -0.2208161366937453 0.0007114281745734807
32.4 -0.327470398569639 0.0007578828478815303
32.43333333333333 -0.4263383902710049 0.0007900349686938979
32.46666666666667 -0.5153392601841238 0.0008155928561912607
32.5 -0.5907223699871313 0.0008255294345409503
32.53333333333333 -0.6495216997594401 0.0008357218470982364
32.56666666666667 -0.6955972884827148 0.0008398579241388759
32.6 -0.7222328304798067 0.0008402815458277146
32.63333333333333 -0.7320057434416019 0.0008416480858858266
32.666666666666664 -0.7230349368845632 0.0008416222994753753
32.7 -0.6963851004696895 0.0008414353691094112
32.733333333333334 -0.6524531702660887 0.000836118113283546
32.766666666666666 -0.5884865551939885 0.0008266808862272823
32.8 -0.512524234964349 0.000813661901346352
32.833333333333336 -0.4234727584221732 0.0007919535688227786
32.86666666666667 -0.3202551894948534 0.0007576575893899484
32.9 -0.2066550937706338 0.0007111051147215275
32.93333333333333 -0.09403102612424565 0.0006548973602253927
32.96666666666667 0.018920436187208307 0.0006125480342395913
33.0 0.1371175077870098 0.0006804607831469855
33.03333333333333 0.24613964001868138 0.0007303382874679076
33.06666666666667 0.348181690744789 0.0007711960163233611
33.1 0.4419505043414876 0.0008015754357610372
33.13333333333333 0.5246490169720465 0.0008233445444246756
33.166666666666664 0.5937100660138064 0.0008368696662414132
33.2 0.6462794470195625 0.0008462456578501865
33.233333333333334 0.6827980058702606 0.0008503094376401954
33.266666666666666 0.7025469942914495 0.0008516220558999477
33.3 0.7036520349900341 0.0008527501520044778
33.333333333333336 0.6878444808933385 0.0008538840751831644
33.36666666666667 0.6523950232947068 0.0008507688856789208
33.4 0.6027279311751164 0.0008422621444569289
33.43333333333333 0.5356364225273857 0.0008287632907046927
33.46666666666667 0.4517315771931122 0.0008100742201162525
33.5 0.35826753378412957 0.0007787098622073496
33.53333333333333 0.2507180290843782 0.0007354418531858586
33.56666666666667 0.14407171924445422 0.0006828670739489895
33.6 0.025035323712172628 0.0006168648447726459
33.63333333333333 -0.08777831457821701 0.0006501136614378011
33.666666666666664 -0.20123287198232664 0.0007073157623041781
33.7 -0.3097424515154303 0.0007531889742196096
33.733333333333334 -0.4053994501605475 0.0007835420851364794
33.766666666666666 -0.49533520962295885 0.000806924842172374
33.8 -0.5708649050517899 0.0008233236287765733
33.833333333333336 -0.6322959212990238 0.0008327333681571458
33.86666666666667 -0.6792336982269247 0.0008370155932330148
33.9 -0.7093563303353915 0.0008401160065740765
33.93333333333333 -0.7209160373970467 0.0008412683085741168
33.96666666666667 -0.7145204667387124 0.0008417953241762755
34.0 -0.6907371972166357 0.0008412246340206986
34.03333333333333 -0.6470194305136219 0.0008373842425892786
34.06666666666667 -0.5902994985200652 0.0008294924514573587
34.1 -0.5154736749385841 0.0008169874410157707
34.13333333333333 -0.42815322921541665 0.0007935522373930803
34.166666666666664 -0.33157980984277347 0.0007613957033668073
34.2 -0.22268520002174685 0.0007170121986340705
34.233333333333334 -0.10863515507592783 0.0006620697326626401
34.266666666666666 0.004825735106457373 0.0006046848168939304
34.3 0.11768087705819043 0.0006682269126249973
34.333333333333336 0.22794858715580607 0.0007209153302594473
34.36666666666667 0.33060614333250266 0.000766040455477679
34.4 0.42342897463862184 0.0007965159495810226
34.43333333333333 0.508018112766632 0.0008197076427278738
34.46666666666667 0.5775797789594986 0.0008347516878631778
34.5 0.6319377020220985 0.0008437906144160845
34.53333333333333 0.6690583585622617 0.0008474291199034312
34.56666666666667 0.6902453991620721 0.0008515160397689625
34.6 0.6942243140785117 0.0008536060168710113
34.63333333333333 0.6802476063126894 0.0008527327589245015
34.666666666666664 0.6488156603505343 0.0008492300961470134
34.7 0.5999426380833094 0.0008425831404865747
34.733333333333334 0.5333334838580943 0.0008288373684061101
34.766666666666666 0.4568131122477384 0.0008101785719498156
34.8 0.3626228626283911 0.0007808803612316395
34.833333333333336 0.2600886705674322 0.0007396905851325131
34.86666666666667 0.15172782089535308 0.0006869714947404515
34.9 0.039164701181494635 0.0006251662162310434
34.93333333333333 -0.07508426701427864 0.0006447763146619073
34.96666666666667 -0.186628436483977 0.0007000231857009487
35.0 -0.29301114483485485 0.0007460055237915042
35.03333333333333 -0.39048499631009637 0.0007795383643761089
35.06666666666667 -0.4789571782880443 0.0008046256095283755
35.1 -0.554798034716124 0.0008201609992646297
35.13333333333333 -0.6186796463513159 0.0008327093445608114
35.166666666666664 -0.6644568245139216 0.0008348369280404278
35.2 -0.6963709654890395 0.000838390039148651
35.233333333333334 -0.7103320415395427 0.0008412583102247462
35.266666666666666 -0.7059623411402535 0.0008399233992497646
35.3 -0.6844038425831375 0.0008393714366022875
35.333333333333336 -0.644333076791727 0.0008363348983611019
35.36666666666667 -0.5884349571808796 0.0008271026338759757
35.4 -0.5157031119469544 0.0008137220907081799
35.43333333333333 -0.4296507773500352 0.0007953020828693758
35.46666666666667 -0.3339982450602393 0.0007624663324570236
35.5 -0.23302438210561444 0.000727818523817314
35.53333333333333 -0.12020546705617989 0.000668226176180467
35.56666666666667 -0.006475565109289169 0.0006057646356323219
35.6 0.10576451983624365 0.0006624011343210195
35.63333333333333 0.2163179989656038 0.0007193501287460213
35.666666666666664 0.31690096226921505 0.0007582384488389327
35.7 0.413829338006291 0.0007933043314252153
35.733333333333334 0.49133410539270334 0.0008164429826857389
35.766666666666666 0.5626148056892849 0.0008334454458858165
35.8 0.6165140014886028 0.0008424035048582024
35.833333333333336 0.6563881672502875 0.0008481783576332891
35.86666666666667 0.6794553280027488 0.0008504143197189951
35.9 0.6847373831777578 0.0008519190710514213
35.93333333333333 0.6728330618121746 0.0008510163122588121
35.96666666666667 0.6430783507216035 0.0008489641697373429
36.0 0.5963125009828185 0.00084172545925143
36.03333333333333 0.5313772221373808 0.0008271765566330025
36.06666666666667 0.4531498353047819 0.0008092993908362378
36.1 0.36776669585357086 0.0007840695322288149
36.13333333333333 0.2657394072818848 0.0007420859891609788
36.166666666666664 0.16043135033366682 0.0006907410324652474
36.2 0.046374182662636966 0.0006304675428020559
36.233333333333334 -0.06499143507568694 0.0006382867091100919
36.266666666666666 -0.17555814638002645 0.0006949610865263078
36.3 -0.2809807399108117 0.0007395931477655049
36.333333333333336 -0.37672674060026323 0.0007750778219465237
36.36666666666667 -0.46570190199153416 0.000800306756653546
36.4 -0.5420995693476842 0.0008185083820712036
36.43333333333333 -0.6059828103140857 0.0008300661719309321
36.46666666666667 -0.6526014051636916 0.0008346518520184754
36.5 -0.6847167456109067 0.0008387221431419567
36.53333333333333 -0.6996999216282466 0.000841214182491834
36.56666666666667 -0.6973459807221868 0.000843509015504118
36.6 -0.6766413617463751 0.0008399265397953659
36.63333333333333 -0.6386663161729981 0.0008348196192029533
36.666666666666664 -0.5846558404820175 0.0008271235821193379
36.7 -0.5134404898173223 0.0008131863959133234
36.733333333333334 -0.4292391574642906 0.0007929649710680109
36.766666666666666 -0.3366395411004496 0.0007639128427788799
36.8 -0.23566413175793408 0.0007243284886294665
36.833333333333336 -0.12460894258029934 0.0006699891346398923
36.86666666666667 -0.012713615831688127 0.0006091934115457394
36.9 0.09878807707561604 0.0006574801577687722
36.93333333333333 0.2073353469706403 0.0007134937947879949
36.96666666666667 0.3072598906188882 0.0007587823207296784
37.0 0.40128407931338533 0.0007894966743734466
37.03333333333333 0.4824367178848676 0.0008117241578138867
37.06666666666667 0.5521684338347619 0.0008293941350617784
37.1 0.605889907699247 0.0008395525362638878
37.13333333333333 0.646096300202662 0.0008466320616350442
37.166666666666664 0.6693314812611879 0.0008491970715557295
37.2 0.6755116357217044 0.0008507997962317049
37.233333333333334 0.663664455863608 0.000849920957481598
37.266666666666666 0.6348657403870421 0.0008469480404907914
37.3 0.590044760517427 0.0008398960401192479
37.333333333333336 0.5280154705766632 0.0008303900087536231
37.36666666666667 0.45387424924615744 0.0008104530945120536
37.4 0.363335074727427 0.000784558239892208
37.43333333333333 0.2675099394519693 0.0007461263214401104
37.46666666666667 0.16175875126187558 0.0006913209034080936
37.5 0.05093475154332607 0.0006308820757446806
37.53333333333333 -0.0600688186451427 0.0006359651940940278
37.56666666666667 -0.16867531394248092 0.0006917148026160669
37.6 -0.27265185545732484 0.0007376366502132581
37.63333333333333 -0.3707750174645036 0.0007721853803398515
37.666666666666664 -0.4570622975384253 0.000798045845284534
37.7 -0.5337762342235769 0.0008157351825797132
37.733333333333334 -0.5958541336570252 0.0008265867736364507
37.766666666666666 -0.6433284301161558 0.0008345971177964318
37.8 -0.6739947266430321 0.0008372724129227516
37.833333333333336 -0.6897647917216821 0.0008417071752269134
37.86666666666667 -0.68778363799522 0.0008420672352240643
37.9 -0.6684565942686113 0.0008377279370338497
37.93333333333333 -0.6292736895048698 0.0008336806950358655
37.96666666666667 -0.5776976029925223 0.0008265422061610739
38.0 -0.5092934477854361 0.0008128750437474963
38.03333333333333 -0.42697227176541225 0.000792561161858274
38.06666666666667 -0.3371175822289876 0.0007654179251326831
38.1 -0.23328838992219525 0.0007211865119824412
38.13333333333333 -0.1276618474670398 0.0006735428691413137
38.166666666666664 -0.0180499307630686 0.000613214187204697
38.2 0.09199318063402159 0.0006571566797057143
38.233333333333334 0.2018950970387881 0.0007102503178081643
38.266666666666666 0.30242971170021626 0.0007533186903181388
38.3 0.3929603460463997 0.0007846659126909961
38.333333333333336 0.47393180635356774 0.0008118149445626166
38.36666666666667 0.5426337512948939 0.0008261443447726835
38.4 0.5978193429112495 0.0008383544535917054
38.43333333333333 0.6369239589220662 0.0008448311715778534
38.46666666666667 0.6589573767739676 0.0008491820256952831
38.5 0.665634590622502 0.000849743495008437
38.53333333333333 0.6546066791202964 0.0008484660796919119
38.56666666666667 0.6259712561993078 0.0008461365314665903
38.6 0.5801707177299739 0.0008386799786042065
38.63333333333333 0.5205205237722521 0.0008268243667357567
38.666666666666664 0.4470398682347066 0.0008084713993200543
38.7 0.3598166084718946 0.0007782057772434681
38.733333333333334 0.26337750244808145 0.0007437495914314751
38.766666666666666 0.16007432449099002 0.0006903698013543125
38.8 0.05279906790312087 0.0006316951385301195
38.833333333333336 -0.05388377276235612 0.0006320662226000848
38.86666666666667 -0.16503057757236222 0.0006902074011778114
38.9 -0.2694367037458393 0.0007345884875498143
38.93333333333333 -0.3644254958041672 0.0007701348711666722
38.96666666666667 -0.45069325557852413 0.0007967204032496844
39.0 -0.5246166634666265 0.0008151331964486586
39.03333333333333 -0.5867063779873426 0.0008267279554329265
39.06666666666667 -0.6349138600230241 0.0008324637854989492
39.1 -0.6652002027999899 0.0008366145675325898
39.13333333333333 -0.6805302316214442 0.0008381970659943061
39.166666666666664 -0.6784318604502142 0.000839485046922217
39.2 -0.6588093312228528 0.0008387113196619556
39.233333333333334 -0.6212912094959147 0.0008328677844990917
39.266666666666666 -0.5703625497985487 0.0008253144903337395
39.3 -0.5015129597168002 0.0008111198072751069
39.333333333333336 -0.4224781039642624 0.0007910628085729399
39.36666666666667 -0.32922986350501354 0.0007601126360159416
39.4 -0.23028581881949786 0.0007202143111211257
39.43333333333333 -0.12370446321596236 0.0006701970878873476
39.46666666666667 -0.017245707739159004 0.000613306248421909
39.5 0.09208705017409674 0.000655078995418501
39.53333333333333 0.19718958127736005 0.0007085671563739904
39.56666666666667 0.2984598333425389 0.0007536709573171541
39.6 0.38864341634257826 0.0007847411223653178
39.63333333333333 0.4661580578773228 0.0008080757006210249
39.666666666666664 0.5345628329324256 0.0008271170403361117
39.7 0.5897029184481107 0.0008382587417808951
39.733333333333334 0.6276649555093251 0.0008440325769397683
39.766666666666666 0.6501677990902244 0.0008489939967961657
39.8 0.6561507944315472 0.0008487711333999837
39.833333333333336 0.6455940921522134 0.0008481277565648426
39.86666666666667 0.6187509096287185 0.0008435002472473307
39.9 0.572495130893071 0.0008360734032271111
39.93333333333333 0.5143019105988743 0.0008247915742876089
39.96666666666667 0.4387783437724071 0.0008028672017219018
40.0 0.35356637853054623 0.000778187891825155
40.03333333333333 0.25784713515015156 0.0007407141973870823
40.06666666666667 0.15684137105506257 0.0006913564777331072
40.1 0.05032255169548751 0.0006326483206895162
40.13333333333333 -0.05845282273780485 0.0006370072314855757
40.166666666666664 -0.16449123307520197 0.0006908569978805457
40.2 -0.265825161150129 0.0007344445280695333
40.233333333333334 -0.36117560818525773 0.0007700190253650541
40.266666666666666 -0.4471517440277768 0.0007962850972089153
40.3 -0.5193457064766642 0.0008133321227553614
40.333333333333336 -0.5814986767594225 0.0008264636848014373
40.36666666666667 -0.6262394309972905 0.0008317126495516192
40.4 -0.6572343573697643 0.0008358256130683861
40.43333333333333 -0.6713312511813567 0.0008366803350439156
40.46666666666667 -0.6683077891519796 0.0008375057850656953
40.5 -0.6492783222341023 0.0008386477526516334
40.53333333333333 -0.6125347341214781 0.0008311114198559233
40.56666666666667 -0.5580866113483522 0.000823217534539733
40.6 -0.49164577106266566 0.0008106830308903801
40.63333333333333 -0.4139037287538491 0.0007904544872067709
40.666666666666664 -0.3218189225566171 0.0007583381872336425
40.7 -0.22237851684060936 0.0007175711241402816
40.733333333333334 -0.11897864025266729 0.0006691803928263323
40.766666666666666 -0.009633630131314849 0.0006070822069380866
40.8 0.09470189695455676 0.0006560950256935122
40.833333333333336 0.19628552229646679 0.0007076837559528426
40.86666666666667 0.2960916214470539 0.0007505023790326804
40.9 0.3865591223824059 0.0007846961891671
40.93333333333333 0.4648610758677114 0.000808576041318454
40.96666666666667 0.5309629068648407 0.0008257831614759681
41.0 0.5843929501412287 0.0008360630785018142
41.03333333333333 0.6208327197887648 0.0008429269236268633
41.06666666666667 0.641199266899732 0.0008462886671145586
41.1 0.646698208401094 0.0008497990551152856
41.13333333333333 0.6349803774638578 0.0008479479364819076
41.166666666666664 0.6081057855640098 0.0008446663649566144
41.2 0.5619901410208558 0.0008365412076516421
41.233333333333334 0.5022837326915326 0.000821427182655432
41.266666666666666 0.42874268618876316 0.0008020278117666368
41.3 0.34267824100872873 0.0007727045140173971
41.333333333333336 0.24906457512471175 0.0007349364815117942
41.36666666666667 0.148345900791629 0.0006861730138362776
41.4 0.04335259244888815 0.0006282079100144861
41.43333333333333 -0.06243788591862495 0.0006376166868022476
41.46666666666667 -0.16906742942533742 0.0006923109117773218
41.5 -0.26587629368629834 0.0007359479967771754
41.53333333333333 -0.3603425547093771 0.0007691660873691553
41.56666666666667 -0.4450604167528377 0.0007950585120647946
41.6 -0.517058860417143 0.0008120624974784496
41.63333333333333 -0.5759421881077728 0.0008236778029514502
41.666666666666664 -0.6210786242783168 0.0008314661378732158
41.7 -0.6496462535835504 0.00083505720346011
41.733333333333334 -0.6626864682740135 0.0008371940104571207
41.766666666666666 -0.6584384957476634 0.0008370299734570263
41.8 -0.6392368347401061 0.0008359454110630216
41.833333333333336 -0.6018843270275795 0.0008303037794589185
41.86666666666667 -0.5486251615497211 0.0008242116982196679
41.9 -0.4801208239952342 0.0008063203416764364
41.93333333333333 -0.40200590093585775 0.0007864882434377996
41.96666666666667 -0.31076616710113225 0.0007546723203306072
42.0 -0.21393131045859573 0.0007135136646146678
