0.0 -0.1822848990070592 0.0007020785635927507
0.03333333333333333 -0.10319483214550294 0.0006622399615884011
0.06666666666666667 -0.02060027847424691 0.0006147442783877057
0.1 0.06251472925316512 0.0006378873497814991
0.13333333333333333 0.14378562292139524 0.0006818518446868038
0.16666666666666666 0.22270292827655983 0.0007245358697017257
0.2 0.2935177160291059 0.0007512690802907729
0.23333333333333334 0.3580502683035772 0.0007759959751335588
0.26666666666666666 0.4122729387601662 0.0007927217480870885
0.3 0.454353196604645 0.0008052009657327774
0.3333333333333333 0.4876648774199474 0.0008142706845625236
0.36666666666666664 0.5038725177524819 0.0008208680386110334
0.4 0.5109185655828102 0.0008225861494511877
0.43333333333333335 0.5035784029407083 0.0008215682395171786
0.4666666666666667 0.48304144790673664 0.0008183341752421303
0.5 0.44918065679472685 0.0008083864756557313
0.5333333333333333 0.40205060515753466 0.0007953950111585506
0.5666666666666667 0.3451116354617385 0.0007753046908184902
0.6 0.27922016585301856 0.0007483164396120401
0.6333333333333333 0.20790087158367565 0.0007177898020721829
0.6666666666666666 0.13021613756475026 0.0006760695358559443
0.7 0.044890920466794076 0.0006310786939843424
0.7333333333333333 -0.03806744818925953 0.0006263030273484585
0.7666666666666667 -0.11887656754967982 0.0006690075464813316
0.8 -0.19685637753516613 0.000707163778214448
0.8333333333333334 -0.2687561119685784 0.0007384972841880111
0.8666666666666667 -0.33719514979793414 0.0007634825000510936
0.9 -0.39571147494622205 0.0007846422249372931
0.9333333333333333 -0.4417716875179038 0.0007982336194488071
0.9666666666666667 -0.47614666030538705 0.0008078561621855385
1.0 -0.4961705389659451 0.0008129164080486473
1.0333333333333334 -0.5067226883332847 0.0008147493773087433
1.0666666666666667 -0.5024250648788527 0.0008142089746262515
1.1 -0.4844608609911223 0.0008093779053419126
1.1333333333333333 -0.45459030878928675 0.0008027135877977098
1.1666666666666667 -0.41108816592627406 0.0007908279482256586
1.2 -0.3565398363075928 0.0007737408434204118
1.2333333333333334 -0.2920565207679691 0.0007486334174585108
1.2666666666666666 -0.22233967860259338 0.0007201017975682067
1.3 -0.14431702550604686 0.0006829799881658549
1.3333333333333333 -0.0632575763273972 0.0006414324924163967
1.3666666666666667 0.01929545029784147 0.0006144569977904711
1.4 0.09822255019044784 0.0006599540668830728
1.4333333333333333 0.18037702544855133 0.0007007963953739316
1.4666666666666666 0.25421428656518963 0.0007345612352563369
1.5 0.3211629002865641 0.0007637639891736603
1.5333333333333334 0.379403759837885 0.0007846399131155035
1.5666666666666667 0.429041959253483 0.0007978118440106208
1.6 0.4669867061231118 0.0008115837122474323
1.6333333333333333 0.4904468532083561 0.0008193839815908155
1.6666666666666667 0.5032099490300238 0.0008217917314745637
1.7 0.5025873241034922 0.0008220512202328223
1.7333333333333334 0.48847909778898296 0.0008163696799854958
1.7666666666666666 0.4621794369549289 0.0008123493712986485
1.8 0.42248794479617086 0.0008007080056786076
1.8333333333333333 0.37307425993344046 0.0007848228103620736
1.8666666666666667 0.31045276187333354 0.0007586552465179697
1.9 0.2419070077041726 0.0007307641018194366
1.9333333333333333 0.16681766988987448 0.000695911108215097
1.9666666666666666 0.08412432782196962 0.0006512556287920079
2.0 0.0029066117061160826 0.0006038664268564996
2.033333333333333 -0.07615047661258037 0.0006465240217414375
2.066666666666667 -0.1551263416987808 0.0006875599027762747
2.1 -0.22974570379938664 0.0007224535192081882
2.1333333333333333 -0.3025393403748889 0.0007530169534913367
2.1666666666666665 -0.36253690926624577 0.0007741620668429983
2.2 -0.4134330551636402 0.0007904262984496646
2.2333333333333334 -0.45431752816877713 0.0008017869752609541
2.2666666666666666 -0.48287886410735725 0.0008090650808882938
2.3 -0.49797838218688306 0.0008133431040286965
2.3333333333333335 -0.5000125488039541 0.0008142463164554359
2.3666666666666667 -0.4898813139731325 0.0008122055889157598
2.4 -0.46613678448137297 0.0008067379959418308
2.433333333333333 -0.430400569868715 0.0007963151734000085
2.466666666666667 -0.3851382135176486 0.0007838524891478627
2.5 -0.32628641133086883 0.0007634481748825528
2.533333333333333 -0.25707169985119355 0.0007349954451685292
2.566666666666667 -0.18132986224978578 0.0007006006423945221
2.6 -0.10460225095585561 0.0006636434638840338
2.6333333333333333 -0.019965562106810806 0.0006153777535216204
2.6666666666666665 0.060039489059594234 0.0006370367048689832
2.7 0.14209818662622256 0.0006828061710075217
2.7333333333333334 0.21361659078097003 0.0007185138565170557
2.7666666666666666 0.28694305444366724 0.0007485646400036683
2.8 0.34607635988338264 0.0007716929654797422
2.8333333333333335 0.40110148693605624 0.0007906294031047589
2.8666666666666667 0.4448467187653364 0.0008036918242279034
2.9 0.4740206552705175 0.0008114483413394491
2.933333333333333 0.4898022230348897 0.0008174429833591734
2.966666666666667 0.4973668583775205 0.0008197378989912574
3.0 0.489824901029913 0.0008185073081293237
3.033333333333333 0.4698988630158417 0.0008139092281919114
3.066666666666667 0.43709829272520584 0.000804350242264884
3.1 0.39300321858576254 0.0007903632580574249
3.1333333333333333 0.3385977583297138 0.0007704839649970707
3.1666666666666665 0.2740663779515598 0.0007468912424962726
3.2 0.20277009470940574 0.000710991893518087
3.2333333333333334 0.1232294061524812 0.0006770741725196233
3.2666666666666666 0.04538097370833573 0.0006286008111104566
3.3 -0.03766986953664513 0.0006253966700219687
3.3333333333333335 -0.11626503871064432 0.0006676938894032564
3.3666666666666667 -0.19447096185159532 0.0007061264501594666
3.4 -0.2648787757702221 0.0007370428775773097
3.433333333333333 -0.33021450636067506 0.000762028634043399
3.466666666666667 -0.3843382750437647 0.0007796114813902744
3.5 -0.43037529779163175 0.0007941321508662114
3.533333333333333 -0.4652522142681147 0.0008046325476075977
3.566666666666667 -0.4892107755367406 0.0008143395963832734
3.6 -0.4967650698923153 0.0008131681518971368
3.6333333333333333 -0.49203878964462733 0.0008136021513285852
3.6666666666666665 -0.47444172048185324 0.0008080431347538553
3.7 -0.44384334427119476 0.0008005187439962258
3.7333333333333334 -0.40269571716033814 0.0007870839413701702
3.7666666666666666 -0.3488130058064221 0.0007714027167309845
3.8 -0.2869904437170141 0.0007485160558281523
3.8333333333333335 -0.21479838123545494 0.000716702334933178
3.8666666666666667 -0.13948610997929886 0.0006798495922027692
3.9 -0.056919594890673664 0.0006350024167664989
3.933333333333333 0.020077557602868095 0.0006135894479371816
3.966666666666667 0.1033075841351365 0.0006622234583224806
4.0 0.17868897258039915 0.0007015295582462056
4.033333333333333 0.2512634710361442 0.0007332545951351799
4.066666666666666 0.31654012201465537 0.000759296831393752
4.1 0.3745177298133875 0.0007816198380389272
4.133333333333334 0.4208786384399703 0.0007965656449992475
4.166666666666667 0.45695602941501656 0.0008069359306180912
4.2 0.4811678704233504 0.000813881036616726
4.233333333333333 0.49202610762143856 0.0008161082859341473
4.266666666666667 0.4912002343688101 0.0008207637702829507
4.3 0.47692085064731277 0.0008153625226892114
4.333333333333333 0.4489347586024993 0.0008091912964622305
4.366666666666666 0.41188782803781726 0.0007983082873538883
4.4 0.3625071180526808 0.0007816971676654072
4.433333333333334 0.3007312390171136 0.0007579224065039081
4.466666666666667 0.23386347802997076 0.0007260733347495552
4.5 0.16162246592704918 0.000695373471257893
4.533333333333333 0.08137115438211902 0.0006511659559492039
4.566666666666666 0.002985573505837126 0.0006030677451506175
4.6 -0.0804458406901445 0.0006480744067984129
4.633333333333334 -0.15899826577576529 0.0006900129146846512
4.666666666666667 -0.2301387690515173 0.0007219806782531868
4.7 -0.29765883656325703 0.0007501780965887828
4.733333333333333 -0.35583613982825946 0.0007717125522967438
4.766666666666667 -0.4061534758690587 0.0007877128513763543
4.8 -0.44521235342850296 0.0007996345493825885
4.833333333333333 -0.47139474225990285 0.0008067080272821103
4.866666666666666 -0.48674843239476917 0.0008109664034831598
4.9 -0.48927775075235697 0.0008117389622387949
4.933333333333334 -0.4773350306880288 0.0008095660952468497
4.966666666666667 -0.45376094136069517 0.0008040095312848439
5.0 -0.41727160948419845 0.0007924222292235439
5.033333333333333 -0.37085153729486525 0.0007785069222099317
5.066666666666666 -0.31328572861143045 0.0007581273668906818
5.1 -0.24611891030246147 0.0007309886219805939
5.133333333333334 -0.17413348421261562 0.0006985847522641975
5.166666666666667 -0.09851650375869274 0.000659227824885214
5.2 -0.015077297783240282 0.0006122748884593854
5.233333333333333 0.06299517870230116 0.0006380176580039476
5.266666666666667 0.13882515349180757 0.0006796769131982017
5.3 0.21541261710174006 0.0007181287717972773
5.333333333333333 0.2838095876033373 0.0007490702180917297
5.366666666666666 0.34209376828117255 0.0007723895403267678
5.4 0.3957282733708781 0.0007884459660217891
5.433333333333334 0.43473512874748094 0.0008018103744534266
5.466666666666667 0.4665303837485894 0.000809689080689846
5.5 0.4826983795468686 0.0008144746631726929
5.533333333333333 0.48794476427417793 0.0008162415621320585
5.566666666666666 0.4808953877636664 0.0008153026376327421
5.6 0.4584901972993366 0.000810285653136511
5.633333333333334 0.4271202955531745 0.0007992103258226413
5.666666666666667 0.38118394401784594 0.0007847054655033547
5.7 0.3277486938906039 0.000765943412896819
5.733333333333333 0.26401141412953516 0.0007417596786308822
5.766666666666667 0.19497682668046243 0.0007068930571199061
5.8 0.1185347574017552 0.0006678083589977957
5.833333333333333 0.041635274801103336 0.0006270884915967542
5.866666666666666 -0.0416863420290939 0.0006267011850328158
5.9 -0.11966874110594723 0.0006685077807383477
5.933333333333334 -0.194682814293908 0.0007067082168372707
5.966666666666667 -0.265914063764122 0.0007369765078585888
6.0 -0.3263168323713594 0.0007605462043644984
6.033333333333333 -0.3804306819734494 0.0007805380956958374
6.066666666666666 -0.42288327789186664 0.0007931973575974194
6.1 -0.4567742516658828 0.0008022291098256362
6.133333333333334 -0.47600235807416375 0.0008075759049951947
6.166666666666667 -0.4834516143552681 0.0008102052619158862
6.2 -0.4781528181163064 0.0008091997354816027
6.233333333333333 -0.46028478761770736 0.0008033647512227793
6.266666666666667 -0.4311668843917318 0.0007964783137088816
6.3 -0.3876656476867417 0.0007832304478261887
6.333333333333333 -0.3365759884901011 0.0007662059471650884
6.366666666666666 -0.2758075599567865 0.000743918131300203
6.4 -0.20516321719558178 0.0007104834647652103
6.433333333333334 -0.1329873177673659 0.0006773075918725946
6.466666666666667 -0.05374562038023988 0.0006338705561851482
6.5 0.02360852726668293 0.0006156356186908102
6.533333333333333 0.10315844921590987 0.0006635930009653984
6.566666666666666 0.18074130938156072 0.0007030931738253587
6.6 0.24977393287117303 0.0007335842177630114
6.633333333333334 0.3152251172000194 0.0007618043667288465
6.666666666666667 0.36824721546256556 0.0007794002459793892
6.7 0.4133189803685741 0.0007954888065038745
6.733333333333333 0.4475360809058408 0.0008049149677372136
6.766666666666667 0.47031147178033417 0.0008112984863613004
6.8 0.4799444367882608 0.0008156772608425844
6.833333333333333 0.47944346962967976 0.0008165971195405741
6.866666666666666 0.46464204916847895 0.0008104267595385739
6.9 0.4385802303341187 0.0008038109212084033
6.933333333333334 0.39621632002881657 0.0007906587517495511
6.966666666666667 0.3487757992534796 0.0007753058567234183
7.0 0.2903113414791465 0.0007534610419890342
7.033333333333333 0.22335099406989325 0.0007226388289759134
7.066666666666666 0.15262675492441719 0.0006898851846610654
7.1 0.07579102990690795 0.0006478702524257418
7.133333333333334 -0.0019021555829611108 0.0006035196978892246
7.166666666666667 -0.08276688749245618 0.0006483084928812916
7.2 -0.1579026073773972 0.000689516098966142
7.233333333333333 -0.23088632082561697 0.0007246805297336234
7.266666666666667 -0.29771890901451475 0.0007491708133608999
7.3 -0.35303116756345104 0.0007707128215936332
7.333333333333333 -0.40029071240017106 0.0007864909734992542
7.366666666666666 -0.4380381256849955 0.0007966672975024403
7.4 -0.4626166657453126 0.0008047181792297797
7.433333333333334 -0.4764454809207047 0.0008085480824068236
7.466666666666667 -0.4772777814543261 0.0008088289689599515
7.5 -0.4664998684837716 0.0008073464633288618
7.533333333333333 -0.4409231578407979 0.0007991054497705763
7.566666666666666 -0.40610577128513614 0.0007892278422659826
7.6 -0.3566218922266051 0.0007727802201967782
7.633333333333334 -0.2999547899245047 0.0007522191245367682
7.666666666666667 -0.23410076857642745 0.0007262958125723862
7.7 -0.16273464656814907 0.0006931475528096365
7.733333333333333 -0.08792118378877153 0.0006555521066316516
7.766666666666667 -0.008975207374711077 0.0006071152137970479
7.8 0.06715631173691633 0.0006449483044651816
7.833333333333333 0.1446935129605014 0.0006867472463489843
7.866666666666666 0.21566043167973975 0.0007182504989329541
7.9 0.2829292065183373 0.0007473638126194726
7.933333333333334 0.3416844139419163 0.0007700900985938008
7.966666666666667 0.38985128265150676 0.0007890347054845814
8.0 0.42945466975533925 0.0008012217198185567
8.033333333333333 0.4554051668469256 0.0008064543898755328
8.066666666666666 0.4716463938003106 0.0008126120277252569
8.1 0.4757531524367242 0.0008146616051339373
8.133333333333333 0.4678162174550619 0.0008120706891993068
8.166666666666666 0.444329353704563 0.0008081723145659803
8.2 0.41245290800949763 0.0007971608515210393
8.233333333333333 0.36705301827512143 0.0007821542892789135
8.266666666666667 0.31153399649450564 0.0007617360040634846
8.3 0.2497972216920928 0.0007329545911357871
8.333333333333334 0.1799050141258252 0.0007037403692331523
8.366666666666667 0.10499002965827994 0.0006646813144915997
8.4 0.029195852659406923 0.0006213497378827551
8.433333333333334 -0.046585481837845936 0.0006302004121208488
8.466666666666667 -0.12484075436011312 0.0006728000813903817
8.5 -0.19533710231309348 0.000707958663557301
8.533333333333333 -0.2649626155936317 0.0007359515763500912
8.566666666666666 -0.3264561203820073 0.0007601724304187041
8.6 -0.3781590289746364 0.0007799288944975724
8.633333333333333 -0.41876064787705136 0.0007925857466146713
8.666666666666666 -0.4491784885461692 0.0008017940269205992
8.7 -0.4672343046380685 0.0008061197945645193
8.733333333333333 -0.4735240175083196 0.0008080188925094212
8.766666666666667 -0.46754588112643086 0.0008059457131125991
8.8 -0.44884136992973406 0.0008002212826525024
8.833333333333334 -0.41737511792227144 0.000792666904192052
8.866666666666667 -0.3745924789750603 0.0007796240167815549
8.9 -0.32123982101858733 0.0007619386318637456
8.933333333333334 -0.2604375258758212 0.0007380613242110035
8.966666666666667 -0.19207942291461544 0.000706760938597728
9.0 -0.11875913903976536 0.0006702172448218718
9.033333333333333 -0.042935640806176484 0.0006300868081179495
9.066666666666666 0.03237509254946629 0.0006249667272859721
9.1 0.1114437194452953 0.0006680017175950265
9.133333333333333 0.18612606616424401 0.0007056948294840437
9.166666666666666 0.25210308051762625 0.0007358714667216049
9.2 0.3144992402273023 0.0007603287461139807
9.233333333333333 0.3675101172945677 0.0007797912937512197
9.266666666666667 0.4086579535790832 0.0007924905389118941
9.3 0.44275077212677405 0.0008034538182257744
9.333333333333334 0.4636354175044572 0.0008113304515060538
9.366666666666667 0.4716991543308087 0.0008137313134044533
9.4 0.4685118375580838 0.0008138212622579855
9.433333333333334 0.4510654099640255 0.0008092933125900537
9.466666666666667 0.42132848881732676 0.0008056502025328705
9.5 0.381860722794239 0.0007903184263565177
9.533333333333333 0.3336329027382036 0.0007691400362418999
9.566666666666666 0.2718535762297891 0.0007464539230360723
9.6 0.20764961993138273 0.0007163044885733216
9.633333333333333 0.13853864347429712 0.000683643718858068
9.666666666666666 0.06088706182098955 0.0006376000164050877
9.7 -0.013195684850543916 0.0006105770124573348
9.733333333333333 -0.0893667086031783 0.0006523055057312821
9.766666666666667 -0.16347699603162583 0.000691883870831661
9.8 -0.23230457320426529 0.0007216523698128641
9.833333333333334 -0.29545609872641376 0.0007476925688684188
9.866666666666667 -0.35158390724086136 0.0007705303713116951
9.9 -0.3975896559890661 0.0007871235261525666
9.933333333333334 -0.4348685176981201 0.000796555459972037
9.966666666666667 -0.45818503705250907 0.000803427535933321
10.0 -0.46819816078315035 0.000805526932278755
10.033333333333333 -0.4667386806808064 0.0008056716337189185
10.066666666666666 -0.45354930218915845 0.0008023438456560283
10.1 -0.428874905842633 0.0007953199189944526
10.133333333333333 -0.3911766328746638 0.000785790644567852
10.166666666666666 -0.34281136271006735 0.0007708325831921603
10.2 -0.28514368291235304 0.0007508702821544255
10.233333333333333 -0.219592568725901 0.0007198574888155895
10.266666666666667 -0.14861632977084424 0.0006852307488241227
10.3 -0.07301361731674791 0.0006464948677515348
10.333333333333334 -0.0001973197208122872 0.000603155331702839
10.366666666666667 0.07917706566751664 0.0006487069275829677
10.4 0.1521998794616703 0.0006878294809005148
10.433333333333334 0.2211503629870326 0.0007199294705799997
10.466666666666667 0.28578708202581987 0.0007490581111381234
10.5 0.34121197595867925 0.0007684903119801745
10.533333333333333 0.387767682489854 0.000787788826621949
10.566666666666666 0.42313557043577227 0.0007982571944533112
10.6 0.44966824742793116 0.0008064558754225515
10.633333333333333 0.46374609787884336 0.0008098157010294482
10.666666666666666 0.46359601339252837 0.0008108154770061771
10.7 0.4560148540892778 0.0008110923886464616
10.733333333333333 0.4317682249373467 0.0008035489844043231
10.766666666666667 0.3954574552636122 0.0007944787887045335
10.8 0.34847984197549126 0.0007779039815735134
10.833333333333334 0.2938862490871779 0.000756305045236827
10.866666666666667 0.23100171201346834 0.0007289592959085489
10.9 0.163405135419442 0.0006946926910751938
10.933333333333334 0.09118937264248483 0.0006578391345577195
10.966666666666667 0.017265502002736296 0.0006109773944538224
11.0 -0.05709079267531815 0.0006352685435270164
11.033333333333333 -0.13177393787771105 0.000673329755180696
11.066666666666666 -0.20238764116194846 0.0007082374257285362
11.1 -0.2663058499313334 0.0007359612511290692
11.133333333333333 -0.32494383822892353 0.0007606793279049673
11.166666666666666 -0.3736373853141735 0.0007780157404500554
11.2 -0.4142905591410986 0.0007909492771245308
11.233333333333333 -0.4413736588603599 0.0007989164888504985
11.266666666666667 -0.4576501729610947 0.0008036430110909265
11.3 -0.46323483511689567 0.0008047812177333635
11.333333333333334 -0.4546564968695864 0.0008019671981996379
11.366666666666667 -0.4343558789553362 0.0007966117581229004
11.4 -0.4015833293672753 0.0007861853655382611
11.433333333333334 -0.35809286533538626 0.0007739876687153369
11.466666666666667 -0.3053247502281653 0.0007549403239606733
11.5 -0.24354352634671547 0.0007303373185951201
11.533333333333333 -0.17622644900376547 0.0006978770671984269
11.566666666666666 -0.10323049311458364 0.0006626844328118248
11.6 -0.02920059437624789 0.0006198809895041242
11.633333333333333 0.04526534912025485 0.0006295163898543468
11.666666666666666 0.12149541812835392 0.0006681460849383425
11.7 0.19310051240153991 0.0007072245726548465
11.733333333333333 0.2567988881870278 0.0007354607822431247
11.766666666666667 0.3149990210755669 0.0007609528722796188
11.8 0.36561858350372556 0.0007787315477862933
11.833333333333334 0.4057780377573143 0.0007904854841965792
11.866666666666667 0.4353785242858292 0.000801281758850525
11.9 0.45363518643633904 0.0008059509846949919
11.933333333333334 0.4591045550919616 0.0008107095819626653
11.966666666666667 0.4533639167443854 0.0008083851591932367
12.0 0.43454001408506365 0.0008015475371724312
12.033333333333333 0.4063344099546373 0.0007930416160789044
12.066666666666666 0.3670056216823637 0.0007810241957946218
12.1 0.3167159932821484 0.0007630741114125206
12.133333333333333 0.26015242141095535 0.0007375073848719937
12.166666666666666 0.19353932908229785 0.0007094565107203799
12.2 0.11930716010099429 0.0006683454909677256
12.233333333333333 0.046968872706220244 0.0006308190450666357
12.266666666666667 -0.028444970475091085 0.0006181638854071657
12.3 -0.10352690843993738 0.0006625897278093595
12.333333333333334 -0.17451201540227626 0.0006965971513165914
12.366666666666667 -0.24095644204383654 0.000729514269869308
12.4 -0.30134855118575044 0.000752102254293896
12.433333333333334 -0.35225472343793385 0.0007716665066632156
12.466666666666667 -0.39502499454160284 0.0007857923027203007
12.5 -0.4282331042473258 0.0007962932165573866
12.533333333333333 -0.450200353597174 0.0008004969842674847
12.566666666666666 -0.45895305861741476 0.000804105522798082
12.6 -0.45489358624827414 0.0008034742994760258
12.633333333333333 -0.43915896958612355 0.0007985187500932911
12.666666666666666 -0.41118849440781813 0.0007900642290695203
12.7 -0.37273703198982905 0.0007789210221235687
12.733333333333333 -0.32377063022458524 0.000760535351156888
12.766666666666667 -0.2664560585621421 0.0007397369857063962
12.8 -0.2024430795484889 0.0007118657770931458
12.833333333333334 -0.13380898765296526 0.0006768353743260846
12.866666666666667 -0.05733615930356886 0.0006357983768823794
12.9 0.0179045740967077 0.0006149216958174428
12.933333333333334 0.09073368469311721 0.0006591980953367105
12.966666666666667 0.1638399591032466 0.0006969236845992544
13.0 0.2299678252536912 0.0007255447228632084
13.033333333333333 0.2916332887465948 0.0007515332933953345
13.066666666666666 0.3453893168317278 0.0007708103450355108
13.1 0.38865366728768735 0.000787157439782249
13.133333333333333 0.4217971791229779 0.0007961679767276575
13.166666666666666 0.441533407938487 0.0008037230955876828
13.2 0.45426175023093734 0.0008079476129211338
13.233333333333333 0.45449894422842013 0.0008082704073325564
13.266666666666667 0.4419331031050155 0.0008060993305085695
13.3 0.416209380978821 0.000798563180262446
13.333333333333334 0.3807699815324822 0.0007882317450377818
13.366666666666667 0.3341001683387577 0.0007719531392406109
13.4 0.27939389966767003 0.0007491874054154635
13.433333333333334 0.21589498995648793 0.000719168468300363
13.466666666666667 0.1500427469365169 0.0006891274619337806
13.5 0.0763624512797888 0.0006469232340454156
13.533333333333333 0.0018005285010447084 0.0006042925952909669
13.566666666666666 -0.07330936415128503 0.0006437576783771409
13.6 -0.1444253540053852 0.0006802047260939525
13.633333333333333 -0.21378178468321832 0.0007148785035760163
13.666666666666666 -0.27623950067179126 0.0007404443931867122
13.7 -0.33014663030153835 0.0007627438488376215
13.733333333333333 -0.37702721298008723 0.0007785732793722522
13.766666666666667 -0.41323904267982137 0.0007905052779888511
13.8 -0.43734784805526133 0.000796862769206208
13.833333333333334 -0.45085441544381877 0.0008013704930023846
13.866666666666667 -0.45324746978105324 0.0008028816680069051
13.9 -0.44150759878286927 0.0008005554041712881
13.933333333333334 -0.4179613906532278 0.0007947115696321227
13.966666666666667 -0.38314956883856466 0.0007834981094049231
14.0 -0.3396102422524294 0.0007690906514227214
14.033333333333333 -0.28574469331200403 0.0007485370401690283
14.066666666666666 -0.22439654809582835 0.0007218181367324161
14.1 -0.15787897492731606 0.0006904042256584142
14.133333333333333 -0.08667357547967791 0.0006524322978582187
14.166666666666666 -0.011421044427650679 0.0006106616679934125
14.2 0.06174906882275764 0.0006405443896575214
14.233333333333333 0.13308636998221285 0.0006798578633531449
14.266666666666667 0.20379246973730036 0.0007113833564097727
14.3 0.264505728180286 0.0007425577665782224
14.333333333333334 0.3211519681715103 0.0007648329346262583
14.366666666666667 0.3676546880188696 0.0007803275070428772
14.4 0.4038504269048626 0.0007929238222224577
14.433333333333334 0.4320384757110657 0.0008013357930214959
14.466666666666667 0.44713330757371267 0.0008063890145146302
14.5 0.4491951249037607 0.0008068520531143153
14.533333333333333 0.4426526904145409 0.0008058809271784262
14.566666666666666 0.4226537211427832 0.0007964870787667278
14.6 0.3879604166636338 0.0007896289260337919
14.633333333333333 0.3487401343645147 0.0007740999109736024
14.666666666666666 0.2974878470907015 0.0007521594848166058
14.7 0.23725142635516738 0.000729600738867936
14.733333333333333 0.1737150811938222 0.0006976210877188971
14.766666666666667 0.10251422325612597 0.0006627769822598467
14.8 0.031172467308222165 0.0006200297301123606
14.833333333333334 -0.04331204134577656 0.0006287283171356253
14.866666666666667 -0.11610132825358768 0.000666921578425933
14.9 -0.18533669072916856 0.0006989892962073474
14.933333333333334 -0.24955686049752432 0.0007297075292206634
14.966666666666667 -0.3085660331358377 0.0007546994359340364
15.0 -0.35651539019736084 0.0007722670174113433
15.033333333333333 -0.39576388699721343 0.0007846545577141484
15.066666666666666 -0.42436952193120164 0.0007936219524030674
15.1 -0.44263074576160605 0.0008000320968288843
15.133333333333333 -0.4491614625442621 0.0008006051202766873
15.166666666666666 -0.4408182728188391 0.0007995069568684232
15.2 -0.42327018720071935 0.0007970303545056234
15.233333333333333 -0.39180634356385974 0.0007859256051838681
15.266666666666667 -0.3531789147761375 0.0007713895539505078
15.3 -0.3042594774571908 0.0007550710828124751
15.333333333333334 -0.24660462891387666 0.0007313674532107017
15.366666666666667 -0.18229203627400478 0.0007019180576659512
15.4 -0.11188176956412095 0.000665668580859799
15.433333333333334 -0.04213595446679428 0.0006285145264311939
15.466666666666667 0.033330470449642206 0.0006231605186169525
15.5 0.10548075713508952 0.000664543191886649
15.533333333333333 0.17619896826630504 0.0007015079625588005
15.566666666666666 0.23877409562892793 0.0007307679544604206
15.6 0.29952740189481314 0.0007526337091077195
15.633333333333333 0.34793270179359087 0.0007741208950262091
15.666666666666666 0.39021342222500893 0.0007875166669405465
15.7 0.41979640794167195 0.0007960137253290034
15.733333333333333 0.4371488562712749 0.0008013236128759926
15.766666666666667 0.44549493437671767 0.0008020535188551503
15.8 0.44027376209244734 0.0008032490332583464
15.833333333333334 0.4266209918969447 0.000802641010113847
15.866666666666667 0.39938448420893236 0.0007930691822815028
15.9 0.3622506944631594 0.0007793367728692324
15.933333333333334 0.3131694093776047 0.0007620220010682299
15.966666666666667 0.25712901567455315 0.0007381824658123093
16.0 0.19700440249246337 0.0007094217623148102
16.033333333333335 0.12679615523458632 0.0006745496803201578
16.066666666666666 0.05603461732160583 0.000636213705099517
16.1 -0.01721919960637756 0.0006131906538537832
16.133333333333333 -0.08975758399246964 0.0006532257645109479
16.166666666666668 -0.16003083095444526 0.0006881744876326423
16.2 -0.22627762994097592 0.0007201125160493926
16.233333333333334 -0.2848463978679008 0.0007442060835221032
16.266666666666666 -0.33720928126824706 0.0007648236428219324
16.3 -0.37867902943959714 0.0007789203558639657
16.333333333333332 -0.41114081144857784 0.000790591906565663
16.366666666666667 -0.4325100621144395 0.0007965526909040621
16.4 -0.44277096440604313 0.0007986607222605357
16.433333333333334 -0.4406847589498384 0.000800403593796406
16.466666666666665 -0.42718758743928137 0.0007968868590482736
16.5 -0.4021480868792391 0.0007898196676688896
16.533333333333335 -0.36644202708865364 0.0007792336883636897
16.566666666666666 -0.32066420141521534 0.0007592148232695162
16.6 -0.2647373895319471 0.0007386147348689698
16.633333333333333 -0.20446598320047535 0.0007119295573979056
16.666666666666668 -0.1368189210569721 0.0006773992533496143
16.7 -0.06381360553920634 0.0006396279410993272
16.733333333333334 0.00468387235800954 0.0006061162567510114
16.766666666666666 0.08044523401098172 0.0006488213747513905
16.8 0.14653230674857795 0.0006838515505185605
16.833333333333332 0.2136616742417658 0.000717620398110852
16.866666666666667 0.27632797089861105 0.0007461895799999452
16.9 0.324682856448488 0.0007644003383397435
16.933333333333334 0.37035064742613844 0.0007795620836767436
16.966666666666665 0.40564527283820057 0.0007924085803795999
17.0 0.4276302201646392 0.0008000105997579832
17.033333333333335 0.4392308915780835 0.0008051262499810252
17.066666666666666 0.43734366740652575 0.0008050568925481172
17.1 0.4281238990570141 0.0007998839451837103
17.133333333333333 0.40444509413114416 0.0007959179187165821
17.166666666666668 0.3732470595578465 0.0007859369575973774
17.2 0.32794809694452864 0.0007679567601144299
17.233333333333334 0.2726636511010551 0.0007480873795557286
17.266666666666666 0.2161037648478836 0.0007233809109247757
17.3 0.14951699763898996 0.0006883498848444802
17.333333333333332 0.08192608615924636 0.0006523158251966754
17.366666666666667 0.008624916945949808 0.0006091086964869572
17.4 -0.06311205555836866 0.00063965275422595
17.433333333333334 -0.13185542669470865 0.0006748728715737229
17.466666666666665 -0.19942059432960768 0.0007070516335889176
17.5 -0.2594814231858962 0.0007340091256062831
17.533333333333335 -0.3168786047564049 0.0007571934289385962
17.566666666666666 -0.3607469830504459 0.0007727320960893014
17.6 -0.39604022144579565 0.0007847500145766184
17.633333333333333 -0.42233997148942126 0.0007933162007064953
17.666666666666668 -0.434932450780271 0.0007969122950138852
17.7 -0.43810173802370506 0.0007985927174681828
17.733333333333334 -0.4286574555120067 0.0007966306802292267
17.766666666666666 -0.4083139587621239 0.0007904993486715917
17.8 -0.3755452217361743 0.0007796955029977237
17.833333333333332 -0.33487420824526937 0.0007659383188484692
17.866666666666667 -0.2843969747291867 0.0007469545537389655
17.9 -0.2235285082007573 0.0007220204275152353
17.933333333333334 -0.15952513201362822 0.0006908634683449322
17.966666666666665 -0.08892266028653631 0.0006548543273822705
18.0 -0.018418899945900017 0.0006127436339518309
18.033333333333335 0.05385522116434475 0.0006356694362259288
18.066666666666666 0.12227053079675236 0.0006717377044647282
18.1 0.18915958613693315 0.0007059435486172216
18.133333333333333 0.24934371972653546 0.0007327356393743156
18.166666666666668 0.3061157996683308 0.0007564775751603969
18.2 0.3546618957697738 0.0007739114291676619
18.233333333333334 0.390493742465284 0.0007894609621175164
18.266666666666666 0.4176869293573327 0.0007955882604497311
18.3 0.433002565768724 0.000802082504091417
18.333333333333332 0.436898141492432 0.0008029628012122259
18.366666666666667 0.4304983087328772 0.0008018551911246896
18.4 0.41170548110089084 0.0007973714663563891
18.433333333333334 0.3813972850179215 0.0007841646237133348
18.466666666666665 0.3411735738889339 0.0007733070143513543
18.5 0.29279057407982895 0.0007525881694856462
18.533333333333335 0.2372508748807438 0.0007303061256297982
18.566666666666666 0.17114482517368998 0.0006987975615058706
18.6 0.10250432116316306 0.0006625695713035479
18.633333333333333 0.03151215884268285 0.0006225867565173224
18.666666666666668 -0.03867340021874215 0.0006255756451071792
18.7 -0.10607098380238725 0.0006611628280129012
18.733333333333334 -0.17551252982291932 0.0006961646248749842
18.766666666666666 -0.2357666904247212 0.000723907979852223
18.8 -0.2935952540768578 0.0007481387714153298
18.833333333333332 -0.34199460635725965 0.0007664243799184178
18.866666666666667 -0.37973832428533727 0.0007788277160287183
18.9 -0.4098588084185258 0.0007888409408893238
18.933333333333334 -0.42714182023052566 0.0007947322441327898
18.966666666666665 -0.43303103092001693 0.0007959379145804912
19.0 -0.4289883621877856 0.0007952643688588501
19.033333333333335 -0.4123167355643066 0.0007909847152520189
19.066666666666666 -0.3833596900459715 0.0007820608273685914
19.1 -0.34520976288554556 0.0007696079106388476
19.133333333333333 -0.2995689244339346 0.0007544325997770884
19.166666666666668 -0.24155382960532187 0.0007289447920439396
19.2 -0.18014769225961388 0.0007003632532154302
19.233333333333334 -0.11022946989333832 0.0006656049644285233
19.266666666666666 -0.04275914415780952 0.0006276381934537112
19.3 0.027399274655845983 0.0006198431904379555
19.333333333333332 0.09741326935785083 0.0006610234330295672
19.366666666666667 0.16721792799447283 0.0006937174313689509
19.4 0.22900991623428443 0.0007247884035488095
19.433333333333334 0.285569987139172 0.0007500982598426242
19.466666666666665 0.3319598243943196 0.0007670623911679164
19.5 0.3713056434206611 0.0007837323650876638
19.533333333333335 0.4026950415738044 0.0007918832393485342
19.566666666666666 0.42282420859096786 0.0007994028790849206
19.6 0.43002107721515426 0.000804471361253889
19.633333333333333 0.4272888196121402 0.000801413255939909
19.666666666666668 0.41558760698595254 0.0007973243036982769
19.7 0.38772670798021547 0.0007877296650129484
19.733333333333334 0.35311872343764045 0.0007790968824329947
19.766666666666666 0.3057608629876187 0.0007605661691509336
19.8 0.254429686902463 0.0007401085037445632
19.833333333333332 0.19233613858275783 0.000709850235925874
19.866666666666667 0.12496114466615338 0.0006766460590889312
19.9 0.054653629287799495 0.0006366204025465144
19.933333333333334 -0.014251045015014738 0.0006118590231690129
19.966666666666665 -0.08551995968639121 0.0006523268641057678
20.0 -0.14901068075280685 0.0006845362501129992
20.033333333333335 -0.21319959591856008 0.0007149994925282344
20.066666666666666 -0.27317871926548715 0.0007399262224973002
20.1 -0.32094151363005385 0.0007593724741151164
20.133333333333333 -0.3634227385194976 0.0007747469240651506
20.166666666666668 -0.3967298741222388 0.0007866853020493947
20.2 -0.41780251598467344 0.0007927670398213404
20.233333333333334 -0.42815186850623865 0.0007962525065038917
20.266666666666666 -0.4260603263855472 0.0007956934218703582
20.3 -0.41365020312089157 0.0007933517922170674
20.333333333333332 -0.3896606141895006 0.0007863760921566487
20.366666666666667 -0.3582588221809646 0.0007756342661537352
20.4 -0.3130968046343477 0.0007581262398377309
20.433333333333334 -0.2593488723755372 0.0007373596161174834
20.466666666666665 -0.20128865638261087 0.0007119695325625841
20.5 -0.13465182071742454 0.0006798045089855542
20.533333333333335 -0.06499285956111837 0.0006404647414968712
20.566666666666666 0.005438930469353005 0.0006049833927279516
20.6 0.07528197743558913 0.0006471769063715327
20.633333333333333 0.14220035610528226 0.0006823776412488158
20.666666666666668 0.2063676056243235 0.0007144853599177214
20.7 0.26441048666874584 0.0007369472355555073
20.733333333333334 0.3141374540849558 0.0007589675118074846
20.766666666666666 0.3580777046382938 0.0007771298810358429
20.8 0.390729510914691 0.000788170791581666
20.833333333333332 0.41328878498369653 0.0007956802929454665
20.866666666666667 0.42413894120108225 0.0008000795466006627
20.9 0.42470613995374334 0.000800069431259598
20.933333333333334 0.4139593569021459 0.0007966913397459141
20.966666666666665 0.39234512345841915 0.0007899985856295033
21.0 0.3601062958230421 0.0007822224011623247
21.033333333333335 0.3182568629898615 0.0007649095401479067
21.066666666666666 0.2680919858748527 0.0007442110620888842
21.1 0.20963484188225864 0.0007173067297765179
21.133333333333333 0.14894234232242823 0.0006897790831243977
21.166666666666668 0.07954967053760406 0.0006519960461578433
21.2 0.008715469687851472 0.0006112938055042958
21.233333333333334 -0.061515440987492793 0.0006411794521317751
21.266666666666666 -0.12769184549894264 0.0006757595685935591
21.3 -0.19365022712951113 0.0007067012345244872
21.333333333333332 -0.25213234967353887 0.0007318347010878412
21.366666666666667 -0.3049191317869284 0.0007534077507091452
21.4 -0.347068916255338 0.0007684064627864196
21.433333333333334 -0.3824318833350761 0.0007801250693633133
21.466666666666665 -0.406707783944087 0.0007883675972754078
21.5 -0.4217073655870983 0.0007930231906203011
21.533333333333335 -0.4240930234986408 0.0007948250521807032
21.566666666666666 -0.41552277079920186 0.0007923647663001798
21.6 -0.394302505131294 0.0007863155342777151
21.633333333333333 -0.36352182597193194 0.0007752633556669108
21.666666666666668 -0.3240101669210022 0.0007629085184231998
21.7 -0.2750373823029956 0.0007424620659094994
21.733333333333334 -0.2171164528490494 0.0007178823216421604
21.766666666666666 -0.15435270825408212 0.0006880395697363706
21.8 -0.08883880627301127 0.0006561284050583538
21.833333333333332 -0.021637841912848777 0.0006157251725676799
21.866666666666667 0.051256413063960254 0.0006330601277278955
21.9 0.1216217009508677 0.0006707605956584317
21.933333333333334 0.1857478460204044 0.0007036252164347723
21.966666666666665 0.24488877487359145 0.0007316459532255015
22.0 0.2970759777281541 0.000751383897960034
22.033333333333335 0.3412461710953322 0.0007705166312452216
22.066666666666666 0.37796866441392735 0.0007841581902623962
22.1 0.40362096679127235 0.0007917647883590728
22.133333333333333 0.4197437955062522 0.0007975993839935969
22.166666666666668 0.42303075490872744 0.0007972451081636467
22.2 0.4155441836333399 0.0007970035375088891
22.233333333333334 0.3971599817646874 0.0007933998705295098
22.266666666666666 0.36948634488975907 0.0007823690044773124
22.3 0.32981932198576275 0.0007684106016087044
22.333333333333332 0.2849676000617286 0.0007514545560529107
22.366666666666667 0.22727628930686603 0.0007204516193684007
22.4 0.16744654658723088 0.0006965718754645689
22.433333333333334 0.10110105992218472 0.0006626795593108609
22.466666666666665 0.03260872105672131 0.0006225704076573413
22.5 -0.037463547535224684 0.00062369446200361
22.533333333333335 -0.10645496157400489 0.0006611451215354919
22.566666666666666 -0.17044432988524572 0.0006932437600128682
22.6 -0.23098833611541394 0.0007214634591787839
22.633333333333333 -0.2847944319548557 0.0007436353424230546
22.666666666666668 -0.3317123662292231 0.0007616029622622422
22.7 -0.36961158122626725 0.0007762801284977305
22.733333333333334 -0.39660660141962806 0.0007850913980319563
22.766666666666666 -0.41417557326954746 0.0007909663884468898
22.8 -0.42037933316456316 0.0007934550859286515
22.833333333333332 -0.4156067737907415 0.0007910589090592279
22.866666666666667 -0.3989709648881541 0.0007871016748412507
22.9 -0.3717783942857934 0.0007795047888790041
22.933333333333334 -0.3350462011201413 0.00076426672951041
22.966666666666665 -0.2882230294259147 0.0007499872637947713
23.0 -0.2323989521746245 0.0007243919603720228
23.033333333333335 -0.17073667110954094 0.0006968978107674828
23.066666666666666 -0.10780034236304194 0.0006638700343925136
23.1 -0.04066634879740181 0.0006269932647065268
23.133333333333333 0.028647227212206267 0.0006193356237465288
23.166666666666668 0.0970453861426787 0.0006595592564316299
23.2 0.162196946668597 0.0006941576179841091
23.233333333333334 0.22287936174139383 0.0007218608006663574
23.266666666666666 0.2792843613585333 0.0007465463716078147
23.3 0.32616946717154066 0.0007648668601349384
23.333333333333332 0.36345430801709316 0.0007802288694334636
23.366666666666667 0.39301723358472546 0.0007885593798547252
23.4 0.4104629280473959 0.0007948927886169965
23.433333333333334 0.4157904364609377 0.0007977520081962064
23.466666666666665 0.4137625092894507 0.0007970935299858595
23.5 0.3989295466863297 0.0007941488377615213
23.533333333333335 0.3748221318766107 0.0007835876564470379
23.566666666666666 0.3376218049791 0.000772738893309588
23.6 0.29367735789141586 0.0007574983821402315
23.633333333333333 0.2430019980572966 0.0007350938249729988
23.666666666666668 0.18057189856660896 0.0007061821685637182
23.7 0.11495051433687127 0.0006720528973414991
23.733333333333334 0.05201295196741644 0.0006344559559139026
23.766666666666666 -0.014639076574147538 0.000612518597411512
23.8 -0.08249781747625265 0.0006505185921563128
23.833333333333332 -0.1483941608458239 0.0006838406641311301
23.866666666666667 -0.20824527162862283 0.0007110897513038505
23.9 -0.26666852141981795 0.0007363943935735362
23.933333333333334 -0.31382657413264914 0.0007548992115250508
23.966666666666665 -0.3552607165070133 0.0007714969462800925
24.0 -0.38556801016174214 0.0007817600406763714
24.033333333333335 -0.4065757746327457 0.0007898350877470484
24.066666666666666 -0.4162630707034325 0.0007922408691738436
24.1 -0.414184051368328 0.0007918214190625328
24.133333333333333 -0.400859223604408 0.0007876531408694265
24.166666666666668 -0.37818942703170116 0.0007809297494251188
24.2 -0.3430568430651886 0.0007679398980142693
24.233333333333334 -0.29898420868262976 0.0007508921568212257
24.266666666666666 -0.24725121106942985 0.0007310350308080416
24.3 -0.18934071957043339 0.000704603767072487
24.333333333333332 -0.12761578176740931 0.0006713111940611083
24.366666666666667 -0.059275665175674175 0.0006352012714641378
24.4 0.007067773406994293 0.0006077238461724942
24.433333333333334 0.07560951062137704 0.0006470401037853429
24.466666666666665 0.14129320862530123 0.0006820224613366677
24.5 0.20017831754536436 0.0007103000827381467
24.533333333333335 0.25689007381442913 0.0007370196922820704
24.566666666666666 0.3071437939070469 0.0007575799340016065
24.6 0.34708994381122854 0.0007722120048780923
24.633333333333333 0.3783348314693995 0.0007851158635054367
24.666666666666668 0.4011722272023265 0.0007932236742944077
24.7 0.4118685343288454 0.0007957757657362508
24.733333333333334 0.41143345578037577 0.0007958215621366449
24.766666666666666 0.3991428212994961 0.0007940087749538915
24.8 0.3810859840334362 0.0007863194341911628
24.833333333333332 0.3472808264515159 0.0007746792830848892
24.866666666666667 0.3054621638414448 0.0007577121855478763
24.9 0.25653228902885544 0.00073930124598931
24.933333333333334 0.2015217928184408 0.0007146242633269961
24.966666666666665 0.13526147218521498 0.0006783754019081822
25.0 0.07352096118669896 0.000646968586713273
25.033333333333335 0.005391390581429763 0.0006073427870312452
25.066666666666666 -0.061423746392814164 0.0006386110879038065
25.1 -0.12664385547839457 0.0006719431954875232
25.133333333333333 -0.19033723660311838 0.0007048212584073177
25.166666666666668 -0.24596989558477142 0.0007302471521846987
25.2 -0.2981894222001982 0.0007514551521945467
25.233333333333334 -0.3402326750392215 0.0007680529483763965
25.266666666666666 -0.37410728648447744 0.000779022141430441
25.3 -0.39664198026174774 0.0007876052887161866
25.333333333333332 -0.4090292626858975 0.000790906541905334
25.366666666666667 -0.4122482230085847 0.0007924561013376019
25.4 -0.4017485189958007 0.0007889903786907349
25.433333333333334 -0.3812926380304238 0.0007821595840292739
25.466666666666665 -0.3511735259299064 0.0007731153846669558
25.5 -0.3107712735794399 0.0007576311512941247
25.533333333333335 -0.2609855315514701 0.0007379966278085459
25.566666666666666 -0.2054365582648438 0.0007132251883971985
25.6 -0.144412770669121 0.0006835092859461267
25.633333333333333 -0.07808982520506055 0.0006482291312553123
25.666666666666668 -0.012686094344493689 0.0006118059604200369
25.7 0.054484711052854476 0.0006352848721445647
25.733333333333334 0.12111521141867601 0.000671354358102394
25.766666666666666 0.18244890583648193 0.0007025662867115867
25.8 0.2417438775736107 0.0007284135692497695
25.833333333333332 0.2877383505096328 0.0007472287837858582
25.866666666666667 0.3322786610691707 0.0007651938277511428
25.9 0.36611265538437965 0.0007770319562222516
25.933333333333334 0.39123840413343447 0.0007852020658762338
25.966666666666665 0.40665476181394133 0.000793088270126252
26.0 0.40952002902086937 0.0007968242448936902
26.033333333333335 0.4013122858005218 0.0007943751265229726
26.066666666666666 0.38507165982151115 0.0007860250978763417
26.1 0.35545974635261196 0.0007777876596175015
26.133333333333333 0.3191273414207822 0.0007644788054173013
26.166666666666668 0.27232669261097 0.0007471883896432163
26.2 0.21656403502767319 0.0007214484720928782
26.233333333333334 0.15494567641623697 0.0006934977052450442
26.266666666666666 0.09201013744252529 0.000657208218881114
26.3 0.024655198306084914 0.0006189178797222292
26.333333333333332 -0.042005153304308096 0.0006264783916491712
26.366666666666667 -0.10591219047025724 0.0006638646778321239
26.4 -0.1697226370339575 0.0006924833661486607
26.433333333333334 -0.22880478949221472 0.0007198241787825244
26.466666666666665 -0.28039013056340045 0.0007419689577382038
26.5 -0.32584482428594563 0.0007602483658080139
26.533333333333335 -0.3612060956342394 0.0007721528967745139
26.566666666666666 -0.3873946227297605 0.0007812020708807821
26.6 -0.4038125514837854 0.0007871337169699233
26.633333333333333 -0.40793805566482905 0.0007890489765202124
26.666666666666668 -0.40192743965928035 0.0007877869155070161
26.7 -0.3858425944193052 0.0007826192635069229
26.733333333333334 -0.3575383772229728 0.0007741930360559701
26.766666666666666 -0.32065839931729945 0.0007608280767607556
26.8 -0.27402818234730075 0.0007422264168813197
26.833333333333332 -0.2219708628462928 0.0007211318380340448
26.866666666666667 -0.16140190842660243 0.0006921064464372184
26.9 -0.09930538041060251 0.0006610729858905345
26.933333333333334 -0.03170075121909488 0.000623001833806057
26.966666666666665 0.03496428159709915 0.0006261922941846257
27.0 0.09830683998740429 0.0006602514330298903
27.033333333333335 0.16048031193203877 0.0006927664611950657
27.066666666666666 0.22203891936684608 0.0007206912112318054
27.1 0.27440115783310404 0.0007425655243970541
27.133333333333333 0.31598417625899095 0.0007589615418009399
27.166666666666668 0.3531946767867843 0.000774535461567194
27.2 0.3814326801743953 0.0007847029446448328
27.233333333333334 0.3976349048834504 0.0007907870742028256
27.266666666666666 0.40536989748020497 0.0007927738351429237
27.3 0.40142759921005267 0.0007929945788840986
27.333333333333332 0.38688558883390173 0.0007883183337967226
27.366666666666667 0.3607721971824847 0.0007781136592280857
27.4 0.3259510999719825 0.0007680895306929614
27.433333333333334 0.28212354137374 0.0007514447058176721
27.466666666666665 0.2326572011901405 0.0007291884021920492
27.5 0.17387640345849045 0.00070072252522696
27.533333333333335 0.11114697704337122 0.000668424781069224
27.566666666666666 0.04472009312216574 0.0006301026055945888
27.6 -0.020210626408693304 0.0006155800999203924
27.633333333333333 -0.08917263013959274 0.0006533314896457754
27.666666666666668 -0.1509541741302169 0.0006870611300807961
27.7 -0.20939707198873467 0.0007150197320634766
27.733333333333334 -0.2623310483090545 0.0007364873667022875
27.766666666666666 -0.30927706203286365 0.0007544906880450064
27.8 -0.3475203304377275 0.0007687662584574539
27.833333333333332 -0.37674582296291365 0.0007783083767775034
27.866666666666667 -0.3952362625843759 0.0007841202941035741
27.9 -0.4032041496307389 0.0007881996947718406
27.933333333333334 -0.400326415218334 0.000788045045636232
27.966666666666665 -0.38742021432531837 0.0007840499217324215
28.0 -0.3622372438586646 0.0007750853524033374
28.033333333333335 -0.328741990396741 0.000762846731248934
28.066666666666666 -0.2864247718935486 0.0007483037676975779
28.1 -0.2341840363127611 0.0007250582532903893
28.133333333333333 -0.1767506569965141 0.0006957910843151116
28.166666666666668 -0.11425133931478942 0.000667389517560138
28.2 -0.049685422178162346 0.0006317687740196726
28.233333333333334 0.016943083477314522 0.0006129121541103878
28.266666666666666 0.08295252407850866 0.0006500650982972922
28.3 0.14663576390270466 0.0006843100695149429
28.333333333333332 0.2057048904546297 0.00071302077972768
28.366666666666667 0.2601477920093466 0.0007373874844170403
28.4 0.30527560746932875 0.0007555024565550905
28.433333333333334 0.3407325774468234 0.0007735212964410376
28.466666666666665 0.37098993277155123 0.0007804097706280433
28.5 0.39208872328873495 0.000789237226091255
28.533333333333335 0.39995068348218527 0.0007912238674863126
28.566666666666666 0.3998291567096828 0.000791710025056902
28.6 0.38602453085451083 0.000788405939087633
28.633333333333333 0.3661358222729118 0.0007822360891275859
28.666666666666668 0.3340712066841769 0.0007707381193137741
28.7 0.291804275359875 0.0007534441678569981
28.733333333333334 0.24212013465849613 0.0007325127807687182
28.766666666666666 0.18480842342784748 0.0007065402258416842
28.8 0.1254101770070212 0.0006750583539139876
28.833333333333332 0.06430383151881595 0.000643651888627278
28.866666666666667 -0.0033517002558787735 0.0006060280566549544
28.9 -0.0679964599766356 0.0006429962458726762
28.933333333333334 -0.13237337277020372 0.0006766068661866187
28.966666666666665 -0.19261784209714222 0.0007041291921099924
29.0 -0.2470783282163403 0.0007289978164893296
29.033333333333335 -0.29499039141283173 0.0007491830280224043
29.066666666666666 -0.33463659902889575 0.0007655369918090349
29.1 -0.36660128175622037 0.000776972298891565
29.133333333333333 -0.3875069896637717 0.0007823767836168116
29.166666666666668 -0.3983748405685396 0.0007862018938358806
29.2 -0.39810970994019085 0.0007864656442780338
29.233333333333334 -0.3880229901796127 0.0007857234401081326
29.266666666666666 -0.366819479862265 0.0007754507742419037
29.3 -0.33536660087624254 0.0007677304648425753
29.333333333333332 -0.29517821786889703 0.000751844147563685
29.366666666666667 -0.24667819849868802 0.0007314607997512268
29.4 -0.19039941436355307 0.0007052160078643566
29.433333333333334 -0.1310042146944784 0.0006757187314478663
29.466666666666665 -0.06935351078148982 0.0006420428404484146
29.5 -0.0037906333656252513 0.0006050256415847674
29.533333333333335 0.0637610660229779 0.0006385685639102162
29.566666666666666 0.12798687320569677 0.0006736465762569033
29.6 0.18631281392712784 0.0007024673598009235
29.633333333333333 0.2411260110415439 0.000728049002000436
29.666666666666668 0.2882743300894916 0.0007471294970091136
29.7 0.32923609240438834 0.0007644647635552393
29.733333333333334 0.36090385171559447 0.0007763455001739139
29.766666666666666 0.3829309431486469 0.00078413761754631
29.8 0.3912292900226471 0.0007879341511861093
29.833333333333332 0.395503473180033 0.0007901544217917
29.866666666666667 0.38589673026616256 0.0007880653126735027
29.9 0.3669733052805964 0.000782088097110889
29.933333333333334 0.3384345995711929 0.0007725629627132191
29.966666666666665 0.30202599323272805 0.000757715394587799
30.0 0.2534384141049915 0.0007372188768646204
30.033333333333335 0.20095652951224008 0.0007119825765890819
30.066666666666666 0.14133174164812962 0.0006835373428448199
30.1 0.07746248961888531 0.0006510086809821958
30.133333333333333 0.013343603132765293 0.0006112655686477484
30.166666666666668 -0.051615138794861196 0.0006335396803564056
30.2 -0.11405545407566617 0.0006665128603995513
30.233333333333334 -0.1739922859171745 0.0006971894168266435
30.266666666666666 -0.2293902605344315 0.000722914186884166
30.3 -0.2792100946683646 0.0007452792204770686
30.333333333333332 -0.32047360512918965 0.0007598965400462676
30.366666666666667 -0.3543726168586184 0.0007713632276165061
30.4 -0.37771201369707136 0.0007789774350520084
30.433333333333334 -0.39221499077193994 0.00078482927846385
30.466666666666665 -0.39510259492130795 0.000785813397535029
30.5 -0.3870207379551336 0.0007845856897610304
30.533333333333335 -0.3687340566736319 0.000778046611816019
30.566666666666666 -0.3398220935251928 0.0007679288585771271
30.6 -0.30294578173145087 0.0007546175477221584
30.633333333333333 -0.25621193568948414 0.0007356052362625376
30.666666666666668 -0.20640639187909768 0.0007133564247020219
30.7 -0.14737592673114353 0.000687723682337632
30.733333333333334 -0.08506718986509369 0.0006508936925813946
30.766666666666666 -0.023534156318887802 0.0006175930031667026
30.8 0.04638557109528433 0.000629836001060112
30.833333333333332 0.10850106849574663 0.0006643500213960318
30.866666666666667 0.16816412425969227 0.0006958927454993047
30.9 0.2256270021269893 0.0007231460149019764
30.933333333333334 0.273526637466062 0.000743459352363196
30.966666666666665 0.3165189350312946 0.0007620268931166074
31.0 0.34877389444238127 0.000775091769973757
31.033333333333335 0.3739191386709751 0.0007812651030498219
31.066666666666666 0.38805237894932865 0.000787188601834854
31.1 0.3938396043897192 0.000790474935115637
31.133333333333333 0.38623280496029166 0.000788303075329011
31.166666666666668 0.3698340278972778 0.000780537694710981
31.2 0.3440920092565839 0.0007743077278974941
31.233333333333334 0.30512731430085377 0.0007618936370424323
31.266666666666666 0.2608534417694787 0.0007430106791818658
31.3 0.21277260752186067 0.0007188939321266241
31.333333333333332 0.15471645115093605 0.0006913961185204542
31.366666666666667 0.09591001268820082 0.000661950151706045
31.4 0.031251752661396265 0.0006224306860711584
31.433333333333334 -0.03267502229200236 0.0006257965879648206
31.466666666666665 -0.09661005400468242 0.0006598030304405117
31.5 -0.1572922742875589 0.0006895149276761048
31.533333333333335 -0.21342392847697894 0.0007160161324809289
31.566666666666666 -0.2652237857360202 0.0007363427526117516
31.6 -0.3089668692625199 0.0007552736975700025
31.633333333333333 -0.34450945332052957 0.0007680168363892181
31.666666666666668 -0.3694349804211993 0.0007769211527064446
31.7 -0.3853398507401516 0.0007820997489904058
31.733333333333334 -0.3901430916924184 0.0007840305896700261
31.766666666666666 -0.3868760183253983 0.0007843107384649106
31.8 -0.372418103475916 0.0007794421316744127
31.833333333333332 -0.3468889331527662 0.0007722689488965928
31.866666666666667 -0.3127619496561199 0.0007576397481061092
31.9 -0.26963094046209424 0.000742855746215132
31.933333333333334 -0.2185656333857298 0.000718194203050887
31.966666666666665 -0.1615200044570241 0.0006936128825435206
32.0 -0.10201577263281751 0.0006616662190472994
32.03333333333333 -0.039058390731961365 0.0006269382563663453
32.06666666666667 0.02554694950376683 0.0006183824118286864
32.1 0.08790541840272031 0.0006559655378411272
32.13333333333333 0.15106700191586583 0.0006871176119053468
32.166666666666664 0.20861201466733245 0.000715116443573971
32.2 0.25868304279586823 0.0007369608805492533
32.233333333333334 0.30370427554093476 0.0007521070356905635
32.266666666666666 0.33673073154711236 0.0007690844979134082
32.3 0.36366234268516046 0.0007825205737501117
32.333333333333336 0.38042004781343824 0.0007859031393473437
32.36666666666667 0.3878485981859259 0.0007865656573607938
32.4 0.3837201593564831 0.0007870294447857029
32.43333333333333 0.37087466257573903 0.0007832993268906407
32.46666666666667 0.3477117065045562 0.0007787565916074213
32.5 0.3107618684246537 0.0007634429259725795
32.53333333333333 0.273683991737569 0.0007469432319275882
32.56666666666667 0.2238590330218433 0.0007252070600182459
32.6 0.16887464711121103 0.0006970985026434617
32.63333333333333 0.11118294450527899 0.0006678935029371391
32.666666666666664 0.04744028833072253 0.0006341022180634467
32.7 -0.014839813930171156 0.0006124299675726776
32.733333333333334 -0.07863224056373265 0.0006482083770235902
32.766666666666666 -0.13944075442618942 0.0006788426260281866
32.8 -0.19870524049660046 0.0007092252518385855
32.833333333333336 -0.24822249083285255 0.0007308350491413429
32.86666666666667 -0.295359135187195 0.0007491772365206817
32.9 -0.3320470286526677 0.0007634939388710404
32.93333333333333 -0.35896864046649346 0.0007730539964216909
32.96666666666667 -0.37784993866497757 0.0007796913036878239
33.0 -0.38814737865317306 0.0007839167331366581
33.03333333333333 -0.38552166239686386 0.0007845778174486728
33.06666666666667 -0.3725737798593883 0.0007808665007048021
33.1 -0.34966302446925895 0.0007720212464731313
33.13333333333333 -0.31733419070156416 0.0007601520087552882
33.166666666666664 -0.2761514070976845 0.0007434839530669479
33.2 -0.22880082295463197 0.0007240535415323768
33.233333333333334 -0.17269942115759226 0.0006977858197345921
33.266666666666666 -0.11495488026799003 0.0006677138026576768
33.3 -0.05372885523004362 0.0006363367283395843
33.333333333333336 0.010274429037653026 0.0006089623027341166
33.36666666666667 0.07215544073549274 0.0006463155896835743
33.4 0.13468642011241838 0.0006785747810859888
33.43333333333333 0.19183381680323736 0.0007067521241378438
33.46666666666667 0.2425250343041597 0.0007295188304685674
33.5 0.28706773839435334 0.0007495524812390908
33.53333333333333 0.3277510624998694 0.0007639155453083024
33.56666666666667 0.35367368771060836 0.0007770426099879546
33.6 0.3725885238480211 0.0007823018397269954
33.63333333333333 0.38315482602452267 0.0007875351669062169
33.666666666666664 0.3830455841411355 0.0007880176854974108
33.7 0.37005583996755975 0.0007818226841621589
33.733333333333334 0.3499101604010686 0.0007756086842581333
33.766666666666666 0.31875256121804185 0.000764809669445865
33.8 0.2798441455218638 0.0007483781965370584
33.833333333333336 0.234889509884808 0.0007307090710273467
33.86666666666667 0.1799803034815762 0.0007047856855934564
33.9 0.12222814474381231 0.0006736414162253346
33.93333333333333 0.060964993633807835 0.0006411965888417984
33.96666666666667 -0.0020155393665877105 0.0006033183697190902
34.0 -0.0636925235062196 0.0006383753976031692
34.03333333333333 -0.12371384163010908 0.000670196279951199
34.06666666666667 -0.1810463783725218 0.0006988285407969197
34.1 -0.23218695169450457 0.0007219037139414575
34.13333333333333 -0.28012912422891345 0.0007448124761789687
34.166666666666664 -0.3188488953140729 0.0007577689080242034
34.2 -0.35026437696457535 0.0007691916114855868
34.233333333333334 -0.37128543581128975 0.0007774600666816123
34.266666666666666 -0.381860267210105 0.0007811413438726378
34.3 -0.3824916536187216 0.000781679380418121
34.333333333333336 -0.37291305839964 0.0007791798264379923
34.36666666666667 -0.35348956502087414 0.0007735482573608676
34.4 -0.32357790936904407 0.0007630844051982888
34.43333333333333 -0.28548293142800163 0.0007477608983802453
34.46666666666667 -0.23913991925673297 0.0007284916116616358
34.5 -0.18770053518833604 0.000704001559404116
34.53333333333333 -0.1285937158884276 0.0006756165282152671
34.56666666666667 -0.069443390646767 0.0006442312702970854
34.6 -0.006552992989548995 0.0006034142162659253
34.63333333333333 0.057094559159633414 0.0006355196975724037
34.666666666666664 0.11808423214614963 0.0006705744381581696
34.7 0.17381359196345958 0.000700441484948966
34.733333333333334 0.2273272268441888 0.0007234894582113793
34.766666666666666 0.27430061871079575 0.0007437193951212451
34.8 0.3134083658695119 0.00076188747825362
34.833333333333336 0.3449851512814079 0.0007706016758731171
34.86666666666667 0.364642374499118 0.0007829105915325152
34.9 0.3780612896761514 0.0007854532261040159
34.93333333333333 0.37929965271034977 0.0007862474085105209
34.96666666666667 0.3721732739501097 0.0007832632988746258
35.0 0.3549133160495787 0.0007772603656310273
35.03333333333333 0.32731799790949967 0.0007675934216738178
35.06666666666667 0.2878601066055251 0.0007519327927134611
35.1 0.24219274750762113 0.0007333443799326378
35.13333333333333 0.19576213192585667 0.0007104240232736203
35.166666666666664 0.135877705749947 0.0006819097082147452
35.2 0.07648449050638466 0.000649126559557775
35.233333333333334 0.015156660444384117 0.0006134320789917599
35.266666666666666 -0.04747072453200485 0.0006316327371271441
35.3 -0.10990517128167471 0.0006619743801921374
35.333333333333336 -0.16681450802299413 0.0006926401035588226
35.36666666666667 -0.22003222624182417 0.000717856022251967
35.4 -0.26690895415412497 0.0007384199384312673
35.43333333333333 -0.3075826442910701 0.000753683759161905
35.46666666666667 -0.34003872971826127 0.0007657842883551647
35.5 -0.3629275844399774 0.0007739442035800126
35.53333333333333 -0.37643969161018065 0.000779997767571261
35.56666666666667 -0.3790169551967439 0.0007849684763384657
35.6 -0.37237418681531476 0.0007837034349889027
35.63333333333333 -0.35546040599489775 0.0007732290622142202
35.666666666666664 -0.32903120280779574 0.0007654134545578284
35.7 -0.29158450836996336 0.0007494757381841244
35.733333333333334 -0.24942082344568184 0.0007314157238877961
35.766666666666666 -0.19766387691373918 0.0007091317832425004
35.8 -0.1429772940115966 0.0006834452657530077
35.833333333333336 -0.08179185563975779 0.0006494404631884609
35.86666666666667 -0.02099053176958154 0.0006171235424853247
35.9 0.04111993227611568 0.0006295286710525858
35.93333333333333 0.1007233425059674 0.0006630177022050876
35.96666666666667 0.1604986309707661 0.0006920752980994205
36.0 0.21250748390362914 0.0007166704079374364
36.03333333333333 0.26249710407211124 0.0007369689195509399
36.06666666666667 0.3031986377282942 0.0007513544166436459
36.1 0.33691219823864316 0.0007693246373681184
36.13333333333333 0.35938064695119293 0.0007769408270739686
36.166666666666664 0.37131160022323784 0.0007827200251219191
36.2 0.3780181611785667 0.0007841530264462993
36.233333333333334 0.3725034349866461 0.0007828766427355749
36.266666666666666 0.35653632960508647 0.0007787243922653952
36.3 0.32981720369930745 0.0007708190240507395
36.333333333333336 0.2971655191319111 0.000754493720919458
36.36666666666667 0.25447039450328107 0.0007376471504565996
36.4 0.20583709830872887 0.0007172229132065278
36.43333333333333 0.1530534034879607 0.0006930194554169433
36.46666666666667 0.0926667909037656 0.0006578305691502251
36.5 0.031927577729939295 0.0006228350796023685
36.53333333333333 -0.03058183880012303 0.0006218420640498046
36.56666666666667 -0.09318461672592226 0.0006555563966879341
36.6 -0.15395378054050468 0.0006881129085029303
36.63333333333333 -0.20604999760875461 0.0007115140157026578
36.666666666666664 -0.2550075792080367 0.0007334670683464273
36.7 -0.2972934403103402 0.0007497514685255169
36.733333333333334 -0.33063296863243424 0.0007624592849725387
36.766666666666666 -0.35497802057944 0.0007722979183510392
36.8 -0.36900006439345057 0.0007791736637670077
36.833333333333336 -0.3750997167262687 0.0007805872475671327
36.86666666666667 -0.37067207340932845 0.0007791398292766316
36.9 -0.35507202857825876 0.0007746221565009259
36.93333333333333 -0.3314196246413725 0.0007653887935454295
36.96666666666667 -0.29822005236562804 0.0007531867682909477
37.0 -0.25592130577819505 0.0007346353778474035
37.03333333333333 -0.20760029862123666 0.0007132929066029359
37.06666666666667 -0.1527368027454256 0.0006865455539021292
37.1 -0.09497591618887277 0.0006582758648869119
37.13333333333333 -0.03686632445782683 0.0006249737185477708
37.166666666666664 0.025637146785100495 0.0006183216897611039
37.2 0.08759904781833668 0.0006534080405918297
37.233333333333334 0.14439993388646713 0.0006846940908473986
37.266666666666666 0.1993765666156964 0.0007103103608779582
37.3 0.250194381557455 0.0007342652016822937
37.333333333333336 0.29194485066146947 0.0007513544301609998
37.36666666666667 0.3236085358388479 0.0007658958073006317
37.4 0.3529394163275794 0.000775966730243105
37.43333333333333 0.36746245301022673 0.0007812348394809487
37.46666666666667 0.37246838948156596 0.0007854133894992787
37.5 0.36944927553916956 0.0007829130780176441
37.53333333333333 0.3577312417839925 0.0007780784438261024
37.56666666666667 0.33354050761286097 0.0007678751608762302
37.6 0.30128680996575335 0.0007567225764416041
37.63333333333333 0.26012122578657243 0.0007366127574128245
37.666666666666664 0.21385171722645802 0.0007209457773389161
37.7 0.16242210324303955 0.00069457956456076
37.733333333333334 0.10605364705465681 0.0006655762819423316
37.766666666666666 0.04453405187497654 0.0006304716246778794
37.8 -0.020077015305702522 0.0006168672218575498
37.833333333333336 -0.07902954698188695 0.0006474703008681332
37.86666666666667 -0.1384627756004192 0.0006791650907268798
37.9 -0.1916328490032132 0.000704891059089302
37.93333333333333 -0.24103919093213014 0.0007265049668434831
37.96666666666667 -0.2861357956976786 0.0007472285983244342
38.0 -0.3187528843634956 0.0007583740186554722
38.03333333333333 -0.34623408531524175 0.0007683354023431122
38.06666666666667 -0.36377331264726087 0.0007751874614483345
38.1 -0.3717847949716051 0.0007785576791709548
38.13333333333333 -0.36915933342350876 0.0007776852864681549
38.166666666666664 -0.3559442812650621 0.0007734008447519702
38.2 -0.3350865268696403 0.0007654843649704812
38.233333333333334 -0.3036713886518598 0.0007542919609054843
38.266666666666666 -0.26288565118942814 0.0007382154773405425
38.3 -0.21817233727930446 0.0007196261677406834
38.333333333333336 -0.1657992357848764 0.0006946889459913952
38.36666666666667 -0.10885944081560675 0.0006644723223327292
38.4 -0.05180759327077084 0.0006339877813785824
38.43333333333333 0.013949016710873795 0.0006114118178994765
38.46666666666667 0.07414467201048994 0.0006469434671020763
38.5 0.13254725938025258 0.0006781261771486857
38.53333333333333 0.18712208245066309 0.0007039217740944514
38.56666666666667 0.2352825168732132 0.0007250279720148189
38.6 0.27944096484360464 0.0007427447389701802
38.63333333333333 0.3145670776537218 0.0007595656551568353
38.666666666666664 0.3418959558081185 0.0007718472404262267
38.7 0.3580644536715762 0.0007775935865335093
38.733333333333334 0.3666196808008604 0.0007813344131463729
38.766666666666666 0.36647682148090865 0.0007810597245511697
38.8 0.3562844973111535 0.000776154174973509
38.833333333333336 0.3347214277624084 0.0007698853859504085
38.86666666666667 0.3068032102024956 0.0007577194819694544
38.9 0.2676210725292893 0.0007416303195301177
38.93333333333333 0.22339148583386068 0.0007238090379346751
38.96666666666667 0.17067936496394598 0.0006980935565004398
39.0 0.11758463966296731 0.0006704902412672797
39.03333333333333 0.05848859550075516 0.0006385276609604459
39.06666666666667 -0.0037166206516467226 0.0006051137822979014
39.1 -0.06388092356491283 0.0006381887494479599
39.13333333333333 -0.12209880424044058 0.0006717174376376644
39.166666666666664 -0.1764293773809235 0.0006981925080401519
39.2 -0.22914511619788389 0.0007238090929548302
39.233333333333334 -0.27194290369925067 0.0007393177726263134
39.266666666666666 -0.3093740453186465 0.0007552742642482069
39.3 -0.3378826941180028 0.0007661033319972255
39.333333333333336 -0.35631979216130066 0.0007718122941761107
39.36666666666667 -0.36664844085450754 0.000776183805607511
39.4 -0.367012747864916 0.0007763356648473052
39.43333333333333 -0.3576767206083093 0.00077411156451479
39.46666666666667 -0.3385589138618128 0.0007668783270758928
39.5 -0.3103487179682842 0.0007549952545706229
39.53333333333333 -0.2717894260290425 0.0007419379695149386
39.56666666666667 -0.2284208398860775 0.0007226248074436725
39.6 -0.174717108785079 0.0006974554379733378
39.63333333333333 -0.12042928633413517 0.0006711055391986631
39.666666666666664 -0.06015288768926423 0.0006405991664189814
39.7 0.0009155728616540606 0.0006028079366414821
39.733333333333334 0.06023225456595545 0.0006375689291722719
39.766666666666666 0.11837714627618556 0.0006692170537558051
39.8 0.17262513600914164 0.0006966659086083959
39.833333333333336 0.22347324817046746 0.0007198482103532577
39.86666666666667 0.2695026648585719 0.0007419698413705933
39.9 0.3070045251621666 0.000755806808369508
39.93333333333333 0.334690375454425 0.000768108964579739
39.96666666666667 0.35434971180429564 0.000775461294600821
40.0 0.3638819903471715 0.0007785775166228026
40.03333333333333 0.36524684838418675 0.0007799196356218507
40.06666666666667 0.3572256793714353 0.0007770472747801738
40.1 0.33866427159970164 0.000770745162619324
40.13333333333333 0.3099384634165929 0.0007597307700634715
40.166666666666664 0.27365068009246035 0.000746263234635447
40.2 0.23068250242293734 0.0007265242806745176
40.233333333333334 0.18045053664498403 0.0007017978098212141
40.266666666666666 0.1281672544108202 0.0006762204089345303
40.3 0.06899811441092676 0.0006441335832448464
40.333333333333336 0.008353224371869198 0.0006099882245745834
40.36666666666667 -0.05228175037508315 0.0006319080076684358
40.4 -0.10808516510515166 0.0006611922909127016
40.43333333333333 -0.16349711642239345 0.0006897694408232458
40.46666666666667 -0.2144115052751328 0.0007148995468777009
40.5 -0.26000569059902234 0.0007380273060652587
40.53333333333333 -0.2988182995801272 0.0007489545405604536
40.56666666666667 -0.3297310481590984 0.0007608483079181161
40.6 -0.35034475904747536 0.0007698259413201902
40.63333333333333 -0.36159381370887084 0.0007737404489993049
40.666666666666664 -0.36274824184671867 0.000774064187162915
40.7 -0.3560805418116188 0.0007736911509804711
40.733333333333334 -0.33933133535015975 0.0007662319621110081
40.766666666666666 -0.3114693473301839 0.0007587369470093419
40.8 -0.27734344946376427 0.0007437773837410955
40.833333333333336 -0.2336040631016035 0.000726532151292647
40.86666666666667 -0.1853035915539695 0.0007026623148442546
40.9 -0.12943493683412322 0.0006748956870147038
40.93333333333333 -0.07222382281213854 0.0006437646212075349
40.96666666666667 -0.014169982883877117 0.0006099489737208929
41.0 0.04620542756308809 0.0006296885710712283
41.03333333333333 0.10507820634283394 0.0006639668857102848
41.06666666666667 0.1606240426191461 0.0006927349782221703
41.1 0.2108192143204765 0.0007175942082229547
41.13333333333333 0.2571238697466749 0.0007356977731467484
41.166666666666664 0.2936511195962551 0.0007522626085535999
41.2 0.32538016369592493 0.0007642861471480189
41.233333333333334 0.34678680752447866 0.0007729662452991559
41.266666666666666 0.35967409685550544 0.0007775520400197244
41.3 0.3630083419078155 0.0007807465419097381
41.333333333333336 0.3556448795838151 0.0007785465683841086
41.36666666666667 0.34083704213733623 0.0007716273253812744
41.4 0.31299339994527564 0.0007654583145864646
41.43333333333333 0.27842849619457916 0.0007481630355937741
41.46666666666667 0.23747969254367723 0.0007307269646058545
41.5 0.1923057408583195 0.0007082847667101433
41.53333333333333 0.13875274679372362 0.000681384809179203
41.56666666666667 0.08196366141872068 0.000650438150810867
41.6 0.021296641452084597 0.0006176992908983464
41.63333333333333 -0.037079342312806025 0.0006266299086971211
41.666666666666664 -0.09530829821669258 0.0006570305163170892
41.7 -0.15398350941387978 0.0006878132275082716
41.733333333333334 -0.20241136918924907 0.0007087127723499342
41.766666666666666 -0.24873711631325854 0.0007308086106575795
41.8 -0.2894994014261631 0.0007471114778089261
41.833333333333336 -0.3198016631959687 0.0007596459917968978
41.86666666666667 -0.3440404640068026 0.0007684687822096525
41.9 -0.3574086038543437 0.0007737557401981121
41.93333333333333 -0.3611645191787364 0.0007748207635224214
41.96666666666667 -0.35545198323327243 0.0007728810839007783
42.0 -0.3397183633653374 0.0007674912489644692
