0.0 0.27001405339185064 0.0007446805360009634
0.03333333333333333 0.23392305866114513 0.0007271830525080181
0.06666666666666667 0.18870423260773075 0.0007059662860759985
0.1 0.14156590647828912 0.0006839325875677704
0.13333333333333333 0.08868410215193383 0.0006534670497247708
0.16666666666666666 0.03520897312917 0.0006226158121808573
0.2 -0.021436199259393468 0.0006158543840259038
0.23333333333333334 -0.07831664337042851 0.0006475906190524378
0.26666666666666666 -0.13086830082981088 0.0006752625442028592
0.3 -0.18118665923004967 0.0006984171257858329
0.3333333333333333 -0.2251945034741411 0.0007188459263433589
0.36666666666666664 -0.26388914606008995 0.0007358002296271593
0.4 -0.29487613838934196 0.0007487769013100332
0.43333333333333335 -0.3191113715978644 0.0007588766499680433
0.4666666666666667 -0.33471902949328486 0.0007626236461312774
0.5 -0.34069716427804464 0.0007670272795410327
0.5333333333333333 -0.33727113651334045 0.0007648843743057188
0.5666666666666667 -0.3241848857809977 0.0007598043314935299
0.6 -0.3041499651966258 0.00075365179844189
0.6333333333333333 -0.275789599742364 0.0007411058080641353
0.6666666666666666 -0.23859401853235532 0.0007262177025106342
0.7 -0.1945488381589003 0.0007054320288105154
0.7333333333333333 -0.14537620374285765 0.0006826062697322388
0.7666666666666667 -0.09282019487340355 0.0006553974503899218
0.8 -0.03812550827068876 0.0006234784872477181
0.8333333333333334 0.017843610184261564 0.0006134223779824498
0.8666666666666667 0.07325903410019856 0.0006456003570533969
0.9 0.12595899266524432 0.0006720562430807542
0.9333333333333333 0.17556380000704142 0.0006980484303743539
0.9666666666666667 0.2204236991223077 0.0007188589204857876
1.0 0.2586007203656008 0.000736088933342427
1.0333333333333334 0.29047270718892204 0.0007489642290129384
1.0666666666666667 0.31457112902406725 0.0007601194027898606
1.1 0.3284311084952314 0.0007648975569009009
1.1333333333333333 0.3359048620054597 0.0007657335792140008
1.1666666666666667 0.33349090045560303 0.0007669231751401551
1.2 0.32175157889342004 0.0007625341013818288
1.2333333333333334 0.3011404994656424 0.0007552728453010804
1.2666666666666666 0.27403719276094035 0.0007435713145705347
1.3 0.2387123713112541 0.000729836045837734
1.3333333333333333 0.19669518570794836 0.0007103689895151255
1.3666666666666667 0.14816495239777336 0.0006858165139428662
1.4 0.09460249719422083 0.0006577676617575967
1.4333333333333333 0.041083157861365543 0.0006259229551787704
1.4666666666666666 -0.01346572933874306 0.0006102176402101901
1.5 -0.06808458732026201 0.0006407602091458853
1.5333333333333334 -0.12203056337412314 0.0006699135522340444
1.5666666666666667 -0.17002570230188208 0.0006925203349823217
1.6 -0.21493050221839474 0.0007126346827067143
1.6333333333333333 -0.25436664319570707 0.0007300126085073577
1.6666666666666667 -0.28773801096801965 0.0007450310484746203
1.7 -0.31285351506246667 0.0007545887551256847
1.7333333333333334 -0.330025990499588 0.0007623994651653199
1.7666666666666666 -0.3378719770611677 0.0007652561173185357
1.8 -0.33466346815731696 0.0007635826978348303
1.8333333333333333 -0.3242449335425015 0.0007602088751472724
1.8666666666666667 -0.3044291654383602 0.0007538551040582875
1.9 -0.2755468383645617 0.0007420342251407419
1.9333333333333333 -0.2403253431458285 0.000727169558445151
1.9666666666666666 -0.19783776588245752 0.0007104296385443132
2.0 -0.150682305917679 0.0006857424953992663
2.033333333333333 -0.10243488755361006 0.0006625893617652201
2.066666666666667 -0.04601961029502438 0.0006306553440544801
2.1 0.008680995175809864 0.0006076753235843974
2.1333333333333333 0.0646642657397645 0.0006404865148662287
2.1666666666666665 0.11775623122910583 0.0006695088434786611
2.2 0.16480678983659813 0.0006931242698852702
2.2333333333333334 0.21131621817527932 0.0007141098821051017
2.2666666666666666 0.2521359154510899 0.0007327842839666143
2.3 0.28233919552888515 0.0007461091378345164
2.3333333333333335 0.30843441829230117 0.000755747694649922
2.3666666666666667 0.32482339299645696 0.0007640154023469958
2.4 0.3339416698221612 0.0007669035263533353
2.433333333333333 0.3326669894538392 0.0007666813966881736
2.466666666666667 0.32295388315888646 0.0007631847306609485
2.5 0.30290245029031915 0.0007545742718377269
2.533333333333333 0.27712420776809277 0.0007459007473009094
2.566666666666667 0.24288286871041037 0.0007352170964201876
2.6 0.19937126775479722 0.0007120799906909225
2.6333333333333333 0.15388516947750794 0.0006885492719961861
2.6666666666666665 0.10396002161985465 0.0006627991579922637
2.7 0.051233426471918087 0.0006330703083226238
2.7333333333333334 -0.005803787247297939 0.0006064014666988856
2.7666666666666666 -0.06002636064758491 0.0006368691564458476
2.8 -0.1117157041487949 0.000664671947404355
2.8333333333333335 -0.16305027236690003 0.0006901745575718099
2.8666666666666667 -0.20706902539411481 0.0007106507502700199
2.9 -0.24904078657709391 0.0007286651744661254
2.933333333333333 -0.28235500445282163 0.0007427103002443647
2.966666666666667 -0.3079839184894996 0.0007531471763498332
3.0 -0.3246562884957909 0.0007594488463464333
3.033333333333333 -0.33267079161519086 0.0007623142356693036
3.066666666666667 -0.33228733096417706 0.0007630420504089463
3.1 -0.3229884130494026 0.0007600627287006056
3.1333333333333333 -0.3058365888461564 0.0007538853056430206
3.1666666666666665 -0.280179443612649 0.0007455198270404639
3.2 -0.2450230221654122 0.0007294965029202571
3.2333333333333334 -0.20384898151908595 0.0007135987577304992
3.2666666666666666 -0.1574955038155117 0.0006897840594952409
3.3 -0.10797088461443834 0.0006633180533961308
3.3333333333333335 -0.05460661009417274 0.0006342907364128084
3.3666666666666667 0.000540512180136202 0.0006035439257506646
3.4 0.05419508805746092 0.0006340692635680642
3.433333333333333 0.10779469896424106 0.0006639977454074991
3.466666666666667 0.1588050865106809 0.0006903478591607226
3.5 0.20170625705025402 0.0007115754778380112
3.533333333333333 0.24092703915889987 0.0007287044322522307
3.566666666666667 0.2758606218494211 0.0007433177956788772
3.6 0.2998189682739294 0.0007541486578572787
3.6333333333333333 0.31889969966537746 0.0007618883281079181
3.6666666666666665 0.3296020385200367 0.0007659883392379663
3.7 0.32924727736921455 0.0007655241966196824
3.7333333333333334 0.32027901328370056 0.0007623867255650563
3.7666666666666666 0.3024950587295648 0.0007565076226014322
3.8 0.2762739713623241 0.0007461012233417885
3.8333333333333335 0.24480646991923996 0.0007332614829056727
3.8666666666666667 0.2044777474587674 0.0007146626936018752
3.9 0.15877321177721015 0.0006926207637721338
3.933333333333333 0.10994101441246548 0.0006674530236475545
3.966666666666667 0.05719871821049315 0.0006375359636318981
4.0 0.00445595280845695 0.0006039407902930236
4.033333333333333 -0.05144646774429443 0.0006316151470148745
4.066666666666666 -0.10336439887204459 0.0006594715378392124
4.1 -0.1547369884442615 0.0006861468145232807
4.133333333333334 -0.20032452764769604 0.000707984420352914
4.166666666666667 -0.2403727655576069 0.0007261138960706903
4.2 -0.2743000186976716 0.0007407376389000908
4.233333333333333 -0.30133858065208463 0.0007504663751442542
4.266666666666667 -0.3185575845609692 0.0007578632473406732
4.3 -0.3294622253183221 0.0007619811002897436
4.333333333333333 -0.33129764210793344 0.0007628834787956063
4.366666666666666 -0.32261694714835026 0.0007596505295549005
4.4 -0.30663197026122396 0.0007538317683169482
4.433333333333334 -0.28136258890551935 0.0007447881180850935
4.466666666666667 -0.247339488529941 0.0007301698890321284
4.5 -0.2087913383923379 0.0007136492492946511
4.533333333333333 -0.16444129022794643 0.0006928980012183561
4.566666666666666 -0.11394491751655592 0.0006682695129610478
4.6 -0.061816124616782486 0.0006390370774282256
4.633333333333334 -0.009016355532391104 0.0006075721861941823
4.666666666666667 0.044929373251832605 0.0006285283320955695
4.7 0.09777464664737669 0.0006593704238851833
4.733333333333333 0.14732422319078303 0.0006847286056917423
4.766666666666667 0.1937051312980535 0.0007069571501165661
4.8 0.23502421192561565 0.0007265418667728452
4.833333333333333 0.2667213469639337 0.0007395893416990984
4.866666666666666 0.2950382737046842 0.0007516203708188285
4.9 0.31420773701030236 0.0007602184686794633
4.933333333333334 0.3238574713012309 0.0007644780308913024
4.966666666666667 0.3251686751087849 0.0007643125539618656
5.0 0.31928160598376293 0.0007620613359392014
5.033333333333333 0.30241152569484564 0.0007569261233085212
5.066666666666666 0.27839301304735425 0.0007481861627338104
5.1 0.24725990225877242 0.0007348164260334578
5.133333333333334 0.20877924707480505 0.0007163313253925052
5.166666666666667 0.1645160294890891 0.0006944580604921757
5.2 0.11695279206819784 0.0006705455311407094
5.233333333333333 0.06515111798948306 0.000641672751493863
5.266666666666667 0.011510876691200557 0.000609618114274315
5.3 -0.041832050547352916 0.000627986561997855
5.333333333333333 -0.0963720746925398 0.0006563304546663984
5.366666666666666 -0.14511310020243534 0.0006816541752108218
5.4 -0.19140181658849426 0.0007036737386717784
5.433333333333334 -0.2320486141956132 0.0007201047057535936
5.466666666666667 -0.2643008879634775 0.0007338684924926842
5.5 -0.2932759329942888 0.0007465489009308435
5.533333333333333 -0.31192210111183766 0.0007548504479281126
5.566666666666666 -0.32238637155308564 0.0007581818309687627
5.6 -0.3241204991704056 0.0007586245395442837
5.633333333333334 -0.31871150548060817 0.0007577827436405782
5.666666666666667 -0.30426241623786476 0.0007510550488589174
5.7 -0.2838429724235436 0.0007440608457369713
5.733333333333333 -0.2522248567362105 0.0007328762698188274
5.766666666666667 -0.21437355627492266 0.0007145518658106809
5.8 -0.16896780718263982 0.0006931439152088881
5.833333333333333 -0.1208465429373351 0.0006707774098281272
5.866666666666666 -0.06958392535840903 0.000643407539687807
5.9 -0.01504920108876946 0.0006112191017497558
5.933333333333334 0.03680530904621178 0.0006249413361895315
5.966666666666667 0.08998518034819575 0.0006538029280904883
6.0 0.14014312008933158 0.0006807860402921195
6.033333333333333 0.18595761918932419 0.0007017712643481999
6.066666666666666 0.22810791932930619 0.0007238019581956023
6.1 0.2595026798476154 0.0007333750276570794
6.133333333333334 0.28917715387295245 0.0007492290580606853
6.166666666666667 0.3087068820162174 0.0007568005898785923
6.2 0.320974477825295 0.0007615199222282265
6.233333333333333 0.32397073530423803 0.0007628434681768992
6.266666666666667 0.318685806637609 0.000760625610504162
6.3 0.3036101880273018 0.0007563222150813731
6.333333333333333 0.2808690507630275 0.0007475636422677456
6.366666666666666 0.25127429493739195 0.0007334011577601607
6.4 0.21134384713025683 0.0007160966538613256
6.433333333333334 0.16938323428761412 0.0006974375583949366
6.466666666666667 0.12312776918558518 0.0006725520267820417
6.5 0.072500712073571 0.0006454654625505651
6.533333333333333 0.018954445514249425 0.0006137547841603905
6.566666666666666 -0.03408815628456604 0.0006223445891664833
6.6 -0.08694455051606789 0.0006504262217903456
6.633333333333334 -0.13797967736268177 0.000677303364023607
6.666666666666667 -0.18316218317451688 0.000699846673832466
6.7 -0.2243001711558588 0.00071962829197314
6.733333333333333 -0.2586853925586331 0.000732908314842684
6.766666666666667 -0.28801674852670284 0.000744915201333074
6.8 -0.3085936866158858 0.0007534259744841343
6.833333333333333 -0.32212376560666367 0.000758255642133332
6.866666666666666 -0.32459350962961664 0.000759895273002742
6.9 -0.31947161664246987 0.0007572869362633128
6.933333333333334 -0.30509184643049225 0.0007522853943185415
6.966666666666667 -0.28479519978476253 0.0007455273010639751
7.0 -0.25380198815372895 0.0007336056807706881
7.033333333333333 -0.21920436103597754 0.000718261157912542
7.066666666666666 -0.17509463793177252 0.0006972409883507225
7.1 -0.12675129576844732 0.0006742649824918179
7.133333333333334 -0.07583952908516675 0.0006466199759520702
7.166666666666667 -0.023028402872042768 0.0006166619348027848
7.2 0.030150365220406154 0.0006222512452683029
7.233333333333333 0.08274152928567 0.0006505979389954536
7.266666666666667 0.1325053122555597 0.0006768221788136519
7.3 0.1781074900103126 0.0007002584660804612
7.333333333333333 0.21891736711392343 0.0007188588351683678
7.366666666666666 0.25502872175089014 0.0007357625806981849
7.4 0.2845745898136827 0.000747862128184007
7.433333333333334 0.30447642220299465 0.000755202506788788
7.466666666666667 0.3175489486465999 0.000759708186603647
7.5 0.32063655960729787 0.000765423738548654
7.533333333333333 0.31709205608420826 0.0007619645513028961
7.566666666666666 0.3048487469035782 0.0007567108577113402
7.6 0.2818700126018132 0.0007472306325689848
7.633333333333334 0.2540723925652589 0.000736211525004693
7.666666666666667 0.21780350294381243 0.0007208819646765396
7.7 0.17697369628054418 0.0007000405639204232
7.733333333333333 0.1292647198175979 0.0006743015639309735
7.766666666666667 0.07960537778974512 0.0006504179600900356
7.8 0.026229825392625777 0.0006164082638734671
7.833333333333333 -0.025745324837500843 0.0006168631148478591
7.866666666666666 -0.0772396102077543 0.0006468799581546558
7.9 -0.127690868295059 0.0006721943114282591
7.933333333333334 -0.17372085914140295 0.0006953814504392364
7.966666666666667 -0.2163710755575975 0.0007155835692352619
8.0 -0.2525242439556094 0.0007343955488738341
8.033333333333333 -0.2821811652186354 0.0007433874201749902
8.066666666666666 -0.3037354999187229 0.000751055239956222
8.1 -0.3160716506792572 0.0007562916482656279
8.133333333333333 -0.32218701087328894 0.0007586845448631641
8.166666666666666 -0.31664751403995633 0.0007564129958649302
8.2 -0.30441057627937795 0.0007524129716940386
8.233333333333333 -0.28398999196616015 0.0007446292854795256
8.266666666666667 -0.2567233660014209 0.0007347739392958852
8.3 -0.2210200839297507 0.0007182161956065525
8.333333333333334 -0.1788424776756044 0.0006988244438460578
8.366666666666667 -0.1326483956456717 0.0006762458972734697
8.4 -0.08087430297470805 0.000648677607950468
8.433333333333334 -0.02945462868311659 0.000620340793205082
8.466666666666667 0.022606632715115704 0.0006156279736039792
8.5 0.07473426969558443 0.0006449325541835055
8.533333333333333 0.12331483975268498 0.0006710455210298671
8.566666666666666 0.17097859613531688 0.0006950322427653199
8.6 0.21175772531576184 0.0007151760443261101
8.633333333333333 0.2468523316739963 0.0007304428963280096
8.666666666666666 0.27804168114618716 0.0007444740495434199
8.7 0.2970775181859386 0.0007543395618840876
8.733333333333333 0.3134167703223685 0.0007579442938600023
8.766666666666667 0.3185449210800232 0.0007610253566849856
8.8 0.3143980478775176 0.0007594406012614852
8.833333333333334 0.30237127742777764 0.0007553449799551082
8.866666666666667 0.28379000990404235 0.0007481612254803816
8.9 0.2566689561248125 0.000737288382849477
8.933333333333334 0.22173687248213697 0.0007219884361468198
8.966666666666667 0.17919463779724978 0.0007028554510775109
9.0 0.1341930421764335 0.00067868531376164
9.033333333333333 0.08532443135578226 0.0006514431689731287
9.066666666666666 0.033988368368851454 0.0006222481739574376
9.1 -0.019062561283368328 0.0006136276735488437
9.133333333333333 -0.0710052517568378 0.0006420781718563251
9.166666666666666 -0.1210175990218312 0.000668422662376919
9.2 -0.1678945691740577 0.0006918865890749304
9.233333333333333 -0.21012194468759846 0.0007121507656328852
9.266666666666667 -0.24762276293063126 0.0007287089387101875
9.3 -0.27708019730247374 0.0007393361928798581
9.333333333333334 -0.2996304594967904 0.0007490227115760084
9.366666666666667 -0.31421344981719906 0.0007554701944607611
9.4 -0.31866607661320584 0.0007571269737957631
9.433333333333334 -0.315401804079336 0.000757054232184251
9.466666666666667 -0.3038084620524913 0.0007536055934748709
9.5 -0.2839613930690317 0.0007452696343281384
9.533333333333333 -0.2574771898673309 0.0007348388545242446
9.566666666666666 -0.22300675036830656 0.0007203913587273403
9.6 -0.18238837177816256 0.0007019712702740211
9.633333333333333 -0.13680145719523698 0.000678700771870655
9.666666666666666 -0.08804080205930555 0.0006521507867625065
9.7 -0.03691036998083575 0.0006245398395829035
9.733333333333333 0.016269048833529875 0.0006114397577278545
9.766666666666667 0.06576437250817013 0.0006417671057419444
9.8 0.11807172157048318 0.0006704467490697974
9.833333333333334 0.163512985529813 0.000693414521442226
9.866666666666667 0.2046060828773906 0.0007134430329859276
9.9 0.24212186630247692 0.0007300110993408992
9.933333333333334 0.27075035082698945 0.0007396267793424727
9.966666666666667 0.2956213091659823 0.0007527188408343877
10.0 0.3088066780235177 0.0007581693882512397
10.033333333333333 0.3117855630100158 0.0007605797795040004
10.066666666666666 0.31196033950068386 0.0007617001984556726
10.1 0.30019805762338037 0.0007564279062455825
10.133333333333333 0.2821784162760363 0.000748655995142844
10.166666666666666 0.2547281648950837 0.0007362667932795386
10.2 0.22217151334598545 0.0007222719503369168
10.233333333333333 0.18366892601736756 0.0007044022944527051
10.266666666666667 0.13752075768219504 0.0006810685278662854
10.3 0.09072243286248718 0.0006562205678509597
10.333333333333334 0.03953262185395611 0.0006268200902684248
10.366666666666667 -0.01127694966463095 0.0006096913038772037
10.4 -0.06449409551808193 0.0006407903195436854
10.433333333333334 -0.11379577970145195 0.0006665103032507669
10.466666666666667 -0.1609368518364123 0.0006895855858123079
10.5 -0.20214833677735342 0.0007080206703440617
10.533333333333333 -0.23898935307000724 0.0007240952654165023
10.566666666666666 -0.2700695634612355 0.000738175891942805
10.6 -0.29437901835426217 0.000748627404672686
10.633333333333333 -0.30900083794599437 0.0007527899878705946
10.666666666666666 -0.3166821115532469 0.0007570575780787014
10.7 -0.31503333995189753 0.0007570550161623557
10.733333333333333 -0.3052156230832825 0.0007525598807336942
10.766666666666667 -0.2859646573029299 0.0007458031168574575
10.8 -0.25997592669437203 0.0007361363070010896
10.833333333333334 -0.22741849560927038 0.0007225444010242887
10.866666666666667 -0.18842265875601794 0.0007034226284325651
10.9 -0.14548897829809207 0.0006850518223003033
10.933333333333334 -0.09699545773803052 0.0006579845322115807
10.966666666666667 -0.045559024876293784 0.0006307111960445963
11.0 0.007652658025363785 0.0006068906670512724
11.033333333333333 0.0604793719489463 0.0006377853692891011
11.066666666666666 0.10928640862805697 0.0006641666945278457
11.1 0.15692020530686676 0.0006876564526830942
11.133333333333333 0.19773291214273742 0.0007091150163704429
11.166666666666666 0.23464408269404352 0.0007273958833725336
11.2 0.2656210319002644 0.000739318049870763
11.233333333333333 0.2873538193271797 0.0007499351645605112
11.266666666666667 0.30459818254252274 0.000755897537620065
11.3 0.31201761725143057 0.0007585106790761742
11.333333333333334 0.31111921234543854 0.0007578907459805939
11.366666666666667 0.30220605042603055 0.0007551778381503227
11.4 0.28501371197395886 0.0007498015987360551
11.433333333333334 0.25882750023478535 0.0007365648799043112
11.466666666666667 0.22644595468493525 0.0007236700258313189
11.5 0.1886871611868278 0.0007056932509100777
11.533333333333333 0.14384637038330939 0.000683755780591988
11.566666666666666 0.0970678040987121 0.0006579781804725571
11.6 0.044847863058046326 0.0006288364749512942
11.633333333333333 -0.005788723058726384 0.00060575805588459
11.666666666666666 -0.057263723614757206 0.0006344420136439252
11.7 -0.10579393001769012 0.0006622538581047971
11.733333333333333 -0.15415290284784908 0.0006865296004066324
11.766666666666667 -0.19734971814851812 0.0007050555085845456
11.8 -0.23437455848216432 0.0007224309622868574
11.833333333333334 -0.2641874306496991 0.0007364711139404845
11.866666666666667 -0.2880223500716523 0.0007471551125851073
11.9 -0.30436109229471253 0.0007526599440792481
11.933333333333334 -0.311528279225761 0.0007550887943029716
11.966666666666667 -0.3116586286351915 0.0007557862402403082
12.0 -0.3019543457923193 0.000752191111322742
12.033333333333333 -0.2856650886320288 0.0007453709708367673
12.066666666666666 -0.26008806445564453 0.0007370909768598666
12.1 -0.22803549827373776 0.0007225633589361402
12.133333333333333 -0.19017380986590468 0.0007058386086389035
12.166666666666666 -0.1460805695633084 0.0006838960603623434
12.2 -0.0998148880501655 0.0006597236867190576
12.233333333333333 -0.05077431780423644 0.0006320555720123258
12.266666666666667 0.0003015953538146166 0.0006027007613324653
12.3 0.051940194775186556 0.0006311189085734317
12.333333333333334 0.10096400378352255 0.0006612889778312425
12.366666666666667 0.1495524809530646 0.0006851889955003521
12.4 0.19314893264716684 0.000705471329649654
12.433333333333334 0.2301366018606359 0.0007247682413431544
12.466666666666667 0.26035900155787856 0.0007371062034307596
12.5 0.2827583424890185 0.0007454999919304095
12.533333333333333 0.29908341519785947 0.0007555639644702405
12.566666666666666 0.3078731989067292 0.0007571086681094075
12.6 0.3075671662924222 0.0007579014602412948
12.633333333333333 0.29981036372686926 0.0007552994931759316
12.666666666666666 0.2844238504158081 0.0007487395585374368
12.7 0.25874960304490113 0.0007390082222725192
12.733333333333333 0.22921941011499505 0.0007248044539479581
12.766666666666667 0.19122593447510228 0.0007077084044717352
12.8 0.14880993006014218 0.0006869552062835904
12.833333333333334 0.10011205014262152 0.0006618056569436537
12.866666666666667 0.05131080597990466 0.0006337010460509412
12.9 -0.0003422934205859392 0.0006033762651997286
12.933333333333334 -0.04979452619242136 0.0006286707242987091
12.966666666666667 -0.10052142532056611 0.0006579748978412375
13.0 -0.1471152530157009 0.000681862765354535
13.033333333333333 -0.18982686822117226 0.0007019473629296946
13.066666666666666 -0.2277742548005478 0.0007197996279758867
13.1 -0.25956463968035237 0.0007332696466847421
13.133333333333333 -0.28493760409063196 0.0007433930761046037
13.166666666666666 -0.3024508747154132 0.000749950044733938
13.2 -0.3106776253899032 0.0007541980619011901
13.233333333333333 -0.30993857530941205 0.0007544880705933621
13.266666666666667 -0.3013709418054378 0.0007514500903761379
13.3 -0.2861372064748167 0.0007457999287156514
13.333333333333334 -0.2621714117608495 0.0007362738088697585
13.366666666666667 -0.23089849000167903 0.0007221470970239507
13.4 -0.19373207259585273 0.0007053340447087941
13.433333333333334 -0.15153290482064738 0.000685538396370422
13.466666666666667 -0.10344680540696077 0.0006616134286872577
13.5 -0.055062250581414625 0.0006348149114010909
13.533333333333333 -0.004974445284527456 0.0006055917998354227
13.566666666666666 0.04457160449472558 0.000629193131137816
13.6 0.09565051128651762 0.0006564698722633378
13.633333333333333 0.14156359400641805 0.0006804182713279205
13.666666666666666 0.18531570549111573 0.0007029209090033683
13.7 0.22294486009369838 0.0007196000613191866
13.733333333333333 0.25531452213191963 0.0007349604202189775
13.766666666666667 0.2784529445091692 0.0007446558623241395
13.8 0.2957548637500148 0.0007507501400155214
13.833333333333334 0.3050247508769121 0.0007547667153681714
13.866666666666667 0.30558329229306724 0.0007554942994442149
13.9 0.29824484831793796 0.0007536371032534905
13.933333333333334 0.28299657268304773 0.0007488984910057339
13.966666666666667 0.2599995657438706 0.0007399171218976375
14.0 0.22678886282944 0.0007241808804687999
14.033333333333333 0.1925655043936532 0.0007085943399149641
14.066666666666666 0.15162272934116366 0.0006889784174491653
14.1 0.10551542159336183 0.000662968435736655
14.133333333333333 0.05809064731308386 0.000636625988443898
14.166666666666666 0.007548227669868722 0.0006054168548671173
14.2 -0.04341956209626944 0.0006279643401941176
14.233333333333333 -0.0930399896278485 0.0006546460675273397
14.266666666666667 -0.1390478504586178 0.0006777852444472543
14.3 -0.18321563678432298 0.0006996674539622993
14.333333333333334 -0.2206481335025309 0.0007168276331120105
14.366666666666667 -0.2536989582572304 0.0007314429017398205
14.4 -0.2797463517409718 0.0007444400189623446
14.433333333333334 -0.2969544841114516 0.0007509599162233704
14.466666666666667 -0.30566433228326223 0.0007526521438433464
14.5 -0.3067887659868272 0.0007536151682049907
14.533333333333333 -0.3003474007020982 0.0007512656614468982
14.566666666666666 -0.28564843076637153 0.0007449971013205325
14.6 -0.26221782357634976 0.000736424749630149
14.633333333333333 -0.23287365094702558 0.0007229093858996116
14.666666666666666 -0.19572885421262753 0.0007055050772989402
14.7 -0.15472805622131927 0.0006873171198392147
14.733333333333333 -0.10970220379169694 0.000665696566914814
14.766666666666667 -0.061362123628998726 0.0006359666761548768
14.8 -0.010510677251834251 0.0006076462037520186
14.833333333333334 0.03929465858595034 0.00062479808354899
14.866666666666667 0.08833002239599685 0.000651918653053446
14.9 0.13573863213723272 0.0006779415315709969
14.933333333333334 0.17774754073630195 0.0006986208943565164
14.966666666666667 0.2166551043923597 0.0007174946031141827
15.0 0.24715163581325367 0.0007308277197259072
15.033333333333333 0.2719337261766808 0.0007432188330007694
15.066666666666666 0.2899777300593129 0.0007491602938713982
15.1 0.3009014485589868 0.0007540252943337711
15.133333333333333 0.30430081781610324 0.0007553815238179329
15.166666666666666 0.29582078221807334 0.0007530590339961951
15.2 0.282363950469709 0.0007479682101332319
15.233333333333333 0.25835915473774723 0.0007374153257893035
15.266666666666667 0.22918984484026095 0.0007254670612538705
15.3 0.19544727127588538 0.0007107836268580303
15.333333333333334 0.15471106578344032 0.000692492643045689
15.366666666666667 0.11100943108581016 0.0006662745158878547
15.4 0.0626977606234368 0.0006394943336059389
15.433333333333334 0.013027110485747756 0.000608432376421511
15.466666666666667 -0.03610704948185132 0.0006241781897131718
15.5 -0.08632202946437513 0.0006509297060795227
15.533333333333333 -0.1323783996960801 0.0006745971335044287
15.566666666666666 -0.17572361467238634 0.0006967403568244879
15.6 -0.21397705732454914 0.0007137239693262021
15.633333333333333 -0.24615594376678882 0.0007280076541697489
15.666666666666666 -0.2739316254629867 0.0007394463905966431
15.7 -0.2914549201441882 0.0007479033665934165
15.733333333333333 -0.30152482684539617 0.0007507058585515813
15.766666666666667 -0.303263001324402 0.000751436822164997
15.8 -0.298269856010806 0.0007498886760023415
15.833333333333334 -0.28635332897631 0.0007460232263143407
15.866666666666667 -0.26265234745956234 0.0007362554868661775
15.9 -0.235563154251415 0.0007279730041725996
15.933333333333334 -0.2014603117764298 0.000713006518855086
15.966666666666667 -0.15862949592168216 0.0006896040697021433
16.0 -0.11480743547802308 0.0006679712987758268
16.033333333333335 -0.0653252156245658 0.0006405336883375939
16.066666666666666 -0.01487899030824199 0.0006115348223331134
16.1 0.03476571042808642 0.0006230362707791287
16.133333333333333 0.08278640436104387 0.0006506307721433069
16.166666666666668 0.12739883934699295 0.0006756521856086106
16.2 0.17134647208304626 0.0006965738680324574
16.233333333333334 0.2071712469273229 0.0007156054353334718
16.266666666666666 0.2426979776705419 0.0007290152936260674
16.3 0.26809519128818604 0.0007406639847279961
16.333333333333332 0.28594999960400436 0.0007492965795633522
16.366666666666667 0.29631786556462997 0.0007538918169439635
16.4 0.29850948935272076 0.0007555985268240528
16.433333333333334 0.2942263350458473 0.0007521005771666256
16.466666666666665 0.2820499098217859 0.000747819047754561
16.5 0.2594418356824941 0.0007372469415566352
16.533333333333335 0.2329273473891133 0.000725277101427918
16.566666666666666 0.1997096552138961 0.000713437112805887
16.6 0.1584095786943247 0.0006917960901403342
16.633333333333333 0.11603035522265874 0.000667572681828002
16.666666666666668 0.06870001043591724 0.0006418429444701307
16.7 0.01927497605502176 0.000613873624364606
16.733333333333334 -0.030314337233354086 0.0006195616795770277
16.766666666666666 -0.07954984445041392 0.0006463478350371837
16.8 -0.12657129335199202 0.0006718500797967264
16.833333333333332 -0.16909491877856075 0.0006928191713868603
16.866666666666667 -0.20722083592693374 0.0007108624643828998
16.9 -0.2407773694518795 0.0007258177349604156
16.933333333333334 -0.26748670679332437 0.0007368121118963566
16.966666666666665 -0.28667866888776133 0.0007453840553462987
17.0 -0.2987900102221644 0.0007510927540272938
17.033333333333335 -0.30109771449733297 0.000751336439652972
17.066666666666666 -0.2968256037878818 0.0007493222792603338
17.1 -0.28315347779508937 0.0007453368913867275
17.133333333333333 -0.26330027467894873 0.0007375103083454015
17.166666666666668 -0.234711661088508 0.0007250976671168696
17.2 -0.2011347359008757 0.0007102892584905651
17.233333333333334 -0.16159622338602633 0.0006917806368186563
17.266666666666666 -0.11761555027454387 0.0006707230964226457
17.3 -0.07029221284007668 0.0006427771505739116
17.333333333333332 -0.021409952905880658 0.0006168631800852545
17.366666666666667 0.027806456580592286 0.0006194829947817337
17.4 0.07679054496471063 0.0006457709726709615
17.433333333333334 0.1241333835521787 0.0006700946191558754
17.466666666666665 0.16642575462504802 0.0006926027577397187
17.5 0.2053194740784114 0.0007138371374339481
17.533333333333335 0.23796503643174474 0.0007258851518327503
17.566666666666666 0.2618659662689576 0.0007366963871279775
17.6 0.28095179575316603 0.0007482368417152663
17.633333333333333 0.29420570117624273 0.0007496677802252272
17.666666666666668 0.29798457618864777 0.0007534680099983149
17.7 0.29449800210388155 0.0007531912030109833
17.733333333333334 0.2807631011787412 0.0007486665854942176
17.766666666666666 0.2612504592117559 0.0007396283623632982
17.8 0.2340895593154649 0.0007294409818145997
17.833333333333332 0.2014265504938612 0.0007135689246415833
17.866666666666667 0.16347387381364814 0.0006955202210746914
17.9 0.11831359494719279 0.000671447196047878
17.933333333333334 0.07187777104767562 0.0006466855724678727
17.966666666666665 0.02468771173171034 0.0006188177858121591
18.0 -0.02541493354450561 0.0006180370718990337
18.033333333333335 -0.07444071980406707 0.0006446000040317701
18.066666666666666 -0.12044367309147684 0.0006688776190713897
18.1 -0.16452953364991602 0.0006921398429588499
18.133333333333333 -0.20385944440990705 0.000708957475313271
18.166666666666668 -0.23579789009154825 0.0007236047767361642
18.2 -0.26388616936504905 0.0007353754175211114
18.233333333333334 -0.28313141089593424 0.0007435935650933478
18.266666666666666 -0.2962373586069994 0.0007484104934234459
18.3 -0.3000336249779174 0.0007504507679262362
18.333333333333332 -0.29647153663767717 0.0007496530028672788
18.366666666666667 -0.2846392221955041 0.0007458657317006012
18.4 -0.2639897816160176 0.0007374691560632085
18.433333333333334 -0.236325159145349 0.0007263601404356723
18.466666666666665 -0.20295016613306735 0.0007102718123054019
18.5 -0.1655200693088572 0.0006932524742241652
18.533333333333335 -0.12098458091785966 0.0006704857150222343
18.566666666666666 -0.07546434686630467 0.0006456077363037743
18.6 -0.024798186561476324 0.0006163875562512737
18.633333333333333 0.0231717535612851 0.0006163074745369028
18.666666666666668 0.07095536672960319 0.0006430172501479814
18.7 0.11835251967771723 0.0006695056696090079
18.733333333333334 0.16161579363325365 0.000690585197770266
18.766666666666666 0.19918025138433995 0.0007100770993200833
18.8 0.23315607714591421 0.0007263917408762421
18.833333333333332 0.2597449805277399 0.0007350729409882351
18.866666666666667 0.27750896746654763 0.000743171042497548
18.9 0.2902588960033231 0.0007500802537971918
18.933333333333334 0.29468660266670427 0.000751007483420274
18.966666666666665 0.2904863579204535 0.0007500053319565159
19.0 0.28007800206389877 0.0007456276036668652
19.033333333333335 0.261392206231048 0.0007394286992727372
19.066666666666666 0.235281809654359 0.0007282346453328092
19.1 0.20294097917957107 0.0007143934406186048
19.133333333333333 0.16400773035179136 0.0006949016060633084
19.166666666666668 0.12320456747433982 0.0006739820151635406
19.2 0.07663068343290919 0.0006485624518213079
19.233333333333334 0.02885701526582305 0.0006184122659788419
19.266666666666666 -0.02045518900382121 0.0006133421888765388
19.3 -0.06792668322541758 0.0006412290889873523
19.333333333333332 -0.11491241149408693 0.0006660296447279779
19.366666666666667 -0.15824956421217223 0.0006880838995222682
19.4 -0.19761360236943562 0.0007058815187195588
19.433333333333334 -0.23093210559695357 0.0007216021158207575
19.466666666666665 -0.2575456497337355 0.0007329781354835085
19.5 -0.27810259391539677 0.0007414674078369266
19.533333333333335 -0.290625886303603 0.0007458580844403873
19.566666666666666 -0.2964577660448101 0.000748724758796171
19.6 -0.2940542452873083 0.0007481335731663874
19.633333333333333 -0.283362965433001 0.000743224412704746
19.666666666666668 -0.2635489478238394 0.0007373066298984043
19.7 -0.23799970610495524 0.0007271894055124184
19.733333333333334 -0.20555835599075042 0.0007142471700928577
19.766666666666666 -0.16791318903008473 0.0006953845886097931
19.8 -0.12489419368937504 0.0006712784359617086
19.833333333333332 -0.07860410037875647 0.0006479051047481449
19.866666666666667 -0.031165246943222386 0.0006205978690257512
19.9 0.017771320482141806 0.0006106277542951705
19.933333333333334 0.06434712950255937 0.0006404345917055826
19.966666666666665 0.11106708632636976 0.0006652020183133961
20.0 0.1529000380868938 0.0006890172465778277
20.033333333333335 0.19334460474670379 0.0007055905326760481
20.066666666666666 0.22855297248281375 0.0007217297045040705
20.1 0.2535007683317096 0.0007316178866587641
20.133333333333333 0.27380973549006915 0.000741982228402216
20.166666666666668 0.2864006221729232 0.0007474582964989152
20.2 0.2919100147528926 0.0007533641145597847
20.233333333333334 0.2876113359953061 0.0007510621672093265
20.266666666666666 0.2790163815106928 0.0007470624811681259
20.3 0.2591010558285172 0.0007403808379113364
20.333333333333332 0.23548642882321708 0.0007287036466061825
20.366666666666667 0.20385677166453656 0.0007128014787759207
20.4 0.168021850110397 0.0006960425835026984
20.433333333333334 0.1262134235388973 0.0006745233200187439
20.466666666666665 0.0792453051737034 0.0006480891321933718
20.5 0.03461128377306025 0.0006230592824056913
20.533333333333335 -0.015626309515911135 0.0006104199775067154
20.566666666666666 -0.06362059103345691 0.0006384084047666994
20.6 -0.10963644322480044 0.0006631135438239094
20.633333333333333 -0.15211507192428933 0.0006843973420558869
20.666666666666668 -0.19113273722599955 0.0007034194327553145
20.7 -0.22509587998672945 0.0007184695856432
20.733333333333334 -0.2544632477704071 0.0007322266198251381
20.766666666666666 -0.27410394761442397 0.000739245379529796
20.8 -0.28798259103959745 0.0007457065861574685
20.833333333333332 -0.29339613445039947 0.0007485628455235482
20.866666666666667 -0.29174942171618723 0.0007488602832012026
20.9 -0.28100938494310546 0.0007443060749492969
20.933333333333334 -0.26269196190966415 0.0007370153354502307
20.966666666666665 -0.2375429799584352 0.0007269931613410607
21.0 -0.20689894909222772 0.0007132754058440938
21.033333333333335 -0.16883027589937138 0.0006944311200285658
21.066666666666666 -0.12747553908361614 0.0006744045917669861
21.1 -0.08288159533030538 0.0006497658460227068
21.133333333333333 -0.03662199645764266 0.0006237494180481168
21.166666666666668 0.012837154053900247 0.0006100122236592578
21.2 0.060586709943681975 0.0006381642559694575
21.233333333333334 0.1054630558798034 0.0006620024453877632
21.266666666666666 0.14883475625325845 0.0006838351844341284
21.3 0.18712343248777472 0.0007037568195933375
21.333333333333332 0.2201242352597386 0.0007212173957292511
21.366666666666667 0.2484734344689844 0.0007323981075600117
21.4 0.27042512369194094 0.0007416830639105365
21.433333333333334 0.28431330996366033 0.0007471021712215364
21.466666666666665 0.2906572698921634 0.0007504551463558551
21.5 0.287657370602517 0.0007510760627055801
21.533333333333335 0.27787001609693984 0.0007479298687561031
21.566666666666666 0.2626713340940323 0.0007419246168429705
21.6 0.23653850297866447 0.0007325153804886853
21.633333333333333 0.20593168604992917 0.0007166876969444125
21.666666666666668 0.16902025336896234 0.0006976439131812784
21.7 0.12816435063250514 0.0006758610772294171
21.733333333333334 0.08403247888685274 0.0006512291630050016
21.766666666666666 0.037980657167493326 0.0006248158203351617
21.8 -0.010153081017800283 0.0006061198118714785
21.833333333333332 -0.05710882738556397 0.0006351026314840857
21.866666666666667 -0.1047666783192106 0.0006604784925016288
21.9 -0.14753164774056604 0.0006833687871313776
21.933333333333334 -0.18686512046735632 0.0007014491262249123
21.966666666666665 -0.2203521751519922 0.0007161315020703662
22.0 -0.24802299158547672 0.0007275027408474855
22.033333333333335 -0.27074621816008837 0.0007377748662179551
22.066666666666666 -0.2849102868695719 0.0007446233539557534
22.1 -0.29127206118837584 0.0007474572008350222
22.133333333333333 -0.28955707137706127 0.000747563811198948
22.166666666666668 -0.28019416302559835 0.0007436760814271692
22.2 -0.2621737526189685 0.0007383378256324291
22.233333333333334 -0.2386372302805602 0.0007267241980843941
22.266666666666666 -0.20832781728742875 0.000714381469061276
22.3 -0.17165070768540172 0.0006967925480945991
22.333333333333332 -0.13184758269655988 0.0006750779077328295
22.366666666666667 -0.08811204117300009 0.0006529783122454641
22.4 -0.04024627881911481 0.0006258940516264827
22.433333333333334 0.006718336465229181 0.000605335342512248
22.466666666666665 0.054202186210633566 0.0006343562883776785
22.5 0.09978495143725655 0.0006589744937551545
22.533333333333335 0.14159046387157284 0.0006805949397413746
22.566666666666666 0.18076914338554426 0.0006982846690291866
22.6 0.21615284976295174 0.0007170560988592201
22.633333333333333 0.24462786952889198 0.0007299432311377307
22.666666666666668 0.26641068167801923 0.0007387419071936407
22.7 0.28011694930793696 0.0007448138025410445
22.733333333333334 0.2867186070568079 0.0007471774859149072
22.766666666666666 0.2861435514591484 0.0007478165326755271
22.8 0.2773901230998672 0.0007457296234656408
22.833333333333332 0.2601750935965966 0.0007382226105890899
22.866666666666667 0.23510509611035527 0.0007274247974205228
22.9 0.20582716621897504 0.0007156054199444484
22.933333333333334 0.17241931995094875 0.0006977716768251374
22.966666666666665 0.13388174517506557 0.0006802329018320841
23.0 0.08831313169708795 0.000653725396429175
23.033333333333335 0.04360385819304214 0.0006280866003499849
23.066666666666666 -0.006946884715755716 0.0006049802366949898
23.1 -0.05219665385187744 0.0006310415372650299
23.133333333333333 -0.09981162593417164 0.0006573090253777919
23.166666666666668 -0.1429300147204907 0.0006786223287900128
23.2 -0.1805630984564122 0.0006986980439664114
23.233333333333334 -0.2152467073770057 0.0007130090523786714
23.266666666666666 -0.24426349927951313 0.000726320393005242
23.3 -0.26608622406717364 0.0007364928428291728
23.333333333333332 -0.2800756806399914 0.0007409712717127426
23.366666666666667 -0.2893528851457216 0.0007461840220758797
23.4 -0.28818316536557065 0.0007463236435006904
23.433333333333334 -0.2791247186396191 0.0007432727070348366
23.466666666666665 -0.26263698310346334 0.0007364777099239106
23.5 -0.2385981620590494 0.0007268234659818518
23.533333333333335 -0.21064984397697673 0.0007145339163618369
23.566666666666666 -0.175204947817255 0.0006974775603607597
23.6 -0.13449908968182064 0.0006764621809676463
23.633333333333333 -0.091494204825717 0.0006547328866359919
23.666666666666668 -0.04622874547646675 0.000630344930575441
23.7 0.002030989447768101 0.0006032679852732707
23.733333333333334 0.04962686541494195 0.0006313929217665951
23.766666666666666 0.09571183705580748 0.0006568088595259036
23.8 0.13731341139828496 0.0006789266723013221
23.833333333333332 0.17715750442393605 0.0006989504103279698
23.866666666666667 0.21062247667596312 0.000715114612023976
23.9 0.24045079086470159 0.0007292905805560135
23.933333333333334 0.25933732639884977 0.0007349397837310145
23.966666666666665 0.2768633776359375 0.0007461045082197137
24.0 0.28427352872803724 0.0007490854322112495
24.033333333333335 0.2841938523286158 0.0007487401512381031
24.066666666666666 0.2739948909930774 0.0007438351480638095
24.1 0.2603103098555874 0.0007392143349970737
24.133333333333333 0.23883083302592076 0.0007297955680005963
24.166666666666668 0.20874796791517508 0.000717191920260124
24.2 0.17364712481516908 0.0006989812483882141
24.233333333333334 0.1348906079611963 0.0006794829831983373
24.266666666666666 0.09266226316041104 0.0006588263441253683
24.3 0.04686020781563862 0.0006309666357731392
24.333333333333332 -0.0012685729859379996 0.0006033845119954764
24.366666666666667 -0.048084880102562316 0.0006291593829410927
24.4 -0.09416386890043636 0.0006536967207592392
24.433333333333334 -0.13817467465104047 0.0006772895029633352
24.466666666666665 -0.17731687979951272 0.0006958647935102757
24.5 -0.2107723855531684 0.0007116294051433825
24.533333333333335 -0.2403648707022009 0.0007244089656823771
24.566666666666666 -0.26197429525534294 0.0007340686977908573
24.6 -0.27797560112321734 0.000739918250653393
24.633333333333333 -0.28536935739254954 0.0007445960890909431
24.666666666666668 -0.28617838194389555 0.0007454323936748608
24.7 -0.2788167402094979 0.0007437982691527734
24.733333333333334 -0.2620376711644555 0.0007359616784302081
24.766666666666666 -0.2388478779726285 0.0007258406227730607
24.8 -0.21025036814793654 0.0007134411500935578
24.833333333333332 -0.1773267337897011 0.0006989064882069185
24.866666666666667 -0.13727194586622246 0.0006772437551260391
24.9 -0.09325072588883963 0.0006540239516997781
24.933333333333334 -0.04767058497623794 0.0006291868950132895
24.966666666666665 -0.0020382894182972414 0.0006038283489059083
25.0 0.04119940720602189 0.0006253374144294596
25.033333333333335 0.09048409820133699 0.0006543445825293592
25.066666666666666 0.13505548999281958 0.0006794938976394937
25.1 0.17430977381230212 0.0006969708901185534
25.133333333333333 0.2054913729330958 0.0007142164464389866
25.166666666666668 0.23589854260574092 0.0007261556113924705
25.2 0.25931999055316984 0.0007374172256636169
25.233333333333334 0.27180112148413177 0.0007434716352046622
25.266666666666666 0.28090599176763414 0.0007467769472278563
25.3 0.2806010749514229 0.000746771176158012
25.333333333333332 0.27548582718031445 0.0007453283295993929
25.366666666666667 0.25838492941911095 0.0007374371997618812
25.4 0.23605002118048662 0.0007295997964314183
25.433333333333334 0.20937727511888962 0.0007156804314756848
25.466666666666665 0.1743826193863701 0.0007006833254806777
25.5 0.13523564699118226 0.0006785120014544399
25.533333333333335 0.09489325983947101 0.0006565285659787118
25.566666666666666 0.04796591498863957 0.0006309935447440726
25.6 0.00425740284984442 0.0006046115804381027
25.633333333333333 -0.04259509017707875 0.0006260484136433112
25.666666666666668 -0.08829602322294157 0.0006527552963594141
25.7 -0.13243239767392992 0.0006741487215148612
25.733333333333334 -0.1714838619780137 0.0006950556465345203
25.766666666666666 -0.2066030097605631 0.0007108673542634836
25.8 -0.23608264477828184 0.0007233703419203263
25.833333333333332 -0.25884442807631486 0.0007341331188362443
25.866666666666667 -0.27370078115335233 0.0007408279776842108
25.9 -0.2821194167981446 0.000744537079730212
25.933333333333334 -0.2829654644295219 0.0007440673885758531
25.966666666666665 -0.2760566269614184 0.0007419031406932786
26.0 -0.26356913136900434 0.0007377318072719352
26.033333333333335 -0.2400191124696999 0.0007284362420725554
26.066666666666666 -0.2121969175188727 0.000715019951449708
26.1 -0.17679743932323272 0.0006980094179002971
26.133333333333333 -0.1401202937139873 0.0006823506820564651
26.166666666666668 -0.09431373938792324 0.0006566641111918348
26.2 -0.051754919103364994 0.0006334083887102535
26.233333333333334 -0.006120949202247855 0.0006056342783886913
26.266666666666666 0.038768751732498434 0.0006254234344996931
26.3 0.08490330763523171 0.0006507600781377187
26.333333333333332 0.12659967909040554 0.0006766049807001018
26.366666666666667 0.16563822567817482 0.0006940681134115223
26.4 0.20382892774589567 0.0007142671851350646
26.433333333333334 0.2321603113707723 0.0007257598307118807
26.466666666666665 0.2544913978248663 0.0007364355367120989
26.5 0.27107854169949824 0.0007443059918932904
26.533333333333335 0.27857064379531615 0.0007456047284941092
26.566666666666666 0.2792096548074682 0.0007469253467871639
26.6 0.2721493398463867 0.000745772245325349
26.633333333333333 0.2594488965312501 0.0007389742614450356
26.666666666666668 0.23776401770834316 0.0007282048032774824
26.7 0.21091724566669343 0.0007177549204157585
26.733333333333334 0.1768456676809022 0.0007007629794616999
26.766666666666666 0.14004499544862445 0.0006819852101781487
26.8 0.09720305609278396 0.00065918220034962
26.833333333333332 0.054938150085593065 0.0006352997738385546
26.866666666666667 0.006744884970887748 0.0006070897339846733
26.9 -0.03809660934371784 0.0006238920841429157
26.933333333333334 -0.08305616404825357 0.000648709804406622
26.966666666666665 -0.1262477931701969 0.0006717442065091728
27.0 -0.16679720017305938 0.0006907418552947464
27.033333333333335 -0.20174150972634616 0.0007077006421597754
27.066666666666666 -0.22991130339003818 0.0007203845290030542
27.1 -0.25344660190690566 0.0007301648062963961
27.133333333333333 -0.2694072697129816 0.0007379767432327822
27.166666666666668 -0.2778935347478405 0.0007417975338036009
27.2 -0.2791347287040152 0.0007426809906173615
27.233333333333334 -0.27410126015938996 0.0007420270471144019
27.266666666666666 -0.26116807320015006 0.0007381289342545116
27.3 -0.2394557672284612 0.0007267158163285214
27.333333333333332 -0.21358202479112545 0.000714653109903568
27.366666666666667 -0.17910600255554435 0.0007012726528293767
27.4 -0.140471661455161 0.0006805607815076054
27.433333333333334 -0.09915004373229777 0.0006593412765553974
27.466666666666665 -0.054670555444671906 0.0006336367959434569
27.5 -0.008997890391787496 0.0006050532555966909
27.533333333333335 0.036020277722627024 0.0006223115986952188
27.566666666666666 0.08210190602183366 0.0006500330788101472
27.6 0.12369631262116551 0.0006724888947256952
27.633333333333333 0.16383783029663904 0.0006926004827767229
27.666666666666668 0.19732689945954401 0.0007080787759435325
27.7 0.2252052478230076 0.000720270823305752
27.733333333333334 0.24826019950345624 0.0007319833375425966
27.766666666666666 0.26674001476690584 0.0007394472352603154
27.8 0.2756330031446312 0.0007437425318279622
27.833333333333332 0.27710304454873874 0.000744481001752173
27.866666666666667 0.27112168927461033 0.0007419972081342263
27.9 0.25868771019433157 0.0007386809005466288
27.933333333333334 0.23847637793780457 0.000729668958225016
27.966666666666665 0.21165827260556455 0.0007172509941868466
28.0 0.1793476005385575 0.0007022031985440269
28.033333333333335 0.14155624615314888 0.0006839459090419719
28.066666666666666 0.10005068712651087 0.0006612544581509894
28.1 0.05508586613620313 0.000634075131867945
28.133333333333333 0.009842684417040773 0.0006061179165051684
28.166666666666668 -0.03657606336459403 0.0006233109264202341
28.2 -0.07904508495753064 0.000644782574841643
28.233333333333334 -0.12285913875080597 0.0006692160266872221
28.266666666666666 -0.162569092186766 0.0006883869999853298
28.3 -0.19789693495749824 0.0007055382329725635
28.333333333333332 -0.22706771749190668 0.0007190476490487319
28.366666666666667 -0.25135115265573393 0.0007302428695872276
28.4 -0.2677051825678263 0.0007371909058834225
28.433333333333334 -0.2757907323507817 0.0007406674027962135
28.466666666666665 -0.27872176678046595 0.0007422433966290387
28.5 -0.2727112375580599 0.0007417473319024648
28.533333333333335 -0.25959738238346286 0.0007354895372216341
28.566666666666666 -0.24056666647774813 0.0007281706277852962
28.6 -0.2139097299860493 0.0007169953007432617
28.633333333333333 -0.18158662163044886 0.0007010472672095425
28.666666666666668 -0.1442549395182151 0.0006826380818596434
28.7 -0.10432447771413905 0.0006628001506682191
28.733333333333334 -0.06007560276723235 0.0006366725971300585
28.766666666666666 -0.013973638299351469 0.0006122641659716682
28.8 0.03377006540322512 0.0006210009347223794
28.833333333333332 0.07723221140318375 0.0006471959565845092
28.866666666666667 0.12043988169869127 0.0006686825786070827
28.9 0.15927486324751125 0.0006893421324441484
28.933333333333334 0.19287962615663376 0.0007034918510117893
28.966666666666665 0.22319900068250312 0.0007222238064605591
29.0 0.24707343483570163 0.0007309934032438403
29.033333333333335 0.26293324374682353 0.0007390474076262032
29.066666666666666 0.272101507251582 0.000744731853806968
29.1 0.2749648064157126 0.0007427107425216906
29.133333333333333 0.26996545735388894 0.0007423906641911837
29.166666666666668 0.2573414481421563 0.0007386748735532245
29.2 0.23771733800226372 0.0007293743551635146
29.233333333333334 0.21080436314521536 0.0007159367835477548
29.266666666666666 0.17942539747035788 0.0007021574202613068
29.3 0.14452707609897048 0.0006838974728185232
29.333333333333332 0.10120898518447112 0.00066161485371731
29.366666666666667 0.056743729787563646 0.0006369383230581047
29.4 0.01082351250662299 0.0006099861296285109
29.433333333333334 -0.03090577492445043 0.0006198681556020061
29.466666666666665 -0.07365614386702897 0.0006436557468020715
29.5 -0.11793662855706154 0.0006690755923139113
29.533333333333335 -0.15674099714575612 0.0006875257150836533
29.566666666666666 -0.1928922856011988 0.0007083750259878341
29.6 -0.22336023865240534 0.0007177185938999631
29.633333333333333 -0.24811218853187897 0.0007287966976328164
29.666666666666668 -0.2654537857216378 0.0007367341678597983
29.7 -0.27461844942156055 0.0007397121598087253
29.733333333333334 -0.2771498226169328 0.0007416412690617324
29.766666666666666 -0.2728628778868583 0.0007401470579130875
29.8 -0.25993441432171316 0.000735510836785247
29.833333333333332 -0.24054418712396006 0.0007267933458869336
29.866666666666667 -0.21461533801918775 0.0007155591765363734
29.9 -0.18382308990366011 0.0007011388128400353
29.933333333333334 -0.14727844737652898 0.0006834483264164248
29.966666666666665 -0.10641494130965196 0.0006629336822711468
30.0 -0.06266581170011067 0.0006382180626372802
30.033333333333335 -0.01728576325819651 0.0006118465858242182
30.066666666666666 0.02549496361745331 0.0006164175093834844
30.1 0.07229635454111773 0.0006443050211364654
30.133333333333333 0.1157162183004339 0.0006665270024008296
30.166666666666668 0.1546871032553434 0.000688039035268817
30.2 0.1889496332735633 0.0007035012231582927
30.233333333333334 0.21844581750072783 0.0007193545237705323
30.266666666666666 0.2400754313017681 0.0007281708775787876
30.3 0.2581389641165803 0.0007370752280050907
30.333333333333332 0.2702037309176633 0.0007424589361525458
30.366666666666667 0.2706120939989015 0.0007421097034353008
30.4 0.26696469191038985 0.0007409200401697347
30.433333333333334 0.2569452321276719 0.0007371425200408677
30.466666666666665 0.23785497588959403 0.0007303894456601734
30.5 0.2119459393376918 0.0007181777581954651
30.533333333333335 0.18077745964245734 0.0007036736208077266
30.566666666666666 0.1455265166209444 0.0006859935233342884
30.6 0.10535766045497177 0.0006633163400689007
30.633333333333333 0.06051227287998316 0.0006376709422823701
30.666666666666668 0.01668300188051368 0.0006106310451180694
30.7 -0.02772226851541785 0.000618444993304039
30.733333333333334 -0.0738287803263755 0.000644137453186866
30.766666666666666 -0.11499529136416721 0.0006649527087894819
30.8 -0.15369618263384388 0.0006841268614964646
30.833333333333332 -0.18845430337306554 0.0007021125128919836
30.866666666666667 -0.21708894689291192 0.0007141269937868122
30.9 -0.24199846422489218 0.0007261664447027194
30.933333333333334 -0.2603296522469939 0.0007345836120257743
30.966666666666665 -0.2717105365593432 0.0007390361976161164
31.0 -0.2734940908220853 0.0007396072658223396
31.033333333333335 -0.2690613704107983 0.0007383872715866491
31.066666666666666 -0.2588518342341876 0.0007344504602420643
31.1 -0.23903614084300728 0.0007266126911542325
31.133333333333333 -0.2141979775539604 0.0007169589712263946
31.166666666666668 -0.18283776995018317 0.0007008472334215088
31.2 -0.14674773816728454 0.0006845484609050434
31.233333333333334 -0.10719200165554808 0.0006624911639891568
31.266666666666666 -0.0652539161389674 0.000640178698046806
31.3 -0.019950507628148095 0.0006129273587964362
31.333333333333332 0.02162369899059957 0.0006169660921281142
31.366666666666667 0.06724900175780005 0.0006413951168761367
31.4 0.11235484573166532 0.0006651320137407851
31.433333333333334 0.15035509611677655 0.0006842024815357783
31.466666666666665 0.1836374246594667 0.0007011210800150491
31.5 0.21529620272941458 0.0007179808570106916
31.533333333333335 0.2368806373692278 0.0007244956156804427
31.566666666666666 0.2533306464253587 0.0007339816257030951
31.6 0.2643053868262359 0.0007401489998427602
31.633333333333333 0.267258933912558 0.0007437757184869387
31.666666666666668 0.2648743405453377 0.0007405965986082008
31.7 0.2538635069319409 0.000740226018757395
31.733333333333334 0.23594289651516068 0.0007265418215526009
31.766666666666666 0.21280320199546585 0.0007177009612458762
31.8 0.17924121325237682 0.0007029356448062518
31.833333333333332 0.14859332630753944 0.00068722473793556
31.866666666666667 0.1078845726770889 0.0006644116476243328
31.9 0.0645157984391127 0.0006393367940272926
31.933333333333334 0.02145707050247395 0.0006139974732976491
31.966666666666665 -0.02382613078923198 0.0006163191843821005
32.0 -0.06726832678822099 0.0006404242124679466
32.03333333333333 -0.10983426892435597 0.0006620794630048804
32.06666666666667 -0.14910122147619145 0.0006835711397418787
32.1 -0.18538292248734342 0.0007011501335835169
32.13333333333333 -0.21494943797634042 0.000713987314062664
32.166666666666664 -0.23827366348744275 0.0007241677601072527
32.2 -0.25557958427053895 0.0007321756737578844
32.233333333333334 -0.2663404305337861 0.0007367310269509875
32.266666666666666 -0.270834077388121 0.0007393343386696283
32.3 -0.26803726909275544 0.0007387618575562249
32.333333333333336 -0.25706306856489525 0.0007344853497946446
32.36666666666667 -0.24110337001574808 0.0007277227511218176
32.4 -0.21481004350978505 0.000716275107064207
32.43333333333333 -0.18458445296616585 0.000703093138788774
32.46666666666667 -0.14867406430115912 0.0006853373084471648
32.5 -0.11066393704590247 0.000664188291668269
32.53333333333333 -0.06820260738980054 0.0006431633604184472
32.56666666666667 -0.02322726545536905 0.0006167845423401645
32.6 0.021710407412055585 0.000615632571471094
32.63333333333333 0.06495965333792374 0.0006397900449447852
32.666666666666664 0.10621758799089862 0.0006628287811639849
32.7 0.14632194578865274 0.0006844406013706006
32.733333333333334 0.1827402927777124 0.0007011780633767173
32.766666666666666 0.21074450461085217 0.0007141828502508774
32.8 0.23502497038797407 0.0007247024717592643
32.833333333333336 0.25312584103491065 0.0007343676101583263
32.86666666666667 0.26504466123724274 0.0007401560074753455
32.9 0.2667934023657055 0.0007403551631776084
32.93333333333333 0.26509379526427135 0.000739999215592535
32.96666666666667 0.2541828703644459 0.0007364395301446836
33.0 0.23592278798033056 0.0007280613364475941
33.03333333333333 0.21233253736112154 0.000716846457610304
33.06666666666667 0.180847870174812 0.0007030832330162107
33.1 0.1473720681120833 0.0006854164268406127
33.13333333333333 0.10810457549237878 0.0006671065730170928
33.166666666666664 0.06648707310707475 0.0006423425952426232
33.2 0.024847059522958043 0.0006177716195777463
33.233333333333334 -0.02015394153818365 0.0006137729594947669
33.266666666666666 -0.06351613173591503 0.0006394984644840923
33.3 -0.10662388149544247 0.0006619298823979797
33.333333333333336 -0.1456825492649088 0.0006797031900782069
33.36666666666667 -0.18176658052529981 0.0007003011540964166
33.4 -0.21196129754734777 0.0007147005023695474
33.43333333333333 -0.23615869964030117 0.0007235910280849467
33.46666666666667 -0.2547838307034444 0.000731487055830593
33.5 -0.26659559136730643 0.0007364953891642045
33.53333333333333 -0.2707939826693928 0.0007397945197491484
33.56666666666667 -0.2667685711849043 0.0007382187585968647
33.6 -0.2563461725180606 0.0007335811427277017
33.63333333333333 -0.2392995029106799 0.0007276516804738398
33.666666666666664 -0.21573696420863178 0.0007166256040497809
33.7 -0.18546774290365592 0.0007024621919183294
33.733333333333334 -0.15130905200268313 0.0006877455314711067
33.766666666666666 -0.11112885866625481 0.0006661845513670772
33.8 -0.06897270401629038 0.0006424861277638805
33.833333333333336 -0.0264545026260521 0.0006168341190741604
33.86666666666667 0.01833196264988732 0.0006131257604731349
33.9 0.06125295779007311 0.0006356260076319509
33.93333333333333 0.1025615554089569 0.000659919162627573
33.96666666666667 0.13724767626668838 0.0006790289076482325
34.0 0.17360793371312278 0.0006979507545465391
34.03333333333333 0.2066124232075295 0.000710848955982113
34.06666666666667 0.23243330583547595 0.0007242675199410908
34.1 0.2506723148764814 0.0007314717860214537
34.13333333333333 0.2603041198384139 0.0007377922911501744
34.166666666666664 0.26676216310917567 0.0007387791274452993
34.2 0.26217047515723146 0.0007390070243674662
34.233333333333334 0.25243073377683856 0.0007336595796404444
34.266666666666666 0.23576904032708287 0.0007266437910448675
34.3 0.2128264457231605 0.0007160519353560657
34.333333333333336 0.18361988919846145 0.0007032538454005699
34.36666666666667 0.14961553219906262 0.0006877080559982429
34.4 0.10935050951420927 0.0006659564641230825
34.43333333333333 0.06982116024648871 0.0006431200940010678
34.46666666666667 0.02570157942790165 0.0006181638414557364
34.5 -0.01775672472897949 0.0006114379798595089
34.53333333333333 -0.060477964522622024 0.0006375771543311523
34.56666666666667 -0.10339905832787918 0.0006601292960342481
34.6 -0.1413783424521598 0.0006789031426545078
34.63333333333333 -0.17679110815838914 0.0006962785606771105
34.666666666666664 -0.2077706750522096 0.000711385899363759
34.7 -0.2327274857317091 0.0007221050354617453
34.733333333333334 -0.2518981202606085 0.0007304395123691187
34.766666666666666 -0.26250379775738003 0.0007358897509937012
34.8 -0.26746036688932545 0.0007380839126961414
34.833333333333336 -0.26369130771038785 0.0007360914499844329
34.86666666666667 -0.2541917914906715 0.000733706907006193
34.9 -0.23688827991896852 0.0007256285278526842
34.93333333333333 -0.2155077526834354 0.0007165643213224437
34.96666666666667 -0.18540733408323945 0.0007025779707166557
35.0 -0.15139653860055938 0.0006849794405072718
35.03333333333333 -0.11255376123429711 0.0006650466411529804
35.06666666666667 -0.07260322494598836 0.0006442060759338925
35.1 -0.028394580085012517 0.0006195121123265153
35.13333333333333 0.01229911748769211 0.0006098174397228123
35.166666666666664 0.05926814875634795 0.0006362817326233325
35.2 0.09926758259123276 0.0006594898463166549
35.233333333333334 0.13890884550813395 0.0006803888523956025
35.266666666666666 0.17434777540657706 0.0006973840659054431
35.3 0.201265517215647 0.0007111801666777329
35.333333333333336 0.22735601307479938 0.0007221613595365661
35.36666666666667 0.24679924977725504 0.0007290834183439621
35.4 0.2598467892321904 0.0007359442535656568
35.43333333333333 0.2631102996789165 0.0007386704290048285
35.46666666666667 0.26102952180873357 0.0007380879184051281
35.5 0.25079882939548137 0.0007352544230789237
35.53333333333333 0.23269041278312508 0.0007269216232242692
35.56666666666667 0.21287916251286493 0.0007189385763402834
35.6 0.18140289694702524 0.0007038620238343785
35.63333333333333 0.15008306862886397 0.0006885865429413496
35.666666666666664 0.11410748413301092 0.0006675559383027968
35.7 0.07241019826301885 0.0006459212046528856
35.733333333333334 0.028091040738066123 0.0006177745448313968
35.766666666666666 -0.014325836849233178 0.0006082536608712392
35.8 -0.058914667240270044 0.0006348772728887037
35.833333333333336 -0.09943212497989526 0.0006581160842066835
35.86666666666667 -0.13754176305015886 0.0006777320799983277
35.9 -0.1720319476479074 0.0006936040572502744
35.93333333333333 -0.20383611361254664 0.0007097025002777424
35.96666666666667 -0.22910699723618289 0.0007208667112409695
36.0 -0.2486162605678138 0.000729627461654947
36.03333333333333 -0.260097421145459 0.0007350849909432133
36.06666666666667 -0.2646899807394281 0.0007373419097777556
36.1 -0.2624207706875126 0.000736873859900955
36.13333333333333 -0.25337270174936394 0.0007338747447787619
36.166666666666664 -0.2371285845487055 0.0007272478389057369
36.2 -0.21402036920618597 0.0007166845275672351
36.233333333333334 -0.1860209846723041 0.0007043858936622849
36.266666666666666 -0.15265911880729105 0.0006862963952077861
36.3 -0.11487133282374082 0.0006667320228493229
36.333333333333336 -0.07373110261893388 0.0006442454247360813
36.36666666666667 -0.030239954627558244 0.00061994617518785
36.4 0.012562340615678418 0.0006104222750688403
36.43333333333333 0.05581207917397824 0.0006364115892096012
36.46666666666667 0.09379517709718828 0.0006550384763426148
36.5 0.13336420151430642 0.0006770657979850714
36.53333333333333 0.16961083152793202 0.0006955046364035544
36.56666666666667 0.19923837298202435 0.0007084753608221084
36.6 0.2227166111498021 0.0007214854631376055
36.63333333333333 0.24101772223292114 0.0007290419792016223
36.666666666666664 0.25372048489175864 0.0007357886368372646
36.7 0.2583948511763001 0.0007377518679141937
36.733333333333334 0.25819238608948114 0.0007369582595941893
36.766666666666666 0.24997818372240782 0.0007341154502022995
36.8 0.23423433620625206 0.0007285958329056597
36.833333333333336 0.21042719133178578 0.0007175421952303473
36.86666666666667 0.18415754361649123 0.0007041333363866364
36.9 0.15054495991680744 0.0006880495197536252
36.93333333333333 0.11469220587513718 0.0006684575426058603
36.96666666666667 0.07441366246620328 0.00064554587848073
37.0 0.031065705493644045 0.0006204924649504222
37.03333333333333 -0.012420535830562579 0.0006112235668249647
37.06666666666667 -0.054611567638329916 0.0006325331967177439
37.1 -0.09681516133740448 0.0006563793363834336
37.13333333333333 -0.1366998697991246 0.0006764829953678775
37.166666666666664 -0.17031028947857688 0.0006935877514159805
37.2 -0.201343739006335 0.0007077936790771122
37.233333333333334 -0.22667109075590983 0.0007196781051896639
37.266666666666666 -0.2458317755079581 0.0007276511321376578
37.3 -0.25768929634765214 0.0007331317699739159
37.333333333333336 -0.2631332194356036 0.000735672944824628
37.36666666666667 -0.2610864102574988 0.0007348872637902848
37.4 -0.25263913075651223 0.0007326803028301909
37.43333333333333 -0.23674572297336338 0.0007254764978884554
37.46666666666667 -0.2132308024298219 0.0007154198492800024
37.5 -0.18512682668391542 0.0007020070291075264
37.53333333333333 -0.15271662358407503 0.00068604329394506
37.56666666666667 -0.11568687395440089 0.0006668933950692707
37.6 -0.0750349306385063 0.0006465277319580714
37.63333333333333 -0.03365594107989031 0.0006210277558867383
37.666666666666664 0.008747794430535211 0.0006073736637853353
37.7 0.05203468135983378 0.0006307654332138937
37.733333333333334 0.09319903619765471 0.0006552402257709034
37.766666666666666 0.13270971420249877 0.0006762580428842646
37.8 0.16647736977455482 0.0006914915306221736
37.833333333333336 0.1970366079635968 0.0007080295279134341
37.86666666666667 0.2196623987103649 0.0007203605534082946
37.9 0.23993323801184538 0.0007263287885856395
37.93333333333333 0.2530670300359587 0.0007356913609761206
37.96666666666667 0.25742643625352296 0.0007344229440023886
38.0 0.25693761256886166 0.0007364966624033853
38.03333333333333 0.24802623600253124 0.0007333509434876706
38.06666666666667 0.23122380760558514 0.0007272816150597494
38.1 0.20951089275125542 0.0007210354906724004
38.13333333333333 0.1828198105678901 0.0007055564659152469
38.166666666666664 0.15222381562978282 0.0006878788687604831
38.2 0.11426916586577891 0.0006674812510611139
38.233333333333334 0.07440819224048044 0.0006459950202915149
38.266666666666666 0.033888808379353326 0.0006229394434897201
38.3 -0.009251126426325548 0.0006076951353088025
38.333333333333336 -0.05324595775500701 0.0006326298445210876
38.36666666666667 -0.09300137186252756 0.000656795339300395
38.4 -0.13386184634640416 0.0006774212831906767
38.43333333333333 -0.1683094275573812 0.0006925873528962068
38.46666666666667 -0.19819308112368592 0.0007057669387433019
38.5 -0.22228469550154067 0.0007176519301130002
38.53333333333333 -0.24198511781343904 0.0007279536056317981
38.56666666666667 -0.2538153558627161 0.0007312309545698947
38.6 -0.26041826748570013 0.0007354535005080209
38.63333333333333 -0.2600307095015658 0.0007353773808006503
38.666666666666664 -0.25076167977169334 0.0007316454451512522
38.7 -0.2356489909927107 0.0007251877524793171
38.733333333333334 -0.21274672224463684 0.000714825749717346
38.766666666666666 -0.18682352788025677 0.0007045901532872489
38.8 -0.15533207705846733 0.0006881829467143274
38.833333333333336 -0.11750778135537156 0.0006679497408445811
38.86666666666667 -0.07713983810210218 0.0006458616103720977
38.9 -0.03724171642363249 0.000624765329619921
38.93333333333333 0.006597552339909746 0.0006068036214440641
38.96666666666667 0.04955238518413042 0.000631702254387613
39.0 0.08975800678987766 0.0006533934475171504
39.03333333333333 0.1281604415169746 0.0006748153862548845
39.06666666666667 0.16284896124677167 0.0006923360561557068
39.1 0.19553300606448526 0.0007064907184656244
39.13333333333333 0.21972617215025653 0.0007183508892223411
39.166666666666664 0.238256149015802 0.0007290458837720948
39.2 0.24963385858091872 0.0007340563431597336
39.233333333333334 0.25642903548872953 0.0007364659404945906
39.266666666666666 0.2543111429396973 0.0007357726313271251
39.3 0.24623731337317945 0.0007330061841752111
39.333333333333336 0.2304030097298261 0.000724324502119178
39.36666666666667 0.2106696827188671 0.0007165440806339018
39.4 0.18427612436703159 0.000703063120134434
39.43333333333333 0.1519329931355113 0.0006887627258609641
39.46666666666667 0.1174823028694262 0.0006697604982291439
39.5 0.07723991325331334 0.0006479562902689945
39.53333333333333 0.03533081515752674 0.0006242290571330036
39.56666666666667 -0.006178520920839372 0.0006052107170880549
39.6 -0.049350533653066846 0.0006311627718884327
39.63333333333333 -0.09007993741916018 0.000652433888082074
39.666666666666664 -0.12936438243128434 0.0006718390808617691
39.7 -0.16362257823190587 0.0006897225066861135
39.733333333333334 -0.19537533523163028 0.0007048350026530592
39.766666666666666 -0.21984762931282478 0.0007163789047526237
39.8 -0.2398686054245619 0.0007251747784973728
39.833333333333336 -0.25267213180267367 0.0007313375497151053
39.86666666666667 -0.25982920919308683 0.0007359725568548137
39.9 -0.2591205843062477 0.0007369003152679632
39.93333333333333 -0.251089532375678 0.0007356619700899514
39.96666666666667 -0.23547259101568618 0.0007267874523521622
40.0 -0.21457943059734608 0.0007181006183301641
40.03333333333333 -0.18890240589487187 0.0007030132658057964
40.06666666666667 -0.15537361118200993 0.0006883841207007968
40.1 -0.11870507520732228 0.000668523649015873
40.13333333333333 -0.08079306251121149 0.0006492865816076498
40.166666666666664 -0.0384939303902482 0.0006251642852975817
40.2 0.004790497801416086 0.000605495021237309
40.233333333333334 0.045019007531362155 0.0006281780889114894
40.266666666666666 0.08653120173040842 0.0006515379091550921
40.3 0.12320143154995261 0.0006754871181942068
40.333333333333336 0.15977043106531066 0.0006901658997267024
40.36666666666667 0.19190777680775112 0.0007064006574933057
40.4 0.2167719917156317 0.0007174849630526281
40.43333333333333 0.23492062856831822 0.0007274670262891192
40.46666666666667 0.24729514370306865 0.0007315983491091027
40.5 0.2533985720296598 0.0007353849356741549
40.53333333333333 0.25266334257146783 0.0007353892831294395
40.56666666666667 0.244830400499882 0.0007336351967280053
40.6 0.23146814371101915 0.0007275578181567544
40.63333333333333 0.2107042528126351 0.00071668116534368
40.666666666666664 0.18323912322543126 0.0007018732524564364
40.7 0.1527804929408349 0.0006923224430119002
40.733333333333334 0.11507752334680423 0.0006691390735910768
40.766666666666666 0.07751839739576798 0.0006486235065148727
40.8 0.03625064515255574 0.0006233407534369378
40.833333333333336 -0.004567175282506579 0.0006047131992720951
40.86666666666667 -0.04927100219991608 0.0006303485904486858
40.9 -0.08782265537790496 0.0006511965109690376
40.93333333333333 -0.12496607153854525 0.0006714279939908641
40.96666666666667 -0.1604150394286961 0.0006888423761841067
41.0 -0.19162675575305851 0.0007037010148612521
41.03333333333333 -0.21675605435360415 0.0007148559171933355
41.06666666666667 -0.2368896778939089 0.0007239765089265549
41.1 -0.24992920243582614 0.0007301112584105207
41.13333333333333 -0.2564837161682152 0.0007333693893938342
41.166666666666664 -0.25586846616004233 0.000733968401035956
41.2 -0.24750912443000067 0.0007304426909383877
41.233333333333334 -0.2332408380319235 0.0007244527413846347
41.266666666666666 -0.2135359604922841 0.0007151653553702231
41.3 -0.186055691145042 0.0007025559662605096
41.333333333333336 -0.1544066189828889 0.0006870711266605822
41.36666666666667 -0.11936389310329289 0.0006693105733558274
41.4 -0.07946450136191588 0.0006475815546728575
41.43333333333333 -0.03883013270514803 0.0006253103313427627
41.46666666666667 0.004269975745367429 0.0006043700871864932
41.5 0.04517901869274694 0.0006292460406825337
41.53333333333333 0.08477114632393734 0.0006504035489116461
41.56666666666667 0.12263737611567055 0.0006690331522893889
41.6 0.15665096698659314 0.00068736510483558
41.63333333333333 0.18788070629226886 0.000703551208767278
41.666666666666664 0.21163938146558872 0.0007149500196714786
41.7 0.2329374079649177 0.0007233553919416547
41.733333333333334 0.24310632283863934 0.0007292235939802272
41.766666666666666 0.2501830692703714 0.0007335437380330267
41.8 0.24990252432063242 0.0007337165930211276
41.833333333333336 0.2445906450788794 0.0007327483952250524
41.86666666666667 0.22955121356852018 0.0007265858734973318
41.9 0.21026743814210852 0.0007174359674847197
41.93333333333333 0.18427108722671923 0.0007055379547426799
41.96666666666667 0.15279798518339732 0.0006907045917795285
42.0 0.1191351764536574 0.0006714748050175717
