0.0 0.3858546162154858 0.0007732268051872104
0.03333333333333333 0.23492605813946332 0.000716387632464649
0.06666666666666667 0.0813315120647217 0.0006395331735370574
0.1 -0.07506813493062564 0.0006383663927830158
0.13333333333333333 -0.22546331568580202 0.0007128696503597987
0.16666666666666666 -0.36817070822061865 0.0007674862714777131
0.2 -0.5031326033274098 0.0008100763350468165
0.23333333333333334 -0.6202689923171523 0.0008335376668516803
0.26666666666666666 -0.7302340561650627 0.0008454238126113234
0.3 -0.8219605354703501 0.0008476531319071556
0.3333333333333333 -0.8930082768517624 0.0008436189680141037
0.36666666666666664 -0.942786184767483 0.0008398604692969602
0.4 -0.9708701340008575 0.000836239743882472
0.43333333333333335 -0.9766579942089318 0.0008371586617417215
0.4666666666666667 -0.9599591863798916 0.0008397068928810425
0.5 -0.9204707935555033 0.0008436085300977947
0.5333333333333333 -0.8598253359276672 0.0008509861094438964
0.5666666666666667 -0.7741428037131172 0.0008496924881207235
0.6 -0.6707178723455831 0.0008424218041677145
0.6333333333333333 -0.5499383776425308 0.0008222592586327737
0.6666666666666666 -0.40953951142396744 0.0007877328062072531
0.7 -0.2661803986024517 0.0007333424184428616
0.7333333333333333 -0.11441785951162266 0.0006594057433507716
0.7666666666666667 0.038304529713328976 0.0006157265706655118
0.8 0.19065000611694724 0.0006932699819691412
0.8333333333333334 0.336984142769725 0.000753526636494084
0.8666666666666667 0.4769601575606771 0.000795368082525505
0.9 0.5991693134056356 0.0008200916591305507
0.9333333333333333 0.7095997646993264 0.0008295669718197951
0.9666666666666667 0.8038162421035835 0.0008322139769866288
1.0 0.8785668301353379 0.0008278803796867296
1.0333333333333334 0.9305966478851982 0.0008220419909513721
1.0666666666666667 0.9624760347618496 0.0008175003489169219
1.1 0.9713041413306357 0.000817753670402821
1.1333333333333333 0.958304666639404 0.0008197010648456349
1.1666666666666667 0.9235609514678285 0.000825129364182331
1.2 0.8632023467261193 0.0008329794873096485
1.2333333333333334 0.7818459569373487 0.0008358788518794125
1.2666666666666666 0.6803704568279216 0.0008336147692534768
1.3 0.5581928623776021 0.000816607667298408
1.3333333333333333 0.42239963929504365 0.0007840990023085803
1.3666666666666667 0.2733079618805734 0.0007299463590299538
1.4 0.12443075786934249 0.000663411142248882
1.4333333333333333 -0.0297939084337763 0.0006108007895300818
1.4666666666666666 -0.17878996819345236 0.000692150189240015
1.5 -0.32149706893651936 0.0007558735099554292
1.5333333333333334 -0.4549325807205427 0.0007990546157351508
1.5666666666666667 -0.5809522817454663 0.0008285458882538732
1.6 -0.6885481170789948 0.0008423834246201745
1.6333333333333333 -0.781441571611705 0.0008478845675830016
1.6666666666666667 -0.8593545820737043 0.0008472137871423646
1.7 -0.9131844805518987 0.0008422483391368196
1.7333333333333334 -0.9462478921732906 0.0008408854543935362
1.7666666666666666 -0.9589831655393347 0.0008395822646289908
1.8 -0.9496578727450427 0.0008409979338370732
1.8333333333333333 -0.9165087381516834 0.0008466863904513788
1.8666666666666667 -0.8612306012572863 0.0008515925001837399
1.9 -0.7830816058906555 0.0008516663260329516
1.9333333333333333 -0.6870925869490914 0.0008488287429274655
1.9666666666666666 -0.5691293304100042 0.0008297903063833045
2.0 -0.43618693892541965 0.000796545716931385
2.033333333333333 -0.29655359840894413 0.0007456138676754098
2.066666666666667 -0.1485610862323297 0.0006797026508118253
2.1 0.0033852530370109568 0.0005976206045452824
2.1333333333333333 0.1520588625552614 0.0006766312606910352
2.1666666666666665 0.29803696983527295 0.0007382876608080791
2.2 0.4356876956584676 0.0007846920729853712
2.2333333333333334 0.5621688774645557 0.00081462592796544
2.2666666666666666 0.6729267821315844 0.0008285512591269528
2.3 0.7701918436229686 0.0008315188540184426
2.3333333333333335 0.8483537160075716 0.0008279720157156056
2.3666666666666667 0.9056185186498783 0.0008248587423111964
2.4 0.9405498887899776 0.0008211798026526163
2.433333333333333 0.9533594851407788 0.0008197076251674762
2.466666666666667 0.9462375973669868 0.0008219309696075872
2.5 0.9146654924160843 0.0008263399079549982
2.533333333333333 0.8617583791206161 0.0008328638841262892
2.566666666666667 0.7824155854518822 0.0008364354430355769
2.6 0.6870777959401286 0.0008337652295891118
2.6333333333333333 0.5722104577274244 0.0008209651960054964
2.6666666666666665 0.4407476891629824 0.0007916699324679866
2.7 0.2988597274777582 0.00074466887841379
2.7333333333333334 0.1500280407308781 0.0006780419151051209
2.7666666666666666 -0.0009310671546356261 0.0005963165777055829
2.8 -0.14575100631150578 0.0006768427724822834
2.8333333333333335 -0.290586131844425 0.000740083057727714
2.8666666666666667 -0.4255819990582688 0.0007898083669296563
2.9 -0.5485135687479116 0.0008200069628553353
2.933333333333333 -0.6604862125565044 0.0008385547238767277
2.966666666666667 -0.755417478520405 0.0008472226016774664
3.0 -0.8321282123550396 0.0008474409277189343
3.033333333333333 -0.8893668577564597 0.0008437329326226317
3.066666666666667 -0.9266788375314734 0.0008400693896539746
3.1 -0.9417471450735089 0.0008402784198502378
3.1333333333333333 -0.9358631226070124 0.000841053784840784
3.1666666666666665 -0.9068188753775159 0.0008436814714213314
3.2 -0.8540894600437784 0.000849806914404172
3.2333333333333334 -0.7830654636143239 0.0008508865645894259
3.2666666666666666 -0.6898477889493333 0.0008460851597531516
3.3 -0.5777805346849584 0.0008319429782946974
3.3333333333333335 -0.45000861867704467 0.0008002676033867506
3.3666666666666667 -0.31339270243617495 0.0007544722740437937
3.4 -0.16800526351317732 0.0006874594464841288
3.433333333333333 -0.01731166002082728 0.0006063372832216841
3.466666666666667 0.12695032317147412 0.0006626979571328628
3.5 0.2733184270997942 0.0007310286736762484
3.533333333333333 0.40637412724541955 0.0007767770039648347
3.566666666666667 0.5353464681654476 0.000810777858367584
3.6 0.6473701096478758 0.0008259153676053455
3.6333333333333333 0.7438553258392321 0.0008324564263180179
3.6666666666666665 0.8224242014552059 0.0008303322089948661
3.7 0.8810685503473593 0.0008264001905464724
3.7333333333333334 0.9198578057413572 0.0008233042624017362
3.7666666666666666 0.9350510390433758 0.0008230350903591921
3.8 0.9300374889067103 0.0008234537987342749
3.8333333333333335 0.9029512230835556 0.0008279815086864595
3.8666666666666667 0.853084497661447 0.0008336942862771091
3.9 0.7798091742651184 0.0008363002644018458
3.933333333333333 0.687251844480923 0.000832998463413448
3.966666666666667 0.5740552114412809 0.000821271479753638
4.0 0.44739256281709916 0.0007939044554097774
4.033333333333333 0.3068504430249523 0.0007466397815656944
4.066666666666666 0.1617444550624585 0.000681165315431026
4.1 0.015276745843263405 0.0006036439019004025
4.133333333333334 -0.13061767810420677 0.0006656864523791328
4.166666666666667 -0.27166820543293557 0.0007352442732491693
4.2 -0.40490486004015924 0.0007827391609152023
4.233333333333333 -0.5285475485933608 0.0008190988296921109
4.266666666666667 -0.6391498247481079 0.0008372263956363257
4.3 -0.7325782950960262 0.0008467238004333799
4.333333333333333 -0.8113520564921624 0.0008487808085068105
4.366666666666666 -0.8689471747607689 0.0008464644287506928
4.4 -0.9077122444109681 0.0008451755785554571
4.433333333333334 -0.9239344847039794 0.0008452110600986051
4.466666666666667 -0.9198457789537533 0.0008443984333279531
4.5 -0.8919965682710197 0.0008467462753585231
4.533333333333333 -0.8451997455732542 0.0008490486919208173
4.566666666666666 -0.7727251109967455 0.0008504934968471822
4.6 -0.6811617129770972 0.0008466556810856618
4.633333333333334 -0.5731498450414346 0.0008297069319473938
4.666666666666667 -0.44834404532741173 0.0007985341049784322
4.7 -0.31582080118600075 0.000755238059614638
4.733333333333333 -0.17279258549913842 0.0006894426041746671
4.766666666666667 -0.02613699586178177 0.0006119607367857903
4.8 0.11620608147014724 0.0006577319982032231
4.833333333333333 0.2589144135995566 0.0007230022783246137
4.866666666666666 0.3930336694616654 0.0007724030383018943
4.9 0.5187354386251158 0.0008048678899876816
4.933333333333334 0.6303414235258812 0.0008245104851242191
4.966666666666667 0.7279420936883714 0.0008306568958770244
5.0 0.8069888422616337 0.0008317454249849865
5.033333333333333 0.8632845990215088 0.0008293085206259043
5.066666666666666 0.9016195315754043 0.0008271935830415078
5.1 0.9178483926530479 0.0008247548759694467
5.133333333333334 0.9129636235372227 0.0008269629398751643
5.166666666666667 0.8869025255271984 0.0008291517744232202
5.2 0.8361788542486865 0.0008366246278733724
5.233333333333333 0.7663362102740963 0.0008336934309198796
5.266666666666667 0.676657546975276 0.0008323540125725337
5.3 0.5673601476841732 0.0008189226419907936
5.333333333333333 0.43897124488172284 0.0007900321403375155
5.366666666666666 0.3064133835772784 0.0007449475350100876
5.4 0.163513494019003 0.0006839690630463247
5.433333333333334 0.015756069995760954 0.0006048917054223731
5.466666666666667 -0.12352862538069521 0.000662746953284235
5.5 -0.2647324523562776 0.0007310023677116195
5.533333333333333 -0.396202502338441 0.0007796108488320463
5.566666666666666 -0.516793236453207 0.0008153170382716457
5.6 -0.625501611042003 0.0008363516074108013
5.633333333333334 -0.7193702435675522 0.0008449287130143368
5.666666666666667 -0.7961150755979477 0.0008493198892565168
5.7 -0.8521402962990184 0.0008473145445803132
5.733333333333333 -0.8908026827287906 0.0008454297229401053
5.766666666666667 -0.9071899437053719 0.0008454653063247886
5.8 -0.90219989989564 0.0008478929762636422
5.833333333333333 -0.8761133509216543 0.0008491993358619165
5.866666666666666 -0.8276883242128578 0.0008504895969155823
5.9 -0.758009832295197 0.0008500647766929159
5.933333333333334 -0.6683989031398261 0.0008437347384325777
5.966666666666667 -0.5625663916023461 0.0008293063487635477
6.0 -0.439326373858963 0.0007976877007352945
6.033333333333333 -0.3075644509065801 0.0007522127617992092
6.066666666666666 -0.1665586714148646 0.0006881718790062163
6.1 -0.02430286686384447 0.0006090710515078458
6.133333333333334 0.11969893457977837 0.0006607567224712757
6.166666666666667 0.2600436142538433 0.0007246258009124262
6.2 0.3926436662390375 0.000772807004948528
6.233333333333333 0.5145515418484643 0.0008037658131984093
6.266666666666667 0.6233403798034185 0.0008250848091274632
6.3 0.7172323888415597 0.0008310923585566066
6.333333333333333 0.7941472717693089 0.0008310323682472198
6.366666666666666 0.8505390752696746 0.0008287413598184745
6.4 0.8866172948721517 0.0008279075113740708
6.433333333333334 0.9024400163485571 0.0008286196595765905
6.466666666666667 0.897158404054631 0.0008275856686741356
6.5 0.8699581646544629 0.000831220313220471
6.533333333333333 0.8187706457795285 0.0008342256286135719
6.566666666666666 0.7502329706456169 0.000835391322983603
6.6 0.6584833391089169 0.0008325452232520458
6.633333333333334 0.5486225711170356 0.0008157777356619933
6.666666666666667 0.42375585237813596 0.0007862359484301362
6.7 0.29414639491525973 0.0007416626301515739
6.733333333333333 0.15230737626052765 0.0006770985369558558
6.766666666666667 0.009891634998325604 0.0006002855309820681
6.8 -0.1317429924649661 0.0006682343095081311
6.833333333333333 -0.26807413933356594 0.0007350175209292487
6.866666666666666 -0.39702388674932154 0.0007823448913596986
6.9 -0.5170566543259826 0.0008150542778240233
6.933333333333334 -0.621728878148499 0.0008340146870791099
6.966666666666667 -0.7139096829983902 0.0008446553320176076
7.0 -0.7868799905868638 0.0008479986795124628
7.033333333333333 -0.8425405485659474 0.0008469938606031624
7.066666666666666 -0.8782687788631905 0.0008466848710354524
7.1 -0.8922834203190865 0.0008459999757480796
7.133333333333334 -0.8853686789831295 0.0008475391587569048
7.166666666666667 -0.8580524444312729 0.0008493786251771995
7.2 -0.8083627462282917 0.0008504082468646645
7.233333333333333 -0.7399158299840688 0.0008481997407613351
7.266666666666667 -0.6486929916228942 0.0008415368769479903
7.3 -0.5412004547312543 0.0008245341993818878
7.333333333333333 -0.41882015746814777 0.0007908255189811308
7.366666666666666 -0.287087389062052 0.0007423837051913074
7.4 -0.14992764994255897 0.0006800043640198816
7.433333333333334 -0.010989561695054885 0.0006016895852905546
7.466666666666667 0.13145665499757245 0.0006649838578376699
7.5 0.2702724802077067 0.0007292990026686041
7.533333333333333 0.3955031663774022 0.0007758734439594073
7.566666666666666 0.5175644711871611 0.0008043793665626353
7.6 0.6211778850682595 0.0008229853224166472
7.633333333333334 0.7143811904119018 0.0008310414965507773
7.666666666666667 0.7871350980775995 0.000831663679640049
7.7 0.8406697923877312 0.0008295836562028924
7.733333333333333 0.8745076395237625 0.0008291436976217703
7.766666666666667 0.8864179063506272 0.0008290255325543727
7.8 0.877674505800384 0.0008302400759547801
7.833333333333333 0.8480945668716603 0.0008333500529933424
7.866666666666666 0.7959752088546982 0.0008358977538016621
7.9 0.7264062333169362 0.0008350852505385475
7.933333333333334 0.6342737832708055 0.0008291515821045037
7.966666666666667 0.5253614297967694 0.0008110041866522533
8.0 0.40327794103555514 0.0007807571048932815
8.033333333333333 0.2660476709882622 0.0007310926351760116
8.066666666666666 0.12672681166094718 0.0006653907890042665
8.1 -0.011031130724707617 0.0006028414540446107
8.133333333333333 -0.14974478324453658 0.0006787008519555382
8.166666666666666 -0.28210417794886744 0.000739304622501713
8.2 -0.40722975907501313 0.0007857847466054002
8.233333333333333 -0.5217796243309837 0.0008149324912453126
8.266666666666667 -0.6258082835045263 0.0008350201384840217
8.3 -0.7147188254044826 0.0008435044679339088
8.333333333333334 -0.782718432000184 0.000848937527695437
8.366666666666667 -0.8354006762171178 0.0008473789494631845
8.4 -0.8659180618887742 0.0008485012530411451
8.433333333333334 -0.8770013648809647 0.0008474438707949394
8.466666666666667 -0.8665327316815085 0.0008488048178277863
8.5 -0.8367112659666249 0.0008501401697241784
8.533333333333333 -0.7838226159079013 0.0008495752268837808
8.566666666666666 -0.7109460908446986 0.0008471482441529954
8.6 -0.6184069894475225 0.0008372971872582236
8.633333333333333 -0.5119787915933571 0.0008176185814559034
8.666666666666666 -0.3921935369520243 0.0007831882838971738
8.7 -0.26020985288498905 0.0007321197128336565
8.733333333333333 -0.12399568029233005 0.0006675400860039621
8.766666666666667 0.016125415057969654 0.0006065142046158128
8.8 0.15142129863000273 0.0006774439232750951
8.833333333333334 0.28600253160862776 0.0007342314592984622
8.866666666666667 0.4126911371854584 0.0007780196677312223
8.9 0.5255535531857618 0.0008083085872120366
8.933333333333334 0.6283744134719464 0.000822333803297326
8.966666666666667 0.7151184396519609 0.0008301907686741883
9.0 0.7844931053531482 0.0008320953474318937
9.033333333333333 0.8334491672221764 0.0008311382094797759
9.066666666666666 0.861522498015542 0.0008309795735907954
9.1 0.8704300549723509 0.0008307212943703401
9.133333333333333 0.8581144817959269 0.0008334776283361878
9.166666666666666 0.8257649283385355 0.0008341002236880168
9.2 0.7695977354276531 0.0008369394642175898
9.233333333333333 0.6962113001155099 0.0008353330749258925
9.266666666666667 0.6015109425906258 0.0008240141804254364
9.3 0.49310419229240016 0.0008040112230053853
9.333333333333334 0.3668716937971953 0.0007700503555412297
9.366666666666667 0.23530888799616298 0.0007189065802515604
9.4 0.09872425852991157 0.0006510738998944804
9.433333333333334 -0.03645564271588911 0.0006168090972312537
9.466666666666667 -0.1754612528626418 0.0006914607375260173
9.5 -0.3016363684126469 0.0007475809613525231
9.533333333333333 -0.42563519904057595 0.0007895149948599633
9.566666666666666 -0.5373638584394494 0.000821837765768052
9.6 -0.6340297590967839 0.0008366267597681443
9.633333333333333 -0.7165132865355979 0.0008438927331729795
9.666666666666666 -0.7829298361896662 0.0008485491005928436
9.7 -0.8296744253779778 0.0008485961176113443
9.733333333333333 -0.8555624737376716 0.0008473350674311764
9.766666666666667 -0.860895649549647 0.0008487814515565351
9.8 -0.8470631570014319 0.0008492629713636735
9.833333333333334 -0.8118884179187374 0.000850899069901323
9.866666666666667 -0.7532591492131148 0.000850222711011317
9.9 -0.6781438608453149 0.000845546875302472
9.933333333333334 -0.586442108368611 0.0008319532698209953
9.966666666666667 -0.47573597829357267 0.0008076756422294995
10.0 -0.3520392534594512 0.0007693042229963698
10.033333333333333 -0.2237996596351926 0.0007155551111208691
10.066666666666666 -0.09035762101807142 0.0006507810070192771
10.1 0.04752025646810961 0.0006236260859503323
10.133333333333333 0.18249364784847355 0.0006907580732088414
10.166666666666666 0.3145118920771479 0.000747348989248886
10.2 0.4339756929616567 0.0007873957088262995
10.233333333333333 0.5444637239132132 0.0008120342547163206
10.266666666666667 0.6442546129864184 0.0008258399876385214
10.3 0.7223692988204274 0.0008312525583440422
10.333333333333334 0.7870576765629029 0.0008323349430374716
10.366666666666667 0.8295662156524619 0.0008310579384689376
10.4 0.8524842679615084 0.0008300361735285033
10.433333333333334 0.8548671577721695 0.0008318952586173767
10.466666666666667 0.8375303272583385 0.0008333973377879778
10.5 0.7987910635528832 0.0008347422179543207
10.533333333333333 0.7409794161673772 0.0008361535446935742
10.566666666666666 0.6605059476018602 0.0008295760496956905
10.6 0.5635337860415413 0.0008176424988001196
10.633333333333333 0.4551443160540616 0.0007930327682749705
10.666666666666666 0.32529731478286245 0.0007545695278944331
10.7 0.19362011468099022 0.000697590209355059
10.733333333333333 0.06041156912331595 0.0006314209545046912
10.766666666666667 -0.07406184471747083 0.0006386702862336974
10.8 -0.2061795639257349 0.0007072143426159749
10.833333333333334 -0.33440469223070013 0.000761301356138
10.866666666666667 -0.44988393729727627 0.0007980677023349814
10.9 -0.5566950600948078 0.0008228658974208658
10.933333333333334 -0.648698079538392 0.0008352859572732241
10.966666666666667 -0.7267621686962195 0.0008475760185783221
11.0 -0.7854295826878277 0.0008478495976899092
11.033333333333333 -0.8247223596577548 0.0008484599028293349
11.066666666666666 -0.8452375833359004 0.000849238006790376
11.1 -0.8451335640871824 0.0008496620094151641
11.133333333333333 -0.8247160758689187 0.0008514777491435144
11.166666666666666 -0.7823918397660926 0.0008505647288926665
11.2 -0.7222296380355182 0.0008488045111283427
11.233333333333333 -0.6439768932563738 0.0008413895112787673
11.266666666666667 -0.5447617010493462 0.0008251220009800608
11.3 -0.4322221704351444 0.0007960987957844612
11.333333333333334 -0.3087652693375055 0.0007521671820045484
11.366666666666667 -0.17835144993874133 0.000694855796157301
11.4 -0.04463756950163371 0.0006231815619822112
11.433333333333334 0.08979215330550908 0.000644139315868153
11.466666666666667 0.22227774688637356 0.0007089946329553176
11.5 0.34594083869504355 0.0007585487259796908
11.533333333333333 0.46448882405052405 0.0007934648619037921
11.566666666666666 0.5682280121807592 0.0008151510458545008
11.6 0.658485589125716 0.0008270759244931591
11.633333333333333 0.7321800512362342 0.000830953505856602
11.666666666666666 0.7891565161914731 0.0008325011063697874
11.7 0.8252583252788718 0.0008317787530385257
11.733333333333333 0.8409314847961183 0.0008314989946607287
11.766666666666667 0.8369357511269269 0.0008328007795241898
11.8 0.8133220933358545 0.0008343746250252249
11.833333333333334 0.7685432049539045 0.0008349555130439112
11.866666666666667 0.7029418831187381 0.0008337441438660553
11.9 0.6193778843841061 0.0008266739814767332
11.933333333333334 0.5183377848606747 0.0008103875040710307
11.966666666666667 0.4050184922137738 0.0007820515628903513
12.0 0.2738576260577629 0.000734011740546936
12.033333333333333 0.14285739753595855 0.000676179969806262
12.066666666666666 0.011860808237263626 0.000603165947177936
12.1 -0.11994782763252572 0.0006620518615762239
12.133333333333333 -0.2488369473043335 0.0007249598411611935
12.166666666666666 -0.3704272122613736 0.0007723370112271422
12.2 -0.4823824210075547 0.0008060975958062988
12.233333333333333 -0.582016141648302 0.0008274395162998216
12.266666666666667 -0.6660851978795379 0.0008400598211270038
12.3 -0.7387570346054368 0.0008465288363934675
12.333333333333334 -0.787389857065653 0.0008480367026275637
12.366666666666667 -0.8195729020495757 0.0008479188862844378
12.4 -0.832655902060413 0.0008491998869791795
12.433333333333334 -0.825631149046489 0.0008496153204087253
12.466666666666667 -0.7972834799183315 0.0008500985614995349
12.5 -0.7501386375977164 0.0008497333213995928
12.533333333333333 -0.6831020321791813 0.0008458094342879141
12.566666666666666 -0.5978521232470213 0.0008339061061343189
12.6 -0.4957935240387327 0.0008140099994472516
12.633333333333333 -0.38059202926604774 0.0007784456914338711
12.666666666666666 -0.2553357556339552 0.0007298265290580086
12.7 -0.1256271781051689 0.0006688153718899803
12.733333333333333 0.006860467782160958 0.0006004451123104836
12.766666666666667 0.1373299578927074 0.000669811264629977
12.8 0.26447461052461413 0.0007290687215451563
12.833333333333334 0.38588634394838567 0.0007711503568920142
12.866666666666667 0.49879967737581393 0.0008037381036988256
12.9 0.5929081464320844 0.0008191487358335525
12.933333333333334 0.6765846569489714 0.0008284796131095007
12.966666666666667 0.7431017930523837 0.0008309735657494599
13.0 0.7914139222055604 0.0008323533535200545
13.033333333333333 0.8184929837404249 0.0008337364450879958
13.066666666666666 0.8283596388027835 0.0008324328965132466
13.1 0.8159533716686533 0.0008356134860266762
13.133333333333333 0.7851583501188144 0.0008352677614548165
13.166666666666666 0.7325121086672309 0.0008352334272458961
13.2 0.6595952943925567 0.0008316775612284832
13.233333333333333 0.5708064412703966 0.000819154671916289
13.266666666666667 0.46653686022388297 0.0007974774699622822
13.3 0.3478161001484029 0.0007632201643221204
13.333333333333334 0.22123795641153413 0.0007125849813566509
13.366666666666667 0.08981531507122656 0.0006467579515618271
13.4 -0.04046630670131652 0.0006214047265573758
13.433333333333334 -0.16883342004910348 0.0006878088605494492
13.466666666666667 -0.2931322729009857 0.0007424196842232833
13.5 -0.4089629326670663 0.0007853202374960566
13.533333333333333 -0.5161487822430979 0.0008149262754146847
13.566666666666666 -0.607253819503943 0.0008332223188273202
13.6 -0.6860862946698824 0.0008434821604982323
13.633333333333333 -0.7471168443116887 0.0008472305414877201
13.666666666666666 -0.7904788892993151 0.0008485662524044812
13.7 -0.813609640434905 0.0008505337223960741
13.733333333333333 -0.8182515553438391 0.0008503349290512885
13.766666666666667 -0.8018183834493036 0.0008529331332044476
13.8 -0.7670946034687286 0.0008504939844685699
13.833333333333334 -0.711582536056044 0.0008481916560921787
13.866666666666667 -0.6382885711339918 0.0008400842060549696
13.9 -0.5467470814662236 0.0008247161537132675
13.933333333333334 -0.4424019780374906 0.0007981263183471365
13.966666666666667 -0.3254363593629874 0.0007589464455455275
14.0 -0.19728435963032434 0.0007044740258395077
14.033333333333333 -0.06885999687621161 0.0006374553116113152
14.066666666666666 0.0623293210088334 0.0006307596060923792
14.1 0.18765663706170585 0.0006961195304783785
14.133333333333333 0.31297584481175855 0.0007472330088016954
14.166666666666666 0.42839861553940256 0.0007856494734567732
14.2 0.5331637658155143 0.000811967551525905
14.233333333333333 0.6218467768369705 0.00082351753713783
14.266666666666667 0.6977960938475887 0.0008305365518396224
14.3 0.7523672563170075 0.0008319141577810552
14.333333333333334 0.7925462566088524 0.0008324923356232139
14.366666666666667 0.8116775587704289 0.0008334732348145302
14.4 0.8110257762529971 0.0008332055805522209
14.433333333333334 0.790396501775868 0.0008356246520788702
14.466666666666667 0.749624422748324 0.0008365625509236807
14.5 0.6902427378778078 0.0008330181855350505
14.533333333333333 0.6089966551562662 0.000825547659660919
14.566666666666666 0.5157770570223407 0.0008092905503201964
14.6 0.4082755035392798 0.0007821639283992488
14.633333333333333 0.2857190122255155 0.0007401561372461507
14.666666666666666 0.15918329914846144 0.0006834128162093445
14.7 0.028101375093309282 0.0006128877801463289
14.733333333333333 -0.09992447969769198 0.0006550735276579095
14.766666666666667 -0.22622558512742472 0.0007168685548042675
14.8 -0.3438831932317272 0.0007641199356659412
14.833333333333334 -0.45391732264107576 0.0007987868920008023
14.866666666666667 -0.5521048443852866 0.000824632370353795
14.9 -0.6365641188100167 0.0008370132392971907
14.933333333333334 -0.704249919950161 0.0008449556785027346
14.966666666666667 -0.7577200662476421 0.0008498468705707696
15.0 -0.7916160764260731 0.0008490513344802109
15.033333333333333 -0.8060544629175783 0.0008502335813459494
15.066666666666666 -0.8007030169223585 0.0008507302045569487
15.1 -0.7754395737152758 0.0008507535793004228
15.133333333333333 -0.7312482419251864 0.0008486786711133787
15.166666666666666 -0.6660237658970538 0.0008433695481864234
15.2 -0.5843447769972179 0.000832822141506484
15.233333333333333 -0.49069851320103003 0.0008119561378787665
15.266666666666667 -0.3808533452391117 0.0007771617492611238
15.3 -0.26058942162259174 0.0007306588372784084
15.333333333333334 -0.133784606369793 0.0006718444085837272
15.366666666666667 -0.005312221513397001 0.000599207996755999
15.4 0.12242216115710979 0.000662881708187818
15.433333333333334 0.24745734071816294 0.0007211596110612284
15.466666666666667 0.3631184300454781 0.0007634969072401465
15.5 0.4721555377281761 0.0007948044573201085
15.533333333333333 0.5695538157869378 0.0008153006319324696
15.566666666666666 0.6499062208176178 0.0008264764751654274
15.6 0.7150361705677011 0.0008296812044914503
15.633333333333333 0.7634139670405654 0.0008323629652841058
15.666666666666666 0.7923086442689781 0.0008329076172607364
15.7 0.8000692386532996 0.0008341174977364307
15.733333333333333 0.7908311959543838 0.000834137946514879
15.766666666666667 0.7596578498552173 0.0008356516519236745
15.8 0.7097147891161869 0.0008342855643851399
15.833333333333334 0.6395148443537024 0.0008264709390435332
15.866666666666667 0.5563393018172842 0.0008171659812805654
15.9 0.45387931223399475 0.0007946032910547962
15.933333333333334 0.34179176606603173 0.0007593108671026805
15.966666666666667 0.21895447546297964 0.0007112013945188289
16.0 0.08858364931918603 0.0006463236424913144
16.033333333333335 -0.03463513437922454 0.000617137212285887
16.066666666666666 -0.16190316278216305 0.0006851013780238835
16.1 -0.2824899435650009 0.0007406840362235156
16.133333333333333 -0.39702208862643296 0.0007837631016093805
16.166666666666668 -0.499799507157297 0.000811269841200557
16.2 -0.5881693905164904 0.0008290607034686648
16.233333333333334 -0.6653131719153484 0.0008415483222221631
16.266666666666666 -0.7234542506214078 0.0008463045869403496
16.3 -0.766089855333005 0.0008485164342159068
16.333333333333332 -0.7894761410429728 0.0008492473739543094
16.366666666666667 -0.7930141338954143 0.0008504238507557327
16.4 -0.7766023911012013 0.0008504187379688721
16.433333333333334 -0.7413977149528524 0.0008482864320648043
16.466666666666665 -0.6866870387752941 0.0008453913934419743
16.5 -0.6156754720881105 0.0008372212130469681
16.533333333333335 -0.525347791856884 0.0008209380148624934
16.566666666666666 -0.42335925031909116 0.0007921837906406659
16.6 -0.31105474176501985 0.0007557907501980488
16.633333333333333 -0.18889554640638767 0.0007010858230372397
16.666666666666668 -0.059846735373633754 0.0006315883241520201
16.7 0.06556030333758116 0.0006332723400579582
16.733333333333334 0.1888992343428723 0.0006962941166562264
16.766666666666666 0.3100581453068634 0.0007472087351718115
16.8 0.41993233996602175 0.000780465840931388
16.833333333333332 0.519510894868042 0.0008057622952589716
16.866666666666667 0.6047305933877098 0.000820920603263553
16.9 0.6769494583702677 0.0008277816614469247
16.933333333333334 0.7326226383780011 0.0008324172279192688
16.966666666666665 0.7683235226474004 0.0008340888289316561
17.0 0.7866198168882546 0.0008334694337459592
17.033333333333335 0.7849277896882192 0.0008346194647422811
17.066666666666666 0.7626045712300012 0.0008353666344835808
17.1 0.7200640675115747 0.0008333116919878591
17.133333333333333 0.6600026373043372 0.0008323448123321864
17.166666666666668 0.5833341401541655 0.000821203934711523
17.2 0.4890753480671788 0.0008027416651695263
17.233333333333334 0.3849055385055417 0.0007744888386117532
17.266666666666666 0.26837661102740684 0.000732298775519391
17.3 0.14558947417880733 0.0006764694006661243
17.333333333333332 0.018203192046562698 0.0006066510136182313
17.366666666666667 -0.1081859194741911 0.0006584415020954998
17.4 -0.23150646688832485 0.0007180299781839594
17.433333333333334 -0.3443893123647038 0.0007636177021245194
17.466666666666665 -0.45053872486084073 0.0007973262933340663
17.5 -0.5435861870227732 0.0008202792484724997
17.533333333333335 -0.6219242451285929 0.0008361282695926731
17.566666666666666 -0.6904561355321225 0.0008434813591956525
17.6 -0.7392267785377465 0.0008473576931163906
17.633333333333333 -0.7696093604638778 0.0008487592010490985
17.666666666666668 -0.7813876733976945 0.0008511059005722466
17.7 -0.7737169719468016 0.0008503979697814801
17.733333333333334 -0.7468820227540454 0.000849923752351156
17.766666666666666 -0.7003708811379308 0.0008466889017459955
17.8 -0.6361092358989899 0.0008401275962172106
17.833333333333332 -0.5546339561676655 0.0008256685506621286
17.866666666666667 -0.460264815865688 0.0008050927767720983
17.9 -0.3517610649085392 0.000768137361367216
17.933333333333334 -0.23495703286675912 0.000721868298696221
17.966666666666665 -0.1117517257051005 0.0006614715757925632
18.0 0.012104474555868817 0.0006047690407969177
18.033333333333335 0.1391411753746105 0.0006729393579639198
18.066666666666666 0.2564680004426285 0.0007261626275256727
18.1 0.3693276755750477 0.0007652468731241813
18.133333333333333 0.4760781072737338 0.0007976654434377339
18.166666666666668 0.5652869139387071 0.0008141543279760466
18.2 0.64197643053291 0.0008260420217425235
18.233333333333334 0.7013979590186733 0.0008314081412603702
18.266666666666666 0.7442523529913995 0.0008348073260298072
18.3 0.7697859837018565 0.0008348712386885282
18.333333333333332 0.7748996682717066 0.0008345609841001744
18.366666666666667 0.7615935497997062 0.0008351880531850542
18.4 0.7277063107202361 0.0008342442918324311
18.433333333333334 0.6749524543298091 0.0008318180582975732
18.466666666666665 0.6064210604434409 0.0008254551039835745
18.5 0.5193291373400284 0.0008101109802343132
18.533333333333335 0.419404694322857 0.0007849464854180477
18.566666666666666 0.3085788052500852 0.0007460116004983641
18.6 0.18880506506101974 0.0006969134105258845
18.633333333333333 0.06306748594205003 0.0006330484317354501
18.666666666666668 -0.06148552517330404 0.0006325657296189571
18.7 -0.18140772463793076 0.0006943926830650371
18.733333333333334 -0.2984322791869046 0.0007472159801600875
18.766666666666666 -0.4068689829942105 0.0007850811141259517
18.8 -0.5028537731170766 0.000810944378640488
18.833333333333332 -0.5868283296712716 0.0008316125168326138
18.866666666666667 -0.6573686448884976 0.0008402881380654703
18.9 -0.7111665228071309 0.0008461178700284178
18.933333333333334 -0.7477836843421014 0.0008487637279677163
18.966666666666665 -0.7669035625168388 0.0008500366874151233
19.0 -0.7671084291407846 0.0008501875272646231
19.033333333333335 -0.746443950146736 0.0008493654352781377
19.066666666666666 -0.7071486530245044 0.0008487029316213146
19.1 -0.6513893361516186 0.0008417718169474453
19.133333333333333 -0.5766212066103599 0.0008319259688673863
19.166666666666668 -0.4875197868120579 0.0008106513645503854
19.2 -0.38438480507971995 0.0007792189961328133
19.233333333333334 -0.2734204946591466 0.0007374609851306668
19.266666666666666 -0.15493968708583045 0.0006833947944841212
19.3 -0.029737651340790705 0.0006147077746307197
19.333333333333332 0.09297406382493395 0.0006469208612598365
19.366666666666667 0.21322220941528597 0.0007088266350859518
19.4 0.3267818185338696 0.0007527907574075288
19.433333333333334 0.43282466399836694 0.0007854394780492657
19.466666666666665 0.527228208678566 0.0008080707869926318
19.5 0.6053155173897564 0.000823661792932584
19.533333333333335 0.6714585232160549 0.000827067623649369
19.566666666666666 0.7213270284018558 0.0008312455379605455
19.6 0.751000735103164 0.0008329419947369354
19.633333333333333 0.764072287644287 0.0008342358595755384
19.666666666666668 0.7561906092375996 0.0008361304698805139
19.7 0.7297542364234579 0.0008350217258830117
19.733333333333334 0.6852337950390377 0.0008334418080210293
19.766666666666666 0.6220850389521264 0.0008269208606416223
19.8 0.5402935626894434 0.0008128014098317538
19.833333333333332 0.4447678452820668 0.0007909866931028464
19.866666666666667 0.34147021700890806 0.0007598771424556228
19.9 0.22649470591344603 0.0007156377861280983
19.933333333333334 0.10604600693420518 0.0006561309563206247
19.966666666666665 -0.020704901471037755 0.0006088852864556682
20.0 -0.14200026824859865 0.0006761940064956284
20.033333333333335 -0.25747060326479476 0.0007293209051453808
20.066666666666666 -0.3666037346236644 0.0007702292703418712
20.1 -0.4665521268287299 0.0008016117008574075
20.133333333333333 -0.554964833993029 0.0008222871625727102
20.166666666666668 -0.6263525876377182 0.0008349945279418902
20.2 -0.6857953187800193 0.000845248044945679
20.233333333333334 -0.7274829185454801 0.0008468373545015284
20.266666666666666 -0.7511765058920135 0.000849006654769946
20.3 -0.7571280536052455 0.0008501436509845695
20.333333333333332 -0.7432789498929088 0.0008501594114156408
20.366666666666667 -0.7109691192369754 0.0008474735001186007
20.4 -0.6590485026284736 0.0008433876449883693
20.433333333333334 -0.5918416885799898 0.0008346089108213217
20.466666666666665 -0.5070245630299516 0.0008157189018584976
20.5 -0.4108088596092984 0.0007895831727050551
20.533333333333335 -0.3034459730897075 0.0007496565381504561
20.566666666666666 -0.18968010679239844 0.0007003361089056859
20.6 -0.06992606101580605 0.0006381628686313312
20.633333333333333 0.05414333268664281 0.0006275604590854356
20.666666666666668 0.1761569300288031 0.0006899811533554734
20.7 0.2898133884169905 0.0007387372125082226
20.733333333333334 0.39560704107293104 0.000773720043021342
20.766666666666666 0.49260015546129776 0.0008016707449723937
20.8 0.5746734797233989 0.0008164414536203646
20.833333333333332 0.6456633698024192 0.0008257618165675717
20.866666666666667 0.6979638227689882 0.0008304903756934934
20.9 0.7328494302088254 0.0008328682593209402
20.933333333333334 0.7500995303343644 0.000835138085562015
20.966666666666665 0.7488319462019106 0.0008345754063550093
21.0 0.728039151262679 0.0008342970028871743
21.033333333333335 0.6884718181363608 0.0008330724390162025
21.066666666666666 0.6312705277556 0.0008276411021732599
21.1 0.5554803535851559 0.000816296447090803
21.133333333333333 0.46498048297296624 0.0007977126427633485
21.166666666666668 0.36415243022908955 0.0007675747969984603
21.2 0.25419842452507246 0.0007268161511135296
21.233333333333334 0.13696744164299407 0.0006712947404766134
21.266666666666666 0.014867694174641287 0.0006058303159214452
21.3 -0.10503880131999058 0.0006571509629133554
21.333333333333332 -0.22442857470096808 0.0007162058131377491
21.366666666666667 -0.332626844574277 0.0007597065273169945
21.4 -0.43279870227043293 0.000794047873644399
21.433333333333334 -0.522061699694125 0.0008156268783588994
21.466666666666665 -0.5989088557444295 0.0008319859888528125
21.5 -0.661369984870995 0.0008406384105077436
21.533333333333335 -0.7075570197311595 0.0008453052672154904
21.566666666666666 -0.7354599769592352 0.0008476087453052061
21.6 -0.7460356760038992 0.0008494802932436096
21.633333333333333 -0.738184542157125 0.0008494388635098549
21.666666666666668 -0.7108588863502079 0.0008485703218220619
21.7 -0.6655538001005795 0.0008429814961767867
21.733333333333334 -0.6021141941712664 0.0008353175080556552
21.766666666666666 -0.5237763205176568 0.0008204532303188738
21.8 -0.4325199792674868 0.000795390720326028
21.833333333333332 -0.3300402315261149 0.0007605793420921714
21.866666666666667 -0.2170504222293705 0.0007130093739392551
21.9 -0.0988876091929433 0.0006539874556207304
21.933333333333334 0.019488131358748002 0.0006076195422112449
21.966666666666665 0.14196275514251638 0.0006716823246583625
22.0 0.2543082013588652 0.0007244080391351493
22.033333333333335 0.3630399441648432 0.0007665576700479071
22.066666666666666 0.46333806771625197 0.0007941970884230432
22.1 0.5487740264757762 0.0008116328192788735
22.133333333333333 0.6197655920342763 0.0008239276020501896
22.166666666666668 0.6748474314368644 0.000828451071473113
22.2 0.7155089443240732 0.0008310441515130274
22.233333333333334 0.7366144018869649 0.0008333878584549925
22.266666666666666 0.7385459370861055 0.0008342947570788573
22.3 0.7237711318004867 0.0008335936430812207
22.333333333333332 0.6907805524524046 0.0008321567594604673
22.366666666666667 0.6368901072699056 0.0008288301269046006
22.4 0.5678620790359256 0.0008178391067368285
22.433333333333334 0.48309252995281704 0.0008025312615858593
22.466666666666665 0.3838708831143195 0.0007733346323197665
22.5 0.27640806654960864 0.0007345059597707038
22.533333333333335 0.16193311881817263 0.0006836732778648102
22.566666666666666 0.04397334362137082 0.0006228359202354664
22.6 -0.07302206498194079 0.0006385946779517565
22.633333333333333 -0.19065661625141295 0.00069992570850827
22.666666666666668 -0.3024060853307565 0.0007482527921154336
22.7 -0.40398536764115917 0.0007846474361589695
22.733333333333334 -0.49555807870471874 0.0008095171432002113
22.766666666666666 -0.5746704749726479 0.000826950428389428
22.8 -0.6388079555673661 0.0008376920538584187
22.833333333333332 -0.6886951417685663 0.0008432112395064806
22.866666666666667 -0.7200776656733954 0.0008475193669723602
22.9 -0.7340060701244655 0.0008491934332224282
22.933333333333334 -0.7308533996401252 0.0008486410654143794
22.966666666666665 -0.7076846696236742 0.0008474680921867206
23.0 -0.6674247161933066 0.0008441141850271672
23.033333333333335 -0.6068161278351539 0.0008345434968369814
23.066666666666666 -0.5335648672072565 0.0008219749253436381
23.1 -0.44613702599083976 0.0008000882327305892
23.133333333333333 -0.3473188637052269 0.0007665356812149304
23.166666666666668 -0.23718719134527044 0.000723172972372621
23.2 -0.1226280795913249 0.000666145319353259
23.233333333333334 -0.003387064840947076 0.0005984591969633323
23.266666666666666 0.11333156947584436 0.0006571858102073225
23.3 0.22882161105877535 0.0007137528100258916
23.333333333333332 0.3363618284534887 0.0007534744179131803
23.366666666666667 0.4349946056781025 0.0007861628752095506
23.4 0.5229649985947008 0.0008066755241203927
23.433333333333334 0.596511132434847 0.0008197792109179147
23.466666666666665 0.6556759264732156 0.0008273126570317313
23.5 0.6982734462844156 0.0008301499077688623
23.533333333333335 0.7220302932979957 0.000832980323247523
23.566666666666666 0.728756118278333 0.0008332905348347186
23.6 0.7177347233188319 0.0008336693446421295
23.633333333333333 0.6868989731514873 0.0008321896439523746
23.666666666666668 0.6380199934337538 0.0008288805655860543
23.7 0.5730640216732926 0.0008204761706493979
23.733333333333334 0.49140266221330314 0.0008034308100288157
23.766666666666666 0.39824016548277374 0.0007801227623056572
23.8 0.2943797902608533 0.000743797206536001
23.833333333333332 0.1813737518041455 0.0006930175719547238
23.866666666666667 0.0677314673510955 0.0006353577084574347
23.9 -0.05141230153352015 0.0006274843626693088
23.933333333333334 -0.16464087795391838 0.0006877943200974401
23.966666666666665 -0.27695813327404295 0.0007377383261532588
24.0 -0.3790994317858575 0.0007770671320251887
24.033333333333335 -0.47257378250048765 0.0008040003897016867
24.066666666666666 -0.5524676889188971 0.000822912384451091
24.1 -0.6197057433328464 0.0008345429408160854
24.133333333333333 -0.6689501000224379 0.0008427006486640964
24.166666666666668 -0.7045608610422806 0.0008449584752178163
24.2 -0.7222950272553017 0.0008469619659359218
24.233333333333334 -0.7219214566817309 0.0008483646817477597
24.266666666666666 -0.7034704029412183 0.0008464521361577493
24.3 -0.6653383293499506 0.0008428467777178428
24.333333333333332 -0.6101540192029757 0.0008355620524630458
24.366666666666667 -0.53969641756273 0.0008239448400667593
24.4 -0.456271859323876 0.0008029849211974027
24.433333333333334 -0.359899237808254 0.0007723719094924753
24.466666666666665 -0.2538791414127663 0.0007297588007909583
24.5 -0.14097146811160494 0.0006752152253120536
24.533333333333335 -0.024930167126915443 0.0006122696268450224
24.566666666666666 0.09068412705892917 0.0006463721849646054
24.6 0.20269733311391017 0.0007035065428903087
24.633333333333333 0.3141622811256844 0.0007477432585689114
24.666666666666668 0.41148936309904743 0.0007799095578733262
24.7 0.5005500677380946 0.0008003990664963156
24.733333333333334 0.5749670079066996 0.0008166826026048124
24.766666666666666 0.6359208476094306 0.0008247158869527649
24.8 0.6814595038768464 0.0008298855673634087
24.833333333333332 0.7082910234207961 0.0008323199472192178
24.866666666666667 0.7183096840287411 0.0008341473271852307
24.9 0.7100623207647586 0.0008333933507030933
24.933333333333334 0.6833364103632783 0.0008318418227308833
24.966666666666665 0.6385144034467408 0.0008286996638693367
25.0 0.576517984082796 0.0008197399591436394
25.033333333333335 0.49885485484502873 0.0008042649830601878
25.066666666666666 0.4080809213603197 0.0007808054437007383
25.1 0.30677210968379093 0.0007473707941321739
25.133333333333333 0.1961387468650339 0.0007004548938148447
25.166666666666668 0.0821690366633685 0.0006448089073351343
25.2 -0.029339163250726764 0.0006139060445778041
25.233333333333334 -0.1453755580890826 0.0006775859880737423
25.266666666666666 -0.25497792477867975 0.0007288813012339967
25.3 -0.3561779771495441 0.0007684065502057691
25.333333333333332 -0.45222098665961874 0.0007978570119198669
25.366666666666667 -0.5320089466029384 0.0008203709935238335
25.4 -0.6001043009253383 0.0008321847233354607
25.433333333333334 -0.6529387132156533 0.0008394213405509277
25.466666666666665 -0.690780901229375 0.0008438982553514718
25.5 -0.7097848841411334 0.0008467411604292652
25.533333333333335 -0.7114633351108737 0.0008472812563380394
25.566666666666666 -0.6950852729690733 0.0008462887508626782
25.6 -0.6619169653440292 0.0008441373299288291
25.633333333333333 -0.6092586517447922 0.00083719634799162
25.666666666666668 -0.5419803940621204 0.0008236593951697069
25.7 -0.4606951902307155 0.0008039079403950322
25.733333333333334 -0.3668562038526412 0.0007759233109774777
25.766666666666666 -0.2631329406191523 0.0007340540323563793
25.8 -0.15403036392016442 0.0006847677260111151
25.833333333333332 -0.04042963066999648 0.0006202100089300402
25.866666666666667 0.07365885514229761 0.0006383700846579465
25.9 0.1859466800109807 0.0006948623701073242
25.933333333333334 0.29151432865811655 0.0007402973348241138
25.966666666666665 0.39378950080396513 0.0007753481780127802
26.0 0.48213342232847795 0.0007978916368892586
26.033333333333335 0.5592730139813545 0.0008125278011260617
26.066666666666666 0.6207568701165441 0.0008237099331506181
26.1 0.6663552226751472 0.0008287021037233222
26.133333333333333 0.6944825461261216 0.0008309967480794045
26.166666666666668 0.7073897037740595 0.0008327439295774397
26.2 0.7013935689588425 0.0008324950178311141
26.233333333333334 0.6774867156623124 0.000831558149803735
26.266666666666666 0.6357259153218382 0.0008288207087158161
26.3 0.5767228342278391 0.0008193479178857377
26.333333333333332 0.500992745701665 0.0008060317608311607
26.366666666666667 0.41164835912345793 0.0007829019929410652
26.4 0.3152595092792502 0.0007505027170359169
26.433333333333334 0.2062587490061143 0.000704873595194222
26.466666666666665 0.09447038918914426 0.000649254024919263
26.5 -0.018483783573358288 0.0006083616330362501
26.533333333333335 -0.13035291942721883 0.0006698947997211546
26.566666666666666 -0.23978018053430983 0.0007215032332936189
26.6 -0.34081526649351085 0.0007614445303285033
26.633333333333333 -0.4347654361689947 0.0007943124946453439
26.666666666666668 -0.5171497596855033 0.0008167148280823211
26.7 -0.5847509473697198 0.0008296220610448657
26.733333333333334 -0.6395589773280115 0.0008393973587347281
26.766666666666666 -0.6780927566654417 0.0008448059578344269
26.8 -0.6989661446030494 0.0008471638958879035
26.833333333333332 -0.7024106274255119 0.0008468697231905908
26.866666666666667 -0.6888833785851052 0.0008457924355543822
26.9 -0.6570696474978931 0.000842217923725963
26.933333333333334 -0.6080748090011908 0.0008362151377540039
26.966666666666665 -0.5417987936294856 0.0008242933796875906
27.0 -0.4628898017832227 0.0008050396229337675
27.033333333333335 -0.37104606302614185 0.0007761453754731584
27.066666666666666 -0.2720566249125661 0.0007367541057298754
27.1 -0.16341686204870698 0.0006881817319745465
27.133333333333333 -0.04929138037991942 0.0006245646056474916
27.166666666666668 0.062397077248154846 0.0006335255067389314
27.2 0.17321489662642636 0.0006894790942122142
27.233333333333334 0.27906434162828053 0.0007330366400474242
27.266666666666666 0.3789389809953269 0.0007692462103522368
27.3 0.4673120437403877 0.0007940335769205942
27.333333333333332 0.544288754454156 0.0008090575270122136
27.366666666666667 0.6070521289925201 0.0008217163879605804
27.4 0.6540389418114394 0.000827064227105212
27.433333333333334 0.6838071660598427 0.0008301813011243331
27.466666666666665 0.6958718392270175 0.0008317547339199427
27.5 0.6919012688718724 0.0008326164190994856
27.533333333333335 0.6701255218070792 0.0008306885181945667
27.566666666666666 0.6296839505500789 0.0008286437181753703
27.6 0.5736872774786105 0.0008200675950539305
27.633333333333333 0.5007948123622291 0.0008047648029273491
27.666666666666668 0.41189758306364627 0.0007808253084183869
27.7 0.31808226848587084 0.0007514745895521591
27.733333333333334 0.21459229424073062 0.0007094068501513617
27.766666666666666 0.10323378522131198 0.0006556022752085972
27.8 -0.009582946363893206 0.0006015084078902794
27.833333333333332 -0.12150071002870526 0.0006667492640256012
27.866666666666667 -0.22755302857408413 0.0007164666923163421
27.9 -0.3311722332147621 0.0007618011891468157
27.933333333333334 -0.41941739221755453 0.0007897078111858691
27.966666666666665 -0.503438493074962 0.0008113862699752339
28.0 -0.5737235979591351 0.000826832047233883
28.033333333333335 -0.627297946478056 0.0008364317651722297
28.066666666666666 -0.6657234135380842 0.0008409745772895993
28.1 -0.688384711836194 0.000844752266094817
28.133333333333333 -0.6931027385605502 0.0008457009844788921
28.166666666666668 -0.6810982429899864 0.00084523224546873
28.2 -0.6501413150575869 0.0008417656605802515
28.233333333333334 -0.6044198566820029 0.0008357817206342544
28.266666666666666 -0.540897116881782 0.0008242670680166375
28.3 -0.462494341071932 0.0008046060511039399
28.333333333333332 -0.371702972725049 0.0007779201231037924
28.366666666666667 -0.272267667276436 0.0007391683870253685
28.4 -0.16649777421364348 0.0006884786970291767
28.433333333333334 -0.05649583676974863 0.000630845471394248
28.466666666666665 0.056682434926249615 0.0006298080225272742
28.5 0.1652612142222446 0.0006849905764639841
28.533333333333335 0.2716718187501549 0.0007302530473777824
28.566666666666666 0.3677908021202466 0.0007647322530038303
28.6 0.45492623914478303 0.0007912177291595213
28.633333333333333 0.5319202134766159 0.0008097123931779526
28.666666666666668 0.5955481237933739 0.0008189686533359719
28.7 0.6410402198281968 0.0008249783696043789
28.733333333333334 0.672132436805753 0.0008294708919905913
28.766666666666666 0.6860765701125431 0.0008309403748936184
28.8 0.6814321203117433 0.0008316802084042951
28.833333333333332 0.6618702487777884 0.0008294893658492564
28.866666666666667 0.6244965046841926 0.0008268777855905407
28.9 0.5690034059711787 0.0008179527416125598
28.933333333333334 0.4986258969187578 0.0008051164863029925
28.966666666666665 0.413856068127564 0.0007828106380139421
29.0 0.31883480196845754 0.0007529159666222474
29.033333333333335 0.21495506009900037 0.0007085274336260661
29.066666666666666 0.10565843808705581 0.000655653266302722
29.1 -0.005375550697941027 0.0006002552528466725
29.133333333333333 -0.11462103220859762 0.000661767289880627
29.166666666666668 -0.2211520679830329 0.0007146875868979385
29.2 -0.3194107437836368 0.0007543507014614037
29.233333333333334 -0.4108062843696261 0.0007859870831362636
29.266666666666666 -0.4924162157841324 0.0008076137058168342
29.3 -0.5624038600672534 0.0008244567774134959
29.333333333333332 -0.6161250578131685 0.0008359352440023837
29.366666666666667 -0.6568292128130865 0.0008437702607210218
29.4 -0.6778343117822511 0.0008465402490830387
29.433333333333334 -0.6826386880950617 0.0008454294928642581
29.466666666666665 -0.6715192630008372 0.0008444840889421101
29.5 -0.642616258750809 0.0008406189271553677
29.533333333333335 -0.5973876521095881 0.0008341290500410992
29.566666666666666 -0.5365451262453443 0.0008227104317484191
29.6 -0.4597122147076127 0.0008020548732272093
29.633333333333333 -0.37090923732997955 0.0007767645655478161
29.666666666666668 -0.26975767247650484 0.0007383032990954663
29.7 -0.16727397958333806 0.0006902040604908344
29.733333333333334 -0.05934268366011881 0.0006315819432427816
29.766666666666666 0.050315542173868015 0.0006251857016790346
29.8 0.16049991057556626 0.0006826446551780052
29.833333333333332 0.2628627353370885 0.0007270878818166904
29.866666666666667 0.3575992863223646 0.0007625777595161587
29.9 0.4460526154487772 0.000788791571888825
29.933333333333334 0.5220623321474589 0.0008077274290740899
29.966666666666665 0.5855604360981349 0.0008184414677597784
30.0 0.6322057423270719 0.000824059353656037
30.033333333333335 0.6635558226185135 0.0008285340622686821
30.066666666666666 0.6766997490587898 0.0008297556065482992
30.1 0.673658385093064 0.000830182746186181
30.133333333333333 0.6533108105085957 0.0008305888862440991
30.166666666666668 0.6159196712456487 0.0008275249345814917
30.2 0.5601124554817841 0.0008162475132236224
30.233333333333334 0.491588732667154 0.0008027731659446258
30.266666666666666 0.40782540537858514 0.0007813333345813023
30.3 0.3143989049099544 0.0007499011475007866
30.333333333333332 0.21257136271831484 0.0007087603689752697
30.366666666666667 0.10614686599346065 0.0006581108865281737
30.4 -0.004222894229046759 0.00059933634802385
30.433333333333334 -0.10907719957002705 0.0006582814827311989
30.466666666666665 -0.21675241318198868 0.0007122185071617715
30.5 -0.31456508667339367 0.0007535146119664882
30.533333333333335 -0.40465716025640436 0.0007846885167461792
30.566666666666666 -0.48528858738166775 0.0008085671107253556
30.6 -0.5536662455001433 0.0008239307029492826
30.633333333333333 -0.6061360095953753 0.0008338248712507212
30.666666666666668 -0.6455631939782598 0.0008406334827701922
30.7 -0.6679330441945863 0.0008425431024824404
30.733333333333334 -0.6734551203326676 0.0008441604295940097
30.766666666666666 -0.6613645940523525 0.0008436555626499809
30.8 -0.6322178013926589 0.0008397091417323699
30.833333333333332 -0.5869957951724882 0.0008315174459732066
30.866666666666667 -0.5266257008186158 0.0008201806393745015
30.9 -0.45261587611927323 0.0008011725940508252
30.933333333333334 -0.36581143240332153 0.0007734942727120053
30.966666666666665 -0.2680238421273818 0.0007369278934616919
31.0 -0.16337736824027524 0.0006881943418955982
31.033333333333335 -0.057900357431958656 0.0006317237389605462
31.066666666666666 0.05373483333283666 0.0006273715282781589
31.1 0.15819139165213517 0.0006811758389879963
31.133333333333333 0.2610824574905685 0.0007262734996906772
31.166666666666668 0.3553964949382969 0.0007609226508712985
31.2 0.44170902146531077 0.0007831330693185423
31.233333333333334 0.5153556404288382 0.000805241832838921
31.266666666666666 0.5763354410623165 0.0008160559754025742
31.3 0.6231257570765364 0.0008230411363501222
31.333333333333332 0.6533791699588332 0.0008277863377283978
31.366666666666667 0.6658157436600195 0.0008297385539057789
31.4 0.6635179154894283 0.0008297561800540976
31.433333333333334 0.6424920729841784 0.0008262020777248802
31.466666666666665 0.6055652796260081 0.0008231215941627568
31.5 0.5526038053224253 0.0008159836013043043
31.533333333333335 0.48418580402222916 0.00080144005225119
31.566666666666666 0.40128448312403125 0.0007764799505861064
31.6 0.3114344508889884 0.0007475611325762355
31.633333333333333 0.20733604952929693 0.0007059483733608263
31.666666666666668 0.10120039415828042 0.0006531402770673655
31.7 -0.00733282639672833 0.0006011395506066511
31.733333333333334 -0.11209185923917575 0.0006607798964179401
31.766666666666666 -0.21820358143329022 0.0007119169228482769
31.8 -0.31292597790995114 0.0007537478313041635
31.833333333333332 -0.402287030929437 0.0007846101985178322
31.866666666666667 -0.4818011637319194 0.0008073369005822117
31.9 -0.5473739656391629 0.0008219253495528323
31.933333333333334 -0.5989059734534724 0.0008324153935799217
31.966666666666665 -0.6377963955001303 0.0008384463570129119
32.0 -0.6591802525873093 0.0008422178503828537
32.03333333333333 -0.6640713864462522 0.0008432116713559257
32.06666666666667 -0.6521198402455936 0.0008417374650028231
32.1 -0.623106573515216 0.0008391011729926845
32.13333333333333 -0.5771777744719074 0.0008325549500415308
32.166666666666664 -0.5175840660214921 0.0008187746120565942
32.2 -0.4442487951911859 0.0007992827028651672
32.233333333333334 -0.3562633574838439 0.0007701680471212113
32.266666666666666 -0.2619589349530149 0.0007343691514605788
32.3 -0.15933556224727563 0.0006851326981379968
32.333333333333336 -0.052443255599021035 0.000627341482802718
32.36666666666667 0.05572400343086645 0.0006283921711260493
32.4 0.15929168079689354 0.00068179583744718
32.43333333333333 0.2616766810940947 0.0007257898685518183
32.46666666666667 0.3549340639242049 0.00075949207386522
32.5 0.43819052433669864 0.0007884363441368336
32.53333333333333 0.5115113654830854 0.0008062060949112215
32.56666666666667 0.5711409245536085 0.0008162961682087744
32.6 0.6149220777401305 0.0008235441868912341
32.63333333333333 0.6453994743893141 0.0008269846232648037
32.666666666666664 0.6581072591064406 0.0008285836427114335
32.7 0.6542952406188148 0.0008292613333454879
32.733333333333334 0.6328284751813803 0.000827586220829235
32.766666666666666 0.5959303533268028 0.0008218351621902542
32.8 0.5407179256403418 0.0008138831028767779
32.833333333333336 0.47278630356036927 0.0008027913645011764
32.86666666666667 0.39066061092686605 0.0007769885782065722
32.9 0.3009661774681736 0.0007449099623262345
32.93333333333333 0.20121662301218296 0.000703463057736109
32.96666666666667 0.0955895374601863 0.0006508709860990891
33.0 -0.011316678854842353 0.0006037785800014957
33.03333333333333 -0.11701852727255145 0.0006633766913174272
33.06666666666667 -0.21802237700823757 0.0007129138988848926
33.1 -0.3140242208880206 0.0007541095064214631
33.13333333333333 -0.4032371561100808 0.0007843545114153971
33.166666666666664 -0.47831824465490397 0.0008049639680740572
33.2 -0.5424513008635978 0.0008209341054247199
33.233333333333334 -0.5954785348377589 0.0008320088934253844
33.266666666666666 -0.6305336610439918 0.0008380440992792337
33.3 -0.6511179634851839 0.0008408790682724598
33.333333333333336 -0.6549750332771073 0.0008422590631902427
33.36666666666667 -0.6421492629373556 0.0008397083812007322
33.4 -0.6114818797828727 0.0008366761135472078
33.43333333333333 -0.5661478091953316 0.0008297274607186322
33.46666666666667 -0.5055578087668529 0.0008142199068588152
33.5 -0.4325507303611143 0.0007964214797502867
33.53333333333333 -0.3469421305884119 0.0007667654494067921
33.56666666666667 -0.25226159132393783 0.0007285486311888745
33.6 -0.15220441966202666 0.0006823390910636329
33.63333333333333 -0.04422690610508624 0.0006232191052297845
33.666666666666664 0.06302103449680789 0.0006328235584604214
33.7 0.16442169430367473 0.0006847556736918059
33.733333333333334 0.264769506185296 0.0007268029042957758
33.766666666666666 0.35662140104900164 0.0007609649506337135
33.8 0.4382160985232109 0.0007862732744222112
33.833333333333336 0.508712758776046 0.00080541434088377
33.86666666666667 0.5671067474091882 0.0008147071940839412
33.9 0.6099491811871633 0.0008225100608992841
33.93333333333333 0.637393743762597 0.0008258607376533389
33.96666666666667 0.6482601193669916 0.0008289268727400545
34.0 0.6438314530346417 0.0008280721762229382
34.03333333333333 0.6209473978717949 0.0008250562232283709
34.06666666666667 0.5823883989392857 0.0008201919677347513
34.1 0.5298426084789258 0.0008112969392121139
34.13333333333333 0.46089204923579136 0.0007984423766841942
34.166666666666664 0.37964462651149367 0.0007737329722252717
34.2 0.2884027233523121 0.0007408812878756943
34.233333333333334 0.19005443698450375 0.0006992215815845859
34.266666666666666 0.08644299832041878 0.00064559634572256
34.3 -0.020135744735110744 0.0006085182062037786
34.333333333333336 -0.12308135329346946 0.0006650861766013816
34.36666666666667 -0.2267384600493675 0.0007156441724553986
34.4 -0.3197811481025119 0.0007548244773399326
34.43333333333333 -0.4044311661038865 0.0007839895575650346
34.46666666666667 -0.47948775436758106 0.0008061283617548654
34.5 -0.5415343389488668 0.0008206066064729844
34.53333333333333 -0.59064795681478 0.0008309492262980056
34.56666666666667 -0.6236423493931972 0.0008371468337012855
34.6 -0.6427620383760732 0.0008397997752717101
34.63333333333333 -0.6448390275544194 0.0008412293075830135
34.666666666666664 -0.6304677394123452 0.0008393561385223736
34.7 -0.6000410554754658 0.0008348503365560589
34.733333333333334 -0.5538483280687704 0.0008258902368193377
34.766666666666666 -0.4928615213733908 0.0008127994262804861
34.8 -0.4190655905163984 0.0007913585178614957
34.833333333333336 -0.333874513596666 0.0007621043228729918
34.86666666666667 -0.23964268047556617 0.0007229536454651797
34.9 -0.1386768773103938 0.0006727726935370493
34.93333333333333 -0.0352723245306431 0.0006174249910579493
34.96666666666667 0.06733896798575256 0.0006346232952918612
35.0 0.17174879683672897 0.0006881318741977782
35.03333333333333 0.26883183125078475 0.0007297250258858079
35.06666666666667 0.35916558737548343 0.0007616907318431232
35.1 0.4404199472410247 0.0007871255130681987
35.13333333333333 0.5096956969536973 0.0008042516507674735
35.166666666666664 0.5642444437759143 0.00081279446007676
35.2 0.6049280455448404 0.0008210243371312709
35.233333333333334 0.6300728023131171 0.0008246556669284644
35.266666666666666 0.639670087582142 0.0008271716835749343
35.3 0.6331734169031852 0.0008281089437751632
35.333333333333336 0.6093069327886383 0.0008251681387986265
35.36666666666667 0.5684076992758148 0.0008180928544992971
35.4 0.5139307753234984 0.0008079826910220023
35.43333333333333 0.4449978536158274 0.0007927743970634338
35.46666666666667 0.36526438997804855 0.0007666785983789781
35.5 0.27180413543778803 0.0007321513932758705
35.53333333333333 0.17754939834716651 0.000693005063983787
35.56666666666667 0.07375775926072052 0.0006395665715803883
35.6 -0.028897207945513856 0.0006141016578783826
35.63333333333333 -0.134006081487267 0.0006734099261608839
35.666666666666664 -0.23291802140229978 0.0007188109672562615
35.7 -0.32513676296314087 0.0007578321962266044
35.733333333333334 -0.40686238947316 0.0007845177451905605
35.766666666666666 -0.47969015826850997 0.0008066398111079565
35.8 -0.540340821362076 0.0008215117926003712
35.833333333333336 -0.5862370339677243 0.0008284835816643188
35.86666666666667 -0.6186738150123071 0.000832779179862464
35.9 -0.6350165250796318 0.0008358755584739752
35.93333333333333 -0.6358678940891807 0.0008355286853169996
35.96666666666667 -0.6196808203195473 0.0008335962373781092
36.0 -0.5880362256296724 0.0008288035534943505
36.03333333333333 -0.5397268335932296 0.0008204313258358686
36.06666666666667 -0.4763482176831253 0.0008058229408219875
36.1 -0.4045938434796768 0.000785537081916643
36.13333333333333 -0.3177954915209325 0.0007543667655890429
36.166666666666664 -0.22519867216441536 0.0007147982185533863
36.2 -0.12472132604785635 0.0006659953872423519
36.233333333333334 -0.022105637894931193 0.0006101010658792379
36.266666666666666 0.08097247116093974 0.0006422502752658904
36.3 0.1804760216268351 0.0006889104498764842
36.333333333333336 0.2771319905725638 0.0007321851674018665
36.36666666666667 0.36482830327045757 0.0007639115485226777
36.4 0.4410780362926354 0.0007862548777057832
36.43333333333333 0.5094678056021067 0.0008043587780586225
36.46666666666667 0.5623546915636136 0.0008135744726428529
36.5 0.6011633386048011 0.0008204685841647352
36.53333333333333 0.6243326835956364 0.0008238573177937747
36.56666666666667 0.6305164270514096 0.0008252086462783303
36.6 0.6215086557741861 0.000825096123683311
36.63333333333333 0.5966484872681859 0.0008208041392295806
36.666666666666664 0.5541721518068153 0.0008147784261048896
36.7 0.497782766095356 0.0008037042932416694
36.733333333333334 0.4271579860433597 0.0007859196562624016
36.766666666666666 0.3460790089825299 0.000760826597598907
36.8 0.25641854699412714 0.0007269558306924884
36.833333333333336 0.15731584726695697 0.0006830743321683819
36.86666666666667 0.06106380982537679 0.0006323595890146069
36.9 -0.043934561403198014 0.0006226711258008055
36.93333333333333 -0.14333328430550943 0.0006760645716474833
36.96666666666667 -0.24292633384461293 0.0007214442921819608
37.0 -0.33327966432039347 0.0007595356708564038
37.03333333333333 -0.41331830739470055 0.0007865024356240591
37.06666666666667 -0.48411491419887787 0.0008070246329483499
37.1 -0.5412885112421756 0.0008214963019154142
37.13333333333333 -0.5835562503488075 0.0008296827574585386
37.166666666666664 -0.6140962789065698 0.0008350265061476403
37.2 -0.6283618740270627 0.0008376860359491367
37.233333333333334 -0.6265355493436477 0.0008382231559217468
37.266666666666666 -0.6086564365566071 0.0008364360524047987
37.3 -0.5733404166395181 0.0008289960784703121
37.333333333333336 -0.5225922696581439 0.0008181743019225474
37.36666666666667 -0.45925569721081694 0.0008024284620853361
37.4 -0.3849760082503494 0.0007794277015604201
37.43333333333333 -0.298114926689334 0.0007486952959109838
37.46666666666667 -0.20436072009126807 0.0007086933187548661
37.5 -0.10759516209276353 0.0006586478195094864
37.53333333333333 -0.0067642784928195875 0.0006015869030927684
37.56666666666667 0.0954843157521516 0.0006486868310364297
37.6 0.19114665522903418 0.0006976310979180667
37.63333333333333 0.2870246079509643 0.0007389478985920239
37.666666666666664 0.3744925405355765 0.0007672835577864356
37.7 0.44959568499663394 0.0007886070977643489
37.733333333333334 0.5121536062003813 0.0008052157421650774
37.766666666666666 0.5615129170539589 0.0008132130485082323
37.8 0.5971171619956938 0.0008191479909414046
37.833333333333336 0.6159323589884873 0.0008234941833611398
37.86666666666667 0.6220383565844568 0.0008251106017734822
37.9 0.6098694682718353 0.0008227158701956672
37.93333333333333 0.58342489370247 0.0008189254537624979
37.96666666666667 0.5382263861976047 0.0008114304703876751
38.0 0.4797863057523565 0.0007994792286146746
38.03333333333333 0.4096589127511069 0.0007815392249286846
38.06666666666667 0.32818668224898245 0.0007553766464316047
38.1 0.23734882983511577 0.0007187662181921406
38.13333333333333 0.14178984254828528 0.0006744709903294677
38.166666666666664 0.03998533619229652 0.0006201998734087083
38.2 -0.059980196037352614 0.0006315767862273974
38.233333333333334 -0.1587630085220775 0.0006834525136136527
38.266666666666666 -0.25256091197394176 0.0007276849098266092
38.3 -0.34112064848944473 0.000762365792130848
38.333333333333336 -0.4185489132242982 0.0007888652145852104
38.36666666666667 -0.4881340892921188 0.0008076925745634234
38.4 -0.5408267461131232 0.0008204132418890842
38.43333333333333 -0.5834187503652847 0.0008297389376764608
38.46666666666667 -0.6092236014255613 0.0008338109267016502
38.5 -0.6204848642737731 0.0008358652915130271
38.53333333333333 -0.6159475287993444 0.0008358375230346216
38.56666666666667 -0.5947078116429151 0.0008328987800088061
38.6 -0.5576005534715389 0.0008265169139173301
38.63333333333333 -0.5069014089520406 0.0008159392166408042
38.666666666666664 -0.44099729343759553 0.0007973432278932657
38.7 -0.36497542023728313 0.0007734278039475684
38.733333333333334 -0.2789919876279018 0.000741054171922495
38.766666666666666 -0.18624716429563773 0.0006975227004393236
38.8 -0.08773872470592564 0.0006450354468765657
38.833333333333336 0.013247953260068465 0.0006039619477850051
38.86666666666667 0.11148730493045149 0.0006577794769162398
38.9 0.20763436304806515 0.0007019843706942974
38.93333333333333 0.29910058901931386 0.0007394791031244963
38.96666666666667 0.3817118277534149 0.0007712990616192128
39.0 0.4546142094452746 0.0007901749075022724
39.03333333333333 0.5142186298765222 0.0008044066902553881
39.06666666666667 0.5626812480440446 0.0008135786827176972
39.1 0.5946779825807484 0.000819799105193586
39.13333333333333 0.6106789226758172 0.0008228696526746404
39.166666666666664 0.612775640737733 0.0008239680340771383
39.2 0.598079047525739 0.0008216088379472408
39.233333333333334 0.5670385222403218 0.0008167234442642002
39.266666666666666 0.5223634997274622 0.0008088769955949537
39.3 0.4639078140096286 0.0007954918578768067
39.333333333333336 0.39035872951429584 0.0007747732035484622
39.36666666666667 0.30811272237258447 0.0007466773485619305
39.4 0.2156271243505171 0.0007090866436044174
39.43333333333333 0.11970740804609022 0.0006635092079044225
39.46666666666667 0.020363574074043073 0.0006083360091102344
39.5 -0.07902503873955247 0.000642973910114239
39.53333333333333 -0.17407489753994065 0.000691164779226261
39.56666666666667 -0.2651870174165774 0.0007318193593242039
39.6 -0.3506349605120875 0.0007650922963446938
39.63333333333333 -0.4274656629348571 0.0007903185036013949
39.666666666666664 -0.49268074577260546 0.0008083055186801635
39.7 -0.5440554535145258 0.0008209270629516707
39.733333333333334 -0.5821907036188229 0.0008295557015355337
39.766666666666666 -0.6047157355579125 0.0008343487741284683
39.8 -0.6123839667173666 0.000835887033053484
39.833333333333336 -0.604482294188291 0.0008351071671515164
39.86666666666667 -0.5805473834838217 0.0008306694216108079
39.9 -0.5414684576326192 0.000822584576903429
39.93333333333333 -0.48882080733735883 0.00081101416455992
39.96666666666667 -0.4230650406856459 0.0007923070217887851
40.0 -0.34362486847422125 0.0007646425052137973
40.03333333333333 -0.25659480416041186 0.000731233174553092
40.06666666666667 -0.16330480638959452 0.0006870472332815847
40.1 -0.06577476608623899 0.0006345491112764862
40.13333333333333 0.03188852897157767 0.000613125657583001
40.166666666666664 0.13082048580156505 0.0006670856064673325
40.2 0.22336213576713052 0.0007106644653276928
40.233333333333334 0.311344754759442 0.0007458531827051473
40.266666666666666 0.3907608917635343 0.0007710449124625485
40.3 0.46290612638852174 0.0007927319522434417
40.333333333333336 0.5200777857829649 0.0008066508328079536
40.36666666666667 0.5628628957040474 0.0008137494775768417
40.4 0.5909929887348877 0.0008179027123543792
40.43333333333333 0.6046371248802769 0.0008226185381522422
40.46666666666667 0.6026940015325818 0.0008215256829962048
40.5 0.5847886590149053 0.0008193506375370196
40.53333333333333 0.5509693699334499 0.0008162317186554136
40.56666666666667 0.5047110755727272 0.0008054029110446947
40.6 0.4417647392962575 0.0007889501773910013
40.63333333333333 0.3667763634272456 0.0007666308341380823
40.666666666666664 0.2825381495557481 0.0007354086371251789
40.7 0.19167613134360934 0.0006984680840655955
40.733333333333334 0.09760775774612375 0.0006512629320051672
40.766666666666666 -0.0006338944428118682 0.000596438813173726
40.8 -0.09880840059067696 0.00065330693105628
40.833333333333336 -0.19312926107606912 0.0007006127344845459
40.86666666666667 -0.2812637714482139 0.0007395323587638392
40.9 -0.36318588220534365 0.0007692709202572479
40.93333333333333 -0.43539482277943115 0.0007937359498314533
40.96666666666667 -0.4982063742800122 0.0008107194647241633
41.0 -0.5466029522816921 0.0008224629735398281
41.03333333333333 -0.5813593639976238 0.0008295309134355167
41.06666666666667 -0.599870108210674 0.0008329877208624881
41.1 -0.6043781192901352 0.0008344420691704935
41.13333333333333 -0.5932995589057848 0.0008324870779115034
41.166666666666664 -0.5659406106851521 0.0008280831569518199
41.2 -0.5232994608649083 0.0008192208766099052
41.233333333333334 -0.46871865099937704 0.0008047326803919952
41.266666666666666 -0.40190889752523973 0.0007854606829733601
41.3 -0.3194537773370041 0.0007572009239283362
41.333333333333336 -0.23288609938200924 0.0007211050288543908
41.36666666666667 -0.1378364964620502 0.0006744269457880925
41.4 -0.042603766723524325 0.0006216527993183896
41.43333333333333 0.055050561595644344 0.0006282177680003581
41.46666666666667 0.15210827666736731 0.0006778977921492735
41.5 0.24078493135516185 0.0007177579193509975
41.53333333333333 0.32897755108267895 0.0007497808821020358
41.56666666666667 0.4046243941502061 0.0007760687424762658
41.6 0.4686505520326774 0.0007938544676965864
41.63333333333333 0.5239835070167785 0.0008065044231073681
41.666666666666664 0.5632606166411389 0.0008154094086731956
41.7 0.5881244007880082 0.0008182729822372448
41.733333333333334 0.5973360638206563 0.0008212961424116649
41.766666666666666 0.591829457341756 0.0008202602667291004
41.8 0.5705025714161378 0.0008181653501038166
41.833333333333336 0.5329531575759721 0.000810581893113338
41.86666666666667 0.48390877445827724 0.0008022251050381346
41.9 0.41846862469485346 0.0007832497171527675
41.93333333333333 0.3430819623583822 0.0007598279884492021
41.96666666666667 0.2581353422544509 0.0007267241789693513
42.0 0.1655804648957253 0.0006859759516134323
