0.0 -0.436199649311278 0.0007855818742481535
0.03333333333333333 -0.584240602507941 0.0008285416998333739
0.06666666666666667 -0.7165982959228699 0.0008431361950552718
0.1 -0.837912814742995 0.000842056809572278
0.13333333333333333 -0.9353165480494128 0.0008341350999209185
0.16666666666666666 -1.013819887564205 0.0008231381955376982
0.2 -1.0703365595268435 0.0008101414881560576
0.23333333333333334 -1.103573638103854 0.0008037369906046532
0.26666666666666666 -1.1125664073694805 0.0008011348588827794
0.3 -1.0968129668323436 0.000807068901768293
0.3333333333333333 -1.0551894024586117 0.0008183557415686327
0.36666666666666664 -0.9915630748375567 0.0008297252094396912
0.4 -0.8995373407179899 0.0008450750666132434
0.43333333333333335 -0.7880254892730855 0.0008484699988354771
0.4666666666666667 -0.6549190794227716 0.0008419809384030419
0.5 -0.5052280271899067 0.0008163695794899395
0.5333333333333333 -0.3418865199747923 0.0007668938583366147
0.5666666666666667 -0.1716510316841668 0.0006893587565773296
0.6 0.0009864464126642066 0.0005969698065534444
0.6333333333333333 0.16651310199225394 0.0006859988668219408
0.6666666666666666 0.3334766754782361 0.0007578673910880185
0.7 0.48303448982616687 0.0008119071749957407
0.7333333333333333 0.6246377051449303 0.0008371784211592681
0.7666666666666667 0.7512110346448267 0.0008522321186618109
0.8 0.8585087173440841 0.0008493143296284256
0.8333333333333334 0.9460081717730405 0.000843016105739891
0.8666666666666667 1.0127536518236513 0.0008336283732643945
0.9 1.057646120502554 0.000825293144414152
0.9333333333333333 1.0771589711350802 0.0008217297538828383
0.9666666666666667 1.0741674845846283 0.0008225593488526695
1.0 1.0456860592693773 0.0008298957995698242
1.0333333333333334 0.9933495877814057 0.0008428523920946951
1.0666666666666667 0.9156528775575937 0.0008534627929569494
1.1 0.8150346307552109 0.0008579174859975058
1.1333333333333333 0.6919768769147684 0.000853496056671954
1.1666666666666667 0.5512908819781762 0.0008355215391281368
1.2 0.39305006952929755 0.0007906838039185016
1.2333333333333334 0.22805586230762692 0.0007183532762528311
1.2666666666666666 0.05910579626089442 0.0006322758622510985
1.3 -0.1091282647497139 0.0006560283207114742
1.3333333333333333 -0.2738152936366577 0.0007367997462093823
1.3666666666666667 -0.42901477507065694 0.0007855769009097457
1.4 -0.5734180638179629 0.0008239018542155474
1.4333333333333333 -0.7048837934817093 0.000840895104117112
1.4666666666666666 -0.8231541368101863 0.0008438048278323063
1.5 -0.9184024358855601 0.0008363233287469463
1.5333333333333334 -0.9972636873211901 0.0008245622866126512
1.5666666666666667 -1.0510308828289314 0.0008155102844564777
1.6 -1.0822242450756792 0.0008092773219559035
1.6333333333333333 -1.089406605482843 0.0008076310219882199
1.6666666666666667 -1.0731984290682408 0.0008132911451015357
1.7 -1.0312429952618425 0.000822577331297536
1.7333333333333334 -0.9658939737568047 0.0008331592312550429
1.7666666666666666 -0.8747256150130253 0.0008453396257810386
1.8 -0.7631388628671067 0.0008507990740274085
1.8333333333333333 -0.6298216563916569 0.0008371374865001613
1.8666666666666667 -0.4809540091646991 0.0008061583225301705
1.9 -0.31862777996054215 0.0007549237835082212
1.9333333333333333 -0.15569125779587803 0.0006868332108707631
1.9666666666666666 0.009319568061127078 0.000603943628178295
2.0 0.17383009165644384 0.0006938877969774049
2.033333333333333 0.3367166304946192 0.0007662365190596598
2.066666666666667 0.4861361572437438 0.0008109554048459366
2.1 0.6237725210367494 0.0008399001250813942
2.1333333333333333 0.744769147426524 0.0008510257128155896
2.1666666666666665 0.8474365535329943 0.0008530864889627621
2.2 0.9333227433718797 0.0008474642892969397
2.2333333333333334 0.9997794179231624 0.0008355708902442194
2.2666666666666666 1.0397347579383895 0.0008286242415480594
2.3 1.0566447248990396 0.0008267145510261198
2.3333333333333335 1.0506476892879908 0.0008280091595314065
2.3666666666666667 1.019436242765029 0.0008350358473157016
2.4 0.9645593724022554 0.0008455564631423274
2.433333333333333 0.8853068048444438 0.0008542263710639153
2.466666666666667 0.7821386342437252 0.0008584571995621237
2.5 0.6587901960710522 0.0008505186966629719
2.533333333333333 0.5161461566867378 0.0008254785311452295
2.566666666666667 0.36325065222954483 0.0007787179550792778
2.6 0.19819185253711435 0.0007069533989471355
2.6333333333333333 0.03218437236170357 0.0006158094188875793
2.6666666666666665 -0.13373202545347812 0.0006719776395903987
2.7 -0.288200921833075 0.0007396394464052602
2.7333333333333334 -0.4447138389236543 0.0007968663601241044
2.7666666666666666 -0.5849411285594465 0.0008279932558510339
2.8 -0.7117261595395384 0.0008446728861635222
2.8333333333333335 -0.823383201100452 0.0008447796460335777
2.8666666666666667 -0.9158304848421446 0.0008366322136660331
2.9 -0.987591871691729 0.0008270264034233588
2.933333333333333 -1.0385023303797871 0.0008179325824855255
2.966666666666667 -1.063500694418612 0.0008142403793407471
3.0 -1.0665874571056222 0.0008132197105887862
3.033333333333333 -1.0461783092551076 0.0008192973384688607
3.066666666666667 -1.0021866063862688 0.0008275030164410779
3.1 -0.9315683424543184 0.000839020339100216
3.1333333333333333 -0.8378340398676211 0.0008472316615740771
3.1666666666666665 -0.7253486243861632 0.0008484621779273338
3.2 -0.5877241018419039 0.0008335124849229159
3.2333333333333334 -0.43918841944509085 0.0007970382057087
3.2666666666666666 -0.28056835809366587 0.0007406647634223273
3.3 -0.12003510660667574 0.0006642414187141149
3.3333333333333335 0.04656900204087614 0.0006250297156161974
3.3666666666666667 0.20758362353345552 0.0007083539697605723
3.4 0.36254414637697574 0.0007729325728140224
3.433333333333333 0.5058248941165064 0.0008142891662096252
3.466666666666667 0.6409390586648065 0.0008423587012751366
3.5 0.7521387151917175 0.0008518556060370663
3.533333333333333 0.8536432970449143 0.0008527981142614216
3.566666666666667 0.9343456687541298 0.0008439803470153828
3.6 0.9912289280599093 0.0008382437752824101
3.6333333333333333 1.0241477195633635 0.0008337025849662894
3.6666666666666665 1.0349672825268894 0.0008316995670085703
3.7 1.0225844966249464 0.0008373159996766244
3.7333333333333334 0.9890289457313575 0.0008421617346874299
3.7666666666666666 0.9263807265497466 0.0008514031189742477
3.8 0.8447930372488787 0.000859047780081057
3.8333333333333335 0.7373039888422613 0.00085712936006066
3.8666666666666667 0.6107213067293827 0.000843472555499658
3.9 0.46697419643641436 0.0008121057229418249
3.933333333333333 0.3136570129149268 0.0007577113552459935
3.966666666666667 0.1500505791289456 0.0006811966610819065
4.0 -0.010424691481047308 0.0006061543604431278
4.033333333333333 -0.1764850387479115 0.0006919059324585197
4.066666666666666 -0.3291470793781171 0.0007563111831274116
4.1 -0.47605219277532 0.0007999148459389982
4.133333333333334 -0.6099473571072754 0.0008313933367709581
4.166666666666667 -0.7293374438861824 0.0008449801228040954
4.2 -0.8370281773552111 0.0008435564533242346
4.233333333333333 -0.921653930381195 0.0008369102237701931
4.266666666666667 -0.9844137325694955 0.0008282344791474827
4.3 -1.0273522484041702 0.0008211106869158158
4.333333333333333 -1.0458526490044946 0.0008177407105274259
4.366666666666666 -1.0418464153716123 0.0008190354229251628
4.4 -1.014697972414234 0.0008251871756452811
4.433333333333334 -0.962589516752951 0.0008348902555752602
4.466666666666667 -0.8877090120152528 0.000844670872619302
4.5 -0.7891268514498091 0.0008484711266941725
4.533333333333333 -0.6673399790073757 0.0008448478228650913
4.566666666666666 -0.5305921150251584 0.0008228256565240288
4.6 -0.3828680441476906 0.0007745310165602759
4.633333333333334 -0.22603699171681263 0.0007186194578760463
4.666666666666667 -0.06707422610992589 0.000635142567053576
4.7 0.09430037239060567 0.0006514526740758891
4.733333333333333 0.25481541057888735 0.0007301797065249471
4.766666666666667 0.40507837660019214 0.0007896917915975465
4.8 0.5424009601539632 0.0008259645266768256
4.833333333333333 0.6684972327891607 0.0008466214179647658
4.866666666666666 0.7769286235952828 0.0008543867620908197
4.9 0.867235769451259 0.000851204195996047
4.933333333333334 0.9368618941630776 0.0008453766949549912
4.966666666666667 0.9852190966559559 0.0008377964726671294
5.0 1.0106087092839395 0.000836270368532066
5.033333333333333 1.0132651766308458 0.0008352728738472148
5.066666666666666 0.9926282694974579 0.0008389131417319007
5.1 0.9467235781423515 0.0008470419725522538
5.133333333333334 0.8804809282926986 0.0008542990947243423
5.166666666666667 0.7888283407710659 0.0008603942249140184
5.2 0.6761419974450583 0.0008565535361549914
5.233333333333333 0.5456617886573969 0.0008317372954386171
5.266666666666667 0.40183379909151135 0.0007931859629076166
5.3 0.2470575134747997 0.0007310524773504745
5.333333333333333 0.08626403855708883 0.0006456749315749827
5.366666666666666 -0.0714454803433686 0.0006380654953229564
5.4 -0.2310292598586704 0.0007207174384079862
5.433333333333334 -0.37826902012493013 0.0007769734918782745
5.466666666666667 -0.5210076564392934 0.0008158793820831622
5.5 -0.6456883836417759 0.0008380307033746259
5.533333333333333 -0.7600102486321888 0.00084626397101073
5.566666666666666 -0.8571490405571598 0.0008418262870516502
5.6 -0.9323031167464364 0.0008354875049789712
5.633333333333334 -0.9871159037088492 0.000827297389694559
5.666666666666667 -1.0185753731502312 0.0008226825014387984
5.7 -1.0273428328959824 0.0008220717367131147
5.733333333333333 -1.013837433997 0.0008249666316626492
5.766666666666667 -0.975556925615168 0.0008326697281949569
5.8 -0.9149764666932482 0.0008418542066336299
5.833333333333333 -0.8302781816208009 0.0008494023335687828
5.866666666666666 -0.7194974915380148 0.0008466706629938203
5.9 -0.5963526282148592 0.0008340852706769653
5.933333333333334 -0.45984771147481807 0.0008030753444641103
5.966666666666667 -0.306886633087555 0.0007509749412907829
6.0 -0.15363595655939094 0.0006830524428887708
6.033333333333333 0.005753509742636146 0.0006006441225987246
6.066666666666666 0.16427786430247415 0.0006885194367348413
6.1 0.3161240317346803 0.0007582858831791661
6.133333333333334 0.45888186399643893 0.0008040927894867322
6.166666666666667 0.5888703108670583 0.0008374318541864989
6.2 0.7060509311365377 0.0008512933704137859
6.233333333333333 0.8066942443354119 0.0008534291940506256
6.266666666666667 0.8831130309102015 0.0008504208952132553
6.3 0.9433515254575832 0.0008415262305614402
6.333333333333333 0.9803790370862204 0.0008387739507432768
6.366666666666666 0.9939551102463104 0.0008392253212254897
6.4 0.9874039115157548 0.0008422950664483952
6.433333333333334 0.9567755964415638 0.0008454299148394906
6.466666666666667 0.8992253500332086 0.0008538757765502725
6.5 0.8214059739950454 0.0008576099772029666
6.533333333333333 0.7221554736378871 0.0008585277139840919
6.566666666666666 0.5999425378248052 0.0008434559991984392
6.6 0.4670794483423386 0.0008115010505014286
6.633333333333334 0.3158174592188612 0.0007622058719648495
6.666666666666667 0.16162137688076442 0.0006888996746504672
6.7 0.00561963089155703 0.000604588324154374
6.733333333333333 -0.14952384222371382 0.0006790944248757369
6.766666666666667 -0.30111242239460334 0.000749409934865608
6.8 -0.44160131136224007 0.000797039867738436
6.833333333333333 -0.5757027948973528 0.000825703385108123
6.866666666666666 -0.6943197970247391 0.0008414942595348363
6.9 -0.7979908973598059 0.0008448388771676862
6.933333333333334 -0.8825553754268888 0.0008409688471825438
6.966666666666667 -0.9447987892378498 0.000836126242727997
7.0 -0.986396324333005 0.0008276875717881937
7.033333333333333 -1.006530701680036 0.0008256157944483977
7.066666666666666 -1.003955362182096 0.0008265345727060947
7.1 -0.9782256962843799 0.0008311500660774795
7.133333333333334 -0.9288131219175794 0.0008387646096880141
7.166666666666667 -0.8546916821669064 0.0008470807579240569
7.2 -0.7584435157412214 0.0008523526779053991
7.233333333333333 -0.6416991805495242 0.0008400090981578456
7.266666666666667 -0.5121265288331835 0.0008187525333894774
7.3 -0.3677927624614177 0.0007757793441071081
7.333333333333333 -0.21815719241114528 0.0007134583161110264
7.366666666666666 -0.06241607021593981 0.000632705394734423
7.4 0.09298067755042796 0.0006511040685068387
7.433333333333334 0.24560735339265408 0.0007303992332305942
7.466666666666667 0.3911799692943466 0.0007848080188148643
7.5 0.5232463110376633 0.0008262140857695499
7.533333333333333 0.6461464102027452 0.0008436688844287721
7.566666666666666 0.750280915813393 0.0008538528991270944
7.6 0.8386546991228369 0.0008533284392825413
7.633333333333334 0.9031704274106079 0.0008492655398480986
7.666666666666667 0.9481953899640154 0.0008458271087821156
7.7 0.97219517957501 0.0008425574586140572
7.733333333333333 0.9733178994494638 0.0008435365692119889
7.766666666666667 0.9523639435235004 0.0008462918778812112
7.8 0.9076616716857623 0.0008520893370271843
7.833333333333333 0.8412465064616043 0.000857050968431361
7.866666666666666 0.7484800631074077 0.0008595516765632638
7.9 0.6383638124923422 0.0008499845809624151
7.933333333333334 0.5103698698701704 0.0008239670965332069
7.966666666666667 0.3736236228948844 0.000777626643302054
8.0 0.2224881627097874 0.00071854971559282
8.033333333333333 0.06747235830065768 0.0006407762655765842
8.066666666666666 -0.08686289267792283 0.0006495000964002323
8.1 -0.23962110124084934 0.0007241138754232601
8.133333333333333 -0.3836238671452259 0.000777717232256836
8.166666666666666 -0.5166916470826444 0.000814264025908451
8.2 -0.6400647912068396 0.000836185165450809
8.233333333333333 -0.7483211124202406 0.0008459753549877602
8.266666666666667 -0.8369822624928813 0.0008449888846990827
8.3 -0.9056026924251567 0.0008391532165860083
8.333333333333334 -0.95599552917852 0.000833469367547579
8.366666666666667 -0.9826594566332517 0.0008297001963754047
8.4 -0.9882564114318328 0.000829303774471879
8.433333333333334 -0.971875309362564 0.000832127567571006
8.466666666666667 -0.9293680246320274 0.000839317679975693
8.5 -0.8660190032289582 0.0008460193558681439
8.533333333333333 -0.7784567293949785 0.0008486701663760199
8.566666666666666 -0.6716531494969276 0.000845558019257564
8.6 -0.5494900663405159 0.0008288025773819374
8.633333333333333 -0.4112386011295981 0.0007918238647814935
8.666666666666666 -0.26585547623978306 0.0007375927968555906
8.7 -0.11243973042269502 0.0006615908868844028
8.733333333333333 0.03998861183429224 0.0006244940332184729
8.766666666666667 0.18932731857340562 0.000703605172667543
8.8 0.3340511991385026 0.000770640929350197
8.833333333333334 0.4731166267390643 0.0008098997878005498
8.866666666666667 0.5962766135333855 0.0008383258460731291
8.9 0.7055592023851444 0.0008502638347910318
8.933333333333334 0.795717431788693 0.0008578289806080441
8.966666666666667 0.8673258971317195 0.0008514168860960236
9.0 0.9190812441080587 0.0008494324045046353
9.033333333333333 0.9479940580846886 0.0008453820822160729
9.066666666666666 0.957429613103646 0.0008452951855925095
9.1 0.9436701616273675 0.0008469332605203217
9.133333333333333 0.9073430203202378 0.0008532634587844479
9.166666666666666 0.8476624733015997 0.0008573066505705995
9.2 0.761988024960211 0.0008583711601417576
9.233333333333333 0.6593522126755533 0.0008505990232096083
9.266666666666667 0.540037237690559 0.0008334033810952768
9.3 0.40824755878446206 0.0007995822384904705
9.333333333333334 0.2586475897666069 0.0007380015368454451
9.366666666666667 0.11095914923600102 0.0006674814534478601
9.4 -0.037460103669801396 0.0006217588513850528
9.433333333333334 -0.19175076586309076 0.0007026933420443693
9.466666666666667 -0.33714726200281486 0.0007599806470939829
9.5 -0.4697022811484457 0.0008057365782239145
9.533333333333333 -0.5953093967732682 0.0008306001066132884
9.566666666666666 -0.7064126304494167 0.0008430362101519151
9.6 -0.8007087083232302 0.0008446744437294873
9.633333333333333 -0.8721217022785541 0.000841253019171817
9.666666666666666 -0.9279248227263126 0.0008366966107755669
9.7 -0.9603472862276309 0.0008328894294374889
9.733333333333333 -0.97062819748315 0.0008317698864818146
9.766666666666667 -0.9590301757097268 0.0008344524682620813
9.8 -0.9244973616172532 0.0008387523479421732
9.833333333333334 -0.8681884506786536 0.0008449575490279138
9.866666666666667 -0.7884132408503058 0.0008485041343976318
9.9 -0.6898738341324855 0.0008470737564943986
9.933333333333334 -0.5693139262873943 0.0008297790344181655
9.966666666666667 -0.43527927581730286 0.0007973891432433433
10.0 -0.2977585084562317 0.0007499042142347645
10.033333333333333 -0.1494978077055969 0.0006843215507966738
10.066666666666666 0.0027268076830092936 0.0006040625438543403
10.1 0.1517413283698998 0.0006855864379345378
10.133333333333333 0.2979048644566816 0.0007501655826174236
10.166666666666666 0.43050068166937794 0.0007975259658696832
10.2 0.5580881431809914 0.0008293408094476318
10.233333333333333 0.6707728072487235 0.0008465258459083858
10.266666666666667 0.7645415233332832 0.000851570994183537
10.3 0.8378813031888876 0.0008533815533288136
10.333333333333334 0.8930122645249933 0.0008501597816688022
10.366666666666667 0.9274661680936264 0.0008484601882932097
10.4 0.939577936474121 0.0008464437126699531
10.433333333333334 0.9306678527716928 0.0008483866845907517
10.466666666666667 0.8992695324490465 0.0008546284559820538
10.5 0.8445657563382896 0.0008573539502869654
10.533333333333333 0.7685219871648546 0.0008584452011115573
10.566666666666666 0.6692954111862472 0.000851452043860057
10.6 0.556377974533029 0.0008341977915591325
10.633333333333333 0.4256365429470067 0.0008030549419951738
10.666666666666666 0.2845716817479997 0.0007504114343484525
10.7 0.1362623879789538 0.000675279169440185
10.733333333333333 -0.007995793115660935 0.0006070502040813035
10.766666666666667 -0.1607565201069068 0.0006896976736878169
10.8 -0.30264317888363407 0.0007511486566338932
10.833333333333334 -0.43746814779410376 0.0007946967022748885
10.866666666666667 -0.5611975682487046 0.0008245830610504878
10.9 -0.6737292052470575 0.0008405396534603149
10.933333333333334 -0.7677541855419497 0.0008444356493586547
10.966666666666667 -0.8442582489868624 0.0008435742059426099
11.0 -0.9027480494134832 0.0008376710321719161
11.033333333333333 -0.9389438129042273 0.0008357539498473621
11.066666666666666 -0.9534120989634574 0.000835290658473542
11.1 -0.9460175773773002 0.0008361699166914427
11.133333333333333 -0.9156094792904185 0.0008396975459826761
11.166666666666666 -0.8639229781219903 0.0008460038298898631
11.2 -0.7874712690325679 0.0008493825177239289
11.233333333333333 -0.6921336316815302 0.0008459416558845856
11.266666666666667 -0.5794372007316931 0.0008339716397911534
11.3 -0.45261175613014915 0.0008015956573483862
11.333333333333334 -0.3159656087414397 0.0007578623168561505
11.366666666666667 -0.168475335833248 0.0006946696390058016
11.4 -0.020047597717517872 0.000613921193638723
11.433333333333334 0.12603875213134233 0.0006731107490269284
11.466666666666667 0.2710302950313484 0.0007420573437460498
11.5 0.40450028298267515 0.0007896982419811072
11.533333333333333 0.5324582951276629 0.0008266381963107916
11.566666666666666 0.6427410729500215 0.0008440650542375083
11.6 0.7373743691081697 0.0008539754528968935
11.633333333333333 0.8146347633160564 0.0008536879065917935
11.666666666666666 0.87062563302064 0.0008509878997563503
11.7 0.9058619214581219 0.0008516854417295328
11.733333333333333 0.9218290521016128 0.0008489849255922666
11.766666666666667 0.9156223448766068 0.0008512065648660361
11.8 0.8860800617037005 0.0008537445463769888
11.833333333333334 0.8347071941713528 0.0008572958627277583
11.866666666666667 0.7617931779409023 0.0008571881978343132
11.9 0.6701389548889792 0.0008506806266577183
11.933333333333334 0.5592133795380626 0.0008367422543271719
11.966666666666667 0.43429130127538096 0.000805594929711495
12.0 0.29874982788607557 0.0007545126251629064
12.033333333333333 0.15241327960908516 0.0006870059653243665
12.066666666666666 0.0042632524231723205 0.0006044661690691516
12.1 -0.1379557075030835 0.0006770573808251579
12.133333333333333 -0.28148738786450217 0.0007422451415405318
12.166666666666666 -0.4145412530231135 0.0007887107423759643
12.2 -0.5425487022075475 0.0008215024872401111
12.233333333333333 -0.6530351558182821 0.000837536546266171
12.266666666666667 -0.7478829111469025 0.0008454642893659381
12.3 -0.8231367183614142 0.0008462345190101139
12.333333333333334 -0.8817961447633165 0.0008414280448729716
12.366666666666667 -0.9191002487353414 0.0008398374025607724
12.4 -0.9357652324787848 0.0008367722733131355
12.433333333333334 -0.9301458522537905 0.0008390889276875813
12.466666666666667 -0.9034183153297312 0.000841848941507628
12.5 -0.8532470809186814 0.0008450176856096281
12.533333333333333 -0.7796644754806155 0.000850352772768348
12.566666666666666 -0.6870091141771135 0.0008446458663684542
12.6 -0.5764602401872947 0.0008323349614894893
12.633333333333333 -0.4522486962880701 0.0008039692668756482
12.666666666666666 -0.31840126822202824 0.0007587036124324653
12.7 -0.17574575891846034 0.0006943767546326307
12.733333333333333 -0.02980627159378056 0.0006193568717996652
12.766666666666667 0.11491440110045323 0.0006655862301640642
12.8 0.2561430875214468 0.0007336265736139214
12.833333333333334 0.38837992622737566 0.0007858794462082264
12.866666666666667 0.513074284958438 0.0008227723141297494
12.9 0.6254464467061538 0.0008412466827683041
12.933333333333334 0.7172637779873436 0.0008514162551139792
12.966666666666667 0.7959174770864536 0.0008507653656982805
13.0 0.8518986151628786 0.0008550013950354707
13.033333333333333 0.8894078134819327 0.0008516782653223975
13.066666666666666 0.9054998944631045 0.0008513545981037041
13.1 0.8995282421928036 0.0008533163260360244
13.133333333333333 0.873523002697252 0.0008534269754851831
13.166666666666666 0.8244269045614222 0.0008588326448172312
13.2 0.7534779819886671 0.00085749138578739
13.233333333333333 0.6593547715342976 0.0008500332183045689
13.266666666666667 0.5525598844265786 0.0008342788876585239
13.3 0.43033343347859854 0.0008023254910955457
13.333333333333334 0.29672307877896004 0.0007551602609749408
13.366666666666667 0.15107527059174994 0.0006845402882559859
13.4 0.011158414333434905 0.0006080937360360104
13.433333333333334 -0.134679517768587 0.0006742459512746601
13.466666666666667 -0.2716379311864247 0.0007390126680543174
13.5 -0.40628111275765966 0.000787383005834974
13.533333333333333 -0.5301430415450555 0.0008208274037627694
13.566666666666666 -0.6380579279438645 0.0008361100683985656
13.6 -0.7330984713327189 0.000843676944185634
13.633333333333333 -0.8090130879143532 0.0008446969522185599
13.666666666666666 -0.8658038816472907 0.0008421822479566243
13.7 -0.9036276728599757 0.0008408323500604942
13.733333333333333 -0.919532745360685 0.0008394117532071199
13.766666666666667 -0.9140172898706592 0.0008401878597527057
13.8 -0.8862626179453775 0.000843658346732834
13.833333333333334 -0.8382136851136711 0.0008468511883112928
13.866666666666667 -0.7653838042522355 0.0008488267611005407
13.9 -0.6739617053465145 0.0008452680640899102
13.933333333333334 -0.5652590152676086 0.000829977447764918
13.966666666666667 -0.4458099555143186 0.0008033822038931993
14.0 -0.31278272809475466 0.0007594393593110538
14.033333333333333 -0.1711517621580047 0.0006951992683673636
14.066666666666666 -0.029094666620883124 0.0006187511592680092
14.1 0.11595492530988875 0.0006648699448070228
14.133333333333333 0.2535354509410313 0.0007358158858569164
14.166666666666666 0.38684018857886093 0.0007856417752196143
14.2 0.5074182431691164 0.0008196260233421793
14.233333333333333 0.616656143362304 0.0008403904512261917
14.266666666666667 0.7080476506909644 0.000850570993684796
14.3 0.7838095011078767 0.0008547268364785809
14.333333333333334 0.8387801745935881 0.0008527848930683923
14.366666666666667 0.8747833510725118 0.0008520996602400244
14.4 0.8891144608584454 0.0008522162655625332
14.433333333333334 0.8826198482817925 0.0008536157299413594
14.466666666666667 0.8551619062139889 0.000857377328173814
14.5 0.8068758888234558 0.000857496834687943
14.533333333333333 0.7334349331995824 0.0008578468399742523
14.566666666666666 0.6433705990473227 0.0008492109242349555
14.6 0.537443080842245 0.0008300917786940865
14.633333333333333 0.417533284707285 0.0007998207076864716
14.666666666666666 0.2821175662951958 0.0007481139903505185
14.7 0.14392835353526368 0.0006837509450336177
14.733333333333333 -3.966332984730425e-05 0.0006028934152223997
14.766666666666667 -0.14155051761053586 0.0006777275319864162
14.8 -0.27647899245360236 0.0007416605839895563
14.833333333333334 -0.40740274640566054 0.0007882652970445658
14.866666666666667 -0.5274099421578783 0.0008209325663839362
14.9 -0.6347579568162862 0.0008352384839490634
14.933333333333334 -0.7251533581958441 0.0008447752818343535
14.966666666666667 -0.8002533905904304 0.0008452159716907381
15.0 -0.8547271302699977 0.000844688929393933
15.033333333333333 -0.8895707181890826 0.0008413247985673555
15.066666666666666 -0.9040279654411252 0.000841280447508086
15.1 -0.896881401020907 0.0008425323945704388
15.133333333333333 -0.8680930002268513 0.0008454046238277613
15.166666666666666 -0.819003696785649 0.0008470970731730976
15.2 -0.7457270342206604 0.000848271843526538
15.233333333333333 -0.6548780556218493 0.0008430202470395276
15.266666666666667 -0.5461773664821211 0.0008260735038384537
15.3 -0.42619621842513333 0.0007947602393649222
15.333333333333334 -0.2929744016954469 0.0007488093341950774
15.366666666666667 -0.15517936894988058 0.0006860925704239296
15.4 -0.01441465855245553 0.0006111084351415105
15.433333333333334 0.12499974074848309 0.00067172025472996
15.466666666666667 0.26013093899369966 0.0007357721026850506
15.5 0.39092423843468643 0.0007860443594113198
15.533333333333333 0.5119396926930883 0.0008208587497140485
15.566666666666666 0.6162789209982351 0.0008398516625581776
15.6 0.7057728266821071 0.0008508584320967572
15.633333333333333 0.7756822785828676 0.0008542130538765624
15.666666666666666 0.8286619866747612 0.0008548638278043086
15.7 0.861377399858676 0.0008524433454514257
15.733333333333333 0.8734113886350175 0.0008542617323954449
15.766666666666667 0.86481930920133 0.0008544507690827485
15.8 0.8359236026722423 0.0008557055322431228
15.833333333333334 0.7836385645065329 0.0008578063230177957
15.866666666666667 0.7115668101622232 0.0008561558851262197
15.9 0.6203779065742598 0.0008472910903463138
15.933333333333334 0.5133234907752064 0.0008240312445518816
15.966666666666667 0.39523988294822443 0.0007919328872663667
16.0 0.2597701134119193 0.0007383225165931151
16.033333333333335 0.12372170625750777 0.0006745231856641332
16.066666666666666 -0.018334331683265082 0.000614135232089634
16.1 -0.15566410867966207 0.0006862319270111716
16.133333333333333 -0.28818807654333434 0.0007464212239329249
16.166666666666668 -0.41728337763367934 0.0007898432529389043
16.2 -0.5326559828086977 0.0008207893444927006
16.233333333333334 -0.6376209398832334 0.0008369294286626472
16.266666666666666 -0.7235598752859942 0.000845191619088026
16.3 -0.7939835941443965 0.0008450205149010959
16.333333333333332 -0.8449768772698282 0.0008450080795577852
16.366666666666667 -0.877519097171724 0.0008436196619564518
16.4 -0.8882183262379996 0.0008426371635718022
16.433333333333334 -0.8787450773385874 0.0008434681089807272
16.466666666666665 -0.8480950516456272 0.0008462734038114927
16.5 -0.7924697247166343 0.0008479322252171739
16.533333333333335 -0.7196969057882436 0.0008465348676591766
16.566666666666666 -0.6259717208815705 0.0008383820927347907
16.6 -0.5186336645443266 0.0008217879845516807
16.633333333333333 -0.39855639455599473 0.0007880393333958846
16.666666666666668 -0.26891546913261055 0.0007394786141424192
16.7 -0.12795911100089863 0.0006753635609459963
16.733333333333334 0.008405147281572269 0.0006075310158926255
16.766666666666666 0.14595634930116652 0.0006843972543354171
16.8 0.27885328881969323 0.0007471710784320851
16.833333333333332 0.40547583622747085 0.0007924785600504913
16.866666666666667 0.5196223944031478 0.0008218995685881358
16.9 0.6201786631425316 0.0008416085135574125
16.933333333333334 0.706333519304958 0.0008490278509097893
16.966666666666665 0.7734528825337711 0.0008547367150181229
17.0 0.8227727762194798 0.0008540574284617852
17.033333333333335 0.8506958392223591 0.0008548008116135986
17.066666666666666 0.8579695216463584 0.0008547782470685883
17.1 0.8459541627998903 0.0008554822245950833
17.133333333333333 0.8131984747648088 0.0008584945330024629
17.166666666666668 0.7581849603533266 0.0008583183530713745
17.2 0.6837344566450865 0.0008532048630611744
17.233333333333334 0.590860861550189 0.0008422150368996295
17.266666666666666 0.4837299165995115 0.0008188852254095158
17.3 0.36241975832483425 0.0007818250738936272
17.333333333333332 0.2293314215127399 0.0007268273404379966
17.366666666666667 0.09030791449306727 0.0006547673190575032
17.4 -0.04350304556346681 0.0006278210943436169
17.433333333333334 -0.18132268722817826 0.0006991715047946767
17.466666666666665 -0.3103219078933807 0.0007560616170998458
17.5 -0.4346447947264781 0.0007951979734905912
17.533333333333335 -0.5476852726038843 0.0008235408130001787
17.566666666666666 -0.644010228282859 0.0008371571578004167
17.6 -0.7284167414663186 0.0008442739697928081
17.633333333333333 -0.7948126234830296 0.0008455823770506798
17.666666666666668 -0.8401831886408945 0.0008459596905117106
17.7 -0.8667898878422495 0.0008438280417770727
17.733333333333334 -0.8730049819665144 0.0008452083852739101
17.766666666666666 -0.8581869786431026 0.0008456235686659097
17.8 -0.8236862184361537 0.0008483020014086184
17.833333333333332 -0.7665314186164759 0.0008489959602562269
17.866666666666667 -0.6881075075971029 0.0008451682578968223
17.9 -0.5923354894614482 0.0008348505071521517
17.933333333333334 -0.4857895501772933 0.0008113867377367301
17.966666666666665 -0.360796079620172 0.00077557462087402
18.0 -0.23371709416913278 0.0007260628818744896
18.033333333333335 -0.0958733467461123 0.0006578991055842809
18.066666666666666 0.04037654011990851 0.0006266060269655704
18.1 0.17450663721811246 0.0006987395754784187
18.133333333333333 0.3065804479108246 0.000756884142746439
18.166666666666668 0.42493068499237424 0.0007948209241850912
18.2 0.538425386626599 0.0008281532198822772
18.233333333333334 0.6337725886578675 0.0008423502940513306
18.266666666666666 0.7124979038385764 0.0008512064519644591
18.3 0.7736165768386118 0.0008519900076737752
18.333333333333332 0.8171358070904193 0.0008535228920418803
18.366666666666667 0.8399951790466973 0.0008551801589137265
18.4 0.8433997874656886 0.000855837796465142
18.433333333333334 0.8255149038313084 0.0008578153930259846
18.466666666666665 0.7884138261305103 0.0008579497107567002
18.5 0.7284686465613255 0.000855560530346966
18.533333333333335 0.650858610378572 0.0008482767522430823
18.566666666666666 0.5530252176860798 0.0008350024034897707
18.6 0.44187154019734987 0.000805211260147376
18.633333333333333 0.32338023697387136 0.0007672194443312796
18.666666666666668 0.18896383610048914 0.0007067752409841699
18.7 0.055985509601707284 0.0006366218698899626
18.733333333333334 -0.08015449445689775 0.0006478159672515388
18.766666666666666 -0.21418962777244036 0.0007166469516136087
18.8 -0.3389127440362836 0.0007646835186071455
18.833333333333332 -0.45817500844693715 0.0008035878911556438
18.866666666666667 -0.5667639036179812 0.0008277046966634893
18.9 -0.6590179815542303 0.0008390053189430979
18.933333333333334 -0.7375524844716493 0.0008448954533571973
18.966666666666665 -0.7946109375166004 0.0008464225654826185
19.0 -0.8354902398024258 0.0008453552518516982
19.033333333333335 -0.8561009717219159 0.0008455650672942738
19.066666666666666 -0.8561285428852954 0.000845555772752471
19.1 -0.8370199616155716 0.0008469322661075473
19.133333333333333 -0.7952584405725928 0.0008484801376322793
19.166666666666668 -0.7334447836978724 0.0008486496040664981
19.2 -0.6534988998128378 0.0008412324169504437
19.233333333333334 -0.5526389611151851 0.0008276426795488234
19.266666666666666 -0.43893951312448787 0.000801721673749034
19.3 -0.31902390929976737 0.0007625317311035773
19.333333333333332 -0.18694877649918615 0.0007045437720802072
19.366666666666667 -0.05384214645792592 0.0006353505569045501
19.4 0.0818398994220042 0.0006483659368331229
19.433333333333334 0.21145346314144767 0.0007172255012251327
19.466666666666665 0.3369474640746998 0.0007678258908856983
19.5 0.4521829546434303 0.0008061489986427861
19.533333333333335 0.5584111863330465 0.0008300392834528214
19.566666666666666 0.6474465968246943 0.0008468994644353911
19.6 0.7220032014727611 0.000851197013760796
19.633333333333333 0.7757872053621877 0.0008537008600951745
19.666666666666668 0.8117679314539485 0.0008535663648873149
19.7 0.8288046189686291 0.0008550334171320007
19.733333333333334 0.8261995596003183 0.0008557173666976503
19.766666666666666 0.8025359160703327 0.0008578788599415965
19.8 0.7587437905415295 0.0008578069837160696
19.833333333333332 0.691661625406574 0.0008578100430337576
19.866666666666667 0.6111544719612023 0.0008444109839950142
19.9 0.5089753050105389 0.0008233286065164602
19.933333333333334 0.39710197749807546 0.0007937209492609454
19.966666666666665 0.27044742551523876 0.000744569561911046
20.0 0.14364781300677487 0.0006847805266666229
20.033333333333335 0.008563433815025494 0.0006075106024439995
20.066666666666666 -0.12384760181577296 0.000670397985441662
20.1 -0.2539964901327486 0.0007334320967724017
20.133333333333333 -0.37550057644104584 0.0007798116080685591
20.166666666666668 -0.48768419074029606 0.0008101864930342151
20.2 -0.5900245992847349 0.0008312301321143911
20.233333333333334 -0.675787506355431 0.0008396744275170898
20.266666666666666 -0.7452686335047698 0.0008452369483674671
20.3 -0.7990784802672655 0.0008475588245375754
20.333333333333332 -0.8320934277459253 0.0008455432742680014
20.366666666666667 -0.8450625655696153 0.000846272677349269
20.4 -0.8377992766282815 0.0008469651379050536
20.433333333333334 -0.8097013526269081 0.000848283472361766
20.466666666666665 -0.7618381392766153 0.0008494940881763613
20.5 -0.6945778007094764 0.0008470978365099358
20.533333333333335 -0.6074122088945992 0.0008384949394264485
20.566666666666666 -0.5048679418740452 0.0008187613835647367
20.6 -0.39115744086748633 0.0007857157010873195
20.633333333333333 -0.26807390604061776 0.0007418423006959607
20.666666666666668 -0.13973705450793666 0.0006795800726200896
20.7 -0.005503338271669293 0.0006056649152049506
20.733333333333334 0.12553206885494586 0.0006727273419651347
20.766666666666666 0.2554080137251746 0.0007370972789703667
20.8 0.37841969015455224 0.0007836267898900795
20.833333333333332 0.4882894295207426 0.0008192038610630448
20.866666666666667 0.5829560957898282 0.0008374619434909913
20.9 0.6647795255507706 0.0008473958305469376
20.933333333333334 0.7315538693719145 0.0008522514976821993
20.966666666666665 0.7796024533649839 0.0008548771986685022
21.0 0.8074972509818965 0.0008552041794476217
21.033333333333335 0.8157846349834251 0.0008550884526575819
21.066666666666666 0.8066257803409461 0.0008565864404366241
21.1 0.7751035969929473 0.0008574218586242521
21.133333333333333 0.7237580442736419 0.0008568651377806047
21.166666666666668 0.6522325739267159 0.0008495163602030287
21.2 0.5644272421710697 0.000834832381677475
21.233333333333334 0.46165848643632734 0.0008119443478771249
21.266666666666666 0.34465340282950174 0.0007764194530403001
21.3 0.22038956704492135 0.0007230933540346984
21.333333333333332 0.08669422234362335 0.0006521478832439143
21.366666666666667 -0.0416671568243485 0.0006268683116774573
21.4 -0.17321059508140688 0.0006966339402977306
21.433333333333334 -0.29835964921144503 0.0007501787474729071
21.466666666666665 -0.41418215640894934 0.0007911044249609978
21.5 -0.5197262966311794 0.0008187266090087242
21.533333333333335 -0.6155083481439017 0.0008345160785585559
21.566666666666666 -0.6963570717911741 0.000843559222290069
21.6 -0.7575742876216678 0.0008457800511304514
21.633333333333333 -0.8016255095132863 0.000846891185619647
21.666666666666668 -0.8258128211845674 0.0008458766525702988
21.7 -0.8306655696348766 0.0008462896214600502
21.733333333333334 -0.8149275115030846 0.0008481930527247661
21.766666666666666 -0.7801913352637029 0.000849691834244104
21.8 -0.7235841613183763 0.0008488323438673451
21.833333333333332 -0.6493374043221546 0.0008413601809558191
21.866666666666667 -0.5574113067111923 0.0008305266453690896
21.9 -0.4511549372906979 0.0008028539427509251
21.933333333333334 -0.3358992835207427 0.0007674989160210699
21.966666666666665 -0.2077826442814467 0.0007137044993435204
22.0 -0.07837036973787817 0.0006470772382477508
22.033333333333335 0.05063307180082739 0.0006335258343220587
22.066666666666666 0.17798778980960844 0.0007004648280244108
22.1 0.30109789677444876 0.0007555605866529924
22.133333333333333 0.4158587503080711 0.0007949182254405884
22.166666666666668 0.5191074085918458 0.0008228919403049373
22.2 0.6105153266986455 0.0008395043180159378
22.233333333333334 0.6861371485377475 0.0008485130671321839
22.266666666666666 0.7435691224404245 0.0008523576185276438
22.3 0.7808491036936517 0.0008547038789815664
22.333333333333332 0.8011601857387657 0.000856166564692229
22.366666666666667 0.8009451579185884 0.0008566098199699335
22.4 0.7819186069702481 0.0008558870305463984
22.433333333333334 0.7405620275751161 0.0008565365499848543
22.466666666666665 0.6819172601834355 0.0008537171406630684
22.5 0.605734943422373 0.0008444716243839467
22.533333333333335 0.5098196873973517 0.0008253358915480957
22.566666666666666 0.4003483083867617 0.0007950862471713949
22.6 0.28257456953314775 0.000749907590567811
22.633333333333333 0.1599749835823515 0.0006917226049502068
22.666666666666668 0.028190739628604716 0.0006209096615362591
22.7 -0.09922553830720446 0.0006599840992373845
22.733333333333334 -0.22979066914253832 0.0007207910668680095
22.766666666666666 -0.34795780375972485 0.0007696865475707027
22.8 -0.45692621152132024 0.0008016986882513066
22.833333333333332 -0.5577746594779031 0.0008246447243444033
22.866666666666667 -0.6454370247743237 0.0008383307688714092
22.9 -0.7166429753116632 0.0008443491737047948
22.933333333333334 -0.7689532823495944 0.0008455731727832205
22.966666666666665 -0.8024286090926113 0.0008467633416785469
23.0 -0.8176148270783418 0.0008478016562399882
23.033333333333335 -0.8126345824830818 0.0008475907407319294
23.066666666666666 -0.7887478776461825 0.0008485245223445181
23.1 -0.7435100874610133 0.0008483992597894119
23.133333333333333 -0.679385579840939 0.0008458121013641406
23.166666666666668 -0.5985174291861772 0.0008356444381264483
23.2 -0.500863241340523 0.0008163446774548389
23.233333333333334 -0.3896535735146327 0.00078537265320755
23.266666666666666 -0.2704509673031813 0.0007412686469314145
23.3 -0.1431413105363199 0.0006823797935645026
23.333333333333332 -0.016654062186961166 0.0006141057768288341
23.366666666666667 0.11043637330822549 0.0006664376480529505
23.4 0.23740746788808745 0.0007299465656284698
23.433333333333334 0.3520982091805588 0.0007750954592779524
23.466666666666665 0.4610014030260489 0.00080651427300521
23.5 0.5568688455165769 0.0008300675377852507
23.533333333333335 0.6403370018784035 0.0008449892389449376
23.566666666666666 0.7046541863254738 0.0008514630304183868
23.6 0.7518972269032979 0.0008557461297615809
23.633333333333333 0.7797422804450259 0.0008554326723717587
23.666666666666668 0.7901567187211275 0.0008558040039763348
23.7 0.7810438164337026 0.0008578552080559243
23.733333333333334 0.7521667901466517 0.0008566245127874517
23.766666666666666 0.7023900729514925 0.0008568115615100735
23.8 0.6330110544708916 0.0008483675736433716
23.833333333333332 0.5513393430547312 0.000835327732507607
23.866666666666667 0.4487010627285806 0.0008091146857683307
23.9 0.33795284188801517 0.0007720155760257974
23.933333333333334 0.21721740309559895 0.0007212137481053538
23.966666666666665 0.09006661646377578 0.000656813010755361
24.0 -0.036904150657777475 0.0006240148384758643
24.033333333333335 -0.1619130794549287 0.0006898891601890278
24.066666666666666 -0.284264525906493 0.0007452483166205393
24.1 -0.3981063027126579 0.0007848145663255646
24.133333333333333 -0.5024304689213219 0.0008121924147679316
24.166666666666668 -0.5947491915639005 0.0008308805887388138
24.2 -0.6719842965029087 0.0008400355804042414
24.233333333333334 -0.7334032434704572 0.000844934523370755
24.266666666666666 -0.7758876336659015 0.0008472915690189708
24.3 -0.7996842005341841 0.0008473653784023538
24.333333333333332 -0.8048869557454277 0.0008494497640689769
24.366666666666667 -0.7900228637643473 0.00084798212037418
24.4 -0.7542837910513778 0.0008488304280233061
24.433333333333334 -0.7012292071614664 0.0008462574650017762
24.466666666666665 -0.6281358564534458 0.0008392087421152938
24.5 -0.5405706077178853 0.0008252112002432588
24.533333333333335 -0.43622992252284326 0.0007992372099722145
24.566666666666666 -0.32193993478728883 0.000762291585266861
24.6 -0.20088332270403028 0.0007098715176828696
24.633333333333333 -0.07400531183734708 0.0006472938146402096
24.666666666666668 0.05147303088629213 0.0006343185787223912
24.7 0.1757639185198607 0.0006979029150183669
24.733333333333334 0.2969924507084521 0.0007525018865225941
24.766666666666666 0.4064695245462221 0.0007918049641656433
24.8 0.5076417682805611 0.00081919610364245
24.833333333333332 0.5930066199464179 0.000837508379448737
24.866666666666667 0.6668770989949168 0.0008482042298947334
24.9 0.7204666869613627 0.0008537422776476733
24.933333333333334 0.7576509245273052 0.0008561783294053216
24.966666666666665 0.7752882573176718 0.0008550172172725468
25.0 0.7747170717640739 0.0008558377152554364
25.033333333333335 0.7555517905496352 0.0008566376769628681
25.066666666666666 0.7145910112016035 0.0008562817648009036
25.1 0.6569390897763407 0.0008503336819037921
25.133333333333333 0.580826629969865 0.0008386036461754953
25.166666666666668 0.48701663117601196 0.0008177934748690441
25.2 0.38523426831458674 0.0007907916836762396
25.233333333333334 0.26703281196220996 0.0007423786263927035
25.266666666666666 0.14342595352083012 0.0006836267345167735
25.3 0.017314826273188876 0.0006142745719849539
25.333333333333332 -0.10734882616079182 0.0006654145338326617
25.366666666666667 -0.22898230488374013 0.0007225257593892198
25.4 -0.3454467967326104 0.000767887727169736
25.433333333333334 -0.45223752881133944 0.0008013677015629717
25.466666666666665 -0.5473661837380439 0.0008218264630741601
25.5 -0.6297787111948198 0.0008342235094996875
25.533333333333335 -0.6973710828649285 0.0008427579021076381
25.566666666666666 -0.747722974321689 0.000846047309586262
25.6 -0.7800215387922456 0.0008472023072848556
25.633333333333333 -0.79219222965656 0.0008486528280623462
25.666666666666668 -0.7856704668091286 0.0008480981661015408
25.7 -0.7598723150858556 0.0008477282644617778
25.733333333333334 -0.7143222335402309 0.0008474650830113672
25.766666666666666 -0.6522168160868265 0.0008427411902557358
25.8 -0.569660057423719 0.0008294326634465943
25.833333333333332 -0.47579313420062275 0.0008086630572163855
25.866666666666667 -0.36652112693471145 0.0007772293858278045
25.9 -0.24917253587984556 0.0007335267479688379
25.933333333333334 -0.12464510558033076 0.0006713361525458039
25.966666666666665 -0.001231063207046805 0.0006042689013907676
26.0 0.1241434594286485 0.0006723316270097063
26.033333333333335 0.24381805941677534 0.000729610742615322
26.066666666666666 0.35276005085014356 0.0007754769755825008
26.1 0.45953260472576507 0.0008070809038341897
26.133333333333333 0.5499540684449133 0.0008293874311663396
26.166666666666668 0.6266158430748068 0.0008430590873871324
26.2 0.6893814769053381 0.0008507078935048318
26.233333333333334 0.7334334170434225 0.0008539041026467409
26.266666666666666 0.7587909214655164 0.0008557643828236428
26.3 0.7655645874437522 0.0008561695315891793
26.333333333333332 0.7537791695542526 0.0008573413158762255
26.366666666666667 0.7224138248759212 0.0008527551589255777
26.4 0.6708710250622429 0.0008512076327119589
26.433333333333334 0.6027251592849209 0.0008415965742396558
26.466666666666665 0.5179388651898733 0.0008263911818574554
26.5 0.4199606470621689 0.0008003392221516137
26.533333333333335 0.3093546995954017 0.000761784882245764
26.566666666666666 0.1904359322235527 0.0007084799067139103
26.6 0.0669753826441769 0.0006431706132453002
26.633333333333333 -0.05812795084816832 0.0006372047668161823
26.666666666666668 -0.1810487603303914 0.0007019424509136507
26.7 -0.2969803610813659 0.0007495172333673028
26.733333333333334 -0.40540570512696444 0.0007887542635282019
26.766666666666666 -0.5061785995486835 0.0008143748553798291
26.8 -0.5922850635486686 0.0008311261808445769
26.833333333333332 -0.6638002184034114 0.000841882340741229
26.866666666666667 -0.7198952858885262 0.000843889808513465
26.9 -0.7588127954621263 0.000846058045039122
26.933333333333334 -0.7775601510584035 0.0008473386711999042
26.966666666666665 -0.7782971424605637 0.000848263574154906
27.0 -0.75992670466999 0.0008494404496056651
27.033333333333335 -0.7214889250352521 0.0008476590518481375
27.066666666666666 -0.6662888837824512 0.0008440642459325298
27.1 -0.5932187007011772 0.0008342355468718976
27.133333333333333 -0.50403065241025 0.000816975205510051
27.166666666666668 -0.40055976792098086 0.0007891784141662028
27.2 -0.2880767100673321 0.0007495985152405904
27.233333333333334 -0.16751261486460814 0.0006956035602076194
27.266666666666666 -0.0454715476111794 0.0006308242281268389
27.3 0.07665253248945805 0.0006474389475786962
27.333333333333332 0.196801916490506 0.0007076660233297505
27.366666666666667 0.31448582523551083 0.0007599162796920744
27.4 0.4181809539283393 0.000794620695910575
27.433333333333334 0.5123941356539933 0.0008203908384807335
27.466666666666665 0.5929701098809623 0.0008374065300456035
27.5 0.6590154496701834 0.0008465014068402832
27.533333333333335 0.7092919674813453 0.0008514340667366005
27.566666666666666 0.739834499809061 0.000854093199510686
27.6 0.7529592173946018 0.0008552414960852905
27.633333333333333 0.7463987079976546 0.0008560625132564281
27.666666666666668 0.7227647760693627 0.0008541871916512012
27.7 0.6791767403908332 0.000850584252320763
27.733333333333334 0.6168827772857313 0.0008449433075264912
27.766666666666666 0.5399799574353057 0.0008316801810070995
27.8 0.44618755663658005 0.0008083228462915093
27.833333333333332 0.34151051694291235 0.0007733599109042144
27.866666666666667 0.22706057117156472 0.0007245153950652394
27.9 0.10531279970850975 0.000665243524289455
27.933333333333334 -0.01640970671376238 0.0006135254000271331
27.966666666666665 -0.13595870746567984 0.000679156747227655
28.0 -0.25557887772656496 0.0007353488741837499
28.033333333333335 -0.36648690988697374 0.0007766038491857086
28.066666666666666 -0.46647807621401804 0.0008044231521488476
28.1 -0.5558621702202234 0.000823586322037051
28.133333333333333 -0.6300876958347745 0.0008364244699350376
28.166666666666668 -0.6916063135651056 0.0008431019200662027
28.2 -0.7364168245592978 0.0008450785052996901
28.233333333333334 -0.7617351143298265 0.0008468827727192707
28.266666666666666 -0.7688296845978422 0.0008501850641315922
28.3 -0.7569492718229937 0.0008486300694197091
28.333333333333332 -0.7243097048691013 0.0008491227069978846
28.366666666666667 -0.6760458390890709 0.0008436389114665488
28.4 -0.6087507498252428 0.0008367703034105611
28.433333333333334 -0.5261743311143043 0.0008204385039671802
28.466666666666665 -0.4282883953946703 0.0007981413180970787
28.5 -0.3226788541558803 0.0007619215304334737
28.533333333333335 -0.20355760218440394 0.0007139706334015894
28.566666666666666 -0.08213680553004381 0.0006503657732297441
28.6 0.038427285121413766 0.0006255706771188668
28.633333333333333 0.15755626914134274 0.0006907021233173438
28.666666666666668 0.27419216886406905 0.0007430733457939875
28.7 0.37859025193889306 0.0007825906949156525
28.733333333333334 0.47569302060513546 0.0008109093913026277
28.766666666666666 0.559530266538556 0.000830890960821562
28.8 0.6301816478636975 0.0008425565807441693
28.833333333333332 0.6847677852233853 0.0008498891303048151
28.866666666666667 0.7211197688837384 0.0008532468131571269
28.9 0.7394687215961084 0.000854398077600016
28.933333333333334 0.7395601640666499 0.0008547347709323416
28.966666666666665 0.7212375075080227 0.000854719744962984
29.0 0.6830706745071244 0.000852538706868855
29.033333333333335 0.6294711003666803 0.0008478899078963043
29.066666666666666 0.5545677498746281 0.0008352206536834661
29.1 0.46888686987536077 0.0008131574742250014
29.133333333333333 0.36945661223614534 0.0007818298984416105
29.166666666666668 0.2582205749677416 0.0007416135443960026
29.2 0.14100769665455362 0.0006852553711770015
29.233333333333334 0.019299198242415966 0.00061520308438456
29.266666666666666 -0.10170799240503804 0.0006603853790822234
29.3 -0.21911629133212618 0.0007172363223279798
29.333333333333332 -0.32875033104227647 0.0007640461913094865
29.366666666666667 -0.43194896397778304 0.0007962791578559614
29.4 -0.5218206199695125 0.0008181055538875048
29.433333333333334 -0.6010950458760229 0.0008331676146630107
29.466666666666665 -0.6666736383481315 0.0008413753616972608
29.5 -0.7136295137510903 0.000844628585359164
29.533333333333335 -0.7455450831961041 0.0008468320337916557
29.566666666666666 -0.7567772613116741 0.0008480449547799696
29.6 -0.750114195210175 0.0008485402078860504
29.633333333333333 -0.7241149112182605 0.0008486360753620081
29.666666666666668 -0.6810211066102351 0.0008447446985688778
29.7 -0.6194559871020325 0.0008387101306558398
29.733333333333334 -0.5422251670744636 0.0008269640044865634
29.766666666666666 -0.44938126993022093 0.0008042327807239458
29.8 -0.3481461335911554 0.0007704880189980945
29.833333333333332 -0.23640418230181773 0.0007276927482747497
29.866666666666667 -0.11592058603125953 0.0006700994237762992
29.9 0.005848280505814907 0.0006067529008475332
29.933333333333334 0.12481407405560774 0.0006730277792218464
29.966666666666665 0.23990986108190382 0.0007278837002470395
30.0 0.34725217843914596 0.0007755195168594464
30.033333333333335 0.4437151537600656 0.0008030342212813069
30.066666666666666 0.5339219377724771 0.0008247239544348917
30.1 0.6037629977176618 0.0008395733746160428
30.133333333333333 0.6608635669235841 0.0008486646371418383
30.166666666666668 0.7013828439579634 0.0008521101446878898
30.2 0.7256487842105299 0.000853437489878428
30.233333333333334 0.7299292042054529 0.0008547198743961149
30.266666666666666 0.7164135623214762 0.0008549960140907809
30.3 0.6834223884324526 0.0008524597723883476
30.333333333333332 0.6344062309488683 0.0008486671086613828
30.366666666666667 0.5652858341446063 0.0008372101284771505
30.4 0.48516835179492046 0.0008174132299847425
30.433333333333334 0.3914057618038623 0.0007947204128151419
30.466666666666665 0.28208026385361984 0.000748489690938714
30.5 0.16934689766034336 0.0006984765067182819
30.533333333333335 0.05213439589648896 0.0006353188343408769
30.566666666666666 -0.06947962321548766 0.0006429273733262741
30.6 -0.18538830890827077 0.0007030127903450145
30.633333333333333 -0.2973222180371682 0.0007508504945865635
30.666666666666668 -0.40184382949871433 0.0007875308200036013
30.7 -0.49548141667469653 0.0008119074645788205
30.733333333333334 -0.5755093790279457 0.0008290550697938048
30.766666666666666 -0.6436447037725442 0.0008377223590153582
30.8 -0.6941921428271317 0.0008421246103665903
30.833333333333332 -0.7282665755508826 0.0008456251216889532
30.866666666666667 -0.7445833820818364 0.000847346996717846
30.9 -0.7422464553711201 0.0008478626117237598
30.933333333333334 -0.7203868738020267 0.0008458107316340335
30.966666666666665 -0.6830066826455228 0.0008437191178602976
31.0 -0.6263440269268781 0.0008389100790392456
31.033333333333335 -0.5516489384933144 0.000825884043396008
31.066666666666666 -0.4644332114155616 0.0008059723566514188
31.1 -0.36481429615723143 0.000775904351613621
31.133333333333333 -0.2563515419799756 0.0007348966395809287
31.166666666666668 -0.14365345128147025 0.0006839531844639313
31.2 -0.02469916205593156 0.0006183877009742454
31.233333333333334 0.09684977896417274 0.0006585985643963038
31.266666666666666 0.20949322610531892 0.0007153166984809334
31.3 0.31816795792854485 0.0007626009678790013
31.333333333333332 0.41641566181803696 0.0007957521114558275
31.366666666666667 0.5061028828514627 0.0008161273199728258
31.4 0.5795346920928859 0.0008345940021556864
31.433333333333334 0.6407318565809641 0.0008442990359401881
31.466666666666665 0.683506163178755 0.0008499652769010657
31.5 0.7100079041663563 0.000853398682170603
31.533333333333335 0.7190547126325758 0.0008542660685746384
31.566666666666666 0.709512118006633 0.0008538322148172739
31.6 0.6822711742993484 0.0008523516912830598
31.633333333333333 0.6371708817769384 0.0008478008422477812
31.666666666666668 0.5742467573437645 0.000837858719914597
31.7 0.49347515263743685 0.0008201057803904344
31.733333333333334 0.4035137246411095 0.0007940447066990819
31.766666666666666 0.29807072782524907 0.0007602863500449364
31.8 0.18908976848796227 0.0007069110754438779
31.833333333333332 0.07520392148707393 0.0006474880757799256
31.866666666666667 -0.04385620447045478 0.0006297828449761608
31.9 -0.1606430337896804 0.0006908166889698364
31.933333333333334 -0.2714524290352659 0.0007430663773364543
31.966666666666665 -0.37633462500837195 0.0007785809526114629
32.0 -0.4705738930501517 0.000807131025916008
32.03333333333333 -0.5526143578912386 0.0008245365884266276
32.06666666666667 -0.6207073893535939 0.0008356587929259085
32.1 -0.6760775000013323 0.0008425059581133043
32.13333333333333 -0.7119836204690209 0.0008451630934958043
32.166666666666664 -0.7314823407131137 0.0008467609853941571
32.2 -0.7328186464437731 0.0008469378042244013
32.233333333333334 -0.716571425979017 0.0008471431830199272
32.266666666666666 -0.6802782737025713 0.0008450927512063666
32.3 -0.6272917706487928 0.0008382715492376569
32.333333333333336 -0.5583579728307465 0.0008280472579035303
32.36666666666667 -0.47499599147805593 0.0008112460563085011
32.4 -0.3796595176736777 0.0007837785839467926
32.43333333333333 -0.27545707085103854 0.0007444434857410975
32.46666666666667 -0.16251460696523778 0.0006913695325210523
32.5 -0.04476507266886653 0.000631131868655592
32.53333333333333 0.07170802214888043 0.000644492794720064
32.56666666666667 0.18686622926424487 0.0007037179039992014
32.6 0.2940786612997157 0.0007527192584410591
32.63333333333333 0.3944890018939886 0.0007891084422642636
32.666666666666664 0.4832848229027456 0.0008141081881971046
32.7 0.5596792659729537 0.0008304315963485465
32.733333333333334 0.6228587227327184 0.0008423774859880329
32.766666666666666 0.6675153757595027 0.0008479218790178322
32.8 0.6957582574040868 0.0008514306486626655
32.833333333333336 0.7083263708598814 0.0008533426565975333
32.86666666666667 0.7019348761929068 0.0008525274876745037
32.9 0.6791360914209558 0.0008522806159740881
32.93333333333333 0.6345180542597204 0.0008475556410808549
32.96666666666667 0.5764062754549892 0.0008385025827182258
33.0 0.5019802858152479 0.0008213671268899603
33.03333333333333 0.41285781828713847 0.0007973362319519395
33.06666666666667 0.3135359770082993 0.0007625243866222209
33.1 0.2043726344417287 0.0007146115595634273
33.13333333333333 0.08984841719809596 0.0006569043843925731
33.166666666666664 -0.022551245711780774 0.00061741282178919
33.2 -0.13841811101375412 0.0006784997682039995
33.233333333333334 -0.251583361877013 0.0007309558783037406
33.266666666666666 -0.3539136064467056 0.0007712805874031115
33.3 -0.44853951914268847 0.0007997087745016396
33.333333333333336 -0.5328985694757886 0.0008200223853435107
33.36666666666667 -0.6008966501439068 0.0008321801276245377
33.4 -0.6586625211603355 0.0008395153058616822
33.43333333333333 -0.696168798597883 0.0008431223999937343
33.46666666666667 -0.7191008005056966 0.000846122678890393
33.5 -0.7237120887797847 0.0008467744970309665
33.53333333333333 -0.7092142329065861 0.0008471020296908494
33.56666666666667 -0.677419036149896 0.0008440853061003617
33.6 -0.6262663757178151 0.000839621552394143
33.63333333333333 -0.5617258602290595 0.0008297395169163391
33.666666666666664 -0.48184160330769005 0.0008111414862495003
33.7 -0.3877801643079161 0.0007837836983611846
33.733333333333334 -0.2845215693462629 0.0007479849719798093
33.766666666666666 -0.17634928067784222 0.0006996223194997431
33.8 -0.06288132165561346 0.0006406400798903006
33.833333333333336 0.052613167282846755 0.0006322112240497654
33.86666666666667 0.16624030955383037 0.0006963425858689254
33.9 0.27246319528854795 0.0007441113976898728
33.93333333333333 0.37480716684359944 0.0007790234713488942
33.96666666666667 0.4652247027838494 0.0008083210130495622
34.0 0.5401689989858935 0.0008293113159341114
34.03333333333333 0.6047461575626722 0.0008409875559926006
34.06666666666667 0.652487094546794 0.0008457553213789826
34.1 0.6832252431770955 0.0008501831249179137
34.13333333333333 0.6967642227226388 0.0008517750307943661
34.166666666666664 0.6939972513821997 0.0008549511384862152
34.2 0.6723060676505881 0.0008494584794869198
34.233333333333334 0.632696955459961 0.0008467291218611228
34.266666666666666 0.5751679770595083 0.0008393729345559375
34.3 0.5051770494771842 0.00082237916317629
34.333333333333336 0.4190132456304348 0.0007994913733614939
34.36666666666667 0.3217529002854049 0.0007651907109730849
34.4 0.21738940735606158 0.0007212755127894155
34.43333333333333 0.1030153956282029 0.0006636976552734514
34.46666666666667 -0.009278407963642859 0.0006085010071745101
34.5 -0.12169596538431801 0.0006721623468834148
34.53333333333333 -0.23157049150308645 0.0007237216085845266
34.56666666666667 -0.3373245455731468 0.0007658793564343513
34.6 -0.43171370671421616 0.000795169144420238
34.63333333333333 -0.5144800849689039 0.0008175611467293731
34.666666666666664 -0.5859874769184007 0.0008307936515549175
34.7 -0.6426418588558677 0.0008398358049669374
34.733333333333334 -0.6839545625790086 0.0008432480540836451
34.766666666666666 -0.7069884196073704 0.0008455915054176311
34.8 -0.7130583051785753 0.0008465773508938845
34.833333333333336 -0.7017581887582036 0.0008462719226827176
34.86666666666667 -0.6724440061182613 0.0008437914824109827
34.9 -0.624315731884652 0.0008385575103956322
34.93333333333333 -0.5605688819224711 0.0008277239345898524
34.96666666666667 -0.4839103773646208 0.0008129526848685842
35.0 -0.3930754947566996 0.0007877823663144379
35.03333333333333 -0.2933989967652103 0.000750366873602526
35.06666666666667 -0.1843236202447119 0.0007040741308520226
35.1 -0.07330359426861928 0.0006461421800412759
35.13333333333333 0.04039103809961883 0.0006269188331524331
35.166666666666664 0.15025554318507559 0.0006856297613883344
35.2 0.25965433071521876 0.0007369323621673196
35.233333333333334 0.3598632134545065 0.0007769691641291709
35.266666666666666 0.44808835918522166 0.0008044401593307327
35.3 0.5250857051208043 0.0008257183500152143
35.333333333333336 0.5903293817855015 0.0008395642471932252
35.36666666666667 0.6387179793663513 0.0008459006159869942
35.4 0.6724717659016012 0.0008495976123222837
35.43333333333333 0.6869196237587345 0.0008506963137492329
35.46666666666667 0.6847334811360005 0.0008515190669120543
35.5 0.6661976077659312 0.0008504810584537559
35.53333333333333 0.6286964821583095 0.000847034779435818
35.56666666666667 0.5737400484417687 0.0008385365671776945
35.6 0.5034229646703144 0.0008229986397841893
35.63333333333333 0.419910784626444 0.0008019172052567969
35.666666666666664 0.32701997362019514 0.0007684674408748315
35.7 0.2249033062270324 0.0007265605757504345
35.733333333333334 0.11055863059400096 0.0006668276883452506
35.766666666666666 0.0012498493569302713 0.000607564003643179
35.8 -0.10874012315318342 0.0006632968000131051
35.833333333333336 -0.21868612409546723 0.0007193456505466822
35.86666666666667 -0.3222711392229008 0.0007603478315002521
35.9 -0.4185990005318598 0.0007914902993359507
35.93333333333333 -0.5012442060878359 0.0008132062231921422
35.96666666666667 -0.5730134087451157 0.0008285713056115362
36.0 -0.6297182427835388 0.0008373516068360676
36.03333333333333 -0.6714847238779151 0.000842164779255028
36.06666666666667 -0.6960155918407948 0.0008449171278765988
36.1 -0.7028334257713701 0.0008460385406180437
36.13333333333333 -0.6939089518783293 0.0008454500602254056
36.166666666666664 -0.6663636761098298 0.0008428543085440277
36.2 -0.6208064310797076 0.0008379553278051732
36.233333333333334 -0.5588746303387602 0.0008281416195053959
36.266666666666666 -0.4826395154304765 0.0008108737003756916
36.3 -0.39494605715292985 0.0007878656498028214
36.333333333333336 -0.29619705618571657 0.0007532296003219252
36.36666666666667 -0.19060887323165357 0.0007065548874009564
36.4 -0.08108963071537234 0.0006520167574812635
36.43333333333333 0.029271873263144094 0.0006209784849767579
36.46666666666667 0.14159269614143313 0.0006830768187879033
36.5 0.2461193323322663 0.0007317518062072981
36.53333333333333 0.34614900551031946 0.000769537961539668
36.56666666666667 0.4375877527321956 0.0008012244342327501
36.6 0.5128723476970195 0.0008204154553131948
36.63333333333333 0.5781781193694286 0.0008355228413847726
36.666666666666664 0.6252296192536737 0.0008412189855585561
36.7 0.6609539072829074 0.0008475347743502892
36.733333333333334 0.675791317530264 0.0008490416874765705
36.766666666666666 0.6757567935121064 0.0008514562362453848
36.8 0.6577699287538289 0.0008497039530673822
36.833333333333336 0.6222560716535916 0.0008445247928744459
36.86666666666667 0.5704135409903316 0.0008380297602084141
36.9 0.5023016200780688 0.0008221765573059869
36.93333333333333 0.4218342402116603 0.0008004828693851107
36.96666666666667 0.32849418075662684 0.0007707973679720315
37.0 0.22356711086346984 0.0007277478431777507
37.03333333333333 0.11891639872764642 0.0006714564636247922
37.06666666666667 0.005341317546127348 0.0006079613979129428
37.1 -0.10212638849834828 0.0006611555761172061
37.13333333333333 -0.2087947201851791 0.0007138344523614504
37.166666666666664 -0.31166248185432427 0.0007568821738603293
37.2 -0.40687638176292773 0.0007884221797496149
37.233333333333334 -0.49164005304520675 0.0008098897739144961
37.266666666666666 -0.5623669063964519 0.0008262741649990302
37.3 -0.6182620560524906 0.0008353621734025207
37.333333333333336 -0.6604625808257266 0.0008413071012013384
37.36666666666667 -0.6854420902006289 0.000843513318780964
37.4 -0.6933063163573219 0.0008448175359281329
37.43333333333333 -0.6845298762104661 0.0008445045923477501
37.46666666666667 -0.6586417601706385 0.0008437385728724545
37.5 -0.614637469707187 0.00083775025570898
37.53333333333333 -0.5547758812464492 0.0008274672758912249
37.56666666666667 -0.47988056729874595 0.0008120440631604331
37.6 -0.3936495630060624 0.000786657956633352
37.63333333333333 -0.29566070752907775 0.0007507282105383428
37.666666666666664 -0.19156941082995346 0.0007076489136339792
37.7 -0.08356178352089602 0.0006508544470557043
37.733333333333334 0.02377503057336465 0.00061812190756717
37.766666666666666 0.1356264554168854 0.0006798005982676658
37.8 0.24146631924954248 0.0007308157860171915
37.833333333333336 0.33818476947189474 0.0007678205713832487
37.86666666666667 0.42822900404715103 0.000797140810851249
37.9 0.5056138827757601 0.0008202459979949062
37.93333333333333 0.5651885917805207 0.0008316652990225659
37.96666666666667 0.6162124898783314 0.0008428111321793219
38.0 0.6499071784917438 0.0008466209152286908
38.03333333333333 0.6665815286864545 0.0008490507106660994
38.06666666666667 0.6659459698709698 0.0008495745707589597
38.1 0.6491588322885253 0.0008482291819805754
38.13333333333333 0.6141616731332551 0.0008433078517294801
38.166666666666664 0.5623841381801772 0.0008348451984530048
38.2 0.49746419348638865 0.000822180474952583
38.233333333333334 0.41502933817003307 0.0007992982773222246
38.266666666666666 0.324479223036073 0.0007664378793034721
38.3 0.22399886283603002 0.0007244941221490053
38.333333333333336 0.11629554053446896 0.000669567129763543
38.36666666666667 0.008852899199625721 0.000609010101406406
38.4 -0.09910514315442905 0.0006599888697384343
38.43333333333333 -0.20394572434663608 0.0007111115908354504
38.46666666666667 -0.3051887242441586 0.0007536341274489988
38.5 -0.3968745641201192 0.0007865663496686159
38.53333333333333 -0.4815321985156103 0.0008090702734768196
38.56666666666667 -0.5530906280815701 0.0008248936412349472
38.6 -0.6093033939496534 0.0008345644350554737
38.63333333333333 -0.6510721224693712 0.0008401445933866603
38.666666666666664 -0.6755439832059212 0.0008427009940205066
38.7 -0.684320923002077 0.0008442581347838374
38.733333333333334 -0.6751254562180554 0.000844169508783188
38.766666666666666 -0.6490243074042673 0.0008417219554962552
38.8 -0.6063575717275427 0.0008378967877543664
38.833333333333336 -0.548358552161249 0.0008277512812322474
38.86666666666667 -0.4732341583512334 0.0008086755595714257
38.9 -0.38815362329158193 0.000786513231240904
38.93333333333333 -0.29351660197525176 0.0007524111130531308
38.96666666666667 -0.18735966135354962 0.0007054355383794009
39.0 -0.08346651144154521 0.0006513300227524998
39.03333333333333 0.0240984530150439 0.0006170305922331316
39.06666666666667 0.1333805236222776 0.0006774129663505435
39.1 0.23480631044065248 0.0007278814503764719
39.13333333333333 0.3323975120717568 0.0007649804191035559
39.166666666666664 0.42052904914412714 0.0007961690520339459
39.2 0.4968597361504423 0.0008184972782306899
39.233333333333334 0.5599137347261848 0.000831670823440489
39.266666666666666 0.6081217230142981 0.0008395027536327593
39.3 0.6405680769644111 0.0008447124205139822
39.333333333333336 0.6561635416340625 0.0008495653929072589
39.36666666666667 0.6559526377532862 0.0008477449117383351
39.4 0.6386098610982117 0.000845856368223652
39.43333333333333 0.6050578578806814 0.0008413625142255077
39.46666666666667 0.5545290911011764 0.0008345659991920718
39.5 0.4880888868588693 0.0008194641165237271
39.53333333333333 0.41067150096061994 0.0007956621198819125
39.56666666666667 0.317181059398654 0.0007639595521801712
39.6 0.2221393962108774 0.0007236696302965473
39.63333333333333 0.11484888457709622 0.0006708611543742443
39.666666666666664 0.008394320613468596 0.0006086847894841586
39.7 -0.09970492321239903 0.0006598897251236246
39.733333333333334 -0.2048828482695395 0.0007122549631031483
39.766666666666666 -0.30175895590999036 0.0007514792285832628
39.8 -0.393976317183032 0.0007853607909299454
39.833333333333336 -0.47420629781027707 0.0008059709791138348
39.86666666666667 -0.5446029482783901 0.0008218363806318241
39.9 -0.6019316127626919 0.0008335513736965616
39.93333333333333 -0.6417255725242379 0.0008386127008288558
39.96666666666667 -0.6659138321923227 0.0008416450025182654
40.0 -0.6743238961339735 0.0008433314973196326
40.03333333333333 -0.6650899951591228 0.0008438315505797656
40.06666666666667 -0.639126521266788 0.0008396814808667719
40.1 -0.5963164936964733 0.0008346248483609431
40.13333333333333 -0.5378087149549613 0.000824550465162166
40.166666666666664 -0.46660792590538985 0.0008066165398923353
40.2 -0.3818379226611751 0.0007836681415402946
40.233333333333334 -0.28629026768181004 0.0007476612346941636
40.266666666666666 -0.1833375648674485 0.0007037357408668787
40.3 -0.0788441683843616 0.0006486266777500638
40.333333333333336 0.02913053169753584 0.000620675582882653
40.36666666666667 0.13142985873528693 0.000678136129387108
40.4 0.2352674892528847 0.0007277653097516323
40.43333333333333 0.3311364265093012 0.0007663747565549994
40.46666666666667 0.4163887422337176 0.0007964266410515064
40.5 0.490973162490159 0.000814398656572346
40.53333333333333 0.5530782643259642 0.0008307914631757729
40.56666666666667 0.6013629044420202 0.0008391494439546898
40.6 0.6322664744048908 0.0008416155689492388
40.63333333333333 0.6476568402138485 0.0008470398997140194
40.666666666666664 0.647157361370228 0.0008471115409033336
40.7 0.6295108249434316 0.0008454086494015245
40.733333333333334 0.5953534935194233 0.0008438773362232643
40.766666666666666 0.5461276643459722 0.0008329334205467998
40.8 0.4775180425200763 0.0008164517022259399
40.833333333333336 0.4023055837154876 0.0007943379049632493
40.86666666666667 0.31153954028580394 0.0007619309753361669
40.9 0.2127952605529471 0.0007185389077874749
40.93333333333333 0.10898556304610647 0.0006654787707679743
40.96666666666667 0.0029861992319242204 0.0006056480533636875
41.0 -0.10176229257364813 0.0006605413517661307
41.03333333333333 -0.2060273912242076 0.000712586082716099
41.06666666666667 -0.3032228983813716 0.0007518277048049749
41.1 -0.3934638202619126 0.000784344162640116
41.13333333333333 -0.47305610328481934 0.0008055914788042129
41.166666666666664 -0.5395540318446636 0.0008229691962459151
41.2 -0.5943510807885581 0.0008329193148943759
41.233333333333334 -0.6350270773925941 0.0008381860542890918
41.266666666666666 -0.6584574742010846 0.0008413216531967249
41.3 -0.6649299669545876 0.0008421977723479523
41.333333333333336 -0.654886789790686 0.000842039577274134
41.36666666666667 -0.6283851749472639 0.0008396281765691294
41.4 -0.5861614128096553 0.0008333885624621784
41.43333333333333 -0.5272829669803525 0.0008226372369286583
41.46666666666667 -0.45604404770510854 0.0008047739841384183
41.5 -0.3711599304577299 0.000780059629187424
41.53333333333333 -0.2770541171011019 0.0007466090161643013
41.56666666666667 -0.17529198111663064 0.0006984463409685226
41.6 -0.07135970806161411 0.000644437917610069
41.63333333333333 0.03533116220298126 0.0006240557906830521
41.666666666666664 0.1386580855443529 0.0006827486597289212
41.7 0.2367059643706446 0.0007278310991463699
41.733333333333334 0.33056977355214245 0.0007635995719533772
41.766666666666666 0.41493125449911766 0.0007941486698755384
41.8 0.4886760263231603 0.0008137071491459147
41.833333333333336 0.5485279967259169 0.0008284237050512067
41.86666666666667 0.5952123597060806 0.0008382083098644744
41.9 0.6252955380983329 0.0008430132861958484
41.93333333333333 0.638414953996479 0.0008448111189814922
41.96666666666667 0.6369992486487998 0.0008467434886144654
42.0 0.6177615922750598 0.0008433837428999391
