0.0 -1.118153301320755 0.0008001231314498369
0.03333333333333333 -1.0136928861442522 0.0008216950713639815
0.06666666666666667 -0.8810147892537535 0.0008385907314535368
0.1 -0.7247953951481766 0.0008434461491524381
0.13333333333333333 -0.5449355863407414 0.0008115493559333053
0.16666666666666666 -0.36145853915791254 0.0007599272625635201
0.2 -0.16760153995852345 0.0006821260717789768
0.23333333333333334 0.02154953461017772 0.0006069728222839535
0.26666666666666666 0.21331739651094297 0.0007075145609783673
0.3 0.3992211534676299 0.0007817885499568633
0.3333333333333333 0.5720299853156842 0.0008256485940607572
0.36666666666666664 0.724316375860847 0.000852423595899765
0.4 0.865220023616474 0.0008539403329943518
0.43333333333333335 0.9869696842787705 0.0008417635397892642
0.4666666666666667 1.082646624028729 0.0008233639570023321
0.5 1.1613769582913736 0.0008009699828721573
0.5333333333333333 1.2143218898854409 0.000784941127308425
0.5666666666666667 1.242602207603404 0.000778295447236621
0.6 1.2431533647577284 0.0007773534188293407
0.6333333333333333 1.2187687036915986 0.000788146870475126
0.6666666666666666 1.1659503909320363 0.0008048039062575896
0.7 1.0828821068707322 0.0008288559162838993
0.7333333333333333 0.9824874047560835 0.0008505580986820638
0.7666666666666667 0.8456997762478097 0.0008614744105128747
0.8 0.6914626238346738 0.0008565690152080307
0.8333333333333334 0.5208475983471368 0.0008234366287370731
0.8666666666666667 0.3322360940502534 0.0007599499424112977
0.9 0.14748153999330166 0.0006765081026219588
0.9333333333333333 -0.04069099596632206 0.0006168531796800422
0.9666666666666667 -0.22924427246426382 0.0007103031079581379
1.0 -0.40994831285980826 0.0007771387696303145
1.0333333333333334 -0.5810349647144549 0.0008170797129632978
1.0666666666666667 -0.7354102587254409 0.0008377439768997297
1.1 -0.8764040944952711 0.0008357481027284619
1.1333333333333333 -0.9943684781812878 0.0008203367039709697
1.1666666666666667 -1.0930417047577736 0.0007995589838867279
1.2 -1.168607871977782 0.0007759184966107391
1.2333333333333334 -1.22072517297822 0.0007589189952943443
1.2666666666666666 -1.2464153364282589 0.0007500988373487782
1.3 -1.2467019776703572 0.0007505976209540854
1.3333333333333333 -1.2216219478330996 0.0007606155602539744
1.3666666666666667 -1.169808278407525 0.0007808611424324763
1.4 -1.0906181259243806 0.0008049818363000671
1.4333333333333333 -0.9819720759956141 0.0008279449733883393
1.4666666666666666 -0.8489803097353472 0.0008442099212152554
1.5 -0.6957212386732026 0.0008358226817745118
1.5333333333333334 -0.5287106393963968 0.0008127514081646137
1.5666666666666667 -0.3434314638699776 0.0007558728742192988
1.6 -0.16125257986932914 0.0006808044701426819
1.6333333333333333 0.025579855234517897 0.000609324041708062
1.6666666666666667 0.2156950448186849 0.0007075323272633383
1.7 0.39520361118168107 0.0007809278734460245
1.7333333333333334 0.564538621341358 0.0008295589668765313
1.7666666666666666 0.7188071583559401 0.0008517193022122838
1.8 0.8552545660171731 0.000855323993385837
1.8333333333333333 0.9716840986483388 0.0008427857270563166
1.8666666666666667 1.0672290333604455 0.000826306499008389
1.9 1.1395723821589474 0.0008074433065776709
1.9333333333333333 1.1894288980829746 0.0007925625403493175
1.9666666666666666 1.2146370708615852 0.0007839394726218973
2.0 1.2143521070756038 0.0007829326276205251
2.033333333333333 1.1859546433113386 0.0007937286216008754
2.066666666666667 1.1342540612906733 0.0008074742240775645
2.1 1.04889116958897 0.0008311395038340663
2.1333333333333333 0.9402033235518706 0.0008518291080928941
2.1666666666666665 0.8132165881781678 0.0008616447021385643
2.2 0.6574776382436022 0.0008476142950832877
2.2333333333333334 0.4848644176465092 0.0008129222362889266
2.2666666666666666 0.3073926460092682 0.0007533474741565072
2.3 0.11970921099707461 0.0006631856593858204
2.3333333333333335 -0.06825457330976573 0.0006320764173030069
2.3666666666666667 -0.24971394853006157 0.0007233355227577731
2.4 -0.4275242526063818 0.000779722859841625
2.433333333333333 -0.5907951331333898 0.0008266015062349252
2.466666666666667 -0.7437707884881797 0.0008385681683670265
2.5 -0.8762778968287968 0.0008357248729377043
2.533333333333333 -0.9898861870878265 0.0008207549201386666
2.566666666666667 -1.0805635445517991 0.0008022135348095816
2.6 -1.1503847412716646 0.0007832043334370375
2.6333333333333333 -1.1967906076279906 0.0007679546059811138
2.6666666666666665 -1.2186673282600642 0.0007602874056800157
2.7 -1.2148966569729 0.0007608387568849295
2.7333333333333334 -1.1851203361379186 0.000771812625400603
2.7666666666666666 -1.126469758349741 0.0007914494452629928
2.8 -1.041538155371014 0.0008129071931604059
2.8333333333333335 -0.9334090114270498 0.000831041788097564
2.8666666666666667 -0.8001518947573504 0.0008429176649190628
2.9 -0.6483415831957339 0.0008341852813811279
2.933333333333333 -0.4779386411793648 0.00080317008571823
2.966666666666667 -0.2957238563718891 0.0007378615507758202
3.0 -0.10986904795932767 0.0006563256981902826
3.033333333333333 0.07038949175996728 0.0006385082971951533
3.066666666666667 0.25383491829008614 0.0007336618827316621
3.1 0.42802440258393565 0.0007996940965303012
3.1333333333333333 0.5922652126344896 0.000839252977791638
3.1666666666666665 0.7385279030238387 0.0008547926716595544
3.2 0.8647702769808983 0.000856772844643916
3.2333333333333334 0.9751124675882931 0.0008456126764733174
3.2666666666666666 1.0603589546727683 0.0008311577688235872
3.3 1.1260229593145226 0.0008131723368629551
3.3333333333333335 1.1690123536742072 0.0008011585491780604
3.3666666666666667 1.1861331216387618 0.0007965668255462965
3.4 1.1778278966101103 0.000799082242895377
3.433333333333333 1.14166167923198 0.0008092062178033377
3.466666666666667 1.0792439751591727 0.0008260770519221694
3.5 0.9906376346904237 0.0008442352031177158
3.533333333333333 0.8768036419830048 0.0008583526753821458
3.566666666666667 0.7439237926766448 0.0008579037200383555
3.6 0.588029303065175 0.0008381497990528342
3.6333333333333333 0.42046688991736464 0.0007936977497250419
3.6666666666666665 0.23493884569862186 0.0007217906248148109
3.7 0.05117494501428046 0.0006232041740731886
3.7333333333333334 -0.13125175274883388 0.0006691076809084429
3.7666666666666666 -0.3073141911005128 0.0007433134630054905
3.8 -0.48120565858802744 0.0007971718537305161
3.8333333333333335 -0.6354385014206104 0.0008289084713423156
3.8666666666666667 -0.7768944018538066 0.0008417892583935105
3.9 -0.9003402096126927 0.0008342498247004837
3.933333333333333 -1.0019281732246745 0.0008207544119203103
3.966666666666667 -1.0842346631994866 0.0008053374788525858
4.0 -1.1445252889641255 0.0007881698676128757
4.033333333333333 -1.1803484532082062 0.0007760635227813673
4.066666666666666 -1.1915862188686426 0.0007719811263608989
4.1 -1.177621086385819 0.0007760850967233335
4.133333333333334 -1.1355318562219887 0.0007905053629566616
4.166666666666667 -1.068374214005094 0.0008067899074661877
4.2 -0.9769631945121249 0.000824599776072632
4.233333333333333 -0.8577562195615089 0.0008398518298777802
4.266666666666667 -0.717590189027921 0.0008404993723256649
4.3 -0.5623360605959261 0.0008214570500642004
4.333333333333333 -0.38795077286056384 0.0007742736155515462
4.366666666666666 -0.20930241106614295 0.0007030763769891035
4.4 -0.028017981128086525 0.0006156555797502024
4.433333333333334 0.15149039357931654 0.000680403258029344
4.466666666666667 0.3295592335962181 0.0007625181726411689
4.5 0.49693890871233815 0.0008177416312547536
4.533333333333333 0.6474243455723 0.0008479369724131436
4.566666666666666 0.7797314963726706 0.0008583628444190916
4.6 0.8985598604478554 0.0008574390029257861
4.633333333333334 0.9989839360147182 0.0008425561316439678
4.666666666666667 1.0726182054794813 0.0008292298689156485
4.7 1.1235058058976193 0.0008163158151905936
4.733333333333333 1.15286590646552 0.0008086901709227767
4.766666666666667 1.1563417744332387 0.0008083860550049948
4.8 1.1345265098466226 0.000815692395848
4.833333333333333 1.0877965411947732 0.0008282393636998009
4.866666666666666 1.0108847868999864 0.0008432892193310781
4.9 0.9118167252790194 0.0008594876914921334
4.933333333333334 0.7889104410077288 0.0008635301193663514
4.966666666666667 0.6460440612153353 0.000854329345004512
5.0 0.4882131820056463 0.0008199876894221525
5.033333333333333 0.30983841739613405 0.0007542359129142917
5.066666666666666 0.12994490183963622 0.0006686366163585478
5.1 -0.048698916261792444 0.0006266542376107895
5.133333333333334 -0.22670544674408352 0.0007142634889053812
5.166666666666667 -0.398278850517987 0.0007740565088499296
5.2 -0.5570305608202338 0.0008222900265257849
5.233333333333333 -0.6998121879803239 0.0008399658813246225
5.266666666666667 -0.8287390908055672 0.0008392978217305336
5.3 -0.9406967334205856 0.000830320948902008
5.333333333333333 -1.0310545437075391 0.0008152220970885082
5.366666666666666 -1.0980820845721881 0.0008002477587207846
5.4 -1.1447971750328774 0.0007868211302290984
5.433333333333334 -1.1640841825084003 0.000781390395604431
5.466666666666667 -1.1604700087752142 0.0007817418279898458
5.5 -1.1279863556724865 0.0007955292752188647
5.533333333333333 -1.0728884079688972 0.0008095265047198819
5.566666666666666 -0.9923338440837516 0.0008275203662968522
5.6 -0.8848763673870284 0.0008404718915725473
5.633333333333334 -0.7543198253156179 0.0008456499652160776
5.666666666666667 -0.606156636058013 0.0008319121531400464
5.7 -0.4435776363357876 0.0007968648023917724
5.733333333333333 -0.27034859596559774 0.00073175021581523
5.766666666666667 -0.09065504841646123 0.0006512878217127538
5.8 0.08756619417612957 0.0006480329957009728
5.833333333333333 0.26154155145008373 0.0007319980147981742
5.866666666666666 0.4290096082534575 0.000799519011308647
5.9 0.5844442040731715 0.0008377376783297308
5.933333333333334 0.7198329205014646 0.0008528170593607998
5.966666666666667 0.8428116130757335 0.000856767840968331
6.0 0.9440676753471599 0.0008490731613124414
6.033333333333333 1.0292636835345839 0.000834533214258748
6.066666666666666 1.0860664981661825 0.0008241669015525144
6.1 1.123401133425647 0.0008111716475129871
6.133333333333334 1.1334231237051084 0.0008124480982047988
6.166666666666667 1.1196180748620967 0.0008178070217939037
6.2 1.0797329150664177 0.0008260772576458297
6.233333333333333 1.0144525087350014 0.0008398194043723883
6.266666666666667 0.9251977606459817 0.0008560252241843758
6.3 0.8103405982856515 0.0008648385042799855
6.333333333333333 0.6751201110453217 0.0008554090149448523
6.366666666666666 0.5235672235850051 0.00082691786408573
6.4 0.3518961927616134 0.0007734674221575033
6.433333333333334 0.17818208180200726 0.0006993123133440249
6.466666666666667 -0.001151648386694124 0.0005987127632381484
6.5 -0.17506286821595585 0.0006912226839533298
6.533333333333333 -0.3441590172710861 0.0007593726094139996
6.566666666666666 -0.5034712290205758 0.0008060596963093136
6.6 -0.6491747362880443 0.0008341166237891828
6.633333333333334 -0.7816278896018332 0.000841675312663992
6.666666666666667 -0.8954831605618326 0.0008338928987344785
6.7 -0.9874673465889049 0.0008220595329199165
6.733333333333333 -1.0606969331605252 0.0008069019770224894
6.766666666666667 -1.111565845727633 0.0007943863027231046
6.8 -1.1375668193425015 0.0007862557183240249
6.833333333333333 -1.1391670027494625 0.0007871843706752646
6.866666666666666 -1.1154240105092716 0.0007940740094674048
6.9 -1.0649271852828488 0.0008085146469583027
6.933333333333334 -0.9920382260400677 0.0008226350753770539
6.966666666666667 -0.8905598520272177 0.0008364438851148348
7.0 -0.7699626843173974 0.000841532533108813
7.033333333333333 -0.6253852793748772 0.0008322094860668816
7.066666666666666 -0.4701093257054904 0.0008028096899107551
7.1 -0.2995073398642168 0.0007436891702254367
7.133333333333334 -0.1219991208035227 0.0006664943873064821
7.166666666666667 0.05025653351716003 0.0006296637716516618
7.2 0.22321281432939225 0.0007157844740521835
7.233333333333333 0.38675113384153975 0.0007803814722339153
7.266666666666667 0.5410923995196709 0.0008301765912622772
7.3 0.6803863177427556 0.0008508766472367091
7.333333333333333 0.8039064574245209 0.0008565867294390017
7.366666666666666 0.9083232265614707 0.0008542528571686692
7.4 0.9928040759615643 0.0008414602965447493
7.433333333333334 1.0535863952460627 0.0008306418631571777
7.466666666666667 1.0936960745728452 0.0008210282782388223
7.5 1.1071566807419468 0.0008187957574217197
7.533333333333333 1.0986238187605366 0.000822588616872677
7.566666666666666 1.0637550893496812 0.0008303963552127591
7.6 1.0027253814520367 0.0008435851847166109
7.633333333333334 0.9177748481521217 0.0008560054108844861
7.666666666666667 0.8108383094875448 0.0008616156495816485
7.7 0.6767451212526892 0.000853961618897503
7.733333333333333 0.5328224452895894 0.0008292926005507573
7.766666666666667 0.3687427710667148 0.0007806828817986666
7.8 0.19345010565315557 0.0007058145947818895
7.833333333333333 0.019968227333496562 0.0006078318071839964
7.866666666666666 -0.151117801568989 0.0006826727723563963
7.9 -0.3144482329718452 0.0007501613186112754
7.933333333333334 -0.47263197608163454 0.0008025630159739783
7.966666666666667 -0.6182959772285169 0.0008294915197237795
8.0 -0.7494999568559177 0.0008425669427721827
8.033333333333333 -0.8628528096558068 0.0008389546218144917
8.066666666666666 -0.958314917162901 0.0008272465354894898
8.1 -1.032929850315638 0.0008143366788448958
8.133333333333333 -1.0822115537212014 0.0008062644448787459
8.166666666666666 -1.1122262308690516 0.0007964227215964126
8.2 -1.114702007966123 0.0007970739673104354
8.233333333333333 -1.0937973723856977 0.0008007374797065481
8.266666666666667 -1.0455770478492563 0.0008123322872879424
8.3 -0.9747982565448877 0.0008274842050565168
8.333333333333334 -0.8762414889544313 0.0008391260170470538
8.366666666666667 -0.759179574666891 0.0008439566889969496
8.4 -0.6201072121392399 0.0008325257548362774
8.433333333333334 -0.4636928454383022 0.0007953841461612599
8.466666666666667 -0.2978970883371718 0.0007474195475170586
8.5 -0.13180522672242667 0.0006714524336608185
8.533333333333333 0.03971352501989671 0.000624151463878668
8.566666666666666 0.2101054030175381 0.0007058974192667156
8.6 0.3718412525530706 0.000774434431896287
8.633333333333333 0.5209687492583847 0.0008233486855174776
8.666666666666666 0.658396300134474 0.0008484984086960523
8.7 0.7793324128362458 0.0008603439571333027
8.733333333333333 0.8841246622117338 0.0008511129176614896
8.766666666666667 0.9680506948839961 0.0008431575815138759
8.8 1.0310822257250167 0.0008363100101462795
8.833333333333334 1.0677806054970884 0.0008287611410373596
8.866666666666667 1.0837248097180023 0.0008260167405924612
8.9 1.074827279390168 0.0008276054879452488
8.933333333333334 1.0386777546228891 0.0008357546456445597
8.966666666666667 0.9829070415301422 0.0008455802863297501
9.0 0.900641021493676 0.0008544691722142117
9.033333333333333 0.7932983091766325 0.0008575127323799947
9.066666666666666 0.6667801020828816 0.0008529989363819102
9.1 0.5144751080495878 0.0008245287280405078
9.133333333333333 0.3557670156394785 0.0007753000252812559
9.166666666666666 0.18397174090754756 0.0006989495647270749
9.2 0.017350165737423224 0.0006078273934033221
9.233333333333333 -0.1488834276272049 0.0006759352627442317
9.266666666666667 -0.3135315502266442 0.0007519426858502154
9.3 -0.46566423492607106 0.0007989049949186922
9.333333333333334 -0.6093118724567638 0.0008276161736756604
9.366666666666667 -0.7369987711957278 0.000842870720853095
9.4 -0.8473738374991657 0.0008401316472835818
9.433333333333334 -0.943459663352916 0.0008309680413711718
9.466666666666667 -1.0142494064637395 0.0008173809658560405
9.5 -1.0645090060662816 0.0008066491258427178
9.533333333333333 -1.0896932112389892 0.0008029682356405221
9.566666666666666 -1.0913867746405153 0.0008009700955595722
9.6 -1.06911942405557 0.000805224300315821
9.633333333333333 -1.0225700131562447 0.0008161489478193396
9.666666666666666 -0.9498539032885291 0.0008288472533560798
9.7 -0.8535819801064841 0.0008380808201163825
9.733333333333333 -0.7332269460281561 0.000840692963324563
9.766666666666667 -0.5969527037952004 0.0008295695560062155
9.8 -0.4403495738735697 0.0007962008725737046
9.833333333333334 -0.28047178940679957 0.0007404415681739329
9.866666666666667 -0.11248984280514775 0.0006639209572960603
9.9 0.056103845827383265 0.0006324373581454157
9.933333333333334 0.2218607946546047 0.000718456771720194
9.966666666666667 0.37816534907443833 0.0007819501511015514
10.0 0.5278072220512497 0.0008272438491911949
10.033333333333333 0.6577366351546177 0.0008508926649275494
10.066666666666666 0.775925410342061 0.0008557238055926231
10.1 0.8759703302425123 0.0008585510979040034
10.133333333333333 0.9582022636995706 0.0008484766574751168
10.166666666666666 1.0148666385472889 0.0008387025524068115
10.2 1.0490923967992165 0.0008321380408944368
10.233333333333333 1.059675873459879 0.0008313965113471156
10.266666666666667 1.047096369085614 0.000833847197634574
10.3 1.012754737947269 0.0008416666088839619
10.333333333333334 0.9503328033233652 0.0008497221026825263
10.366666666666667 0.8653214310832922 0.0008575812206524924
10.4 0.7568465689163613 0.0008616744763376705
10.433333333333334 0.6292977338472147 0.0008464698886360145
10.466666666666667 0.4792719110496164 0.0008169806470174623
10.5 0.3234169804715392 0.0007654040540750473
10.533333333333333 0.15855990502850137 0.0006875528617830418
10.566666666666666 -0.007902841096883545 0.0006050447087999778
10.6 -0.17270507445361125 0.0006931972112986517
10.633333333333333 -0.3317432407785248 0.0007571185787473289
10.666666666666666 -0.48315642238102097 0.000805225412917332
10.7 -0.6200269471842303 0.0008331243945619571
10.733333333333333 -0.7451682753755139 0.000841827455832056
10.766666666666667 -0.8494717716855946 0.0008391005256954687
10.8 -0.939069816142859 0.000830778350580097
10.833333333333334 -1.0060945737829916 0.0008193201878679002
10.866666666666667 -1.046871380675055 0.0008121138228041058
10.9 -1.0679363466544405 0.0008079243120100443
10.933333333333334 -1.064807474411285 0.0008093157171769061
10.966666666666667 -1.0374696438485393 0.0008157700304662896
11.0 -0.9854733359539007 0.0008259656877860344
11.033333333333333 -0.9101038301215385 0.0008364043280637556
11.066666666666666 -0.8087247879603916 0.0008424750790523294
11.1 -0.6880554458374445 0.0008395373236057546
11.133333333333333 -0.546948306032808 0.0008230960945020405
11.166666666666666 -0.39808545844354404 0.0007831827803966851
11.2 -0.23455798726603794 0.0007164356511166203
11.233333333333333 -0.06966230946035411 0.0006407876748501518
11.266666666666667 0.0924074686005527 0.0006498987887598173
11.3 0.25292943204512 0.0007318886836432115
11.333333333333334 0.4078970723381855 0.000791872911692415
11.366666666666667 0.5511728142071475 0.0008320044486692657
11.4 0.677474784674403 0.0008529616303867282
11.433333333333334 0.7897992337275032 0.0008578298123484984
11.466666666666667 0.8824847489909285 0.0008547005637330463
11.5 0.9570767223150888 0.0008450521204986794
11.533333333333333 1.0055436606163943 0.0008394979315855533
11.566666666666666 1.0326958826529147 0.0008340639351154255
11.6 1.0372641180071815 0.0008332591963902125
11.633333333333333 1.0187945615749092 0.0008391980515345399
11.666666666666666 0.978067180394828 0.0008476279234055362
11.7 0.908603770860643 0.0008542479711692863
11.733333333333333 0.8172158528518061 0.0008601111407996465
11.766666666666667 0.7052613599171319 0.0008558670565158577
11.8 0.5711027666796585 0.0008358793118028451
11.833333333333334 0.4236046132206911 0.0007996769998506181
11.866666666666667 0.26874565942987694 0.000741750358082216
11.9 0.10494192628213289 0.0006590290643570529
11.933333333333334 -0.05702963522425991 0.0006331699765021875
11.966666666666667 -0.21831478924589712 0.0007138378485942176
12.0 -0.3719406027029733 0.0007722986485326766
12.033333333333333 -0.518219435184175 0.0008153942841279127
12.066666666666666 -0.6467005506179156 0.0008333414852635945
12.1 -0.76416242469512 0.0008396716092012868
12.133333333333333 -0.866640361340713 0.0008351954575579468
12.166666666666666 -0.9444222206681914 0.0008256791368034255
12.2 -1.0013179167678374 0.0008180842488529905
12.233333333333333 -1.037351991365962 0.0008114915741741502
12.266666666666667 -1.0493853775944049 0.0008088287079859313
12.3 -1.0384941253005258 0.0008123631849132895
12.333333333333334 -1.0037390224797518 0.0008200572340517631
12.366666666666667 -0.9443999188779861 0.0008308178093784369
12.4 -0.8605510387185142 0.0008392112217485703
12.433333333333334 -0.753645742272122 0.0008427471813718945
12.466666666666667 -0.6287226498071122 0.000834006263020437
12.5 -0.4876945072003787 0.0008080518423062566
12.533333333333333 -0.33341842257862436 0.0007613660281775014
12.566666666666666 -0.17419037742551088 0.0006933695460587808
12.6 -0.012496845655373364 0.0006072117209456121
12.633333333333333 0.14700378510879564 0.0006817157828814813
12.666666666666666 0.30316027314320926 0.0007542250962073171
12.7 0.4495382481904396 0.0008022118023165992
12.733333333333333 0.5876598755639916 0.0008385181111210116
12.766666666666667 0.7064879721303546 0.0008524169521270109
12.8 0.8126698308709043 0.0008573242444116502
12.833333333333334 0.8950193482163992 0.0008524522671083945
12.866666666666667 0.9589979178595232 0.0008435381941547249
12.9 0.9974876417379445 0.0008408221978699615
12.933333333333334 1.0172778026184 0.000837682920720173
12.966666666666667 1.0135013165126994 0.0008388511832284617
13.0 0.984720954565851 0.0008436065218985211
13.033333333333333 0.9334843558848139 0.0008512487491035836
13.066666666666666 0.8575514052286298 0.0008586900232924188
13.1 0.7583989152306405 0.0008597807268705404
13.133333333333333 0.6405996650379046 0.0008516349411440416
13.166666666666666 0.5028981652444063 0.0008243466264507004
13.2 0.3541250378536536 0.0007751289887765744
13.233333333333333 0.19651074632097204 0.0007096194735742856
13.266666666666667 0.038414638160438816 0.0006199697182757147
13.3 -0.12121375124095443 0.000667359041021845
13.333333333333334 -0.27785619897702557 0.000739222485014901
13.366666666666667 -0.42581694563062866 0.0007917285148361652
13.4 -0.5614154731422906 0.0008258953940530889
13.433333333333334 -0.6872950473298588 0.0008372529446888377
13.466666666666667 -0.7939109784918488 0.0008409696616229478
13.5 -0.8842563820574817 0.0008376122211075643
13.533333333333333 -0.9538629113572025 0.0008289829124263903
13.566666666666666 -0.9995362305099533 0.000820673431151886
13.6 -1.0239691781753502 0.0008169232946750871
13.633333333333333 -1.025734956873837 0.0008170203185209335
13.666666666666666 -1.005988450459763 0.0008206343215841905
13.7 -0.9599939552390833 0.0008272821355286286
13.733333333333333 -0.8899254588245182 0.0008367102224915435
13.766666666666667 -0.7954707345537941 0.00084253897592379
13.8 -0.6828880955981139 0.0008385768638649038
13.833333333333334 -0.5533115820729575 0.0008225796495155979
13.866666666666667 -0.40660775328223664 0.0007868202401528634
13.9 -0.2544735986345412 0.0007297431406322885
13.933333333333334 -0.0962606254768783 0.0006521459904587357
13.966666666666667 0.060734467074096944 0.0006354329306726067
14.0 0.21780675287197174 0.0007175710532977553
14.033333333333333 0.36835105305110794 0.0007812865754208698
14.066666666666666 0.5088376358655292 0.0008238867643736159
14.1 0.6356122836653315 0.0008515658051626573
14.133333333333333 0.7444066322899981 0.0008582548331738105
14.166666666666666 0.8372650794133599 0.0008579888464016472
14.2 0.9078286611707994 0.00085515473299691
14.233333333333333 0.9585550066326568 0.000847958760759937
14.266666666666667 0.9895306690434297 0.0008445835349686348
14.3 0.9969660635597465 0.0008435310352491454
14.333333333333334 0.981057973758113 0.0008461602980769367
14.366666666666667 0.9420453134883896 0.0008525283941529516
14.4 0.8780816866286542 0.0008582580898049974
14.433333333333334 0.7884297779974105 0.0008600127022647674
14.466666666666667 0.6839106217915369 0.0008547816585675605
14.5 0.5569259050479894 0.0008353696608325301
14.533333333333333 0.4185678011871474 0.0007990676400627117
14.566666666666666 0.26591404837950866 0.0007408599175655617
14.6 0.11019148467500163 0.000663134580478536
14.633333333333333 -0.04770523237100821 0.000628345412183387
14.666666666666666 -0.20349123583427106 0.0007087308380107626
14.7 -0.3515394829397112 0.0007615185470505881
14.733333333333333 -0.4920551263746845 0.0008077967691192955
14.766666666666667 -0.6218532106496867 0.0008312859854596732
14.8 -0.7362896031299104 0.000839069854945973
14.833333333333334 -0.8322414477609285 0.0008405521424644791
14.866666666666667 -0.9091162100867672 0.0008342565872332397
14.9 -0.9632689195350087 0.0008268211210854526
14.933333333333334 -0.99675314066118 0.0008220909711007529
14.966666666666667 -1.0082472873401658 0.0008201757114765229
15.0 -0.996784541447632 0.0008230109704532307
15.033333333333333 -0.9616117742453656 0.0008292374607391517
15.066666666666666 -0.9043721580108899 0.0008370122189854667
15.1 -0.8213694904485102 0.0008435986402577367
15.133333333333333 -0.7169821970292287 0.0008438200658359429
15.166666666666666 -0.5943856398446793 0.0008309693005174035
15.2 -0.4578705303360672 0.0008010186368540007
15.233333333333333 -0.31179969040493605 0.0007539675997224049
15.266666666666667 -0.1594774634507848 0.0006876182749259163
15.3 -0.0029705709791339224 0.0006032041445848133
15.333333333333334 0.15208401609371677 0.0006839068330048437
15.366666666666667 0.3027116958452323 0.0007542895973858266
15.4 0.44538868417257693 0.00080387308565677
15.433333333333334 0.5765772427193833 0.0008362807239923331
15.466666666666667 0.695356387957307 0.0008525224180552238
15.5 0.7908329648425699 0.0008544853306163835
15.533333333333333 0.8682375154175281 0.0008543839298120748
15.566666666666666 0.9264036971456339 0.0008490081872080113
15.6 0.9638590535718198 0.0008445030903394546
15.633333333333333 0.9785949833292517 0.000843699755445626
15.666666666666666 0.9712624918311451 0.0008458871466350271
15.7 0.9402679815048647 0.000851198826345434
15.733333333333333 0.887465445603675 0.0008576777497268928
15.766666666666667 0.8099649904075692 0.0008599674999810736
15.8 0.7084601567901145 0.0008594754431139329
15.833333333333334 0.593524526113445 0.0008436552954278476
15.866666666666667 0.4616971851725308 0.000811387994564372
15.9 0.3142789532281721 0.0007621196284324783
15.933333333333334 0.16375529400671276 0.0006910103970785009
15.966666666666667 0.007003731050396931 0.0006058991678459837
16.0 -0.14504943162647074 0.0006789120061707898
16.033333333333335 -0.2959043099628816 0.0007460121407474318
16.066666666666666 -0.4353422425061808 0.0007927845804567291
16.1 -0.5696366448183483 0.0008233457386290777
16.133333333333333 -0.6853863570363214 0.0008353421747094858
16.166666666666668 -0.7860362483330778 0.000838647277661364
16.2 -0.8680258065127562 0.0008346951759299337
16.233333333333334 -0.9293044264345108 0.0008299174965455958
16.266666666666666 -0.9698738507439157 0.0008262447858096156
16.3 -0.9875254863267787 0.0008225127978925828
16.333333333333332 -0.9836332712583217 0.0008241877569449274
16.366666666666667 -0.9566737291663732 0.0008282099838439194
16.4 -0.9064011168710724 0.0008358049354624253
16.433333333333334 -0.8321236284042643 0.0008416998279939802
16.466666666666665 -0.7352918954014367 0.0008428446596990824
16.5 -0.6210008889972857 0.000834636317664228
16.533333333333335 -0.49170659755558094 0.0008123554457555859
16.566666666666666 -0.34950979272915383 0.0007699878927951431
16.6 -0.19842647844790026 0.0007059045309368295
16.633333333333333 -0.044645620359793574 0.0006291570603079444
16.666666666666668 0.10641199094986334 0.0006611514215311004
16.7 0.2545403858869801 0.0007356568315582401
16.733333333333334 0.39766741523736415 0.0007919688194408803
16.766666666666666 0.5274509723720946 0.0008269842436934294
16.8 0.6457733117356853 0.0008466151781147957
16.833333333333332 0.7479237020128324 0.0008556448144221296
16.866666666666667 0.833137443242303 0.0008565676296741209
16.9 0.8961024261184004 0.0008523745044249909
16.933333333333334 0.9386948169299957 0.0008480575319490535
16.966666666666665 0.9582585098657835 0.0008474271077162365
17.0 0.9568331788268806 0.0008517760190822621
17.033333333333335 0.9337436644506097 0.0008520674110402693
17.066666666666666 0.8859846378205927 0.0008563573356665799
17.1 0.814898328632622 0.00085989276777243
17.133333333333333 0.7230750347235003 0.000856964988593667
17.166666666666668 0.6127132298454273 0.0008450450213681737
17.2 0.4857882965014193 0.0008202663787579834
17.233333333333334 0.34655893640519003 0.0007744253067927809
17.266666666666666 0.19588123490140577 0.0007089026577664914
17.3 0.04735490529168141 0.0006319849900720195
17.333333333333332 -0.10593610655580635 0.0006611926614608077
17.366666666666667 -0.2546452082771705 0.0007313259365797631
17.4 -0.3944035458262956 0.0007822488796815907
17.433333333333334 -0.5274676897233175 0.0008175139007768895
17.466666666666665 -0.646580994538852 0.000834937502678712
17.5 -0.7512712280857138 0.0008439533222661666
17.533333333333335 -0.8344956935136786 0.0008400850785720282
17.566666666666666 -0.8994275681514928 0.0008351681348005568
17.6 -0.9445703831404125 0.0008292814557685491
17.633333333333333 -0.9675757293184027 0.0008255551601478173
17.666666666666668 -0.9685923645388428 0.0008252321138818575
17.7 -0.9469888983392226 0.0008285980053123199
17.733333333333334 -0.9032051794731036 0.0008347041304551661
17.766666666666666 -0.8337493448128376 0.0008396457721647765
17.8 -0.7465586684636382 0.0008417223199757018
17.833333333333332 -0.6346996230505525 0.0008338331480480798
17.866666666666667 -0.5128883365848262 0.0008148783380008684
17.9 -0.37289615110511876 0.000774051877211468
17.933333333333334 -0.22913951904686605 0.0007212847181698179
17.966666666666665 -0.07726295732686436 0.0006453289397538031
18.0 0.07154671419855788 0.0006440987232746442
18.033333333333335 0.221981721814683 0.0007221687725512682
18.066666666666666 0.36217405669007025 0.0007773326378403556
18.1 0.4940202804757136 0.000819729444860362
18.133333333333333 0.6111120189678585 0.0008431629265708285
18.166666666666668 0.7161775580021569 0.0008550175608861288
18.2 0.8007398423478012 0.0008597294952985557
18.233333333333334 0.8667097115496153 0.0008565804105625796
18.266666666666666 0.9128380330650405 0.0008513604781726913
18.3 0.937502017515164 0.0008504647985029257
18.333333333333332 0.9405241365280602 0.0008498016673506026
18.366666666666667 0.9217190336324826 0.0008527817156197548
18.4 0.8782696033550718 0.0008570344773826122
18.433333333333334 0.8131687537380737 0.0008594935223862343
18.466666666666665 0.7264961485865356 0.0008561202743226914
18.5 0.6221386136539434 0.0008474523664508959
18.533333333333335 0.5011398516232357 0.0008229171211802111
18.566666666666666 0.3647452433923764 0.0007834718772071758
18.6 0.22016092601246046 0.0007188594401983106
18.633333333333333 0.06820872614070524 0.000640919938681303
18.666666666666668 -0.07970369024492294 0.0006460802891663925
18.7 -0.229344350732312 0.0007192630962851165
18.733333333333334 -0.36746874690201875 0.0007705435475368616
18.766666666666666 -0.5004863023176522 0.0008108416362963
18.8 -0.6189167775047177 0.0008289267990372329
18.833333333333332 -0.7200989349763471 0.0008391957701817665
18.866666666666667 -0.8066326192724115 0.0008418795065230356
18.9 -0.8732305173307721 0.0008359864602179856
18.933333333333334 -0.9216282869950081 0.0008355115671638824
18.966666666666665 -0.9464449926646356 0.0008302965390045713
19.0 -0.9504070574557765 0.0008304772514093894
19.033333333333335 -0.9319788276424725 0.000833484272895979
19.066666666666666 -0.8918769089534195 0.0008393019165865434
19.1 -0.8270836830731658 0.0008427062364210203
19.133333333333333 -0.740921927048994 0.0008416992376020227
19.166666666666668 -0.6374368168125861 0.0008343440339657615
19.2 -0.5179835020427636 0.0008151594895519088
19.233333333333334 -0.3847127060332107 0.0007783779579551564
19.266666666666666 -0.24095538542971073 0.0007251971063508555
19.3 -0.09333610884294696 0.0006534312062893288
19.333333333333332 0.05680102349135665 0.000632347341594855
19.366666666666667 0.2011824164129312 0.0007105056896198336
19.4 0.3435102498638859 0.0007722455048236321
19.433333333333334 0.4735895828402341 0.0008160079890319194
19.466666666666665 0.5898566009180833 0.0008417216487968116
19.5 0.6906600596497525 0.000854162832368055
19.533333333333335 0.7788996338644918 0.0008593979352328196
19.566666666666666 0.8465638522519183 0.0008568044661902974
19.6 0.894005357058299 0.0008564633420193868
19.633333333333333 0.917616794508045 0.0008542022370102709
19.666666666666668 0.9226998483650892 0.0008544222163834325
19.7 0.9052804954245528 0.0008552837316372353
19.733333333333334 0.8653851211998973 0.0008603825437596413
19.766666666666666 0.8047439953860401 0.0008607281823824753
19.8 0.7194128993120071 0.0008586708913972396
19.833333333333332 0.6178504030270431 0.0008470014879812249
19.866666666666667 0.5009750149841701 0.0008249475571784348
19.9 0.36858243474489244 0.0007819688958564663
19.933333333333334 0.22408525656430286 0.0007217773430440722
19.966666666666665 0.07939919130185352 0.0006474134796992104
20.0 -0.07058777998628409 0.0006423982347393137
20.033333333333335 -0.21450494746024495 0.0007136334437788106
20.066666666666666 -0.3522543949584075 0.0007679885064426073
20.1 -0.48306329124375597 0.0008055278652414621
20.133333333333333 -0.6008524051876003 0.0008282444418582502
20.166666666666668 -0.7022586707517029 0.0008389309459120309
20.2 -0.7885841360982409 0.0008423648370434744
20.233333333333334 -0.8575048476691673 0.0008389300457324333
20.266666666666666 -0.9036996255507463 0.0008348629412132658
20.3 -0.9297047846803771 0.000833496577896442
20.333333333333332 -0.9348444439044042 0.0008328471363762135
20.366666666666667 -0.9182109911660618 0.0008345379754121085
20.4 -0.8785976143882258 0.0008402051809893729
20.433333333333334 -0.8151578241567902 0.0008427766766530009
20.466666666666665 -0.7308556693950987 0.0008440603327969365
20.5 -0.6278384374593077 0.0008354084081549917
20.533333333333335 -0.5096602366486882 0.0008153931833350114
20.566666666666666 -0.38168491699493157 0.000781543447434363
20.6 -0.24118904923495477 0.0007254061116751531
20.633333333333333 -0.09372435744224264 0.0006544823176463793
20.666666666666668 0.050344267784433884 0.0006298815895606838
20.7 0.19364794852175327 0.0007059530395076286
20.733333333333334 0.3334195526917372 0.0007658878277428394
20.766666666666666 0.4626884652790226 0.0008113761616165283
20.8 0.5799419385382935 0.0008370771700282331
20.833333333333332 0.6820570515029709 0.0008491221585799069
20.866666666666667 0.7654379117498114 0.0008567800588313856
20.9 0.8316123010967481 0.0008561013230380388
20.933333333333334 0.8765214027818519 0.0008551029317659387
20.966666666666665 0.9022970706189443 0.0008548268952659477
21.0 0.9067326767274764 0.0008570299020216332
21.033333333333335 0.8888228007873185 0.0008561530602867462
21.066666666666666 0.8493916899225781 0.0008620191691499635
21.1 0.7874791346993294 0.0008640891804149176
21.133333333333333 0.7060083237503788 0.0008610810386503465
21.166666666666668 0.6036458238263007 0.0008467742260717115
21.2 0.48791198686531145 0.0008213980309834668
21.233333333333334 0.35564358173194976 0.0007769592895645605
21.266666666666666 0.21825048354357435 0.0007206672035864614
21.3 0.0711482443816382 0.0006448981398484432
21.333333333333332 -0.06872375067416103 0.0006401924768622003
21.366666666666667 -0.21379259272688067 0.0007138210731961747
21.4 -0.3487605229795673 0.0007678498458369432
21.433333333333334 -0.4783371661955471 0.0008043622627599833
21.466666666666665 -0.5938741325460788 0.0008273385965605895
21.5 -0.6941746457409973 0.000834945619922367
21.533333333333335 -0.7785854955243863 0.0008383287232049952
21.566666666666666 -0.8434120383675209 0.0008379922469824441
21.6 -0.8884391636403961 0.0008347054790228681
21.633333333333333 -0.9142094464911237 0.0008328566867700227
21.666666666666668 -0.9180945468955776 0.0008322404829962382
21.7 -0.9004097889434223 0.0008371674952708519
21.733333333333334 -0.860175417933962 0.0008394875946355906
21.766666666666666 -0.7966738123743452 0.0008425289215017173
21.8 -0.7135619085234371 0.0008421754741262388
21.833333333333332 -0.6113608322315782 0.0008333537992603057
21.866666666666667 -0.49791293743277876 0.0008135250487801282
21.9 -0.36615812375842394 0.0007757829737120581
21.933333333333334 -0.22894332179016397 0.000722771591145227
21.966666666666665 -0.08666258464638342 0.0006536128957481402
22.0 0.057775269641727904 0.0006370865577963597
22.033333333333335 0.19737064260871182 0.0007112629784569724
22.066666666666666 0.33336910767931593 0.0007669618968411673
22.1 0.45996155252557624 0.0008093924154964349
22.133333333333333 0.5755235666387966 0.0008378726857284358
22.166666666666668 0.6713971594969608 0.0008507567862952037
22.2 0.7554213656580174 0.0008578141546601303
22.233333333333334 0.8202834864530345 0.0008573952585885225
22.266666666666666 0.8633235046165498 0.0008558760318455594
22.3 0.8876871426277851 0.000853490268294177
22.333333333333332 0.8905753137235491 0.0008534220657191449
22.366666666666667 0.8710366636461687 0.0008559406432564476
22.4 0.8318685254472038 0.0008572447160366536
22.433333333333334 0.7684405871935428 0.0008577626537866756
22.466666666666665 0.6843497588072374 0.000855360911045433
22.5 0.582663071640319 0.0008405207731360109
22.533333333333335 0.4665781757623628 0.000814063671553733
22.566666666666666 0.3413177333520133 0.0007742389333183497
22.6 0.19970983263428582 0.0007117385281808497
22.633333333333333 0.05661777499771281 0.0006346289815990572
22.666666666666668 -0.08383082581132896 0.0006502740947592622
22.7 -0.22345742779808844 0.0007163649669524041
22.733333333333334 -0.3561774886174986 0.0007693309349555699
22.766666666666666 -0.48053334846742857 0.0008039320052055099
22.8 -0.5917980660167301 0.000825231302196916
22.833333333333332 -0.6890133667259158 0.0008374784123585943
22.866666666666667 -0.7689126205603013 0.000841208268817617
22.9 -0.8336825692768878 0.0008400646252204602
22.933333333333334 -0.8759412238167337 0.0008399582451369403
22.966666666666665 -0.8990069733608728 0.000837369203727123
23.0 -0.9002792745270125 0.0008367865721863321
23.033333333333335 -0.8803246486260062 0.0008380838048789307
23.066666666666666 -0.8381826924723393 0.0008389729313322825
23.1 -0.7748921508106934 0.000843194043370743
23.133333333333333 -0.6905301337739794 0.0008373118705162774
23.166666666666668 -0.5902008191445671 0.000828530691375895
23.2 -0.47126600310148736 0.0008037550747634348
23.233333333333334 -0.3457075577723685 0.0007669439880891304
23.266666666666666 -0.20750424681075946 0.0007098122314112554
23.3 -0.06594442669385707 0.0006401493277569115
23.333333333333332 0.07266110245233677 0.0006453021152333926
23.366666666666667 0.21397889943583598 0.0007186894017075784
23.4 0.34461780857581276 0.0007738308640483083
23.433333333333334 0.46721944140117433 0.0008127613054416671
23.466666666666665 0.5776558651564567 0.000839526007278546
23.5 0.6736555980445167 0.0008531240443468979
23.533333333333335 0.7493433020790032 0.0008581947753097952
23.566666666666666 0.8104372252599553 0.0008617751657412631
23.6 0.8516149187820613 0.0008615503980818895
23.633333333333333 0.8719301256681624 0.0008577439250292418
23.666666666666668 0.8712541498964763 0.0008587452418287178
23.7 0.8498106318490815 0.0008597863902436442
23.733333333333334 0.80648316409315 0.0008598801468421291
23.766666666666666 0.7412076971950172 0.0008574067005960861
23.8 0.6577448828601701 0.0008511730702761566
23.833333333333332 0.5567509521048966 0.0008354057191620745
23.866666666666667 0.43953852803573157 0.0008070689647172169
23.9 0.31003976793420807 0.0007608876013859289
23.933333333333334 0.1735923016114116 0.0006987879763167282
23.966666666666665 0.0321714766787166 0.0006216271314094385
24.0 -0.10693192349919013 0.0006609722121469763
24.033333333333335 -0.24314686969750807 0.0007256668424015789
24.066666666666666 -0.3725108641265223 0.0007740137192259744
24.1 -0.49370052723252417 0.0008088216977929497
24.133333333333333 -0.6048855898713289 0.0008295902159305424
24.166666666666668 -0.6953308522158458 0.0008406305008311632
24.2 -0.7715725915351961 0.0008420336209203905
24.233333333333334 -0.8307992610093403 0.0008412080959246948
24.266666666666666 -0.8672042558472449 0.0008392430733198397
24.3 -0.8848361968785312 0.0008396060189502785
24.333333333333332 -0.8826287196344598 0.0008382343431132533
24.366666666666667 -0.8577476615275256 0.0008407323246774068
24.4 -0.8112768599941801 0.0008425388730423089
24.433333333333334 -0.7456376988681183 0.0008456654931799923
24.466666666666665 -0.6584778462090387 0.0008397803439162965
24.5 -0.5539363669804825 0.0008252335784849629
24.533333333333335 -0.43600375441318756 0.0007990207656907167
24.566666666666666 -0.3089830183860541 0.0007556283024847676
24.6 -0.1745144257640886 0.0006979885470687619
24.633333333333333 -0.034148409615205204 0.00062396212708965
24.666666666666668 0.10382628606859372 0.0006627522941709818
24.7 0.23895292382763927 0.0007295608754198935
24.733333333333334 0.3685520285868003 0.0007785021480148369
24.766666666666666 0.4855461649013221 0.0008152879472587693
24.8 0.5928140010477274 0.0008387614381628605
24.833333333333332 0.6833000853657427 0.0008498110412425985
24.866666666666667 0.7539068992570715 0.0008557309573477001
24.9 0.8103498886189493 0.0008568446683596687
24.933333333333334 0.8455978686170198 0.0008564090451325113
24.966666666666665 0.8595670185817121 0.0008581409537925522
25.0 0.8544233482240596 0.000857176651170577
25.033333333333335 0.8259161415300834 0.0008585907620602962
25.066666666666666 0.7784061701287245 0.0008608496681885569
25.1 0.7078960115598554 0.000858179139479387
25.133333333333333 0.6181173413078601 0.00084641624106363
25.166666666666668 0.5163553007890426 0.0008271942354881601
25.2 0.398811875106586 0.0007931270753399056
25.233333333333334 0.2696132557052334 0.0007453052059300802
25.266666666666666 0.13436099071282606 0.0006792603200385661
25.3 -0.001474210479550969 0.000604247458169001
25.333333333333332 -0.14213064467390107 0.0006790169303442783
25.366666666666667 -0.2730056133649187 0.0007394287952948719
25.4 -0.3972728984894747 0.0007821360458930005
25.433333333333334 -0.5160141525682597 0.0008129450716127806
25.466666666666665 -0.618358171104822 0.0008292382205398185
25.5 -0.7059773752640595 0.0008381026957798854
25.533333333333335 -0.7783059679898361 0.0008379266691665999
25.566666666666666 -0.8298534975552325 0.0008382948054397321
25.6 -0.8623307346895328 0.0008365896764790381
25.633333333333333 -0.873295297568511 0.000836590344629351
25.666666666666668 -0.8647470824242456 0.0008367754259998028
25.7 -0.8342403515529464 0.0008400327497649629
25.733333333333334 -0.7830432156132817 0.0008424063914640456
25.766666666666666 -0.7086632680287126 0.0008391221719582509
25.8 -0.6194273059494566 0.000833614552381845
25.833333333333332 -0.5135417848123733 0.0008160119428121115
25.866666666666667 -0.39311758747548686 0.0007846254970431121
25.9 -0.2650921280670681 0.0007399969974654086
25.933333333333334 -0.13101383417952644 0.0006758882651679565
25.966666666666665 0.004362310926638053 0.0006068407614276093
26.0 0.1412339833112763 0.0006819140628853415
26.033333333333335 0.2704485241903325 0.0007442573901233485
26.066666666666666 0.3962636142276104 0.0007913246192120527
26.1 0.5097995818898889 0.0008229551406566671
26.133333333333333 0.6111184892360652 0.0008428235137543094
26.166666666666668 0.6943975206240135 0.0008541557606240868
26.2 0.7617323889174223 0.0008554161474850774
26.233333333333334 0.8087205708448151 0.0008557769842102436
26.266666666666666 0.8382881505379086 0.0008564542632727434
26.3 0.84735765479996 0.0008559218967493232
26.333333333333332 0.8355446044344017 0.0008566088098453939
26.366666666666667 0.8025407812288852 0.0008568933582651095
26.4 0.7492451925880275 0.0008571571015727475
26.433333333333334 0.6740746822133545 0.0008509727352784546
26.466666666666665 0.5814645357153608 0.0008394344883368987
26.5 0.47044667832405557 0.0008165167211366398
26.533333333333335 0.35243798576054536 0.0007768153136081812
26.566666666666666 0.22270376853681267 0.0007244377887999642
26.6 0.08778375595034704 0.0006548912920938121
26.633333333333333 -0.0465168888849236 0.0006325051345555249
26.666666666666668 -0.18116734014293479 0.0007005606432114175
26.7 -0.30978282911741173 0.0007567960278979657
26.733333333333334 -0.4289029061412865 0.0007942244933516474
26.766666666666666 -0.5402389666458317 0.0008209140289479055
26.8 -0.6368476734095723 0.0008364711633960242
26.833333333333332 -0.7183225689503514 0.0008400449279072353
26.866666666666667 -0.7833643137399364 0.0008434301608165606
26.9 -0.8270877761815244 0.0008423034546595209
26.933333333333334 -0.8528119725965102 0.00084020096028814
26.966666666666665 -0.8580696904805286 0.0008399627236098661
27.0 -0.8427959717348296 0.0008400979821424626
27.033333333333335 -0.8057010435889339 0.0008414591919231329
27.066666666666666 -0.7497287027289475 0.0008416381795797179
27.1 -0.6684497557414827 0.0008373984781401278
27.133333333333333 -0.575169463079916 0.0008243642635709092
27.166666666666668 -0.4639385566738202 0.000802470249811893
27.2 -0.3443175507064218 0.000765993884339955
27.233333333333334 -0.21465199767830226 0.0007139383279875788
27.266666666666666 -0.08241341608685872 0.0006503581267271463
27.3 0.05464774563228962 0.0006353553958663091
27.333333333333332 0.18428234328764614 0.0007043026476706293
27.366666666666667 0.3098659721192848 0.000761922214361832
27.4 0.42835997336218823 0.0008040048979831571
27.433333333333334 0.5357469125992749 0.0008305454623535047
27.466666666666665 0.6309230698891906 0.0008467470806381439
27.5 0.7083623291977299 0.0008548046008628463
27.533333333333335 0.7666388718113718 0.000857243242293082
27.566666666666666 0.8076090971154335 0.0008585562518939049
27.6 0.8290205407856194 0.0008577766737524195
27.633333333333333 0.8300767674857438 0.0008588619496684435
27.666666666666668 0.8106890155997599 0.000858535991436371
27.7 0.7706309630967875 0.00085988960813832
27.733333333333334 0.7104799165345735 0.0008553631670714656
27.766666666666666 0.6312408005346419 0.0008472934788145148
27.8 0.5326992399645244 0.0008296558702582946
27.833333333333332 0.42178093012606865 0.0007986468631768218
27.866666666666667 0.30070869220713914 0.0007571837967063622
27.9 0.17264344305301207 0.0006987777500923331
27.933333333333334 0.033949519530916995 0.0006219197049277328
27.966666666666665 -0.09925601015579354 0.0006595932672093519
28.0 -0.22891673551691225 0.0007216224497136048
28.033333333333335 -0.3529695167021306 0.0007711953697208673
28.066666666666666 -0.4663897153826547 0.000803947588358167
28.1 -0.5709933673844064 0.0008258454431228079
28.133333333333333 -0.6609617412479577 0.0008406487556010811
28.166666666666668 -0.7335397528338093 0.000841318893412768
28.2 -0.7890038370954009 0.0008438382592111937
28.233333333333334 -0.8254102205346979 0.0008424298354677839
28.266666666666666 -0.8425797310080828 0.0008416094831892318
28.3 -0.8390721940654661 0.0008412050270787397
28.333333333333332 -0.8150733011587942 0.0008423622474212911
28.366666666666667 -0.7709131664948294 0.0008433131351137657
28.4 -0.7059588560153893 0.0008404953704606033
28.433333333333334 -0.622424793928293 0.0008335173385533023
28.466666666666665 -0.5229723092307248 0.0008195512541898653
28.5 -0.4100347540841085 0.0007888103843194938
28.533333333333335 -0.28778398457144727 0.000746506828746385
28.566666666666666 -0.15917521947105132 0.0006887854062543053
28.6 -0.024133480941707627 0.0006174750137188378
28.633333333333333 0.10532682830970992 0.0006644056378459079
28.666666666666668 0.2356747234451252 0.000728262431417076
28.7 0.35893694760539513 0.0007806973709750809
28.733333333333334 0.4714365845968964 0.0008157867839242994
28.766666666666666 0.5707115946961018 0.00083700036671297
28.8 0.6539008386604475 0.0008478815569061826
28.833333333333332 0.7242185699078109 0.000854937306723702
28.866666666666667 0.7737892139780698 0.0008579221197404507
28.9 0.8060762653864817 0.0008571477423167106
28.933333333333334 0.8183129011277058 0.0008558516177975539
28.966666666666665 0.8107744426655864 0.0008559366880449559
29.0 0.781737724173454 0.000856436903106994
29.033333333333335 0.7325089493622073 0.0008553955989328843
29.066666666666666 0.6646510087047922 0.0008509272825423242
29.1 0.5795523377908548 0.0008370882736424834
29.133333333333333 0.4771464962276756 0.0008157572242604716
29.166666666666668 0.36176438323743115 0.0007765388013483143
29.2 0.23889059128701434 0.0007329287598458467
29.233333333333334 0.10962670873596339 0.0006651592628699049
29.266666666666666 -0.026084468699066752 0.0006172962807672842
29.3 -0.15454688841607844 0.0006859653484163619
29.333333333333332 -0.2794789707751911 0.0007423037501445573
29.366666666666667 -0.3975318311669537 0.0007838510731131287
29.4 -0.5072277869138951 0.0008133414816537954
29.433333333333334 -0.6055372088647213 0.0008303833179355014
29.466666666666665 -0.684291050325978 0.0008388598644295531
29.5 -0.7495878576492758 0.0008412880784876009
29.533333333333335 -0.795974679869984 0.0008399183452926229
29.566666666666666 -0.824288361531296 0.0008405082103662975
29.6 -0.8317185826621938 0.000840296948438235
29.633333333333333 -0.8202976439348536 0.0008398578718852301
29.666666666666668 -0.7868192326022065 0.0008413935842989106
29.7 -0.7321581931174784 0.0008409007795698864
29.733333333333334 -0.6616289055530412 0.0008370827522892199
29.766666666666666 -0.5711219900896892 0.0008264923154523984
29.8 -0.4644411100380213 0.0008017145717432728
29.833333333333332 -0.34975574107480284 0.0007679905659126463
29.866666666666667 -0.22449846622432648 0.0007191738815723603
29.9 -0.09433907623330363 0.0006563008833699036
29.933333333333334 0.03589501537066011 0.000623656133575505
29.966666666666665 0.16379544236817575 0.0006943206399112334
30.0 0.288072047172084 0.0007519578986615594
30.033333333333335 0.4039346752625221 0.0007938237643153601
30.066666666666666 0.5095020066055229 0.0008253258352780568
30.1 0.6017305524879034 0.0008419059824448238
30.133333333333333 0.680361854440138 0.0008535930166480021
30.166666666666668 0.7390389901460404 0.0008575148275581368
30.2 0.7792515361236233 0.0008593722305495488
30.233333333333334 0.8015142156231538 0.0008587395631666217
30.266666666666666 0.804071490342695 0.0008598755155604376
30.3 0.7874833504941845 0.0008596699969892763
30.333333333333332 0.7510208551375929 0.0008593113554213883
30.366666666666667 0.6947126820174967 0.0008543273228771575
30.4 0.6170001104604456 0.0008460846073207184
30.433333333333334 0.5258053030541611 0.0008288294228167015
30.466666666666665 0.4178078801179755 0.0008000829227048922
30.5 0.29846286587472076 0.0007561500951266398
30.533333333333335 0.17217748183966283 0.0006987101338938317
30.566666666666666 0.04432081877343289 0.0006277870605566963
30.6 -0.08594410006469373 0.0006509351020210774
30.633333333333333 -0.21352902307849897 0.0007128507814755103
30.666666666666668 -0.3347738720976483 0.0007633023931044036
30.7 -0.44667493114893225 0.0007967882933700987
30.733333333333334 -0.5460137177401412 0.0008220789078816626
30.766666666666666 -0.6352586954260655 0.0008338263469492846
30.8 -0.7078984207963845 0.0008402853540490085
30.833333333333332 -0.763852265705015 0.0008420350737504689
30.866666666666667 -0.8008072795251143 0.000842734562951919
30.9 -0.8171126088702835 0.0008410867585133541
30.933333333333334 -0.8150799803325791 0.0008414918640835545
30.966666666666665 -0.792126430491699 0.0008411470154661149
31.0 -0.7498830054489514 0.0008429036374583143
31.033333333333335 -0.6877161477250591 0.0008394019914055306
31.066666666666666 -0.6083521696193818 0.0008300576105678692
31.1 -0.5111165757347352 0.0008143609266936247
31.133333333333333 -0.4006723954613443 0.0007843696602078953
31.166666666666668 -0.28227728171724226 0.0007441431407175791
31.2 -0.15669171763629278 0.0006876705432112273
31.233333333333334 -0.0274572491240189 0.0006202241403404189
31.266666666666666 0.09940181624121341 0.0006596763934547945
31.3 0.2257977566577482 0.0007252007321564558
31.333333333333332 0.3442963261199051 0.000772961129040961
31.366666666666667 0.4536729638188376 0.0008095670682295997
31.4 0.5504442968788279 0.000831851476162937
31.433333333333334 0.6355183979942531 0.0008485026603175516
31.466666666666665 0.7021890301378805 0.0008536992352626838
31.5 0.7513569939476981 0.0008573809599770055
31.533333333333335 0.7811148983720896 0.0008576490071572351
31.566666666666666 0.7935853669560708 0.0008580398595053884
31.6 0.7849765231389262 0.0008566913209721028
31.633333333333333 0.7578980472477521 0.0008568598271244676
31.666666666666668 0.7097379439169191 0.0008537975443314583
31.7 0.6436238518601914 0.0008476802276424777
31.733333333333334 0.5633529717011656 0.0008346248256816402
31.766666666666666 0.46091955039442073 0.0008107972098472804
31.8 0.35060314433790346 0.0007753815483694249
31.833333333333332 0.22893142872169522 0.0007251962587493666
31.866666666666667 0.10168761498247948 0.0006606916063519458
31.9 -0.02623842272114163 0.0006145965330084865
31.933333333333334 -0.15445129185277734 0.0006856830217155385
31.966666666666665 -0.2745288520112873 0.000738789580418675
32.0 -0.3891924211640549 0.0007798443477810002
32.03333333333333 -0.4957201538629128 0.0008083454725672512
32.06666666666667 -0.5881472648123683 0.0008285339752430732
32.1 -0.6685357054541224 0.000836470700284031
32.13333333333333 -0.7307877628591483 0.000842101803048112
32.166666666666664 -0.7745295153857588 0.0008401307761480847
32.2 -0.8016060455429883 0.0008413858860969459
32.233333333333334 -0.8063288470946753 0.0008399990924926604
32.266666666666666 -0.7933475257893504 0.0008404273062513345
32.3 -0.7595288743466542 0.0008407370349420296
32.333333333333336 -0.7073072307626125 0.0008401164473891276
32.36666666666667 -0.6380915637292377 0.0008337784182784747
32.4 -0.548369146710237 0.0008204741437528584
32.43333333333333 -0.4461413872136665 0.0007986012056180325
32.46666666666667 -0.3332771669641455 0.0007647535766527325
32.5 -0.21070892919484904 0.0007136144390947619
32.53333333333333 -0.08357208362353012 0.0006525633723988428
32.56666666666667 0.042960903652316425 0.0006290433711726093
32.6 0.17030470463350877 0.0006978238157174521
32.63333333333333 0.2911812204352002 0.0007535852867706083
32.666666666666664 0.40294882516559055 0.0007942562065193504
32.7 0.5013815086508251 0.0008188374169840751
32.733333333333334 0.5926347444895221 0.0008398575175563305
32.766666666666666 0.6645317775402358 0.0008476889925110864
32.8 0.7220807689602792 0.0008551569227259748
32.833333333333336 0.7597850986969482 0.0008540205101454923
32.86666666666667 0.7790065651903998 0.0008555126145664005
32.9 0.7805333612772974 0.0008564283345989798
32.93333333333333 0.7625689290970619 0.0008563712959942515
32.96666666666667 0.7245656018174713 0.0008547505819865853
33.0 0.6658693645552528 0.0008489680884651296
33.03333333333333 0.5902991045174225 0.0008377276088921137
33.06666666666667 0.4988707991755415 0.0008222385860080506
33.1 0.3940180541735282 0.0007890438681316114
33.13333333333333 0.27734060711823905 0.0007472331143227873
33.166666666666664 0.1538385264434177 0.0006877089494810584
33.2 0.027785566528879056 0.0006184287157037852
33.233333333333334 -0.0994675496949344 0.0006567721612123212
33.266666666666666 -0.2219306372590547 0.0007164909328861713
33.3 -0.33703042422597945 0.0007608461788823906
33.333333333333336 -0.44432878974658474 0.0007931501877253555
33.36666666666667 -0.5437754564161192 0.0008186224908371953
33.4 -0.6263629011302205 0.0008324191581453588
33.43333333333333 -0.6945948092133546 0.000838322338010733
33.46666666666667 -0.7466330663456173 0.0008403202551496847
33.5 -0.7802760823596941 0.0008422012414236457
33.53333333333333 -0.7941588798914394 0.0008419133461737838
33.56666666666667 -0.7883076425027418 0.0008427131566489665
33.6 -0.7642100042510136 0.0008429161995160417
33.63333333333333 -0.7199040606286462 0.0008422612927806439
33.666666666666664 -0.6570779019375823 0.0008363538015442318
33.7 -0.576356700265879 0.0008277280312510849
33.733333333333334 -0.4830788859839068 0.000808386031726005
33.766666666666666 -0.3724911584212226 0.0007771877024921325
33.8 -0.25393429485832303 0.000731115734080301
33.833333333333336 -0.13227005050297005 0.0006748151010798897
33.86666666666667 -0.005903490926302792 0.0006049708940218442
33.9 0.11853673676613578 0.000672170990522275
33.93333333333333 0.23650585616474196 0.0007274993271501884
33.96666666666667 0.3521338661576105 0.0007706240165499811
34.0 0.45415995667319115 0.0008077486541571144
34.03333333333333 0.5469804535937386 0.0008315558242780741
34.06666666666667 0.6233206179581975 0.0008428377244431573
34.1 0.6901456588241682 0.0008512301628562646
34.13333333333333 0.7327588157311347 0.0008548064482545303
34.166666666666664 0.7604174027734645 0.0008570608517594058
34.2 0.7676293517058409 0.000857523023550022
34.233333333333334 0.757181595683766 0.0008585629558068852
34.266666666666666 0.7259718155465333 0.0008573102137636734
34.3 0.6750358640416126 0.0008533383116839932
34.333333333333336 0.6088809407500734 0.0008460494817884578
34.36666666666667 0.5260363392869231 0.0008301277257265482
34.4 0.4271289674839417 0.0008032382689431294
34.43333333333333 0.3150791091783187 0.0007640027195752186
34.46666666666667 0.1958895477755147 0.0007103658411353464
34.5 0.07347160859108043 0.0006460281992921174
34.53333333333333 -0.05175484664516314 0.0006317650180643827
34.56666666666667 -0.17230295402822982 0.0006937427400468543
34.6 -0.29107790911476306 0.0007473189252387713
34.63333333333333 -0.40274204042439665 0.0007849353904090806
34.666666666666664 -0.5015418632564703 0.0008098345921346839
34.7 -0.5893309453131685 0.0008286879716575823
34.733333333333334 -0.6611285671042116 0.0008365008058623946
34.766666666666666 -0.7190697933739616 0.000842004612848446
34.8 -0.7582272980893142 0.0008420919674789751
34.833333333333336 -0.7780503485436525 0.0008430690221048476
34.86666666666667 -0.7798439729836761 0.0008434217303128211
34.9 -0.7614296226283085 0.0008427522836803591
34.93333333333333 -0.7260259097330819 0.0008418974754135222
34.96666666666667 -0.6700948502152752 0.0008360148271698842
35.0 -0.597661420590619 0.0008293130195317078
35.03333333333333 -0.5084046292653861 0.0008126147212575985
35.06666666666667 -0.40572549710384703 0.0007880164794495381
35.1 -0.29192237949333794 0.000747902925856081
35.13333333333333 -0.17511687364917003 0.0006975698840055999
35.166666666666664 -0.048538857215396435 0.0006307918136023508
35.2 0.07347246256142885 0.0006462120927759052
35.233333333333334 0.19682112671180405 0.0007104227972713206
35.266666666666666 0.31197883739472 0.000762358417611575
35.3 0.4155433651225492 0.0007970159880250072
35.333333333333336 0.5098289779241832 0.0008225773322331209
35.36666666666667 0.5922881835095753 0.0008418281877662359
35.4 0.659357362744463 0.0008504463808973739
35.43333333333333 0.7098484044158673 0.0008558389161025248
35.46666666666667 0.7422583094205841 0.0008580241215717654
35.5 0.754890709866321 0.0008589842019313121
35.53333333333333 0.7494553799912047 0.0008587791224625718
35.56666666666667 0.725778240956294 0.0008576751826424589
35.6 0.683888121401874 0.0008538434574546505
35.63333333333333 0.6221116076037676 0.0008496240977079461
35.666666666666664 0.5433937878557977 0.000834890411122724
35.7 0.45196134247874126 0.0008103167935577527
35.733333333333334 0.34682822659326995 0.0007753121786712169
35.766666666666666 0.2297030150506356 0.0007259954567082616
35.8 0.1086951001631724 0.0006643688564851452
35.833333333333336 -0.01266823976988822 0.0006101377302708752
35.86666666666667 -0.13391169221494997 0.0006752559931464119
35.9 -0.25178064913865544 0.0007292924440158721
35.93333333333333 -0.36451327869777794 0.0007733896719340771
35.96666666666667 -0.4653630632545374 0.0008030095013180083
36.0 -0.5537954563051064 0.0008221120923241898
36.03333333333333 -0.6296865242538084 0.0008324822598303472
36.06666666666667 -0.6923899339270331 0.0008401842184857511
36.1 -0.7362349255505252 0.0008416504829305005
36.13333333333333 -0.7627041777081195 0.0008421522882102739
36.166666666666664 -0.7689761212097521 0.0008431761207916555
36.2 -0.7566690682840944 0.000843539900633572
36.233333333333334 -0.7247378640820828 0.000842885970238294
36.266666666666666 -0.6746622965228614 0.0008409975901698674
36.3 -0.6071070363103643 0.0008307257857519401
36.333333333333336 -0.5246254099211204 0.000818364344719158
36.36666666666667 -0.4290648573001742 0.000794091587709933
36.4 -0.3177682497228651 0.0007585615144511948
36.43333333333333 -0.20216415600100954 0.0007105037641409462
36.46666666666667 -0.08194450163204013 0.0006485289053757975
36.5 0.04091963121495145 0.000626995981647234
36.53333333333333 0.15893585388809087 0.0006927379641874509
36.56666666666667 0.275188038955282 0.000744767346478048
36.6 0.3837653994308762 0.000786189265270576
36.63333333333333 0.4796164512385975 0.0008160265709601933
36.666666666666664 0.5628851117754071 0.0008338275942922913
36.7 0.6344164858496211 0.0008470138830182217
36.733333333333334 0.6876837574611291 0.0008533876243511651
36.766666666666666 0.724010873408061 0.0008558661758818475
36.8 0.7429868394453082 0.0008544547692455051
36.833333333333336 0.742855061259561 0.0008566353916207303
36.86666666666667 0.7233227184124329 0.0008569895917212023
36.9 0.6842402303723792 0.0008532527170884707
36.93333333333333 0.62663041204729 0.0008491434231719941
36.96666666666667 0.5566542634969225 0.0008359697684725553
37.0 0.46790844527695336 0.0008167819676087595
37.03333333333333 0.3680123846270321 0.0007832695814901092
37.06666666666667 0.25556256533621563 0.0007391015331661421
37.1 0.14069503105213796 0.0006837217893818637
37.13333333333333 0.0175303268084926 0.0006148284610369079
37.166666666666664 -0.1026609165395689 0.0006603938023180544
37.2 -0.21947026385904667 0.0007158560257400914
37.233333333333334 -0.3310638446408995 0.0007624414724189399
37.266666666666666 -0.4349946031170731 0.0007962973538644946
37.3 -0.5274146196805758 0.0008170330919193836
37.333333333333336 -0.6049143838142983 0.0008302693186985621
37.36666666666667 -0.6696648111698263 0.0008368263892163386
37.4 -0.7172717171489841 0.0008411863015391763
37.43333333333333 -0.74751085517996 0.0008421588030095295
37.46666666666667 -0.7590267246617429 0.0008425471613187074
37.5 -0.7510271095958712 0.0008427587664238123
37.53333333333333 -0.7251227972374584 0.0008420541153437711
37.56666666666667 -0.6797182577555344 0.0008395500393085786
37.6 -0.6176913912363922 0.0008333653721779299
37.63333333333333 -0.5373840567936998 0.0008205197399078212
37.666666666666664 -0.443522127930915 0.0007988197396736063
37.7 -0.3415515567880832 0.0007658441655368775
37.733333333333334 -0.23159677486750174 0.0007231210813609945
37.766666666666666 -0.10826306986149561 0.0006641827197728378
37.8 0.011858193391531205 0.0006100350112628918
37.833333333333336 0.12975618988433582 0.0006774961548569325
37.86666666666667 0.24542347326422465 0.0007354712359573246
37.9 0.35311024567246035 0.0007740727304179629
37.93333333333333 0.45321674541298185 0.000806173620296835
37.96666666666667 0.5372681305018324 0.0008277091586903484
38.0 0.6100525788784775 0.0008425616689717863
38.03333333333333 0.6677924752982819 0.0008491758928942383
38.06666666666667 0.7082253074026243 0.0008525549138861388
38.1 0.7292810805837876 0.0008544541421520169
38.13333333333333 0.7330071314275924 0.0008554720609774691
38.166666666666664 0.7191251855347225 0.000853567038967995
38.2 0.6851973126901615 0.0008515027124670338
38.233333333333334 0.6339227191415299 0.0008484083590529767
38.266666666666666 0.565667950917989 0.0008335746604202221
38.3 0.4824188142321896 0.000815624720209629
38.333333333333336 0.38470065215424565 0.0007893806097790113
38.36666666666667 0.2778022517331942 0.0007470632214532924
38.4 0.16293073971015398 0.0006961717856425742
38.43333333333333 0.04304175071691701 0.000628571987893671
38.46666666666667 -0.07840818595972933 0.0006496209685908499
38.5 -0.19508070308620948 0.0007084606525006032
38.53333333333333 -0.30361973683554494 0.0007527366391335555
38.56666666666667 -0.40912021119068454 0.0007901037540755662
38.6 -0.5009308036991587 0.0008131271193885237
38.63333333333333 -0.5814737825034579 0.0008267499466219075
38.666666666666664 -0.6468239692268404 0.0008346198363008428
38.7 -0.6984369478837461 0.000842058963664627
38.733333333333334 -0.7315504801682658 0.0008417386835505303
38.766666666666666 -0.7464159747856528 0.0008429786017459806
38.8 -0.7428386616914303 0.0008428381271700092
38.833333333333336 -0.7199350369602516 0.0008422130844933928
38.86666666666667 -0.6793630200072556 0.0008411570576980498
38.9 -0.6211324624663528 0.0008343791000957612
38.93333333333333 -0.5461232634910708 0.0008216840344750231
38.96666666666667 -0.45763620472311045 0.0008029314000279064
39.0 -0.3566465793622036 0.0007722524656942342
39.03333333333333 -0.2472503637894607 0.0007314947201150779
39.06666666666667 -0.13275571466012215 0.0006765034931466296
39.1 -0.01220450523972468 0.0006129613613284433
39.13333333333333 0.10600566848181191 0.0006638583199918696
39.166666666666664 0.2191543418376544 0.0007200911728016679
39.2 0.32633721794428955 0.0007672528901410125
39.233333333333334 0.42711274187104625 0.0008004074935816785
39.266666666666666 0.5148220177836328 0.0008239910127693095
39.3 0.5889018429133354 0.0008382541002451838
39.333333333333336 0.6480694723344597 0.0008480417928237172
39.36666666666667 0.6901586572930467 0.0008526605960826883
39.4 0.714256872911268 0.0008548407366462119
39.43333333333333 0.7223544920555546 0.0008557526805834659
39.46666666666667 0.7119935527911647 0.0008543115374722854
39.5 0.6821338838520372 0.0008529710220847031
39.53333333333333 0.6354901664035848 0.0008496838789076033
39.56666666666667 0.5695221609664628 0.0008387030808330032
39.6 0.48853818794310344 0.0008186396943219987
39.63333333333333 0.3967714219157707 0.0007920268403033837
39.666666666666664 0.29433491234445247 0.0007537713296898452
39.7 0.179424438241787 0.0007033348666724282
39.733333333333334 0.06531923576076187 0.0006416533337882113
39.766666666666666 -0.05060434808461821 0.0006317914812250525
39.8 -0.17233859725163528 0.0006951491940975218
39.833333333333336 -0.28110182060146266 0.0007433271636646532
39.86666666666667 -0.384487506384347 0.0007803330960839405
39.9 -0.47814093172031197 0.0008065023117104775
39.93333333333333 -0.5596416190938448 0.0008246580961992489
39.96666666666667 -0.6275766898830286 0.0008342849489794135
40.0 -0.6791838711625652 0.0008388842812633301
40.03333333333333 -0.7156252614540862 0.0008420916525174738
40.06666666666667 -0.7337872494883569 0.0008431307569454205
40.1 -0.7332837483278201 0.000842766302446285
40.13333333333333 -0.7136252505492018 0.0008396422896996825
40.166666666666664 -0.6764032957427788 0.0008379167280569977
40.2 -0.6225320084510275 0.000830349130498842
40.233333333333334 -0.5515944447020902 0.0008211276527200218
40.266666666666666 -0.4668471181824057 0.0008018093240398927
40.3 -0.3690237211153425 0.0007732391465218313
40.333333333333336 -0.26415811839263986 0.0007349330581108982
40.36666666666667 -0.14919462021882662 0.000684236349289602
40.4 -0.03139774305063924 0.0006201929543843479
40.43333333333333 0.0829328251206428 0.0006510210223574647
40.46666666666667 0.19783326758069136 0.0007125906176256858
40.5 0.3064731927088466 0.0007603172909636524
40.53333333333333 0.4072371965110329 0.0007956355978601115
40.56666666666667 0.4938572828329954 0.0008197469719099515
40.6 0.56867568633112 0.0008367036880652101
40.63333333333333 0.6293424331730573 0.0008488661644672213
40.666666666666664 0.6736962755704256 0.000853951912826667
40.7 0.702420183943811 0.0008550884260822844
40.733333333333334 0.7131010168706248 0.0008553263760551211
40.766666666666666 0.7047595764798238 0.000854929887414646
40.8 0.6783291003706572 0.0008543273119810957
40.833333333333336 0.6352082774959661 0.0008466973237910569
40.86666666666667 0.5723722692508442 0.00083653340912071
40.9 0.49473274767926795 0.0008230567141526701
40.93333333333333 0.4057982617339587 0.0007931231629301205
40.96666666666667 0.30784196025339033 0.0007586131638550597
41.0 0.19627483018806718 0.0007082442305174352
41.03333333333333 0.08175256072467164 0.0006507293385026036
41.06666666666667 -0.03271004184833944 0.0006215502663753092
41.1 -0.14962316245946336 0.0006839074049316274
41.13333333333333 -0.2606018551569927 0.000734554179013247
41.166666666666664 -0.364103788558102 0.0007712974763038338
41.2 -0.45768184277930213 0.0007999602312190879
41.233333333333334 -0.5393642523258391 0.0008173542689355884
41.266666666666666 -0.6091725675621098 0.0008300275219427222
41.3 -0.6638212397858048 0.0008375354195970797
41.333333333333336 -0.7019752135225101 0.000840110014055484
41.36666666666667 -0.7225736914824077 0.0008409533198229235
41.4 -0.7250158841358947 0.000841873891881173
41.43333333333333 -0.7103217439176924 0.0008416072049745038
41.46666666666667 -0.6753862010892999 0.0008398846182594566
41.5 -0.6247536579745331 0.0008345736223818179
41.53333333333333 -0.5539893890654017 0.0008224354113689492
41.56666666666667 -0.47383539870687325 0.0008035605162204917
41.6 -0.3781983264778403 0.0007790113913840879
41.63333333333333 -0.27420942266008685 0.0007408052436265189
41.666666666666664 -0.16535365540465222 0.0006922266069541161
41.7 -0.04779704758911995 0.0006304048425410172
41.733333333333334 0.0638273159250434 0.00063996698429232
41.766666666666666 0.17867617617176487 0.0007010967351082087
41.8 0.2887283254087882 0.0007491088878235352
41.833333333333336 0.38789103420218723 0.0007847450152720925
41.86666666666667 0.47639364068932993 0.0008143162261353698
41.9 0.5518757049868722 0.0008306715972771217
41.93333333333333 0.6126710501995555 0.0008410555826273702
41.96666666666667 0.6603536684918536 0.0008482615905675006
42.0 0.6883514879642615 0.00085243221072695
