0.0 -0.961191933616104 0.0008311115099562949
0.03333333333333333 -0.974603965718725 0.0008302445013238513
0.06666666666666667 -0.9659562636137368 0.0008330652586023835
0.1 -0.9350027302547911 0.0008381293289034808
0.13333333333333333 -0.879529865567522 0.0008438847625132917
0.16666666666666666 -0.8013754885007002 0.0008461405348205719
0.2 -0.7020705805015334 0.0008472789659716984
0.23333333333333334 -0.5863849544230001 0.0008319755989470989
0.26666666666666666 -0.45617095304854927 0.0008033448514525587
0.3 -0.31295875770520243 0.0007553247473589542
0.3333333333333333 -0.1622231615520683 0.0006908707750779564
0.36666666666666664 -0.010568183963553163 0.0006067434753159514
0.4 0.14114664197388443 0.0006797924525835664
0.43333333333333335 0.28883826758074604 0.0007486394477697611
0.4666666666666667 0.4258191939215128 0.0007990788989713504
0.5 0.554033606436958 0.0008320073915515369
0.5333333333333333 0.6685882925683855 0.0008478694024792732
0.5666666666666667 0.7644773061198528 0.0008540837486126218
0.6 0.8464770117567066 0.000852372168639759
0.6333333333333333 0.9013262651279419 0.0008509921499160189
0.6666666666666666 0.9391244273744964 0.0008476690697563072
0.7 0.9551146836485387 0.0008453697537191829
0.7333333333333333 0.9495805737307399 0.0008472250454348851
0.7666666666666667 0.920676192528927 0.000850719151696766
0.8 0.8706096236625386 0.0008550337078824244
0.8333333333333334 0.7960974767543201 0.0008586099005357672
0.8666666666666667 0.6989363452106246 0.0008567302064210747
0.9 0.5886403611793412 0.0008426135674508561
0.9333333333333333 0.456503645816246 0.0008116449856133134
0.9666666666666667 0.3187026146240761 0.0007655058877192866
1.0 0.17015831381107263 0.0006960965560917631
1.0333333333333334 0.020943882813280197 0.0006135663511392352
1.0666666666666667 -0.13089157648486555 0.0006730597683094197
1.1 -0.273414082668342 0.0007365332103524413
1.1333333333333333 -0.41314164374594836 0.0007871417949246728
1.1666666666666667 -0.5422323681677613 0.0008216617397245329
1.2 -0.6575377476248302 0.0008391732837040866
1.2333333333333334 -0.7557176779019592 0.0008452253822569533
1.2666666666666666 -0.8358941425947751 0.0008437382056227793
1.3 -0.8978195518588626 0.0008386657039839429
1.3333333333333333 -0.9365551124637314 0.0008359163678423043
1.3666666666666667 -0.9552644745277407 0.0008334079025584806
1.4 -0.9520667552583962 0.0008345322183364035
1.4333333333333333 -0.9262721770481268 0.0008381839357430865
1.4666666666666666 -0.8759670667321943 0.0008439455025470721
1.5 -0.8035653561006078 0.0008467688828079911
1.5333333333333334 -0.7111850844725742 0.000846940717405209
1.5666666666666667 -0.5990989226862873 0.0008352130083669751
1.6 -0.4751867225881929 0.0008091704126634847
1.6333333333333333 -0.33510246490454665 0.000763739188796575
1.6666666666666667 -0.1889865223358982 0.0007038645668164811
1.7 -0.0391484246941638 0.000621137445595811
1.7333333333333334 0.10442974931442006 0.0006578761404480576
1.7666666666666666 0.25584847137824623 0.0007321761688278694
1.8 0.39449972205898715 0.0007874370642808048
1.8333333333333333 0.5214811033479151 0.0008239251347923471
1.8666666666666667 0.6373607194503575 0.000843368426355906
1.9 0.7361241443816416 0.0008547672087604319
1.9333333333333333 0.8188043037133262 0.0008534054945320557
1.9666666666666666 0.8764919120442842 0.0008530140378250062
2.0 0.9180245278353996 0.0008476985964718242
2.033333333333333 0.9376154746544415 0.0008473902402202915
2.066666666666667 0.9364571331008305 0.000847761759020571
2.1 0.9113886321181862 0.0008523286949108089
2.1333333333333333 0.8653779353616178 0.0008564525639265241
2.1666666666666665 0.7968771819650127 0.0008584742802595358
2.2 0.7032304080550082 0.000857390921677359
2.2333333333333334 0.5967582587255505 0.0008429804639542571
2.2666666666666666 0.47188024441739584 0.000815617590437856
2.3 0.33580370805026405 0.0007710527129186073
2.3333333333333335 0.1913955940660518 0.0007069615484051051
2.3666666666666667 0.043157197139636914 0.0006259175776839321
2.4 -0.10537811863101867 0.0006600191676135458
2.433333333333333 -0.24904317443082727 0.0007276622631929575
2.466666666666667 -0.38555504450668243 0.0007801906092011479
2.5 -0.5166703237827361 0.0008142765321790257
2.533333333333333 -0.6310578116305281 0.0008347271846764759
2.566666666666667 -0.730141017294473 0.0008445139961300585
2.6 -0.8101795088578251 0.0008430041931289933
2.6333333333333333 -0.8738171272601712 0.0008410034731108906
2.6666666666666665 -0.9161047319102972 0.0008378581150771947
2.7 -0.9384260115818757 0.0008358589915474779
2.7333333333333334 -0.937027096503692 0.0008363978167609254
2.7666666666666666 -0.9146809763486595 0.0008393499015590944
2.8 -0.8698685409957486 0.0008445629434019608
2.8333333333333335 -0.8006006288875683 0.0008477942712461495
2.8666666666666667 -0.7084779640597114 0.0008442499621307276
2.9 -0.6039182407540132 0.0008356302824101824
2.933333333333333 -0.4808474199267844 0.0008097507331032427
2.966666666666667 -0.34725610601008583 0.0007692883268366479
3.0 -0.2026509620424815 0.0007095706664092538
3.033333333333333 -0.055829397226809144 0.0006333608588173431
3.066666666666667 0.0928157981295676 0.0006531638701538084
3.1 0.2358309426599083 0.0007254999405500728
3.1333333333333333 0.37233188906223974 0.0007830466929929503
3.1666666666666665 0.5008895917783074 0.0008170781864230703
3.2 0.6140951551502061 0.0008430643845291907
3.2333333333333334 0.7136496663836055 0.0008537659371443684
3.2666666666666666 0.795181301006803 0.00085508944213053
3.3 0.8569031601540812 0.0008540851916107872
3.3333333333333335 0.9001976095886257 0.0008517660359550483
3.3666666666666667 0.9204944806860353 0.0008500885727723562
3.4 0.9200481659829007 0.0008510565879729093
3.433333333333333 0.8989976295069864 0.0008529233891843013
3.466666666666667 0.8531652689437611 0.0008566991423882842
3.5 0.7873750372111986 0.0008579541049322792
3.533333333333333 0.696980201018773 0.0008548873786698996
3.566666666666667 0.5944458980005898 0.0008428942407169293
3.6 0.47341048201330277 0.0008164500129654306
3.6333333333333333 0.33920868821438677 0.000771088707570089
3.6666666666666665 0.19573440932300132 0.0007078185585710772
3.7 0.052191004208452844 0.0006303864254949207
3.7333333333333334 -0.09257547439305983 0.0006527762635630124
3.7666666666666666 -0.23500076796304809 0.0007243261465181006
3.8 -0.3685108159691013 0.0007762379615754433
3.8333333333333335 -0.4988320753026196 0.0008127473989841261
3.8666666666666667 -0.6122258307552881 0.0008338290988515462
3.9 -0.7108958734824654 0.000840558282200643
3.933333333333333 -0.792771562800321 0.0008455009442700501
3.966666666666667 -0.8564118597130894 0.0008408788165558123
4.0 -0.8992697684125389 0.000838677402327348
4.033333333333333 -0.9208932325255752 0.0008375450900983683
4.066666666666666 -0.9210885581188077 0.0008380910324242707
4.1 -0.8993740648817848 0.0008405861712826868
4.133333333333334 -0.8557672078029419 0.0008444227725001863
4.166666666666667 -0.7894697732729284 0.0008468083988117936
4.2 -0.7028755011062738 0.0008468188204869831
4.233333333333333 -0.5977743319806501 0.0008336444713278324
4.266666666666667 -0.4765190823707275 0.0008086854001277399
4.3 -0.3455102500776145 0.0007711681117874569
4.333333333333333 -0.20356216314972989 0.0007112347893035997
4.366666666666666 -0.06183547336695931 0.0006366876870084817
4.4 0.08254825666891281 0.0006493874893083867
4.433333333333334 0.22603392374077474 0.0007200779733033125
4.466666666666667 0.36194656533755204 0.00077664372778391
4.5 0.48617921116349 0.0008161697940855528
4.533333333333333 0.5997676275507908 0.0008391737171237201
4.566666666666666 0.697830958466221 0.0008522222017227632
4.6 0.7785607863696011 0.0008550422654135525
4.633333333333334 0.8415047941523842 0.000855485720772986
4.666666666666667 0.8828798132436518 0.0008532068734182774
4.7 0.9040221764629912 0.0008513900705924282
4.733333333333333 0.9034827769862888 0.0008519098304168304
4.766666666666667 0.8830795843902097 0.0008551780804791909
4.8 0.8379775077611632 0.0008569387959573849
4.833333333333333 0.7704544027200435 0.0008570960477151113
4.866666666666666 0.6847699817915832 0.0008521555280094351
4.9 0.5829234568314448 0.0008401706097880268
4.933333333333334 0.46474482789143456 0.0008117295005852787
4.966666666666667 0.3332956353834694 0.0007701913362374024
5.0 0.19083304345483615 0.000708244302647848
5.033333333333333 0.05134958064513222 0.0006301521022475595
5.066666666666666 -0.09362600448152622 0.0006555327549214451
5.1 -0.23457214333033222 0.0007236491396521716
5.133333333333334 -0.3679017403991066 0.0007749897393673488
5.166666666666667 -0.4948602148410384 0.0008111891916982028
5.2 -0.6060575778251666 0.000831392436837497
5.233333333333333 -0.7006490352848925 0.0008425415983371876
5.266666666666667 -0.7828212105665112 0.0008429991687496363
5.3 -0.8434424895639573 0.0008425377858779504
5.333333333333333 -0.8850750866364192 0.0008402022536435627
5.366666666666666 -0.9057528099666905 0.0008407411157574929
5.4 -0.9056034167606452 0.0008398519299784857
5.433333333333334 -0.8833058297542505 0.0008424246964932047
5.466666666666667 -0.840002699331492 0.0008456700151170393
5.5 -0.7716336856085295 0.000847598560192675
5.533333333333333 -0.6867284679636598 0.0008436769380779641
5.566666666666666 -0.582448062543033 0.0008321299823573769
5.6 -0.46221455767207814 0.0008053334130095346
5.633333333333334 -0.3339302577223142 0.0007634599816545573
5.666666666666667 -0.19399666515265232 0.0007058181221383519
5.7 -0.05475105852064004 0.0006349146784855597
5.733333333333333 0.09043535679012801 0.0006522566432443089
5.766666666666667 0.22984809466370484 0.0007256183443659081
5.8 0.36124979520042183 0.0007775153895162035
5.833333333333333 0.48422181979133117 0.0008159166520714245
5.866666666666666 0.5952211231789729 0.0008398665216564627
5.9 0.690750985183824 0.0008493972829285434
5.933333333333334 0.7717967019802382 0.0008536922292098348
5.966666666666667 0.8290035157751969 0.0008535405045000388
6.0 0.8693600564926461 0.0008529785487334518
6.033333333333333 0.8888208658388478 0.0008523784422642677
6.066666666666666 0.8870162185413093 0.0008531911128564218
6.1 0.8642557972344305 0.0008554369154724073
6.133333333333334 0.8190125101612049 0.0008564542703389799
6.166666666666667 0.7538080930489268 0.0008590857545885955
6.2 0.6667504822720559 0.0008528926949771254
6.233333333333333 0.5637521036670208 0.0008372693013349863
6.266666666666667 0.44521468685771765 0.0008089694359847965
6.3 0.3162246654902228 0.000763532137823042
6.333333333333333 0.17631142522459206 0.0006974997707720199
6.366666666666666 0.03732909196606447 0.0006245042594149874
6.4 -0.1032708612409707 0.000659626211442374
6.433333333333334 -0.24075945651758604 0.0007242079834614001
6.466666666666667 -0.3713611683923953 0.0007784355740984017
6.5 -0.4955779569624809 0.0008109586139268821
6.533333333333333 -0.6044505525755146 0.0008323065438742283
6.566666666666666 -0.6973874398880041 0.0008403829703035326
6.6 -0.7743413912508447 0.0008435008296897584
6.633333333333334 -0.8334942031333561 0.0008434046046128518
6.666666666666667 -0.8737146665380144 0.0008411279649652714
6.7 -0.8913379739414257 0.0008411297213928304
6.733333333333333 -0.8884117927756942 0.0008416480014634686
6.766666666666667 -0.8638756695304437 0.0008442737954769131
6.8 -0.8181113159413105 0.0008465946688752668
6.833333333333333 -0.7530125941039163 0.0008480539274818844
6.866666666666666 -0.6623314835349222 0.0008425716720812382
6.9 -0.5593885584264562 0.0008265802032771941
6.933333333333334 -0.4408082232508659 0.0008029565179413778
6.966666666666667 -0.31259547486563705 0.000758004297281345
7.0 -0.17363530292935472 0.0006975304622398038
7.033333333333333 -0.03481483980168569 0.0006236089108241291
7.066666666666666 0.10509586889775846 0.0006609940169935435
7.1 0.24268939405302797 0.000730092820173861
7.133333333333334 0.3711362358006794 0.0007807965293045172
7.166666666666667 0.4928506510452231 0.0008179236242337184
7.2 0.5981366507725923 0.0008422395013364392
7.233333333333333 0.6893222388321313 0.0008509255662582094
7.266666666666667 0.7638026917712031 0.0008547278714549078
7.3 0.8221001491575423 0.0008554223145976758
7.333333333333333 0.8569517530042694 0.0008539618399092674
7.366666666666666 0.8726084435496075 0.0008531347039917314
7.4 0.8699120411720683 0.0008546017130703909
7.433333333333334 0.844015382592263 0.0008582480614240939
7.466666666666667 0.798177650327143 0.0008615940877765293
7.5 0.7302237044461957 0.0008581284970240466
7.533333333333333 0.6408569526239584 0.0008509755616895598
7.566666666666666 0.5389953572110453 0.0008325099622398247
7.6 0.4210526043274555 0.0008005559637571658
7.633333333333334 0.29084723677158797 0.0007526411772195152
7.666666666666667 0.15336874442718626 0.0006901675316141331
7.7 0.012843041890637279 0.0006095870408845336
7.733333333333333 -0.12702694380115467 0.0006730590117668411
7.766666666666667 -0.2584290933976096 0.0007336619071935946
7.8 -0.3862768564743306 0.000780933317726773
7.833333333333333 -0.5055723467307943 0.0008131046262951358
7.866666666666666 -0.6081076793024556 0.0008339680736956234
7.9 -0.7003162626774649 0.0008416521599348137
7.933333333333334 -0.7737419120626484 0.000846617109511727
7.966666666666667 -0.8275493980796664 0.000844963595522219
8.0 -0.862722719737828 0.0008428791178896056
8.033333333333333 -0.8768489564061501 0.0008422532989470488
8.066666666666666 -0.8711566725960513 0.0008426113929813628
8.1 -0.8441834480951637 0.0008469391866838816
8.133333333333333 -0.794502550666464 0.0008469593598757763
8.166666666666666 -0.7230456111438557 0.0008459958164382941
8.2 -0.6350899139733712 0.0008387454568402619
8.233333333333333 -0.5308081775781843 0.0008246270948910617
8.266666666666667 -0.41102365288032006 0.0007939673468875807
8.3 -0.2817214852883621 0.0007462274469197117
8.333333333333334 -0.14792901216303825 0.0006838069959846649
8.366666666666667 -0.008555089642591308 0.0006092285656507605
8.4 0.1324999263420801 0.0006779173942706718
8.433333333333334 0.2633350564922762 0.000739946727340679
8.466666666666667 0.38977261573030464 0.0007869584923659856
8.5 0.5043154590703204 0.0008207295527348224
8.533333333333333 0.6092851189668762 0.0008420465977840852
8.566666666666666 0.696525559162636 0.0008515689303602025
8.6 0.7658153717420758 0.0008568354996371097
8.633333333333333 0.81752630395153 0.0008576993064812743
8.666666666666666 0.8496768184978934 0.0008546774844974125
8.7 0.8609931989017647 0.0008549753654770731
8.733333333333333 0.851679017762927 0.0008553996759890214
8.766666666666667 0.8233635914182457 0.000858931769532556
8.8 0.7730444659036765 0.0008587930251093834
8.833333333333334 0.699735592171206 0.0008556344542319794
8.866666666666667 0.6101811205724943 0.0008453412906256341
8.9 0.503294665166602 0.0008228639892541301
8.933333333333334 0.38653611161185714 0.0007904928814860823
8.966666666666667 0.2528484864602848 0.0007366580594434513
9.0 0.12188785225020912 0.0006718994046566312
9.033333333333333 -0.017235406365287368 0.0006138846994641518
9.066666666666666 -0.1513467565549623 0.0006868465565167403
9.1 -0.2834777233251691 0.0007445278990096393
9.133333333333333 -0.408262997213799 0.0007881015269010083
9.166666666666666 -0.5210332315365256 0.0008177038252632496
9.2 -0.6217127233149263 0.0008331885030882225
9.233333333333333 -0.7070103744252141 0.0008435200173646518
9.266666666666667 -0.7740806465547279 0.0008445038566935459
9.3 -0.8248957235821387 0.0008447278131442637
9.333333333333334 -0.8536822490356221 0.0008433970424647219
9.366666666666667 -0.8630893148133386 0.0008438743557603878
9.4 -0.8514147762701946 0.00084503602297481
9.433333333333334 -0.8191868436189031 0.0008474178450467162
9.466666666666667 -0.765696493702818 0.0008485372970270522
9.5 -0.6902726520262145 0.0008448832549529106
9.533333333333333 -0.5983275967388199 0.0008356581696500331
9.566666666666666 -0.4917506174917821 0.0008145302294625956
9.6 -0.3693128666578318 0.0007787439508992744
9.633333333333333 -0.24311196667800616 0.0007292305876986371
9.666666666666666 -0.10908087019680329 0.0006655903192567258
9.7 0.02416807306448871 0.0006166254134059544
9.733333333333333 0.16253429447487516 0.000693072017350943
9.766666666666667 0.290795559538657 0.0007545573998390398
9.8 0.41345736849234643 0.0007933609588772761
9.833333333333334 0.5228422440945234 0.0008248252488687324
9.866666666666667 0.6233624740146946 0.0008423366619842998
9.9 0.7031514074946871 0.0008520632152119179
9.933333333333334 0.7682613091044023 0.0008568162503288512
9.966666666666667 0.8143501026820871 0.0008562676572487771
10.0 0.8386209497093097 0.0008537368905489062
10.033333333333333 0.8453707651769534 0.0008561458289089163
10.066666666666666 0.8316384545325942 0.0008572374636683922
10.1 0.7959734994564566 0.0008583378123563357
10.133333333333333 0.7411240091841933 0.0008579846012136683
10.166666666666666 0.6660730272789782 0.0008537558627204067
10.2 0.5702735638155203 0.0008393309186341957
10.233333333333333 0.4601498078131807 0.0008126125001542972
10.266666666666667 0.34240080064363926 0.0007744531261758558
10.3 0.21417288967057077 0.0007194435432043844
10.333333333333334 0.07822055195238156 0.0006473331637998347
10.366666666666667 -0.05980726553389252 0.0006374965538912813
10.4 -0.18720661546101355 0.0007027661598618118
10.433333333333334 -0.315295012745997 0.0007574473208198929
10.466666666666667 -0.43415531204657554 0.0007950470531176146
10.5 -0.5443348687170753 0.0008219557367082908
10.533333333333333 -0.6384688863128553 0.0008363186536263223
10.566666666666666 -0.7176832302532061 0.0008429718446331114
10.6 -0.7787876704348204 0.0008451975295823422
10.633333333333333 -0.8218079162172721 0.0008444049417051236
10.666666666666666 -0.8454875992060759 0.0008444689751503365
10.7 -0.8474625307402976 0.0008453197156065295
10.733333333333333 -0.829998182518052 0.0008453894183158006
10.766666666666667 -0.7911120733386569 0.0008468920141641023
10.8 -0.7324023614100439 0.0008456578599208564
10.833333333333334 -0.6541741254895415 0.0008402330279404513
10.866666666666667 -0.5561867415938977 0.0008276876946609057
10.9 -0.44737730036894746 0.0008011412965388542
10.933333333333334 -0.32703753359180354 0.000763245483478614
10.966666666666667 -0.19573433436784707 0.0007054008305074633
11.0 -0.06394093705435469 0.0006407381411079188
11.033333333333333 0.07140730884794935 0.0006445545756797455
11.066666666666666 0.20087194343696751 0.0007114096639486422
11.1 0.32871571873117905 0.0007669755721294025
11.133333333333333 0.4466498616277853 0.0008030992410552051
11.166666666666666 0.5488077816644009 0.0008292029998353545
11.2 0.6400423762817414 0.0008436562232496669
11.233333333333333 0.716478962863249 0.0008516649794479969
11.266666666666667 0.7725590520174213 0.0008561892392717763
11.3 0.8126715174204181 0.0008546575872965256
11.333333333333334 0.830024424333288 0.0008556247744011536
11.366666666666667 0.8292087136394555 0.0008560243275843593
11.4 0.808228060924688 0.0008601587902731245
11.433333333333334 0.7662866237810184 0.000857159898251969
11.466666666666667 0.7045049279480559 0.0008538154986322821
11.5 0.6226589305524132 0.0008458559555412082
11.533333333333333 0.5250537999304838 0.0008324854883081656
11.566666666666666 0.4160569417302338 0.0008006203180931926
11.6 0.2908399386929234 0.000754524634095477
11.633333333333333 0.1641144677536901 0.0006948296030157841
11.666666666666666 0.03216834603955071 0.000622139523004675
11.7 -0.10071141566035766 0.0006593214772554062
11.733333333333333 -0.23006677072904963 0.0007208851481806666
11.766666666666667 -0.3523976719473663 0.0007721820720234529
11.8 -0.46774888737954246 0.0008051203212664504
11.833333333333334 -0.5709108051787078 0.0008270287145031308
11.866666666666667 -0.658764056971135 0.000838079338816633
11.9 -0.730338903085899 0.0008430261948934037
11.933333333333334 -0.7829549012901342 0.0008468886129284758
11.966666666666667 -0.8183976863510427 0.0008449475892908787
12.0 -0.8350733967534655 0.000845143009850502
12.033333333333333 -0.8298888095695353 0.0008463795267490415
12.066666666666666 -0.805134353755894 0.0008477476825774488
12.1 -0.75910008563304 0.0008462697630381433
12.133333333333333 -0.6935970746994743 0.0008446896400715609
12.166666666666666 -0.6086385951532242 0.0008361082218383276
12.2 -0.5087179058792063 0.0008179291109060571
12.233333333333333 -0.3958952369926733 0.0007859713386048073
12.266666666666667 -0.27330421758219947 0.0007420933036389465
12.3 -0.14498254154116866 0.0006836525991271991
12.333333333333334 -0.011941221592651203 0.0006091890913984752
12.366666666666667 0.11851617841720313 0.0006683973064787879
12.4 0.24758556870148463 0.0007334051090454319
12.433333333333334 0.3659213084250826 0.0007777486743423268
12.466666666666667 0.47791268007591564 0.0008140704250498842
12.5 0.5772699880481048 0.0008351426595480937
12.533333333333333 0.6608696810776393 0.0008480376506821985
12.566666666666666 0.72798311714667 0.0008524221933223775
12.6 0.7774870629378476 0.0008587440992664508
12.633333333333333 0.8077495430215399 0.000858447482550706
12.666666666666666 0.8183204404011037 0.0008573311921745708
12.7 0.8097902822606133 0.0008565943587698355
12.733333333333333 0.7801849200147091 0.0008589277648302085
12.766666666666667 0.7309128734811442 0.000857350844134408
12.8 0.663107913170033 0.0008523616256069788
12.833333333333334 0.5761998939098357 0.000838182717711633
12.866666666666667 0.4726002921429417 0.0008161893651462138
12.9 0.35927455452881757 0.000780134686709677
12.933333333333334 0.23559699371376008 0.0007284703509613799
12.966666666666667 0.10565169254633107 0.0006647752801923479
13.0 -0.02441226675580263 0.0006158610652158246
13.033333333333333 -0.15559725496201915 0.0006863030594229935
13.066666666666666 -0.27851194055398737 0.000742400685238287
13.1 -0.3960262421830796 0.0007844426663763948
13.133333333333333 -0.5032320075370164 0.0008146943695185316
13.166666666666666 -0.6004123329321784 0.0008307067108668242
13.2 -0.6798481377700132 0.000840942643655862
13.233333333333333 -0.7444370143984292 0.0008446313101403424
13.266666666666667 -0.7890786980439511 0.0008452675641160701
13.3 -0.8151943618105886 0.0008447552682699921
13.333333333333334 -0.8223545936840937 0.000845800835623578
13.366666666666667 -0.8079901016508426 0.0008469961400132675
13.4 -0.775172188461784 0.0008471985468329057
13.433333333333334 -0.7207389429805356 0.0008453187276267204
13.466666666666667 -0.6499454908180545 0.0008417385766635865
13.5 -0.5573381774271755 0.0008259278505119427
13.533333333333333 -0.4534446733288577 0.0008012745186227743
13.566666666666666 -0.3383340316118609 0.000768257102211567
13.6 -0.21556701156130884 0.0007190826243276827
13.633333333333333 -0.08537620113333329 0.0006536276595729973
13.666666666666666 0.043233929222277756 0.0006295111051264901
13.7 0.17241251420267453 0.0006969380140225412
13.733333333333333 0.29545640189181754 0.0007547940396558928
13.766666666666667 0.4118012045690732 0.0007931804138206489
13.8 0.5140547657192612 0.0008226781295180841
13.833333333333334 0.6047574999578242 0.0008403064733978338
13.866666666666667 0.6817210006268538 0.0008510700757254908
13.9 0.7404474311409333 0.0008546033022387434
13.933333333333334 0.7811090257257552 0.0008553681829166493
13.966666666666667 0.8018555989321422 0.0008553926178852533
14.0 0.8044005209975745 0.000857227842148256
14.033333333333333 0.7869126196262386 0.0008577155792963698
14.066666666666666 0.7490047579330495 0.0008578444672681096
14.1 0.6924559653670705 0.0008540215404434504
14.133333333333333 0.6157841109908887 0.0008457319130444896
14.166666666666666 0.5222128059149505 0.0008261601306103206
14.2 0.4158841361489823 0.0007997643095853935
14.233333333333333 0.29740947519137356 0.0007564141087911813
14.266666666666667 0.1704147423691107 0.0006983483202646634
14.3 0.04468396520730201 0.0006282401899961876
14.333333333333334 -0.08303023059008345 0.0006515991829839224
14.366666666666667 -0.20797796542713787 0.000713472582300978
14.4 -0.3307137802062182 0.0007612344737739085
14.433333333333334 -0.44233933202500797 0.0007997146649121323
14.466666666666667 -0.5402543210912578 0.0008220077687803862
14.5 -0.628885305444799 0.0008356039160662965
14.533333333333333 -0.7002039622139108 0.0008442441150817714
14.566666666666666 -0.7560467117818638 0.0008445627172980474
14.6 -0.7916840192271157 0.0008455665330429074
14.633333333333333 -0.8078135443508431 0.0008482387539453518
14.666666666666666 -0.8042246283756774 0.0008466099311020825
14.7 -0.7816436058191972 0.000847780644930074
14.733333333333333 -0.7393743815229211 0.0008464437221979981
14.766666666666667 -0.6760517671246353 0.0008440478713672706
14.8 -0.5988164541059185 0.0008338908886902363
14.833333333333334 -0.5023566816733781 0.0008167360365095577
14.866666666666667 -0.3916966398927085 0.0007860586335781683
14.9 -0.2721076186945181 0.0007418863782654439
14.933333333333334 -0.14885940733783568 0.000687409100043529
14.966666666666667 -0.019389676044101918 0.0006148007242548006
15.0 0.10669891357554716 0.0006650377361090143
15.033333333333333 0.2310510589930441 0.0007283878204454308
15.066666666666666 0.34770769417935554 0.0007730093752983946
15.1 0.4565466802488418 0.000808450147727402
15.133333333333333 0.55245717823709 0.0008301470848051107
15.166666666666666 0.6373637936788095 0.0008430546098904257
15.2 0.7033849215733662 0.0008535563225682274
15.233333333333333 0.7535414659767333 0.0008568079602758738
15.266666666666667 0.7819589114071307 0.0008556034578296456
15.3 0.793125241191735 0.000856492781645124
15.333333333333334 0.7847791132937261 0.0008571327838789999
15.366666666666667 0.7583090323554756 0.0008584296061318053
15.4 0.7101640537624618 0.0008539839070207389
15.433333333333334 0.6424631878372306 0.0008499495224555398
15.466666666666667 0.5600657684247056 0.0008362639171086705
15.5 0.45956998403997545 0.0008143894584825562
15.533333333333333 0.35158714356990867 0.0007777278203427995
15.566666666666666 0.2299268445400733 0.0007256930904261383
15.6 0.10474337191455692 0.0006628375501139677
15.633333333333333 -0.02267249330961769 0.0006164894324990379
15.666666666666666 -0.14705450468595233 0.0006838005597764318
15.7 -0.26804610436367576 0.0007399195023328753
15.733333333333333 -0.3838779711840929 0.0007811201005550328
15.766666666666667 -0.48840516467649797 0.0008109441403964524
15.8 -0.5804658818711447 0.0008293548842961407
15.833333333333334 -0.6591589910634078 0.0008394855371492982
15.866666666666667 -0.7204101870951194 0.000842726859487386
15.9 -0.7652867547636777 0.0008453797984265821
15.933333333333334 -0.7901141301987942 0.000846426799696598
15.966666666666667 -0.7960184454306115 0.0008469025634704197
16.0 -0.7826650181818162 0.0008477486410036761
16.033333333333335 -0.7501806257591807 0.0008471254496615899
16.066666666666666 -0.69555457919372 0.0008451036689406388
16.1 -0.6263513502264378 0.0008373434560134951
16.133333333333333 -0.5399815658307959 0.0008241027790247824
16.166666666666668 -0.436711641140023 0.0007973758313234436
16.2 -0.32375885806764154 0.0007616110411083898
16.233333333333334 -0.2012599324343602 0.000711166799651608
16.266666666666666 -0.07718185265575069 0.0006480465277217407
16.3 0.04889756518433743 0.0006331116791666452
16.333333333333332 0.1735946234890534 0.000699023229990603
16.366666666666667 0.293217211854775 0.0007524613101964617
16.4 0.4043343016130991 0.0007916908528181055
16.433333333333334 0.5053362516085731 0.000819978416422118
16.466666666666665 0.5910170403619419 0.0008382182322231868
16.5 0.6659306495741987 0.0008469644800987997
16.533333333333335 0.7229430407368521 0.0008528776740792665
16.566666666666666 0.7586090563933202 0.0008548863766199011
16.6 0.7786476257636779 0.0008558856402339776
16.633333333333333 0.7784644815487339 0.0008567160180382727
16.666666666666668 0.7597540999995294 0.0008564539505551139
16.7 0.7205536989438636 0.0008554274490586433
16.733333333333334 0.6651698462692095 0.0008495310467451223
16.766666666666666 0.589708499107469 0.0008397559884164574
16.8 0.49962122264165804 0.0008240054648295803
16.833333333333332 0.3948952511295915 0.0007914661012861646
16.866666666666667 0.2764961955106822 0.0007499960195759825
16.9 0.1561208328804766 0.0006898598014458135
16.933333333333334 0.031068462125168762 0.0006225506585520874
16.966666666666665 -0.09422773795567323 0.000655460878038111
17.0 -0.21591442460045418 0.0007172412126728867
17.033333333333335 -0.33161337144808545 0.000762483676611525
17.066666666666666 -0.43698727904163415 0.00079917522211298
17.1 -0.5342175552153672 0.0008204891554189908
17.133333333333333 -0.61699098739523 0.0008355885649117267
17.166666666666668 -0.686097716058349 0.0008427346735804253
17.2 -0.7387531452812209 0.0008443179107525678
17.233333333333334 -0.7702479989132442 0.0008458532737313229
17.266666666666666 -0.783570352673607 0.0008461564587112225
17.3 -0.7776783287185584 0.0008469323206585777
17.333333333333332 -0.7531856619183817 0.0008470867926760883
17.366666666666667 -0.7091145231592982 0.0008462458197454614
17.4 -0.6458126200928224 0.0008409652721307337
17.433333333333334 -0.5660672832181666 0.0008292803422358386
17.466666666666665 -0.4738044747393697 0.0008090087580011063
17.5 -0.36329824945651223 0.0007776396728235713
17.533333333333335 -0.2449240526165913 0.0007302602578891093
17.566666666666666 -0.12915397743910753 0.0006771101309361593
17.6 -0.0006544048169181975 0.0006038252002988442
17.633333333333333 0.12150218739507362 0.0006709299294958976
17.666666666666668 0.24291054405114523 0.0007310160610319305
17.7 0.356071002375943 0.0007743710761973222
17.733333333333334 0.4581432067348801 0.0008057616673834977
17.766666666666666 0.5505815706647073 0.000831333672361878
17.8 0.6264401688126363 0.0008433777371468221
17.833333333333332 0.6905491384812209 0.0008496351916001954
17.866666666666667 0.7354958907494111 0.0008562550868503882
17.9 0.7603620314959577 0.0008550631997767955
17.933333333333334 0.7680014509089088 0.0008568960004500248
17.966666666666665 0.7572079341852135 0.000855517056583377
18.0 0.726035920221536 0.0008579274318371022
18.033333333333335 0.6761666764822446 0.0008524503074779366
18.066666666666666 0.6112229099932538 0.0008444328065613238
18.1 0.5238686619270013 0.0008276679659684483
18.133333333333333 0.42907634605487527 0.0008028578159747779
18.166666666666668 0.3176246951451452 0.0007664977548779706
18.2 0.1977709264376239 0.0007119051982751312
18.233333333333334 0.07789113498582825 0.0006496993739816409
18.266666666666666 -0.04572307100987931 0.0006299870702987584
18.3 -0.16799809719443856 0.0006918894375341211
18.333333333333332 -0.28402026725664814 0.0007439261132403674
18.366666666666667 -0.3930215975941774 0.0007828561894560049
18.4 -0.49444035699042294 0.0008107822260743358
18.433333333333334 -0.5782680405366519 0.0008278096745355512
18.466666666666665 -0.6527115922723326 0.0008377698076074136
18.5 -0.7093258330209288 0.0008426107669216032
18.533333333333335 -0.7485893361569428 0.0008455696613942632
18.566666666666666 -0.7687638878295623 0.0008477682758418759
18.6 -0.7701879478678145 0.0008471737514296196
18.633333333333333 -0.752577060251987 0.0008477625994642857
18.666666666666668 -0.7150725699187322 0.0008460154508029838
18.7 -0.6614615302720898 0.0008424779575879615
18.733333333333334 -0.5883729312229222 0.0008327545049665597
18.766666666666666 -0.5008820925651539 0.0008174911512996985
18.8 -0.39925506685206824 0.0007870586919689893
18.833333333333332 -0.28686971002128603 0.0007474178351871696
18.866666666666667 -0.16714068336996635 0.0006947457906721632
18.9 -0.042057847979270084 0.000627046139791497
18.933333333333334 0.07819463305720993 0.0006478327474889051
18.966666666666665 0.1985907584376031 0.0007110469998569402
19.0 0.31228136313243143 0.0007586200412919575
19.033333333333335 0.41960923827791213 0.0007951836112383703
19.066666666666666 0.5116974607794673 0.0008215068782951862
19.1 0.5940509365167965 0.0008405525502070965
19.133333333333333 0.660549143298491 0.000847893079317763
19.166666666666668 0.7102016982172012 0.0008534414395433565
19.2 0.7428743716222593 0.0008577043353871217
19.233333333333334 0.7551486306068497 0.0008564022981137898
19.266666666666666 0.7506056208453274 0.0008565234456132664
19.3 0.7270506278157246 0.000856669542306121
19.333333333333332 0.6852573975606467 0.0008519618932306683
19.366666666666667 0.6229801591471482 0.0008452867739349168
19.4 0.5469261948446192 0.0008324077319092904
19.433333333333334 0.45572770308233423 0.0008106924989507158
19.466666666666665 0.35195600786386766 0.0007775550919256191
19.5 0.2377536651496208 0.0007286903991982063
19.533333333333335 0.11490581691578951 0.0006682300164438659
19.566666666666666 -0.005824690885843777 0.0006081807045597498
19.6 -0.1261775624033515 0.0006731369330432169
19.633333333333333 -0.24493222854971233 0.0007283709048755971
19.666666666666668 -0.3543446012927216 0.0007716091266381508
19.7 -0.4548339697624438 0.0008012895415263066
19.733333333333334 -0.5446356372505478 0.0008211555794946923
19.766666666666666 -0.6197113659911206 0.0008357272806635008
19.8 -0.6811206302640626 0.0008415571717665937
19.833333333333332 -0.7267386346128359 0.0008444805092794327
19.866666666666667 -0.753032395092978 0.0008463048889733038
19.9 -0.7601868785320145 0.0008467711822313095
19.933333333333334 -0.7484961723792075 0.000847855791013985
19.966666666666665 -0.7181599074117249 0.0008477204962347162
20.0 -0.6692556040755764 0.0008426594177468605
20.033333333333335 -0.6033348893999633 0.0008344415099404978
20.066666666666666 -0.5197755748916122 0.000819033331909802
20.1 -0.42554395862071576 0.0007956496498979226
20.133333333333333 -0.31832706668863026 0.000759491959833547
20.166666666666668 -0.2015068995192408 0.0007113683737759169
20.2 -0.08101561415159096 0.0006514090329066136
20.233333333333334 0.03999348563023326 0.0006270859975350054
20.266666666666666 0.15947383209524282 0.0006930747244283941
20.3 0.27137964404917725 0.0007433724738787895
20.333333333333332 0.38069014452510047 0.000784017739888232
20.366666666666667 0.47798704787640295 0.0008151103755655309
20.4 0.5621131174024888 0.0008320563101180678
20.433333333333334 0.6330979672249549 0.0008447012514393171
20.466666666666665 0.6865261766688966 0.0008504969583255084
20.5 0.7249515675580559 0.0008524471894079122
20.533333333333335 0.7431339203278763 0.0008550352517679993
20.566666666666666 0.7432452542753939 0.0008559368832526948
20.6 0.7257248603056043 0.0008547594245095214
20.633333333333333 0.6893938877847458 0.00085307252106126
20.666666666666668 0.6322108310961838 0.0008455247544628675
20.7 0.5626641563130401 0.0008357117511381684
20.733333333333334 0.477327265897401 0.0008172288033286845
20.766666666666666 0.37551530145223094 0.0007860016237816181
20.8 0.26751075896016524 0.0007455091383022361
20.833333333333332 0.1501499879564227 0.0006886037085276631
20.866666666666667 0.02903758944999723 0.0006211582215304365
20.9 -0.09184594297358734 0.0006538980713103743
20.933333333333334 -0.2073590916866892 0.0007118529953632213
20.966666666666665 -0.3184139108231049 0.0007565664848376841
21.0 -0.4215719354707159 0.0007925770720177416
21.033333333333335 -0.5148826203137047 0.0008160471872459274
21.066666666666666 -0.592787843610188 0.0008295188643401286
21.1 -0.6562047943955415 0.0008396898520580676
21.133333333333333 -0.7051725030597821 0.0008450091232710122
21.166666666666668 -0.7364773283279601 0.0008483756317640978
21.2 -0.7487570805964724 0.0008458241670601385
21.233333333333334 -0.7423826022790149 0.0008469697412890609
21.266666666666666 -0.717632673399657 0.0008464154926685064
21.3 -0.6743461969588818 0.0008426041663340822
21.333333333333332 -0.6124086969890158 0.0008403762641129298
21.366666666666667 -0.5357245155768591 0.0008231273413146223
21.4 -0.44442590841693425 0.0008029138384081369
21.433333333333334 -0.3459757008348112 0.0007710945661302815
21.466666666666665 -0.23014389940341354 0.0007235858313962562
21.5 -0.11145435537288381 0.0006671416148509163
21.533333333333335 0.010115035677239993 0.0006092621028918593
21.566666666666666 0.12764569464457287 0.0006757869443734521
21.6 0.24097170121683192 0.0007281447146861852
21.633333333333333 0.34984522293891107 0.0007728420890066312
21.666666666666668 0.4469736456670589 0.0008042395333387464
21.7 0.5327796663860808 0.0008282305567092196
21.733333333333334 0.6071671227752532 0.0008402846784157925
21.766666666666666 0.6653320810073147 0.0008475023484260102
21.8 0.7055442519559086 0.0008516164676058979
21.833333333333332 0.728131471019683 0.0008527910701844332
21.866666666666667 0.7337062698573267 0.0008557886340396781
21.9 0.7211205056446379 0.0008541644247365143
21.933333333333334 0.6883270588623771 0.0008525945215415165
21.966666666666665 0.637662976562461 0.0008467199123534108
22.0 0.5731905307193169 0.0008383176478939935
22.033333333333335 0.4919515733466008 0.0008206245634267972
22.066666666666666 0.3960709879679825 0.0007938365218596033
22.1 0.28852662953407554 0.0007553610823090029
22.133333333333333 0.1759926556467605 0.0007024018194007609
22.166666666666668 0.05724315943412443 0.0006367243455289578
22.2 -0.06332670910722615 0.000638904952236119
22.233333333333334 -0.17710066855830683 0.0006985810166872664
22.266666666666666 -0.2898595092790124 0.0007472153839891971
22.3 -0.391300876330034 0.0007836017133668327
22.333333333333332 -0.48680419159056804 0.000809188250020354
22.366666666666667 -0.5654128393340834 0.0008254650683853226
22.4 -0.634458532694962 0.0008361700145950168
22.433333333333334 -0.6854420119769412 0.0008431141468306924
22.466666666666665 -0.720442717321489 0.0008443159292147451
22.5 -0.7370659675192666 0.0008452795473717911
22.533333333333335 -0.7347804038365234 0.0008457479857729711
22.566666666666666 -0.7137915207417963 0.0008457912706208992
22.6 -0.6752473649755619 0.0008444341977780212
22.633333333333333 -0.6192080582094293 0.0008365500730540543
22.666666666666668 -0.5471608140226765 0.0008248199048659366
22.7 -0.45836433120506165 0.0008044796490136452
22.733333333333334 -0.36243317327673175 0.000777693696763837
22.766666666666666 -0.2531749079405405 0.0007337956996308903
22.8 -0.1362615160519296 0.000679273894565291
22.833333333333332 -0.017195173016365427 0.0006125363846602797
22.866666666666667 0.09974784007009357 0.0006604625479216669
22.9 0.21621130868180352 0.0007189756836063765
22.933333333333334 0.3210642418626815 0.0007624365781321307
22.966666666666665 0.42298016491585344 0.0007955326854715561
23.0 0.5073088681352961 0.0008200031853156098
23.033333333333335 0.582597985385718 0.0008371354840983614
23.066666666666666 0.6452019878500336 0.0008449966705391665
23.1 0.6881303927767123 0.0008503743706953504
23.133333333333333 0.7141643294454962 0.0008523224236673954
23.166666666666668 0.7226258577083006 0.0008548711307366785
23.2 0.7134771948713522 0.0008562873306940944
23.233333333333334 0.6860921762574961 0.0008532588024400267
23.266666666666666 0.6413031656193231 0.0008475115302916114
23.3 0.5781012825399903 0.0008386619224607372
23.333333333333332 0.5014584662282761 0.0008214639930146372
23.366666666666667 0.4081675649640269 0.0007961056593702165
23.4 0.3060673331317366 0.0007592551121698987
23.433333333333334 0.19469071737151264 0.0007100352013595101
23.466666666666665 0.0836986307507779 0.0006523415116280462
23.5 -0.03584849056051402 0.0006238227494509418
23.533333333333335 -0.15328127809775005 0.0006866495011018103
23.566666666666666 -0.2630065605127025 0.0007372447928933878
23.6 -0.369661950845329 0.0007760118762576429
23.633333333333333 -0.46192990652809895 0.0008046728043930029
23.666666666666668 -0.5459131945153183 0.0008221754744600629
23.7 -0.6142515740123832 0.0008341664936658555
23.733333333333334 -0.6661307197416431 0.0008416589548997377
23.766666666666666 -0.7036960013860124 0.0008433492977092394
23.8 -0.7244258756653078 0.0008455343426628792
23.833333333333332 -0.7254141462420047 0.0008457762810857306
23.866666666666667 -0.7083556021032102 0.0008461405428838997
23.9 -0.6737982985704715 0.0008438734524307545
23.933333333333334 -0.6214115209332997 0.000837397738988388
23.966666666666665 -0.5515030316333402 0.0008263680179885213
24.0 -0.46825905447734917 0.0008097868402019426
24.033333333333335 -0.373570768934287 0.0007793834168315916
24.066666666666666 -0.26806332908119174 0.0007395618029168438
24.1 -0.155253269815968 0.0006886471315929454
24.133333333333333 -0.03713215546114553 0.0006235640285403854
24.166666666666668 0.07579588195886254 0.00064744892918496
24.2 0.19003688654588274 0.0007070274980641167
24.233333333333334 0.29814028455101804 0.0007532563646191481
24.266666666666666 0.3992618815364705 0.0007852214276474756
24.3 0.487181763498428 0.0008141349946028109
24.333333333333332 0.5641012425276944 0.0008319317704517104
24.366666666666667 0.62483955524355 0.0008432777128609681
24.4 0.6730651941305758 0.0008485218519788118
24.433333333333334 0.7010629696151679 0.000851821823374066
24.466666666666665 0.7117803676568749 0.0008529413481321857
24.5 0.7067246518585376 0.0008540946265452876
24.533333333333335 0.6814715733014631 0.0008531489788791147
24.566666666666666 0.6403579973315299 0.0008492730243651048
24.6 0.5817084873487309 0.0008403627510323863
24.633333333333333 0.5064222187388945 0.0008250330598191802
24.666666666666668 0.41866182803674773 0.0007993419705475402
24.7 0.3209512051217515 0.0007650876803082518
24.733333333333334 0.2118391622268156 0.0007189008854429912
24.766666666666666 0.09795609255975685 0.0006625248348086643
24.8 -0.01624153438104561 0.0006131201557621931
24.833333333333332 -0.1314647759762716 0.0006761630296954202
24.866666666666667 -0.24693827384915704 0.0007288406128903024
24.9 -0.3466819782778695 0.0007675597304914739
24.933333333333334 -0.4420261197155297 0.0007973786594118737
24.966666666666665 -0.5238666985788734 0.0008179623001113301
25.0 -0.5965137724756858 0.0008310529593077431
25.033333333333335 -0.6514564867080508 0.0008378812677087843
25.066666666666666 -0.6900084264113331 0.0008431771653595321
25.1 -0.7113211663601675 0.0008441057074245473
25.133333333333333 -0.7166791481019904 0.0008457591600179448
25.166666666666668 -0.7023118880041693 0.0008462521956252855
25.2 -0.6696633677243331 0.0008422383871937722
25.233333333333334 -0.6211352739764059 0.000837541190299107
25.266666666666666 -0.5550067730893078 0.0008263718738743542
25.3 -0.47459781895114017 0.0008082448005038434
25.333333333333332 -0.3805382554665089 0.0007823608221817491
25.366666666666667 -0.2781061737179039 0.000744808579844991
25.4 -0.16887662429321815 0.0006957411910963884
25.433333333333334 -0.057144372152419166 0.0006371382866570754
25.466666666666665 0.05799023715079181 0.0006378535582718253
25.5 0.17232507645757075 0.0006975567357029588
25.533333333333335 0.2797993766463891 0.0007442032542153698
25.566666666666666 0.38056285753530034 0.000787476320668612
25.6 0.47147497524854526 0.0008110702627359689
25.633333333333333 0.5475990437106798 0.000829146607501996
25.666666666666668 0.6086836231466761 0.0008409518299519192
25.7 0.6558349084926832 0.0008484409255153924
25.733333333333334 0.687760163311118 0.0008506507382067818
25.766666666666666 0.7016653719510944 0.0008523914035322155
25.8 0.6976521461031069 0.0008525695528376342
25.833333333333332 0.676141620625578 0.0008548397069257918
25.866666666666667 0.6371904338703396 0.0008467336433185535
25.9 0.5820386720558505 0.0008406270378485958
25.933333333333334 0.5078353993012501 0.0008243705742178031
25.966666666666665 0.4230055933235128 0.0008044268250371189
26.0 0.3252966664057663 0.000768943486309126
26.033333333333335 0.22063087368510836 0.000722486686504209
26.066666666666666 0.11033136570928528 0.0006649166500226622
26.1 -0.0018948771070808937 0.0006054058648868612
26.133333333333333 -0.1141096320752331 0.0006672436648548635
26.166666666666668 -0.22719618463137134 0.0007220941153280036
26.2 -0.3312958962330793 0.0007635369311213003
26.233333333333334 -0.4263586175297957 0.0007933865777013938
26.266666666666666 -0.5082280542919937 0.0008143381768229707
26.3 -0.5795301315522762 0.000827695181756849
26.333333333333332 -0.6354357160432706 0.0008381035790961944
26.366666666666667 -0.6769025863226171 0.0008413677891946358
26.4 -0.7002692758829939 0.0008451414598752427
26.433333333333334 -0.7059311228839229 0.0008449503257385027
26.466666666666665 -0.6936624661303931 0.0008447953887381621
26.5 -0.6645999247100146 0.0008426498870768295
26.533333333333335 -0.6165060061698933 0.00083882475140995
26.566666666666666 -0.5538632810673555 0.0008261216912620606
26.6 -0.47565877939668744 0.00080872353833783
26.633333333333333 -0.3849947568021135 0.0007834228242848962
26.666666666666668 -0.28656810008643546 0.0007471973924071951
26.7 -0.1771020896099477 0.0006986696006628934
26.733333333333334 -0.06555857941424642 0.0006428052577859972
26.766666666666666 0.04638855068039818 0.0006298202900838837
26.8 0.15758207059037002 0.0006913134129983567
26.833333333333332 0.2669351614194432 0.0007421040158310799
26.866666666666667 0.36735480847522295 0.0007830452594352333
26.9 0.4555202800237895 0.0008072291067039439
26.933333333333334 0.5338747075468966 0.0008278656227973524
26.966666666666665 0.596882281145138 0.000837463115934578
27.0 0.6447128103618067 0.0008447557577778708
27.033333333333335 0.675179409143027 0.0008498551314665148
27.066666666666666 0.6912268709752923 0.0008529136070082322
27.1 0.6886110970645477 0.0008525158912555675
27.133333333333333 0.6700310167134648 0.0008514081970502074
27.166666666666668 0.631857156644745 0.0008460296286072477
27.2 0.5784579326922856 0.0008392567255847139
27.233333333333334 0.5079604442954864 0.0008249630088047466
27.266666666666666 0.4244651442584039 0.0008010696737034695
27.3 0.32875118072535114 0.0007715494040667625
27.333333333333332 0.22775025979630156 0.0007251867900568976
27.366666666666667 0.11741338471539241 0.0006705225964131617
27.4 0.005924879304859518 0.0006068271964539355
27.433333333333334 -0.10190299942285429 0.0006607227040175828
27.466666666666665 -0.21584024366525764 0.0007164151863246482
27.5 -0.3175271116568221 0.0007574042083784427
27.533333333333335 -0.41374569851836085 0.0007883325241588302
27.566666666666666 -0.4953022587651276 0.0008118908704307093
27.6 -0.5660170464707439 0.0008265345597560092
27.633333333333333 -0.62203531628599 0.000834799365827088
27.666666666666668 -0.66467097753705 0.0008406403875409474
27.7 -0.6887841394369872 0.000842914449138199
27.733333333333334 -0.6949513300867874 0.000844845919872883
27.766666666666666 -0.6846544236983175 0.0008446581036892775
27.8 -0.6588283508215192 0.0008419002599291403
27.833333333333332 -0.6116616444092587 0.0008369115129770455
27.866666666666667 -0.5508739272256687 0.0008255579125787671
27.9 -0.4756003259995668 0.0008095869558965574
27.933333333333334 -0.3862412660246042 0.000783671999669111
27.966666666666665 -0.2882429949837277 0.0007480427590371153
28.0 -0.18228195204180186 0.0007039257733274518
28.033333333333335 -0.07205256911313461 0.0006480063999197705
28.066666666666666 0.040045266029290094 0.0006286501953562049
28.1 0.14899937520837248 0.0006864677838740174
28.133333333333333 0.25574517776996375 0.0007362674490326571
28.166666666666668 0.35494928208132226 0.0007762938611767245
28.2 0.44365975942099967 0.000802987324984572
28.233333333333334 0.5193980424600035 0.0008227314232834848
28.266666666666666 0.5835031675924083 0.0008356771330532142
28.3 0.6328099276368992 0.0008431860062669827
28.333333333333332 0.66580354587409 0.0008495719026340165
28.366666666666667 0.6815606404139491 0.0008512953970980508
28.4 0.6806269546676087 0.0008516983037610837
28.433333333333334 0.6618587278435334 0.0008505156161617844
28.466666666666665 0.626405315632519 0.0008458113863389904
28.5 0.5746879335674843 0.0008384716950268212
28.533333333333335 0.5044553884083327 0.0008231703297149062
28.566666666666666 0.42284350968959866 0.0008001058758961843
28.6 0.3314600853131317 0.0007687195003688863
28.633333333333333 0.22899285862482707 0.0007247837672613999
28.666666666666668 0.12069675757675245 0.0006728227379756146
28.7 0.013183281783961344 0.0006116745338444907
28.733333333333334 -0.09829979355761849 0.0006582238174011878
28.766666666666666 -0.20431494892446583 0.0007126983927100705
28.8 -0.3091215527202101 0.0007547716125888004
28.833333333333332 -0.40052926272763895 0.0007860085520087212
28.866666666666667 -0.4873506262256897 0.0008093786149189763
28.9 -0.5577463100274914 0.0008252888397707325
28.933333333333334 -0.6134475671506693 0.0008342431720321786
28.966666666666665 -0.6543044855343787 0.0008405294309411504
29.0 -0.6790270100040214 0.0008430663282535944
29.033333333333335 -0.6869821620549295 0.0008436492386107997
29.066666666666666 -0.6778279272230048 0.0008434498416460823
29.1 -0.6517963406418001 0.0008408601755572898
29.133333333333333 -0.6070491853860315 0.0008363669322228873
29.166666666666668 -0.5472882183293808 0.0008256373278813234
29.2 -0.4716348101283847 0.0008083841684007886
29.233333333333334 -0.38480718118762036 0.00078309067074811
29.266666666666666 -0.28702087939795284 0.0007483898606868156
29.3 -0.18431386284587423 0.0007043062800761446
29.333333333333332 -0.07612793300478281 0.0006476238284762459
29.366666666666667 0.035881662871952 0.0006248244354370713
29.4 0.14364045688950977 0.000683662650095701
29.433333333333334 0.24289717983342105 0.0007336066804465857
29.466666666666665 0.34708295489186386 0.00077395388751339
29.5 0.4335724716388145 0.000801025995228466
29.533333333333335 0.511657541335646 0.0008211018402916048
29.566666666666666 0.5752033458894098 0.0008335192242562295
29.6 0.6223440460513231 0.0008435094007550603
29.633333333333333 0.6550547775898696 0.0008477313916399609
29.666666666666668 0.6714552257094043 0.0008497793581971891
29.7 0.67052538445694 0.0008497968197513917
29.733333333333334 0.6527619398796883 0.0008487308583977615
29.766666666666666 0.6183137463743484 0.0008445025716816712
29.8 0.5673612109391033 0.0008372401864890078
29.833333333333332 0.5006926715323154 0.0008226520219075661
29.866666666666667 0.41873958333788647 0.0007990156153492856
29.9 0.32524739553064025 0.0007657990240602652
29.933333333333334 0.2276516282169765 0.0007279282369570539
29.966666666666665 0.12081311985474638 0.0006726933480631359
30.0 0.011186563135518177 0.0006126352917002319
30.033333333333335 -0.09722113766519212 0.0006587595864432777
30.066666666666666 -0.2014629250907257 0.0007096082032448658
30.1 -0.3023040121575679 0.0007520498473242987
30.133333333333333 -0.39393027814267345 0.0007845535872908482
30.166666666666668 -0.4780963655622351 0.0008065118077355549
30.2 -0.5481200506467934 0.0008248275274934658
30.233333333333334 -0.6033118115604449 0.0008323619338497235
30.266666666666666 -0.6449220444647827 0.0008384674657361257
30.3 -0.6687450471822786 0.0008423607338752248
30.333333333333332 -0.677424519817435 0.0008432170822769702
30.366666666666667 -0.6676240337725465 0.0008427215410375943
30.4 -0.641188686778367 0.000840611389256285
30.433333333333334 -0.5978357282182304 0.000833608297921673
30.466666666666665 -0.5411124730427653 0.0008249166707010591
30.5 -0.4649968260857839 0.0008071285644776771
30.533333333333335 -0.3778368567966848 0.0007807723260434551
30.566666666666666 -0.2816122816107732 0.0007466297668441979
30.6 -0.18104948254584696 0.0007024917152165799
30.633333333333333 -0.07097873616930109 0.0006444601248460219
30.666666666666668 0.03650996672081832 0.0006240154826420222
30.7 0.14252939683530785 0.0006816061964116937
30.733333333333334 0.24481349812110192 0.0007324794961612313
30.766666666666666 0.3401569888977376 0.0007721479174677137
30.8 0.42778443140538813 0.0007979225892266184
30.833333333333332 0.5041424162434042 0.0008202084750422722
30.866666666666667 0.5674546792733166 0.0008328671673938359
30.9 0.614873171386371 0.0008415567011909042
30.933333333333334 0.6457919221143671 0.0008467336529512925
30.966666666666665 0.66194348730196 0.0008498247078948529
31.0 0.6612205000085338 0.00085002952919222
31.033333333333335 0.6426644841409682 0.0008479757197401572
31.066666666666666 0.6083200427011656 0.0008445425469942869
31.1 0.558632997638722 0.0008364951766177686
31.133333333333333 0.49056287466007154 0.0008204195218520227
31.166666666666668 0.4103408330193299 0.000796377460341835
31.2 0.32306282284617205 0.0007672620386959261
31.233333333333334 0.22439497154035148 0.0007233267665378573
31.266666666666666 0.11767472335225825 0.0006710728524400716
31.3 0.010639185760852009 0.0006108665249264823
31.333333333333332 -0.0964800173625426 0.0006573077077346307
31.366666666666667 -0.2019934867861175 0.0007099918681212902
31.4 -0.3001442571982389 0.0007525526328887033
31.433333333333334 -0.3899104405923745 0.0007817653631057575
31.466666666666665 -0.47142624037572345 0.000806959309063493
31.5 -0.5423289735029636 0.000822405319397701
31.533333333333335 -0.5961556153341029 0.0008318014338910551
31.566666666666666 -0.636312287697492 0.0008375227027127563
31.6 -0.6609709208985505 0.0008402752162088856
31.633333333333333 -0.6678338180197236 0.0008420067801657716
31.666666666666668 -0.6584442690902597 0.0008420706822651614
31.7 -0.6326971674911627 0.0008396358156929074
31.733333333333334 -0.588712030454865 0.000833150818581041
31.766666666666666 -0.5310229921480911 0.0008218869474655444
31.8 -0.45809707231996116 0.0008040866274142688
31.833333333333332 -0.3720318512317403 0.0007801692415256856
31.866666666666667 -0.2751797130717476 0.0007401722254259391
31.9 -0.17576621320699573 0.0006974924446024877
31.933333333333334 -0.06985676968917369 0.0006440635877282136
31.966666666666665 0.03815588808804084 0.0006263212544774799
32.0 0.14409394140093018 0.0006848919025795319
32.03333333333333 0.24389506711929226 0.0007340000734102348
32.06666666666667 0.33970488037893937 0.0007708551347951897
32.1 0.42617621189283744 0.0007998091275000507
32.13333333333333 0.49698113008833444 0.0008212646108959887
32.166666666666664 0.5601695669920884 0.000832447776625056
32.2 0.6069059518122302 0.0008421493986686679
32.233333333333334 0.6382777053613607 0.0008455678104651865
32.266666666666666 0.6525933539855162 0.0008489700584359827
32.3 0.6516553339381699 0.000848087765452421
32.333333333333336 0.6335363792382268 0.0008468383709873128
32.36666666666667 0.5990156385417377 0.0008408198381660847
32.4 0.5468009628419329 0.0008331753686501298
32.43333333333333 0.4812911000472569 0.0008167987684606359
32.46666666666667 0.40426130185919584 0.0007948265178477909
32.5 0.31493361797787256 0.0007664919279701254
32.53333333333333 0.21466492637533233 0.0007243365425417259
32.56666666666667 0.11035678609390963 0.0006664697159973754
32.6 0.005821044290060335 0.0006078323785920136
32.63333333333333 -0.10048130547572334 0.0006592284388164255
32.666666666666664 -0.20320952808290632 0.0007084549820275954
32.7 -0.3019899093324458 0.0007506106831134396
32.733333333333334 -0.3897998998074637 0.00078290487626681
32.766666666666666 -0.4681902233645601 0.0008042725854824351
32.8 -0.5365380684190362 0.0008199166964526494
32.833333333333336 -0.5905199106582458 0.0008316690900218582
32.86666666666667 -0.6289182713401686 0.0008369604780583684
32.9 -0.652564305833793 0.0008402651743680822
32.93333333333333 -0.6585179277832816 0.0008410285436379894
32.96666666666667 -0.6473544801192269 0.000840603186340716
33.0 -0.6198664758827128 0.0008376279540507348
33.03333333333333 -0.5766025858800323 0.0008328024747867868
33.06666666666667 -0.518453627845947 0.0008183023109896714
33.1 -0.4473286475096559 0.000801744763011647
33.13333333333333 -0.36218641304896493 0.0007782790797095096
33.166666666666664 -0.2667315219849227 0.0007408254491819144
33.2 -0.1665624556133779 0.0006952090932438038
33.233333333333334 -0.061832254426446125 0.0006403188345630029
33.266666666666666 0.04232504998388898 0.0006280974311545715
33.3 0.1487990310052642 0.0006858092741067467
33.333333333333336 0.24617960488893917 0.000732412113438552
33.36666666666667 0.3403146824536468 0.0007691871865220246
33.4 0.4249361479367272 0.0007979511975217957
33.43333333333333 0.49689913133651986 0.0008176543342328646
33.46666666666667 0.5552115667226226 0.0008309955424926629
33.5 0.6011265890350656 0.000839467372728997
33.53333333333333 0.6310516136141061 0.0008466004380639491
33.56666666666667 0.6441570451151809 0.0008514382993353165
33.6 0.6417750228511364 0.0008479725316761222
33.63333333333333 0.6225966798540457 0.0008455849027226847
33.666666666666664 0.5883763642219824 0.0008402424236625405
33.7 0.5358195806255532 0.0008283896651055667
33.733333333333334 0.4714678089212109 0.000815107119096159
33.766666666666666 0.3934958892015434 0.000790142204489086
33.8 0.30157867117858594 0.0007590468311374221
33.833333333333336 0.20615655221840076 0.0007169391606403341
33.86666666666667 0.10188664328733854 0.0006609750259268798
33.9 -0.0023308337250497048 0.0006037670918486683
33.93333333333333 -0.1095226302565651 0.0006646688831921099
33.96666666666667 -0.210220546995462 0.0007134840051045421
34.0 -0.3059534856509787 0.0007530441946195787
34.03333333333333 -0.3916152841390884 0.0007839597687052113
34.06666666666667 -0.4692541391895699 0.00080758179051027
34.1 -0.5339571922280106 0.0008200470607779842
34.13333333333333 -0.5866061135021369 0.0008299070088235716
34.166666666666664 -0.6239938648265528 0.0008369220067018235
34.2 -0.6454728303215999 0.0008398776156665066
34.233333333333334 -0.6507879103791168 0.00084017859566754
34.266666666666666 -0.6384390952165073 0.0008397425488356758
34.3 -0.6103455397324647 0.0008361247486459167
34.333333333333336 -0.5648495449833092 0.0008292562403487969
34.36666666666667 -0.5061413844325907 0.0008168532947883111
34.4 -0.435129062736027 0.000798910479468784
34.43333333333333 -0.35010750127767376 0.0007727909305526026
34.46666666666667 -0.2582066707227498 0.0007366173220662575
34.5 -0.1554135028718513 0.0006880676142428099
34.53333333333333 -0.052318737058965725 0.0006347606651333562
34.56666666666667 0.054282077270449425 0.0006354165608453075
34.6 0.15523498907596303 0.0006887533033064497
34.63333333333333 0.2527004091561229 0.0007349831044966004
34.666666666666664 0.34414438446797524 0.0007719336961876655
34.7 0.42540259804052866 0.0007979107744127134
34.733333333333334 0.4962030300805738 0.0008173187812223759
34.766666666666666 0.5545230196932064 0.0008317488654263627
34.8 0.5959303594213873 0.0008402597947527735
34.833333333333336 0.6247772477528707 0.000844121243567808
34.86666666666667 0.6359567074505671 0.000847335169912089
34.9 0.6319986968123544 0.0008451783581663319
34.93333333333333 0.610410079928199 0.0008431307591061366
34.96666666666667 0.5751769247854128 0.0008381749234998015
35.0 0.5221151294391665 0.0008281706965623803
35.03333333333333 0.45602904005859063 0.0008084395739704209
35.06666666666667 0.37991203234556403 0.0007844152585408937
35.1 0.287893884776984 0.0007529045984609462
35.13333333333333 0.1940825548214854 0.0007100078633418827
35.166666666666664 0.09147941448750377 0.0006568019620100396
35.2 -0.013177837187921633 0.0006109298703361205
35.233333333333334 -0.11639914510890768 0.0006693207033316162
35.266666666666666 -0.21661167073860602 0.0007172721355525324
35.3 -0.30922428992849704 0.000755528687996776
35.333333333333336 -0.3951749970507837 0.0007844962504230946
35.36666666666667 -0.4704642191323091 0.0008039516656050405
35.4 -0.5340912570685379 0.000819546786054226
35.43333333333333 -0.5828890035921812 0.0008299177223235477
35.46666666666667 -0.6180425878264066 0.0008353929209692357
35.5 -0.6375352597199532 0.0008387870283088628
35.53333333333333 -0.6409080474240014 0.0008391850857387695
35.56666666666667 -0.6268099331214088 0.0008379687952592141
35.6 -0.5970834145361077 0.0008338334852223683
35.63333333333333 -0.5520600680093757 0.0008264437255216528
35.666666666666664 -0.4931646962925109 0.0008140779006849952
35.7 -0.42024930518366105 0.0007940662304535828
35.733333333333334 -0.3356028154149045 0.0007654341187832148
35.766666666666666 -0.2418401236721608 0.0007298888838624118
35.8 -0.14542386734812346 0.000685267244843496
35.833333333333336 -0.03748934623044364 0.0006275236243199755
35.86666666666667 0.06407818096859566 0.0006404188303946318
35.9 0.1652815625871433 0.0006939026484390765
35.93333333333333 0.2612581063074866 0.000738448513893708
35.96666666666667 0.3491599650156876 0.0007733897914365406
36.0 0.43004657856969114 0.0007975540664154623
36.03333333333333 0.4961665463642436 0.0008177899375590991
36.06666666666667 0.5499435546001769 0.0008300398876899262
36.1 0.5911556862096491 0.0008380768009524919
36.13333333333333 0.6169353782419112 0.0008412724081228173
36.166666666666664 0.6271925290217832 0.0008463759696624162
36.2 0.6215873622679906 0.0008453532375213291
36.233333333333334 0.5993199632233046 0.0008428404882813156
36.266666666666666 0.5611793057053718 0.0008335574438924631
36.3 0.506267446393143 0.0008245709104010013
36.333333333333336 0.4401751843745688 0.0008051421109063761
36.36666666666667 0.36140956947702874 0.0007803189070838545
36.4 0.27145733720531684 0.0007456210768967964
36.43333333333333 0.17751148266650554 0.0007024753551032048
36.46666666666667 0.0765874271188588 0.0006468757817511828
36.5 -0.025287359774904348 0.0006176328970163118
36.53333333333333 -0.12897006605311942 0.0006740636320043958
36.56666666666667 -0.2269056372264538 0.0007212295641897681
36.6 -0.3203943383816593 0.0007583332224070927
36.63333333333333 -0.40080010418652523 0.0007874505832083378
36.666666666666664 -0.47429567684285723 0.0008076821235269427
36.7 -0.5338078641501737 0.0008212657263373391
36.733333333333334 -0.5821267821386833 0.0008298847607018933
36.766666666666666 -0.6139088075811792 0.0008349052978203764
36.8 -0.6311701186562216 0.0008384300728524474
36.833333333333336 -0.6313802520607666 0.0008381205133249914
36.86666666666667 -0.6156055631644666 0.0008369856301160272
36.9 -0.5841352133160448 0.0008324098714334038
36.93333333333333 -0.5373241251013327 0.0008232266679868427
36.96666666666667 -0.47594495960660455 0.0008095624422946868
37.0 -0.40353980920203303 0.0007888596112158308
37.03333333333333 -0.3168013204853771 0.000760078834537159
37.06666666666667 -0.22688408179571168 0.0007232305799196037
37.1 -0.12567787499823174 0.0006740877498382369
37.13333333333333 -0.02690523474986945 0.0006213637665694119
37.166666666666664 0.07374140150277403 0.0006459734471732786
37.2 0.17512449374858235 0.0006997583492963921
37.233333333333334 0.2715139835437051 0.0007443553459912655
37.266666666666666 0.35659622190746776 0.0007760019894071934
37.3 0.43341453371030764 0.0008019784367949145
37.333333333333336 0.49936993960606313 0.0008164935410955865
37.36666666666667 0.5508366298373825 0.0008306808572201563
37.4 0.5899258723482945 0.0008396468481461916
37.43333333333333 0.6125116389182467 0.0008417211970125349
37.46666666666667 0.6196822697194792 0.0008438434088477997
37.5 0.6116820021314359 0.0008428327891594201
37.53333333333333 0.5877762340741367 0.000840393986240251
37.56666666666667 0.5439693990362618 0.0008324241057700021
37.6 0.49087466299111643 0.00081771482168147
37.63333333333333 0.422169234040508 0.0008018797827503699
37.666666666666664 0.34336711783479307 0.0007742444771399737
37.7 0.25495004380183167 0.0007403308898242256
37.733333333333334 0.15852120526788985 0.0006919804709828725
37.766666666666666 0.06186856358094789 0.0006399489908529565
37.8 -0.04132880243089787 0.0006262576953376189
37.833333333333336 -0.14049925980728123 0.0006806898610195178
37.86666666666667 -0.23860687348877013 0.0007264909128680275
37.9 -0.3291809428843642 0.0007621423636110514
37.93333333333333 -0.408493602721057 0.0007883269325764108
37.96666666666667 -0.47798331715216474 0.0008069203834132344
38.0 -0.5353009918952042 0.0008219474377906266
38.03333333333333 -0.5797858901896566 0.0008291185643500842
38.06666666666667 -0.6088574113854152 0.0008342583107533441
38.1 -0.6232829579700342 0.0008366377506152656
38.13333333333333 -0.6214125044171758 0.0008378646045813509
38.166666666666664 -0.6041052141149844 0.0008349605265056681
38.2 -0.5696614850075998 0.0008296174920481292
38.233333333333334 -0.5210522823700456 0.000820295671100868
38.266666666666666 -0.4586618657614489 0.0008072628108943825
38.3 -0.38442567047137005 0.0007836499646824424
38.333333333333336 -0.29908517612964935 0.0007549685806187423
38.36666666666667 -0.20569032213970756 0.0007131548300357005
38.4 -0.10708785402905029 0.0006623635662488109
38.43333333333333 -0.010168816192929074 0.0006091458557241497
38.46666666666667 0.0919967635011202 0.0006562889665823329
38.5 0.1906793461474651 0.0007060571907214763
38.53333333333333 0.2834330153849147 0.0007477195058795405
38.56666666666667 0.3665431453866937 0.00078030295362852
38.6 0.4420140555373921 0.0008033676245735033
38.63333333333333 0.5017419770312158 0.0008198511456649626
38.666666666666664 0.552752930581358 0.000829754239326741
38.7 0.5869362734337471 0.0008372444748669938
38.733333333333334 0.6063090960356818 0.000841257466343226
38.766666666666666 0.6115419272101104 0.0008424554307671084
38.8 0.6002468021321757 0.0008425156006992562
38.833333333333336 0.5709164134007723 0.0008390147728283281
38.86666666666667 0.5304792153781739 0.0008286909197992021
38.9 0.4737873418047091 0.0008161482732587655
38.93333333333333 0.40328353747084333 0.0007945821996219182
38.96666666666667 0.3231981344639142 0.0007643281442912819
39.0 0.23370941080750085 0.0007282033209909666
39.03333333333333 0.13936361201747743 0.0006765728388824777
39.06666666666667 0.04198241536759041 0.0006282088196955665
39.1 -0.05788153010312687 0.0006379932011856201
39.13333333333333 -0.1573592134253649 0.0006874081184695124
39.166666666666664 -0.2520546212181858 0.0007316375043079915
39.2 -0.3384212054677099 0.0007646399102627099
39.233333333333334 -0.4179318875203019 0.0007911802532258316
39.266666666666666 -0.4847080047636942 0.0008088131865959247
39.3 -0.5388143850212775 0.00082064646753921
39.333333333333336 -0.580031712784776 0.0008291693924046273
39.36666666666667 -0.6055724489538639 0.0008340260189725335
39.4 -0.6163245015946757 0.0008368338376065765
39.43333333333333 -0.6112303788297934 0.0008354638812578807
39.46666666666667 -0.5910171922149006 0.0008331712999453122
39.5 -0.5548555379859677 0.0008271043427188207
39.53333333333333 -0.5032936725751284 0.0008159582018535394
39.56666666666667 -0.4356782952131021 0.0008001713648972397
39.6 -0.36265520182244515 0.0007752536313094249
39.63333333333333 -0.2757221193292432 0.0007432678110136925
39.666666666666664 -0.1834928353705256 0.0007027400439469922
39.7 -0.08950584212625423 0.0006562349604397749
39.733333333333334 0.012309201477380776 0.0006111295162099413
39.766666666666666 0.11244071550330978 0.0006662692101289808
39.8 0.2050375746573017 0.0007133349607796602
39.833333333333336 0.2948054818290554 0.0007521403773458335
39.86666666666667 0.375678793998555 0.0007831555641582
39.9 0.4484363078875625 0.0008060489782926727
39.93333333333333 0.5088299889776255 0.000821017400064683
39.96666666666667 0.5528880284917326 0.0008290159448941514
40.0 0.5844886175397359 0.0008372625882686613
40.03333333333333 0.6012315595353126 0.0008398206644676387
40.06666666666667 0.6020712814579889 0.0008411769942819891
40.1 0.5882940426131296 0.0008383740138755424
40.13333333333333 0.5587697165988728 0.000832691261923646
40.166666666666664 0.5133021532327506 0.0008245384408739342
40.2 0.4543647255313361 0.0008095948588626722
40.233333333333334 0.3842051180531767 0.0007886014956285936
40.266666666666666 0.3008188785781153 0.0007564755365861986
40.3 0.21192730080276417 0.0007178903142677773
40.333333333333336 0.11735791666089092 0.0006711283258885453
40.36666666666667 0.01960034535350165 0.0006148141974150791
40.4 -0.07832278967554543 0.0006477884270707363
40.43333333333333 -0.17551036131185965 0.0006972558053587041
40.46666666666667 -0.26663933408586415 0.0007384505596806923
40.5 -0.3496994701336422 0.0007700313419919391
40.53333333333333 -0.42775498645463467 0.0007941993884291731
40.56666666666667 -0.4907182221410976 0.0008118651013561684
40.6 -0.5414775170755308 0.0008228798086569178
40.63333333333333 -0.5787261880898156 0.0008299012945478523
40.666666666666664 -0.6017370694578428 0.0008333501348425365
40.7 -0.608980413653794 0.0008351243901476568
40.733333333333334 -0.6005542442849381 0.0008340610203210197
40.766666666666666 -0.5767041174171101 0.0008311129286956431
40.8 -0.5366690557724453 0.0008233444425969072
40.833333333333336 -0.48518818432823047 0.0008113216477858565
40.86666666666667 -0.41640317699174867 0.0007954361449477587
40.9 -0.33964959732799904 0.0007677298413609757
40.93333333333333 -0.25395713469997766 0.0007339672487024496
40.96666666666667 -0.16023904901746291 0.0006914351781212302
41.0 -0.06488916089095176 0.0006420464419537725
41.03333333333333 0.03334814797151724 0.0006243989042260326
41.06666666666667 0.12851336177846312 0.0006757683017026284
41.1 0.22278743324150602 0.0007233968878531949
41.13333333333333 0.3093940204954399 0.000759190806760901
41.166666666666664 0.38720348445533526 0.0007879079742845185
41.2 0.45572517765948534 0.0008073265108904382
41.233333333333334 0.5131478884429942 0.0008219334436930792
41.266666666666666 0.5533490713243711 0.0008303822048129073
41.3 0.5816495583495708 0.0008361235164803249
41.333333333333336 0.5952957295371016 0.0008391867422115062
41.36666666666667 0.5931572581154007 0.000839843601473933
41.4 0.5755510581423623 0.000837023458818531
41.43333333333333 0.5415425034024411 0.0008336932492507554
41.46666666666667 0.4930955199298131 0.0008192095271887245
41.5 0.43211076234549484 0.0008023695624036487
41.53333333333333 0.358924808945973 0.0007788228987281043
41.56666666666667 0.2775348633813825 0.0007483098692073753
41.6 0.19002718285826997 0.0007079908600250706
41.63333333333333 0.09166919756947592 0.000656798415059584
41.666666666666664 -0.003181937006977744 0.0006045818046695162
41.7 -0.10178668833741027 0.0006609629829061325
41.733333333333334 -0.1963742606519686 0.0007074701649527892
41.766666666666666 -0.2839101362399635 0.000745537643903893
41.8 -0.36495579170533327 0.0007743440821293412
41.833333333333336 -0.4369670302284729 0.000796946829899281
41.86666666666667 -0.4981846855032663 0.0008119400148649536
41.9 -0.5447755798345844 0.0008225552956708793
41.93333333333333 -0.5778822203305188 0.0008311854103031369
41.96666666666667 -0.5974137227795636 0.0008335253047194735
42.0 -0.6005404403256847 0.0008338052488523484
