0.0 -0.13189814440851583 0.0006795962181741222
0.03333333333333333 -0.1095037520434933 0.0006677502163246335
0.06666666666666667 -0.0835233943074492 0.0006545018657698742
0.1 -0.05653142005832877 0.0006388800998731875
0.13333333333333333 -0.027189268992525984 0.0006212808891961352
0.16666666666666666 0.0017112574154211034 0.0006057272451274441
0.2 0.02952485446116684 0.0006238319493477029
0.23333333333333334 0.05735704962677148 0.0006391450716801902
0.26666666666666666 0.08411302048190823 0.0006529603226598374
0.3 0.10743336859456591 0.0006654330844795553
0.3333333333333333 0.12730158664032556 0.0006761577399921059
0.36666666666666664 0.14407625173859154 0.0006848783871487574
0.4 0.15705231096751193 0.0006919083413226834
0.43333333333333335 0.16447502401536923 0.000695709542574946
0.4666666666666667 0.16804311764727217 0.0006978038648978724
0.5 0.16660332327908337 0.0006973564639946306
0.5333333333333333 0.16104729437999327 0.0006949208647900329
0.5666666666666667 0.1489158012033533 0.0006880103805693705
0.6 0.13509463661752708 0.0006828020148246239
0.6333333333333333 0.11610002862773092 0.0006719098924897055
0.6666666666666666 0.09370588976248607 0.0006604682306918519
0.7 0.06857183830361198 0.0006461828932474434
0.7333333333333333 0.04084743630193676 0.0006295610117652006
0.7666666666666667 0.013231730949862762 0.0006142386616480432
0.8 -0.014830621588557514 0.0006140681830517115
0.8333333333333334 -0.04409565962627946 0.0006317455247260018
0.8666666666666667 -0.07178978394362572 0.0006491711885952822
0.9 -0.09870545088675596 0.000661604435358884
0.9333333333333333 -0.12081827885953815 0.0006730603364698412
0.9666666666666667 -0.14186935950429624 0.0006833106606216888
1.0 -0.15871001929871537 0.0006943206283649972
1.0333333333333334 -0.17038655747951503 0.000699896189643584
1.0666666666666667 -0.17834052740450282 0.0007021527648381487
1.1 -0.18191620543755904 0.0007040358302769223
1.1333333333333333 -0.18006020162909744 0.0007036300851673838
1.1666666666666667 -0.1735071523727251 0.0007002886408089271
1.2 -0.16263270174824854 0.0006954657167984601
1.2333333333333334 -0.1471851161830469 0.0006877231404514572
1.2666666666666666 -0.12786312859788543 0.0006778795685927208
1.3 -0.10631595306252675 0.0006660199858061211
1.3333333333333333 -0.08231530045528625 0.0006527068071411207
1.3666666666666667 -0.05423118710710677 0.0006368908680361857
1.4 -0.025686654845337432 0.0006207992459222912
1.4333333333333333 0.003595315806562687 0.0006056264740970422
1.4666666666666666 0.03218256762000008 0.0006248120849498481
1.5 0.0596394479351952 0.0006391477635279488
1.5333333333333334 0.08414895917396986 0.0006531306205919962
1.5666666666666667 0.10657001395315648 0.0006658008486279537
1.6 0.12644459487327858 0.0006776904765245784
1.6333333333333333 0.1432511602872388 0.0006848159951380606
1.6666666666666667 0.15587147405159335 0.0006907564473801753
1.7 0.16423440010620616 0.0006954807552836118
1.7333333333333334 0.16710813769399643 0.0006966783199477966
1.7666666666666666 0.16559179559309664 0.0006962768867065372
1.8 0.1590502923905279 0.0006935633008722242
1.8333333333333333 0.14765946685363143 0.0006891370125578777
1.8666666666666667 0.1334507628417679 0.0006811708672291306
1.9 0.11430729612539381 0.0006708182322170408
1.9333333333333333 0.0918942731586017 0.000658798487937054
1.9666666666666666 0.06765249571167745 0.0006455976908498334
2.0 0.039820531957492314 0.0006305128025654236
2.033333333333333 0.011933643539841993 0.0006117760120686253
2.066666666666667 -0.018897649305692432 0.000617765991974089
2.1 -0.04645816902187579 0.0006327803802742976
2.1333333333333333 -0.07247831953821882 0.0006473540043794579
2.1666666666666665 -0.09824618691404466 0.0006611056937496779
2.2 -0.12053246522473367 0.0006724824698011028
2.2333333333333334 -0.14114459529908277 0.0006825602029421063
2.2666666666666666 -0.15745906418258995 0.0006915414658448249
2.3 -0.16967284898715268 0.0006978854778723342
2.3333333333333335 -0.1773642751969131 0.0007025767111773495
2.3666666666666667 -0.18058566409090068 0.0007043588648394661
2.4 -0.17777223393183697 0.0007024071215303296
2.433333333333333 -0.17200794093929234 0.0007003449200610745
2.466666666666667 -0.1620003010232838 0.0006955763688999972
2.5 -0.14635015426994316 0.0006876647831393357
2.533333333333333 -0.12764098304694754 0.0006775962545859937
2.566666666666667 -0.10521611147560139 0.0006653522351144081
2.6 -0.08135877608043417 0.0006525297150124093
2.6333333333333333 -0.05348271717527098 0.0006369577299145807
2.6666666666666665 -0.026330695305232375 0.0006211404056381334
2.7 0.003975466101429054 0.0006077772455907841
2.7333333333333334 0.03281174553449029 0.0006241766923717265
2.7666666666666666 0.059386854540056225 0.0006390329124273467
2.8 0.08498055466527463 0.0006540520159766666
2.8333333333333335 0.10803328350171963 0.0006660615173457729
2.8666666666666667 0.12797408755575426 0.0006759342297289472
2.9 0.14470316993643842 0.0006874064492679577
2.933333333333333 0.15570531006908575 0.0006919213499905486
2.966666666666667 0.16326681075750935 0.0006961503357594545
3.0 0.1656827792132872 0.0006969634048550055
3.033333333333333 0.1641886861647428 0.0006967243791644318
3.066666666666667 0.15699041991386836 0.000693798752181285
3.1 0.14629160044432238 0.0006904085955003469
3.1333333333333333 0.13147300174651277 0.0006796953530144312
3.1666666666666665 0.111847121313543 0.0006699550474103672
3.2 0.09070229225677055 0.0006589466429218066
3.2333333333333334 0.06597338522613473 0.0006446794171482556
3.2666666666666666 0.03777450515724308 0.0006278064798526245
3.3 0.010374924838029785 0.0006117341162520818
3.3333333333333335 -0.017784890701253313 0.0006153432702014315
3.3666666666666667 -0.04658823099996995 0.0006322052391316835
3.4 -0.07398599448466572 0.000647539572781991
3.433333333333333 -0.10086238133358465 0.0006616780830824565
3.466666666666667 -0.1231870042901795 0.0006735067276568835
3.5 -0.1412143104358306 0.000682323660039591
3.533333333333333 -0.15634277896157367 0.0006908876736988756
3.566666666666667 -0.16846909928514756 0.0006969850427618329
3.6 -0.17671770344023213 0.0007013307207988373
3.6333333333333333 -0.18021825911829345 0.0007046812616705866
3.6666666666666665 -0.17892808307993596 0.0007036677219132148
3.7 -0.17174417020226193 0.0007002771762288917
3.7333333333333334 -0.16090752978945666 0.0006961918421226343
3.7666666666666666 -0.1459504623624967 0.0006888540369848484
3.8 -0.12602375364112145 0.000677149369869956
3.8333333333333335 -0.10371122172624227 0.0006651950493537923
3.8666666666666667 -0.07894890525442577 0.000650926706459734
3.9 -0.05377864370149674 0.0006386162361911307
3.933333333333333 -0.023644287112573218 0.000619326516463823
3.966666666666667 0.003933398150895724 0.000606942004046796
4.0 0.03272381873680743 0.0006228188987537561
4.033333333333333 0.06116104123356904 0.0006375917324178762
4.066666666666666 0.08637957389279649 0.0006532639347701652
4.1 0.10955496049894352 0.0006657769501402788
4.133333333333334 0.1280350627321122 0.0006762607554240962
4.166666666666667 0.14518739593530222 0.0006840411928208945
4.2 0.15499955494961548 0.0006866935245415928
4.233333333333333 0.16288372316446936 0.0006938472363201831
4.266666666666667 0.1653105639479687 0.0006957891126823101
4.3 0.16444961006797482 0.0006956375374983781
4.333333333333333 0.1570425752340322 0.0006927988433685084
4.366666666666666 0.1450063098444266 0.0006870796310641802
4.4 0.1298487705031827 0.0006790049528137554
4.433333333333334 0.11097817135914438 0.0006695121887428934
4.466666666666667 0.08859855147737256 0.0006572308306834196
4.5 0.06504577433889583 0.0006436575216473284
4.533333333333333 0.038447026122114696 0.000628633077241432
4.566666666666666 0.009286343577563215 0.0006101628551521757
4.6 -0.01960362358597705 0.0006172962806252728
4.633333333333334 -0.04783487237895864 0.0006341126561911908
4.666666666666667 -0.07417648087142922 0.0006466311268361474
4.7 -0.10037395146227711 0.0006604656305873591
4.733333333333333 -0.12286232413900089 0.0006751437060139309
4.766666666666667 -0.14189371628547784 0.0006842313892517771
4.8 -0.15763462406254167 0.0006915399960341073
4.833333333333333 -0.16917537735292004 0.0006973144240834117
4.866666666666666 -0.1755993243959867 0.0007006282408839604
4.9 -0.17936547424048815 0.0007031947484095469
4.933333333333334 -0.17599202529073674 0.0007010751371800683
4.966666666666667 -0.171110714456778 0.0006975875414939603
5.0 -0.15964836086947723 0.000693030580997428
5.033333333333333 -0.14253791844587607 0.000685832489509014
5.066666666666666 -0.12394687108232123 0.0006752251271696791
5.1 -0.1008695984553756 0.0006633641262100975
5.133333333333334 -0.0759876639650579 0.0006490535714082785
5.166666666666667 -0.05175459728703344 0.0006362972799871108
5.2 -0.022804047961688195 0.0006180951679524115
5.233333333333333 0.0071022148117340905 0.0006087357962456614
5.266666666666667 0.03509251240514288 0.0006259941820915549
5.3 0.06146606719496784 0.0006407216634632396
5.333333333333333 0.08675770691577743 0.000653877759659055
5.366666666666666 0.10843577047632628 0.0006655281733992519
5.4 0.12830505158558553 0.0006764065063843416
5.433333333333334 0.14233845803136072 0.0006845988029552663
5.466666666666667 0.15468955736866674 0.0006915993304682233
5.5 0.16114135386346742 0.0006912406169304885
5.533333333333333 0.16329140820665902 0.0006945683689421889
5.566666666666666 0.16190076607311993 0.0006945372139196826
5.6 0.15418761841815729 0.0006905077494553657
5.633333333333334 0.14329229743045255 0.0006856104687840703
5.666666666666667 0.12936944867025021 0.0006776997027698184
5.7 0.10926567509464202 0.0006670091271395312
5.733333333333333 0.08735668094303192 0.0006567376645916084
5.766666666666667 0.061731436011524116 0.000641121205775988
5.8 0.03336117909777798 0.0006258753940553349
5.833333333333333 0.006972290576953942 0.000610746448158216
5.866666666666666 -0.021515934417581227 0.0006177184704635533
5.9 -0.05004328052582033 0.0006339458020321737
5.933333333333334 -0.07661257472205199 0.0006498713926028077
5.966666666666667 -0.1004068068564021 0.0006647455945477665
6.0 -0.12343494281099324 0.0006751686665064788
6.033333333333333 -0.14199217085183763 0.0006832749893679324
6.066666666666666 -0.15816539784246048 0.0006918569723855239
6.1 -0.1688373913768725 0.0006971751572498186
6.133333333333334 -0.17627001303078654 0.000701166205283793
6.166666666666667 -0.17845060771478627 0.0007021401250171255
6.2 -0.1755288037859015 0.0007018356377096191
6.233333333333333 -0.16883023823413285 0.0006995108636251024
6.266666666666667 -0.15636272131208953 0.0006924651863646769
6.3 -0.14047222359054062 0.0006844692692361543
6.333333333333333 -0.12164534750301759 0.0006745165767741562
6.366666666666666 -0.09977044609216279 0.0006633535186696543
6.4 -0.07368457346215763 0.0006480285467578145
6.433333333333334 -0.04691448259017915 0.0006346664670200675
6.466666666666667 -0.018610236423883576 0.0006160438588741941
6.5 0.008694174529740417 0.0006092085767525329
6.533333333333333 0.03558702443449243 0.0006263749651873804
6.566666666666666 0.062046891793042847 0.0006399749900326268
6.6 0.08695674865038601 0.0006534948453667533
6.633333333333334 0.10980097409131997 0.0006669150440719446
6.666666666666667 0.12749393360354144 0.0006768774411542444
6.7 0.14361609718119428 0.0006856974236127411
6.733333333333333 0.15448995768330034 0.0006898176828785407
6.766666666666667 0.16008783636728136 0.0006939678175015007
6.8 0.16269271784572378 0.0006948482413714485
6.833333333333333 0.15996703671610338 0.0006942736893742751
6.866666666666666 0.15273886856633354 0.0006908120374518878
6.9 0.14113546171485974 0.0006840946147110283
6.933333333333334 0.12538739584572423 0.0006784374221641964
6.966666666666667 0.10638344328091036 0.0006678385075793158
7.0 0.08263916683918077 0.0006553317564028799
7.033333333333333 0.05744122109686956 0.0006421281391665104
7.066666666666666 0.03253200116348663 0.0006245665862623026
7.1 0.004332022107545312 0.0006081039181871578
7.133333333333334 -0.023499380795670714 0.0006188283703635507
7.166666666666667 -0.05063011390840239 0.0006340503585040569
7.2 -0.077707694628774 0.0006493768149441054
7.233333333333333 -0.10188323143225035 0.0006633140588523517
7.266666666666667 -0.12334849497696317 0.0006726582964356603
7.3 -0.14231236971738231 0.0006853575382837762
7.333333333333333 -0.15695117997879898 0.000692139232371547
7.366666666666666 -0.16776468874033956 0.0006972651572928201
7.4 -0.17428741542896667 0.0007011190302783354
7.433333333333334 -0.1761088820244887 0.000701719649215532
7.466666666666667 -0.17397086165480358 0.0007014732223697973
7.5 -0.16617384041622346 0.0006976197374421456
7.533333333333333 -0.15493086415496293 0.0006929761784651434
7.566666666666666 -0.1388593148465454 0.0006837257390806262
7.6 -0.12032513390599578 0.0006735974443852766
7.633333333333334 -0.09916212746995527 0.0006635275673847335
7.666666666666667 -0.07268419028252858 0.0006481962308985678
7.7 -0.04694536993896548 0.000633522728087775
7.733333333333333 -0.018543176093224336 0.0006164852018000003
7.766666666666667 0.011178631900226048 0.0006112760191119716
7.8 0.03679513204968033 0.0006255755666980944
7.833333333333333 0.06328395833224794 0.0006411001041279757
7.866666666666666 0.08823487208498058 0.000656188647413819
7.9 0.11027276501133634 0.0006678984709060087
7.933333333333334 0.12848811276287467 0.00067683720201131
7.966666666666667 0.14351350061255164 0.0006845505254035877
8.0 0.1512711365511693 0.0006916207726975487
8.033333333333333 0.1589005103678 0.0006931954975964716
8.066666666666666 0.1609552809294063 0.000694397134058139
8.1 0.15694495887114762 0.0006921030467662015
8.133333333333333 0.15153393132695978 0.0006900135236659055
8.166666666666666 0.13949866640346942 0.00068362440965411
8.2 0.12271916300153808 0.0006747772174635208
8.233333333333333 0.1041936920690638 0.0006662832216619563
8.266666666666667 0.08175986421943521 0.0006527131380257845
8.3 0.05762154223202499 0.0006395017364190306
8.333333333333334 0.031689724202077295 0.0006240726322983628
8.366666666666667 0.0029167738987128456 0.0006071875884746374
8.4 -0.02505696426793161 0.0006202263849455492
8.433333333333334 -0.052688173221122764 0.0006358428039868122
8.466666666666667 -0.07808977385938676 0.0006493816360606253
8.5 -0.10342620103814491 0.0006657021129626572
8.533333333333333 -0.12412672451844257 0.0006785142970006236
8.566666666666666 -0.14338872200219335 0.0006877024142425137
8.6 -0.1573572206643388 0.0006929553207449535
8.633333333333333 -0.16731509104128814 0.0006967579902830423
8.666666666666666 -0.1739507160425317 0.0006999747103787479
8.7 -0.17547993510723317 0.0007008598207950412
8.733333333333333 -0.17259357095521807 0.0006994031403906031
8.766666666666667 -0.16549104689902888 0.0006965484905829267
8.8 -0.15388853622716822 0.0006914132763153613
8.833333333333334 -0.1381517047217242 0.0006840475475009544
8.866666666666667 -0.1185504660338517 0.0006728723542619997
8.9 -0.09619661592020141 0.0006611276834476848
8.933333333333334 -0.07136538925653646 0.0006472490195410241
8.966666666666667 -0.044625708115666275 0.0006317752688817097
9.0 -0.016566980339031256 0.000615744612048788
9.033333333333333 0.011957185109232445 0.0006128797694649
9.066666666666666 0.03991786815375966 0.0006276438034264614
9.1 0.06575369270687266 0.0006427206334953944
9.133333333333333 0.08923530330565696 0.0006547315511307578
9.166666666666666 0.11147008842005592 0.0006679032308102573
9.2 0.12858018761045964 0.000678859110037261
9.233333333333333 0.14347301131077056 0.0006847566150788575
9.266666666666667 0.15249884350065754 0.0006888188354564617
9.3 0.15926443795673953 0.0006933773181353464
9.333333333333334 0.16073609100505495 0.0006941091509934383
9.366666666666667 0.15750625221389478 0.0006928566031832173
9.4 0.15053862141433844 0.0006892203361810179
9.433333333333334 0.13715603081002933 0.0006821852805733164
9.466666666666667 0.12276232204135727 0.0006750601244357446
9.5 0.1017967032263646 0.0006650633040133774
9.533333333333333 0.08006779795539025 0.0006521895881556605
9.566666666666666 0.05568083567279189 0.0006390771554889707
9.6 0.028608107979047087 0.0006231051632771961
9.633333333333333 -4.665642240311128e-05 0.000605746663967276
9.666666666666666 -0.026652707857995245 0.0006209161748778717
9.7 -0.05401853496379207 0.0006365649493392522
9.733333333333333 -0.07966581875050587 0.0006504381444543267
9.766666666666667 -0.10393368044044322 0.0006635835832614623
9.8 -0.12484943537390414 0.0006749428103214328
9.833333333333334 -0.1427976070805411 0.0006845783658391003
9.866666666666667 -0.15742098996903023 0.0006920580020008393
9.9 -0.16728722354637102 0.0006975053382807794
9.933333333333334 -0.1735429327138868 0.0007015643152981088
9.966666666666667 -0.17505305560538167 0.0007013570687158799
10.0 -0.17100589286236154 0.0006992885281283667
10.033333333333333 -0.16355195360262048 0.0006956907714482652
10.066666666666666 -0.15142302722867773 0.0006891566961229889
10.1 -0.1361301040132625 0.0006821120898185262
10.133333333333333 -0.11515127182058144 0.0006716894636123183
10.166666666666666 -0.09281749773465771 0.0006598245551888704
10.2 -0.06880199689703372 0.0006477651637153414
10.233333333333333 -0.042372393393621845 0.000631142574367069
10.266666666666667 -0.014846794397467535 0.0006140488727187816
10.3 0.012312790537320036 0.0006121610148455935
10.333333333333334 0.04024842486691899 0.0006281746302973512
10.366666666666667 0.06551410346253216 0.0006417468985500385
10.4 0.0895941795559766 0.0006553420068552418
10.433333333333334 0.11121914325949411 0.0006667362850645703
10.466666666666667 0.1281286272158383 0.0006763225837519427
10.5 0.14242223175576452 0.0006853085478691345
10.533333333333333 0.15259430389367531 0.0006891344124222987
10.566666666666666 0.15737481160519107 0.0006923151000141625
10.6 0.15871058927280943 0.0006932205844503159
10.633333333333333 0.1560180550416972 0.0006919676049376711
10.666666666666666 0.14793853902739432 0.0006912777981749052
10.7 0.13556334692449215 0.0006830659190216193
10.733333333333333 0.11894224397240387 0.0006720801152329675
10.766666666666667 0.1011919413176957 0.0006634372427003626
10.8 0.07826078759190447 0.0006509458182969025
10.833333333333334 0.05384355032730258 0.0006376921547002409
10.866666666666667 0.02759687175145351 0.000622136147738081
10.9 -0.00048284044303976184 0.0006054270157785976
10.933333333333334 -0.028454890563535007 0.0006204094258638604
10.966666666666667 -0.054364178907041545 0.0006363244183221553
11.0 -0.08156662482643828 0.0006519149172028726
11.033333333333333 -0.10460311972082673 0.0006639011289695934
11.066666666666666 -0.12600852425117207 0.00067512870051184
11.1 -0.1436506712072549 0.0006847574165084469
11.133333333333333 -0.15697316001386277 0.0006917574997557518
11.166666666666666 -0.166711258638143 0.0006969603923927536
11.2 -0.1717778032570412 0.0006995119844531161
11.233333333333333 -0.17302201910255008 0.0006997086818494036
11.266666666666667 -0.16980149907027045 0.0006981138166040624
11.3 -0.16247931483387845 0.0006952369996629237
11.333333333333334 -0.15047442667209868 0.0006900519259130933
11.366666666666667 -0.13459176432709605 0.0006818377634875694
11.4 -0.11548130436264484 0.0006713521975664077
11.433333333333334 -0.09214099601102449 0.0006583986611281983
11.466666666666667 -0.06690001673291297 0.000644628128117386
11.5 -0.04093819456904498 0.0006292224966426424
11.533333333333333 -0.013260015489088941 0.0006121475716346896
11.566666666666666 0.014446537821890077 0.0006125828561640134
11.6 0.04152747549503702 0.000629655928967382
11.633333333333333 0.06597841600603181 0.0006439413816157064
11.666666666666666 0.08917082761681724 0.0006557754794915549
11.7 0.11123672144446513 0.0006670621460417997
11.733333333333333 0.12798459565559725 0.0006769119217323871
11.766666666666667 0.14157709712979408 0.0006843836487160637
11.8 0.15137638837128714 0.0006884956253203622
11.833333333333334 0.15694509112210628 0.0006919388824190853
11.866666666666667 0.15778630144585967 0.0006926815486625326
11.9 0.15443544319992453 0.0006909474040430463
11.933333333333334 0.14566868796737734 0.0006877342199887726
11.966666666666667 0.13396574384361787 0.0006850982623568813
12.0 0.1177168206324379 0.0006739121933326125
12.033333333333333 0.09847947267963968 0.0006629450570318912
12.066666666666666 0.07521777029039628 0.0006491125571166656
12.1 0.051275620977359125 0.0006358505176226326
12.133333333333333 0.025127411308394198 0.0006199276829058249
12.166666666666666 -0.003476357740365745 0.0006070434833819215
12.2 -0.02870716028732142 0.0006211503268627426
12.233333333333333 -0.05582733435495329 0.0006381549434899408
12.266666666666667 -0.08120000415231499 0.0006522312456075097
12.3 -0.10448990075551441 0.0006633488239721486
12.333333333333334 -0.12414475251447553 0.0006736960939045661
12.366666666666667 -0.14237271921885863 0.0006832662639854603
12.4 -0.15654924659664324 0.000690825521046351
12.433333333333334 -0.1667341689258723 0.0006954324425999803
12.466666666666667 -0.17139475457627373 0.0006985536363809386
12.5 -0.1721740731352372 0.0006993149229738427
12.533333333333333 -0.1681050577612138 0.0006977696060069538
12.566666666666666 -0.1599683959754619 0.000693916981827275
12.6 -0.1469870489195454 0.0006870583672571873
12.633333333333333 -0.1320280058458491 0.0006792354099837694
12.666666666666666 -0.11196576965386938 0.0006699775618673881
12.7 -0.0894354371283072 0.0006565981303875701
12.733333333333333 -0.06631246238422792 0.0006440855129069278
12.766666666666667 -0.0383611120412865 0.0006280508396113299
12.8 -0.01204971776777977 0.0006121024704170853
12.833333333333334 0.014992428266961262 0.0006128721001909306
12.866666666666667 0.041709553776260705 0.0006298335283934087
12.9 0.06830250896024669 0.0006446870463789472
12.933333333333334 0.09012787482933271 0.0006551951658235328
12.966666666666667 0.11086435792682083 0.0006676857940926956
13.0 0.12900049210251538 0.0006781795462713069
13.033333333333333 0.14046229052485276 0.0006844658745236709
13.066666666666666 0.14958961172319887 0.000689956177888057
13.1 0.15604798983401308 0.0006922641931398632
13.133333333333333 0.15696722137658267 0.0006931488608069858
13.166666666666666 0.15262589145149907 0.0006904586565590343
13.2 0.14412314363552278 0.0006863846326060907
13.233333333333333 0.13185367707057327 0.0006805739815913814
13.266666666666667 0.11648714815178399 0.0006723148724859518
13.3 0.097535019080798 0.0006621944949005837
13.333333333333334 0.07414520728240788 0.0006490834346354335
13.366666666666667 0.05063406298909 0.0006350422558601063
13.4 0.023331082729532306 0.0006194287897315492
13.433333333333334 -0.003000246540387172 0.0006064192139481756
13.466666666666667 -0.03158805431678652 0.0006262885428884243
13.5 -0.05826299638700703 0.0006394623846948042
13.533333333333333 -0.08307218242759072 0.0006532649381439104
13.566666666666666 -0.10590786513441681 0.000665365577661961
13.6 -0.12659195257010072 0.0006757385335743604
13.633333333333333 -0.14403685166309932 0.0006846510107136605
13.666666666666666 -0.15706484492256792 0.0006927352390201091
13.7 -0.16569920815922254 0.0006968469005997346
13.733333333333333 -0.17107458004441733 0.0006988457498627032
13.766666666666667 -0.17124466925926773 0.0006991963217911346
13.8 -0.16685175165314164 0.0006987533608894259
13.833333333333334 -0.15813617112482214 0.0006927993775257546
13.866666666666667 -0.14596908540102577 0.0006873889942618505
13.9 -0.12936655329461308 0.0006785537473858461
13.933333333333334 -0.11036782258604848 0.0006702013696931464
13.966666666666667 -0.08848565983601901 0.000658952443759589
14.0 -0.06316035015983024 0.0006438889161718558
14.033333333333333 -0.03768405719459016 0.0006273147297652937
14.066666666666666 -0.009433229935388213 0.0006107273095823079
14.1 0.01618108626571479 0.0006147809056401138
14.133333333333333 0.042487294933818844 0.0006314884876487889
14.166666666666666 0.07033653610728126 0.0006452017570950236
14.2 0.09187269247087658 0.0006574176682929561
14.233333333333333 0.1126736308068114 0.0006682556286599362
14.266666666666667 0.1284908816576693 0.0006774301554049178
14.3 0.1405606622014744 0.000683099258442621
14.333333333333334 0.15017428685000106 0.0006880598181869813
14.366666666666667 0.15378662088865858 0.0006906668458426246
14.4 0.15459731315608752 0.000693268289664789
14.433333333333334 0.1520328986599719 0.0006907759919935474
14.466666666666667 0.1442534713651946 0.000686520399784285
14.5 0.13097519696369 0.0006795569659583112
14.533333333333333 0.11506777940966377 0.0006713815694455866
14.566666666666666 0.09451980482865377 0.0006591959263699682
14.6 0.07292580625320036 0.0006473776728107977
14.633333333333333 0.04808459345437391 0.0006346950364831405
14.666666666666666 0.021117470657587196 0.0006175739263944505
14.7 -0.0047042530759381015 0.0006084896875327228
14.733333333333333 -0.03339694697089733 0.0006249235995197597
14.766666666666667 -0.05885717583824505 0.000640579251375957
14.8 -0.08471890040677653 0.0006531085926758523
14.833333333333334 -0.1062890256170106 0.0006646968061003178
14.866666666666667 -0.12734224295687718 0.000675891369996795
14.9 -0.14313254518824134 0.0006850600381094751
14.933333333333334 -0.15683280943096145 0.000691992447616252
14.966666666666667 -0.16527729192043425 0.0006970153491607511
15.0 -0.16997831982323344 0.0006994719743302902
15.033333333333333 -0.17007334406018085 0.000699270224446713
15.066666666666666 -0.16674836676688543 0.0006997931757556086
15.1 -0.1588221737031007 0.0006948689620281667
15.133333333333333 -0.14583753956027376 0.0006881069507495841
15.166666666666666 -0.1276396730677438 0.0006774975901910063
15.2 -0.10876794279875217 0.0006674097653517341
15.233333333333333 -0.0863448671535162 0.000657024545718421
15.266666666666667 -0.06292250254061256 0.0006429639755443778
15.3 -0.03548961294274445 0.0006266371698644482
15.333333333333334 -0.009589590463945863 0.0006107297549380504
15.366666666666667 0.01871628003609219 0.000616277445605988
15.4 0.043591499902896694 0.0006296212047618086
15.433333333333334 0.06992432843183458 0.0006452952567809062
15.466666666666667 0.09253839427928903 0.0006575733685149493
15.5 0.1121357622663181 0.0006686415431384068
15.533333333333333 0.12849781710216127 0.0006778248355799321
15.566666666666666 0.1401445102336097 0.000683439390385121
15.6 0.14751401378604173 0.0006898267766711208
15.633333333333333 0.15417371468290733 0.0006921057932363639
15.666666666666666 0.15433975435481986 0.0006913298316071348
15.7 0.15068845616750134 0.00068937199447211
15.733333333333333 0.1419258930226551 0.0006842265506604717
15.766666666666667 0.1288159754823979 0.0006772015945537835
15.8 0.11280329766138474 0.0006698262154931078
15.833333333333334 0.0928500593715147 0.0006593538536636551
15.866666666666667 0.07085958463698362 0.0006463013179338756
15.9 0.04670117547652803 0.0006327759296954408
15.933333333333334 0.019505539848088112 0.0006165872427651431
15.966666666666667 -0.006629851394792209 0.0006091543143405967
16.0 -0.032910672025017046 0.0006236850346052411
16.033333333333335 -0.06043205612175905 0.0006399224170434217
16.066666666666666 -0.08437271274370942 0.0006532926671974082
16.1 -0.10745115391394938 0.0006656924248711199
16.133333333333333 -0.1265648310539596 0.0006758919627014304
16.166666666666668 -0.14416618295661984 0.0006851738381782047
16.2 -0.15612225474025915 0.0006915892635541987
16.233333333333334 -0.16412848538230412 0.0006954532924164647
16.266666666666666 -0.1693058291639456 0.0006982880630468369
16.3 -0.16969763681800074 0.0006986319440745459
16.333333333333332 -0.1650959646274711 0.0006965491117928713
16.366666666666667 -0.15554357928385995 0.0006921916814597584
16.4 -0.14329567197626986 0.0006855976027854704
16.433333333333334 -0.12747529640664085 0.0006777349696788504
16.466666666666665 -0.10762961155341005 0.0006678010395304579
16.5 -0.0846615137254075 0.0006543979734741218
16.533333333333335 -0.06076882301081809 0.0006404439347746232
16.566666666666666 -0.03348090897754445 0.0006239495951792587
16.6 -0.007264012023114139 0.0006087703598645355
16.633333333333333 0.019701710614038415 0.0006164829971341788
16.666666666666668 0.04622619139767633 0.0006312813193393163
16.7 0.06991570441264251 0.0006439346101978771
16.733333333333334 0.09372533352511124 0.0006590406388507775
16.766666666666666 0.11315343747797259 0.0006693219554894658
16.8 0.12992987297100111 0.0006772934846750733
16.833333333333332 0.14140344871216656 0.0006855649902030025
16.866666666666667 0.14831336355273128 0.0006896976847267922
16.9 0.15364411591638394 0.0006913030756791338
16.933333333333334 0.1535832642807453 0.0006913325030179773
16.966666666666665 0.1492587810549207 0.0006877504815798463
17.0 0.14043174720426577 0.0006842990237708457
17.033333333333335 0.12766884803472536 0.0006781302600432915
17.066666666666666 0.11119388826546495 0.0006692543185549543
17.1 0.09127934531796192 0.0006588704528024958
17.133333333333333 0.06781785218867724 0.0006450592841922981
17.166666666666668 0.04339440853929471 0.0006310324560352687
17.2 0.01739838458913281 0.0006204243885047228
17.233333333333334 -0.009225101790402753 0.0006128844582808882
17.266666666666666 -0.0347070307239303 0.000627134468092802
17.3 -0.06127578499324734 0.000639790878141748
17.333333333333332 -0.08581534422023028 0.0006546240635339623
17.366666666666667 -0.10826811025766259 0.000666641099552362
17.4 -0.12741897388958812 0.000676570630560952
17.433333333333334 -0.14482253047147056 0.0006858375733330146
17.466666666666665 -0.1572379988190859 0.0006925460415746487
17.5 -0.16467658013938152 0.0006958312697024072
17.533333333333335 -0.1679250968662004 0.0006988442350011337
17.566666666666666 -0.16779029853346325 0.0006983609633676724
17.6 -0.16288566903589138 0.0006955094989951061
17.633333333333333 -0.15416732382429882 0.0006933768401204965
17.666666666666668 -0.14023880456617033 0.00068399060142324
17.7 -0.12434226002181635 0.0006763942802092554
17.733333333333334 -0.10481067747176344 0.0006644614768415991
17.766666666666666 -0.08162267170929773 0.0006522294761755892
17.8 -0.057224901448902354 0.0006379695894038542
17.833333333333332 -0.03014091608593633 0.0006221448432381857
17.866666666666667 -0.0034116045078035257 0.0006086262641009049
17.9 0.022647961261199744 0.0006185972756027128
17.933333333333334 0.04815487955481855 0.0006326884662005081
17.966666666666665 0.06962833311878557 0.000646175577286065
18.0 0.09205904160250096 0.0006573407038083928
18.033333333333335 0.11284453933594028 0.0006680381594898754
18.066666666666666 0.12786666834250787 0.0006771344744589125
18.1 0.14033854294450063 0.0006835412604810631
18.133333333333333 0.14942589192694422 0.0006882992642828489
18.166666666666668 0.15398610637397692 0.0006911569145346963
18.2 0.15260558236194507 0.0006901614605294704
18.233333333333334 0.14778363915360618 0.0006886664470821258
18.266666666666666 0.13866372665473992 0.0006834120662174703
18.3 0.12459744741203663 0.0006767949698630871
18.333333333333332 0.10806979533879527 0.0006680793795625362
18.366666666666667 0.08894413152880999 0.0006573468020119877
18.4 0.06504507127855903 0.0006435186084421812
18.433333333333334 0.04145869712495326 0.0006297822988512516
18.466666666666665 0.01787663830923985 0.0006162477045131703
18.5 -0.01017500721356812 0.000610915246074796
18.533333333333335 -0.03737474895356094 0.000626301301248848
18.566666666666666 -0.06294362463590807 0.0006419550650929862
18.6 -0.0858922631425303 0.0006544190042283293
18.633333333333333 -0.10888443006404362 0.0006668632417677761
18.666666666666668 -0.1274565966952476 0.0006752430010644739
18.7 -0.142908590682294 0.000684297987932958
18.733333333333334 -0.15465111209558882 0.000690180349332048
18.766666666666666 -0.16374122357160514 0.00069535458212025
18.8 -0.16725715414621853 0.0006983292685837361
18.833333333333332 -0.16690191992832432 0.000697913375209136
18.866666666666667 -0.1616075025150325 0.0006949431403304174
18.9 -0.15277355572640106 0.0006908344409800315
18.933333333333334 -0.13993265708060618 0.0006847112221460561
18.966666666666665 -0.12285980074850597 0.000676538383978173
19.0 -0.10256963456831043 0.0006642251150387884
19.033333333333335 -0.0794839436558444 0.0006517392167926794
19.066666666666666 -0.0563215422168343 0.000639630088818767
19.1 -0.029360538162734946 0.0006229938217142857
19.133333333333333 -0.0034296574454233462 0.0006066187606486501
19.166666666666668 0.022310337084014926 0.0006184360742424802
19.2 0.05029216531596944 0.0006361583934046122
19.233333333333334 0.07271944561438677 0.0006466743520114476
19.266666666666666 0.09428901313567858 0.0006590656707031045
19.3 0.11340501488297088 0.0006686787747035433
19.333333333333332 0.1287701137806266 0.0006781199905189494
19.366666666666667 0.1399571620350778 0.0006837989033209868
19.4 0.14769965923612977 0.0006882685908997099
19.433333333333334 0.15249044480705604 0.0006900217466007386
19.466666666666665 0.15200055309494628 0.0006905958307068527
19.5 0.14613650209227835 0.0006882036178888495
19.533333333333335 0.13621829319460982 0.0006824887960817649
19.566666666666666 0.12473590022194417 0.0006765828105153027
19.6 0.1070850567101768 0.0006666496553486001
19.633333333333333 0.08833259556818535 0.0006565410493456214
19.666666666666668 0.0657323647541404 0.000643584353417409
19.7 0.04024032966559864 0.0006315306351616715
19.733333333333334 0.013451262343335085 0.000613137102197514
19.766666666666666 -0.012923569434423255 0.0006128258345066782
19.8 -0.03911337502413302 0.0006274473171032219
19.833333333333332 -0.06493200240576001 0.0006428453431770731
19.866666666666667 -0.08846058562893794 0.0006554553534595803
19.9 -0.11000483133906772 0.000666856670003324
19.933333333333334 -0.12818511187643758 0.000676562309850165
19.966666666666665 -0.14387391604606986 0.0006863017564135709
20.0 -0.15603102893864657 0.0006898926077310019
20.033333333333335 -0.16307024336928772 0.0006950956696251676
20.066666666666666 -0.16649401460914118 0.0006974323320404208
20.1 -0.16551707606569702 0.0006967532571616752
20.133333333333333 -0.16099770629003565 0.0006956640017122262
20.166666666666668 -0.15256328470030867 0.0006904209053440191
20.2 -0.1376963970074625 0.0006826905481864542
20.233333333333334 -0.12131645831871773 0.0006744409866342727
20.266666666666666 -0.10117843825965527 0.0006632158284074902
20.3 -0.07897786438551331 0.0006513931794371458
20.333333333333332 -0.05422259860640715 0.0006373558462265116
20.366666666666667 -0.02807456315711666 0.0006229269326706831
20.4 -0.001319154702806375 0.0006065224763142183
20.433333333333334 0.024918128093520016 0.0006195695110079273
20.466666666666665 0.05023101581446559 0.0006370778037138036
20.5 0.07313476727098416 0.0006475925276202693
20.533333333333335 0.09507708624722659 0.0006593302086196073
20.566666666666666 0.11459608190784 0.0006696917510194134
20.6 0.13005342540248332 0.000678453975799076
20.633333333333333 0.13930652070253968 0.0006826419429494246
20.666666666666668 0.14740479533891795 0.0006874020432171279
20.7 0.15148557229331253 0.0006895026852293817
20.733333333333334 0.15059809071573865 0.0006893063424370238
20.766666666666666 0.14507388406260172 0.0006868722992025289
20.8 0.13692711762691953 0.0006832443596214433
20.833333333333332 0.12220332003924479 0.0006748023690304888
20.866666666666667 0.10620514346048375 0.0006669618901496976
20.9 0.08525868113241976 0.0006564631627545975
20.933333333333334 0.06281936131312676 0.0006426993749989451
20.966666666666665 0.038836709433791375 0.00062716950957898
21.0 0.013048802052625213 0.0006133430415450579
21.033333333333335 -0.014240701313642717 0.0006132071880068611
21.066666666666666 -0.04109609835845694 0.0006278000067123993
21.1 -0.06582726771441959 0.0006430219678285609
21.133333333333333 -0.08915852730226842 0.0006554642373756692
21.166666666666668 -0.10969260977758605 0.0006674754887028012
21.2 -0.12837066645435985 0.0006763974708476894
21.233333333333334 -0.14336403599914926 0.0006850869878351207
21.266666666666666 -0.15497662079783786 0.0006910695647079634
21.3 -0.1619887543732698 0.000694507223611085
21.333333333333332 -0.16593573724561075 0.0006964747624348677
21.366666666666667 -0.164581123514984 0.0006963461835501894
21.4 -0.15904851363128572 0.0006934222364704257
21.433333333333334 -0.1500422173471546 0.0006896414592108824
21.466666666666665 -0.13612813727883222 0.000682301204361635
21.5 -0.11988209038034321 0.0006741071440458518
21.533333333333335 -0.09869954705573436 0.0006630378775255991
21.566666666666666 -0.0763675971398856 0.0006504401255844061
21.6 -0.05172480610085868 0.0006355701596949676
21.633333333333333 -0.02550278917002704 0.0006214251603348167
21.666666666666668 -0.0007230687798387953 0.0006063713934224578
21.7 0.026843383996962268 0.0006210662868259553
21.733333333333334 0.050887479119431756 0.0006341245847691843
21.766666666666666 0.07425033056429813 0.0006475736319800918
21.8 0.09504290711320744 0.0006595013051433618
21.833333333333332 0.11419068538961447 0.0006687720544813341
21.866666666666667 0.12930337959998775 0.0006773779545982128
21.9 0.13938464706626336 0.0006827339155635048
21.933333333333334 0.14728248280840953 0.0006869082171782059
21.966666666666665 0.15035034881306455 0.000688546925137673
22.0 0.15043180837591577 0.0006889273986815936
22.033333333333335 0.1443529384813045 0.0006858304734383147
22.066666666666666 0.13363453321875388 0.0006818387031815032
22.1 0.12191104574806612 0.0006742944172525855
22.133333333333333 0.1042216900130901 0.0006650886177158866
22.166666666666668 0.08386979736475912 0.0006558270091762824
22.2 0.05972046482567802 0.0006406514868817839
22.233333333333334 0.036532215852759745 0.0006268819511602922
22.266666666666666 0.01071461388219056 0.0006117437945729748
22.3 -0.015702547982978873 0.0006141836546624362
22.333333333333332 -0.040945238082572756 0.0006289862748586755
22.366666666666667 -0.06600882649180138 0.0006439595034167522
22.4 -0.09167012048095625 0.0006582564646450406
22.433333333333334 -0.11146930531018079 0.0006678712743256737
22.466666666666665 -0.12892229987635853 0.0006776438055559053
22.5 -0.14398029648932142 0.0006848045437293782
22.533333333333335 -0.15496839934735016 0.0006915506573432206
22.566666666666666 -0.16235836649937144 0.0006961856266143873
22.6 -0.1646371748241764 0.0006954582056145631
22.633333333333333 -0.16327151761688075 0.0006956653219807596
22.666666666666668 -0.15759815367759902 0.0006939936615764364
22.7 -0.14752311446234084 0.0006885956027172513
22.733333333333334 -0.133840271125287 0.0006813269150460488
22.766666666666666 -0.11641287346749186 0.0006719176896486795
22.8 -0.09568580096251804 0.0006606909599957411
22.833333333333332 -0.07370312822126338 0.0006479766749651478
22.866666666666667 -0.04835768139023431 0.000633306098752541
22.9 -0.02288290009187614 0.0006180630352956469
22.933333333333334 0.0018384507905295554 0.0006057027457936524
22.966666666666665 0.028509209069079347 0.000622097445217247
23.0 0.05262196577246577 0.0006357956840093368
23.033333333333335 0.07500131561599327 0.0006486335455683778
23.066666666666666 0.09696282701865311 0.0006600456896844742
23.1 0.11494107013884311 0.0006707439090383321
23.133333333333333 0.12981110517449282 0.0006784903287012645
23.166666666666668 0.14029789723708933 0.0006838715830048137
23.2 0.1468794424521021 0.0006887435331698333
23.233333333333334 0.14936551965715422 0.0006887198231673997
23.266666666666666 0.14911165214078076 0.0006880575600793637
23.3 0.14225817108193306 0.0006847999184471654
23.333333333333332 0.13327291572631259 0.000680016954423629
23.366666666666667 0.11945466230934516 0.0006738619235837767
23.4 0.10060115664324258 0.0006641824136567331
23.433333333333334 0.08054220000140329 0.0006531963411659097
23.466666666666665 0.05787023456803134 0.0006394639392203888
23.5 0.03485620474579112 0.0006262096048012672
23.533333333333335 0.008369586064652334 0.000610536302529871
23.566666666666666 -0.017829755175863694 0.0006146944767051882
23.6 -0.04169911306936557 0.0006286067307946369
23.633333333333333 -0.06696517866192543 0.0006450166189120726
23.666666666666668 -0.08953740898322289 0.000655428816633663
23.7 -0.11115795140441884 0.0006669595147263674
23.733333333333334 -0.1300171058745588 0.0006781909176984402
23.766666666666666 -0.1455182789750238 0.0006856411600229539
23.8 -0.15600132835819294 0.000691476269391561
23.833333333333332 -0.16155254227330412 0.0006940577814336102
23.866666666666667 -0.16367367119348267 0.0006959889182089896
23.9 -0.16301614802806758 0.0006959194242306954
23.933333333333334 -0.15599303678091087 0.0006917693052526652
23.966666666666665 -0.14591985147106926 0.0006869290260451966
24.0 -0.13168999714492471 0.0006790306348114783
24.033333333333335 -0.11422346630593541 0.0006702829005564848
24.066666666666666 -0.09414554008736735 0.0006596186380728314
24.1 -0.07234479569839439 0.0006473835818006091
24.133333333333333 -0.047279426695766416 0.0006329613615687624
24.166666666666668 -0.022173053967733548 0.0006175080257825975
24.2 0.0033957508829974502 0.000605897349133308
24.233333333333334 0.028198154855580273 0.0006210518210023712
24.266666666666666 0.0540342989653814 0.0006366338013055542
24.3 0.07538468895709427 0.0006487676346174642
24.333333333333332 0.09677525475344867 0.0006605155906833221
24.366666666666667 0.1161995582211122 0.0006712264601727441
24.4 0.12975764152907152 0.0006826397079281454
24.433333333333334 0.13906460686785718 0.0006852429274273042
24.466666666666665 0.1470607714876834 0.0006886973885756043
24.5 0.14893294703668244 0.000688432629251029
24.533333333333335 0.14609938785377793 0.0006874676822537507
24.566666666666666 0.14053243177257607 0.000684906254037998
24.6 0.1305938707599039 0.000679555200123666
24.633333333333333 0.11767729196910161 0.0006720790883908007
24.666666666666668 0.09965172734239065 0.0006629690514158293
24.7 0.07878159089309089 0.0006507905120624324
24.733333333333334 0.05803387830944624 0.0006395231244454777
24.766666666666666 0.032420365578778816 0.0006257119213195217
24.8 0.006728151026124515 0.0006084340130175529
24.833333333333332 -0.017798863879391242 0.0006149552520133758
24.866666666666667 -0.0440319568099155 0.00062977030296512
24.9 -0.06927418606441783 0.0006444658707655954
24.933333333333334 -0.09101581766100196 0.0006567234152194817
24.966666666666665 -0.11215371830044298 0.0006688298250582675
25.0 -0.12988442380835194 0.0006771662975545711
25.033333333333335 -0.14393164552830415 0.0006861353206953635
25.066666666666666 -0.15495896204774473 0.0006912400876688818
25.1 -0.16060551785187335 0.0006941926148176791
25.133333333333333 -0.1627771042057843 0.0006953138914021773
25.166666666666668 -0.16131707861586667 0.00069454545749012
25.2 -0.15458229497381526 0.0006919405279074975
25.233333333333334 -0.14479051375482138 0.0006866906218511715
25.266666666666666 -0.13081849481832303 0.000684520479058065
25.3 -0.11301665970807322 0.0006715810387443455
25.333333333333332 -0.09432006771049653 0.0006595680245142649
25.366666666666667 -0.07035926154327476 0.0006469541697099457
25.4 -0.04679427343964796 0.0006329777901511666
25.433333333333334 -0.021200895942121916 0.000620413707313909
25.466666666666665 0.00552443998486356 0.0006102451638318202
25.5 0.03195479340256128 0.0006239712286265423
25.533333333333335 0.0545023590214671 0.0006370569415220101
25.566666666666666 0.07875644658749927 0.0006504898033712486
25.6 0.09711175996498664 0.0006596075815631236
25.633333333333333 0.11647613366349778 0.0006718295678225933
25.666666666666668 0.13046000161107715 0.0006779903419084632
25.7 0.13984658620902674 0.0006836518639984357
25.733333333333334 0.14551558561944303 0.0006872951385902548
25.766666666666666 0.14813051744305808 0.0006880624064342922
25.8 0.14620047226333188 0.0006870619222745511
25.833333333333332 0.14002499060995946 0.000684078593157833
25.866666666666667 0.12911699985903974 0.0006792677869497943
25.9 0.11549246221421414 0.0006713573163373704
25.933333333333334 0.09778961983626626 0.0006620020083403649
25.966666666666665 0.07751541609940636 0.0006509266014857601
26.0 0.05472784474677575 0.0006373311589506353
26.033333333333335 0.030672910290223523 0.0006238894225810629
26.066666666666666 0.005392864663342185 0.0006077002717708767
26.1 -0.02052829351056246 0.0006171607044378642
26.133333333333333 -0.045923501405531336 0.0006328301895024979
26.166666666666668 -0.07085821021777526 0.0006458393766312354
26.2 -0.09182234348463492 0.0006584115722483297
26.233333333333334 -0.11317327823254972 0.000669405722077146
26.266666666666666 -0.12993145993408545 0.0006775298198147817
26.3 -0.1433988531963103 0.0006857411905489275
26.333333333333332 -0.1548979976571408 0.0006907504785256813
26.366666666666667 -0.1605552875025685 0.0006946692420193856
26.4 -0.16287492283140798 0.0006952636758059128
26.433333333333334 -0.16030436303411436 0.0006942565760419128
26.466666666666665 -0.15442078724497033 0.0006916495788885924
26.5 -0.14386067089796667 0.0006862763506027825
26.533333333333335 -0.13204396554085165 0.000680843316129609
26.566666666666666 -0.11291104691355774 0.0006703395171060583
26.6 -0.0917690411551127 0.0006581478498912663
26.633333333333333 -0.0701233572093883 0.0006472740146867828
26.666666666666668 -0.04693302318516383 0.000633646677554181
26.7 -0.01832395258316756 0.0006155126553736741
26.733333333333334 0.007861439478753937 0.0006099178620788733
26.766666666666666 0.03279269446620096 0.0006239507313826193
26.8 0.05620871588186798 0.0006382269490537995
26.833333333333332 0.07721001261907086 0.0006504417719499084
26.866666666666667 0.09861292790855307 0.0006606935463540908
26.9 0.11513461427384274 0.0006696020513440731
26.933333333333334 0.12717125607447957 0.000677141166034595
26.966666666666665 0.13852100069706494 0.0006834589757619414
27.0 0.14453980265187114 0.0006859194774046784
27.033333333333335 0.14515507838487188 0.0006858901316472155
27.066666666666666 0.14461652344732553 0.0006853910007307007
27.1 0.1390190961768598 0.000683401677141926
27.133333333333333 0.12769186386950362 0.0006778408643439982
27.166666666666668 0.11342694532572704 0.0006714807556631869
27.2 0.09521174341138287 0.0006596094060045271
27.233333333333334 0.07551483036698652 0.0006491705432441902
27.266666666666666 0.05171931646815617 0.0006352550794018752
27.3 0.028273908731074063 0.0006224702271511104
27.333333333333332 0.003711102686667821 0.0006076544318511308
27.366666666666667 -0.022338420585327073 0.0006179038380131098
27.4 -0.047677851639845906 0.0006325143191734384
27.433333333333334 -0.07100760160970067 0.0006452076275263591
27.466666666666665 -0.093841890851884 0.0006595220547403469
27.5 -0.11430360317407529 0.0006702146208075882
27.533333333333335 -0.1315553571158189 0.0006788212224950185
27.566666666666666 -0.14451085631517352 0.0006856169449011296
27.6 -0.15416051854604113 0.0006903257180992661
27.633333333333333 -0.16027734479247516 0.0006937235095571259
27.666666666666668 -0.1615621843375593 0.0006941893033248492
27.7 -0.15919720929573344 0.0006938901867449554
27.733333333333334 -0.15263735707685008 0.0006909618235169668
27.766666666666666 -0.1422702939195203 0.0006859424156731297
27.8 -0.12684970931213033 0.0006768148002813112
27.833333333333332 -0.10907094720789587 0.0006676419296412217
27.866666666666667 -0.08926558523646062 0.0006560759924432863
27.9 -0.06714752342210921 0.0006446338703895854
27.933333333333334 -0.042591939017490935 0.0006298285873948331
27.966666666666665 -0.01623243125270749 0.0006144306505798808
28.0 0.008933580554555417 0.0006097900603952485
28.033333333333335 0.033834978266521425 0.0006248407718423069
28.066666666666666 0.0588019679299921 0.000638676208054953
28.1 0.0796626293410613 0.0006498433845420343
28.133333333333333 0.09946170893888334 0.0006610358491160595
28.166666666666668 0.11585773789641114 0.0006703282231560748
28.2 0.12884270791520055 0.0006768860729192416
28.233333333333334 0.13936836140894665 0.000682664853480841
28.266666666666666 0.14476002560622148 0.0006864687218261778
28.3 0.14484072552185295 0.0006866305090058866
28.333333333333332 0.1417470534474266 0.0006846777110369184
28.366666666666667 0.13612423886088765 0.0006825697634613992
28.4 0.12507112235976392 0.0006772589837022724
28.433333333333334 0.11127503869185014 0.000669267112207092
28.466666666666665 0.09370337845812127 0.0006601246290881407
28.5 0.07227765642993338 0.0006480303632146883
28.533333333333335 0.050864488647814156 0.0006358241353279295
28.566666666666666 0.02565605315057171 0.0006207342218355928
28.6 0.0019064981066652103 0.0006059315669117128
28.633333333333333 -0.024274194481130867 0.0006200171970561844
28.666666666666668 -0.0501059654399538 0.0006347536984418825
28.7 -0.07360272512949056 0.0006470537099861479
28.733333333333334 -0.09553416979615098 0.0006587548504454477
28.766666666666666 -0.11534451353319303 0.0006703105127716658
28.8 -0.13220297645867735 0.0006793537532793215
28.833333333333332 -0.1446610055484713 0.0006850127493916724
28.866666666666667 -0.15401225066043686 0.0006895060520757113
28.9 -0.15930556995028664 0.000692978440149733
28.933333333333334 -0.16074789883633572 0.0006951389701188304
28.966666666666665 -0.15792957399615937 0.0006937480822626074
29.0 -0.15110677775235143 0.0006894112797832808
29.033333333333335 -0.13982108192000509 0.0006836804229284621
29.066666666666666 -0.125559152205657 0.0006758971886660914
29.1 -0.10767601852094094 0.0006664117553695642
29.133333333333333 -0.08762943298122719 0.0006575954768813091
29.166666666666668 -0.06405017844959532 0.0006423724916278101
29.2 -0.040668731481346365 0.0006283919469095983
29.233333333333334 -0.01627661854670238 0.0006146038306157099
29.266666666666666 0.008056524986451343 0.0006090024714284284
29.3 0.03343492801797717 0.0006241852203382886
29.333333333333332 0.05771313374252651 0.0006385371327863112
29.366666666666667 0.081304889607794 0.0006519029402502069
29.4 0.09911413760190332 0.0006627555081598485
29.433333333333334 0.11550742638190785 0.0006703209981096525
29.466666666666665 0.12918438339525296 0.0006777427046250895
29.5 0.13806396241421554 0.0006823101370077023
29.533333333333335 0.14280402655171825 0.0006849952040197671
29.566666666666666 0.1446436804642122 0.000686291828811747
29.6 0.14177900845340724 0.0006844810921760036
29.633333333333333 0.13282737141318238 0.0006801615313335452
29.666666666666668 0.12377247814715625 0.00067741454290772
29.7 0.10869390644671298 0.0006673704111241768
29.733333333333334 0.09073460382814742 0.0006579476427482911
29.766666666666666 0.07012042360099355 0.0006459589588904829
29.8 0.04697590755022494 0.0006323164337288523
29.833333333333332 0.02266788794152277 0.0006185243203921907
29.866666666666667 -0.0007548665123386011 0.0006048042767497317
29.9 -0.02607440380647545 0.0006194823731942058
29.933333333333334 -0.050643788166597224 0.0006331888292075913
29.966666666666665 -0.07444922779925052 0.0006472268257545349
30.0 -0.09628813117208718 0.0006592305369313156
30.033333333333335 -0.11531377526751493 0.0006697214278385821
30.066666666666666 -0.13226648323342713 0.0006786756595901222
30.1 -0.1448068028887077 0.0006847625167327176
30.133333333333333 -0.15446237163071164 0.0006905251250839128
30.166666666666668 -0.15927815264589268 0.0006932732551115095
30.2 -0.1601142348791808 0.0006938111215409049
30.233333333333334 -0.1571957746311785 0.000692326089921258
30.266666666666666 -0.15036959535792724 0.00068889251834095
30.3 -0.13865034830616124 0.0006824830516061475
30.333333333333332 -0.1241350106885768 0.0006749870314370771
30.366666666666667 -0.1072017826112146 0.0006668128096952441
30.4 -0.08594371668488328 0.0006558710065408951
30.433333333333334 -0.06360929762670374 0.0006419049902230828
30.466666666666665 -0.03990118399734088 0.0006280616764931454
30.5 -0.013736379180789089 0.0006125191024275948
30.533333333333335 0.011628122327022601 0.0006116795129128497
30.566666666666666 0.03563351450898044 0.000626628012180927
30.6 0.059397759478389524 0.0006390133898700329
30.633333333333333 0.08124780112745797 0.00065210144294571
30.666666666666668 0.10038734573188375 0.000662991735951024
30.7 0.116572036334969 0.0006710193926795782
30.733333333333334 0.12832125004021402 0.0006771203774142698
30.766666666666666 0.13850234698251002 0.0006829608260562614
30.8 0.14401886354991517 0.0006858013464895729
30.833333333333332 0.14404129375039765 0.0006861033507689074
30.866666666666667 0.1409289386903808 0.0006847390363669548
30.9 0.13422560578849055 0.0006810240585480576
30.933333333333334 0.12259796746646937 0.0006744677292150475
30.966666666666665 0.10780723983710327 0.0006675823041573659
31.0 0.09022866928729383 0.0006581086803693348
31.033333333333335 0.06922144975111792 0.0006465687532166559
31.066666666666666 0.04716621822605396 0.0006328203727142614
31.1 0.022972089933612633 0.0006184843134141617
31.133333333333333 -0.0020571727733505914 0.0006062129107348947
31.166666666666668 -0.027141836363960625 0.0006210379683800754
31.2 -0.050952213581871644 0.0006343766235722831
31.233333333333334 -0.07447706200954278 0.00064707247786433
31.266666666666666 -0.09694211522888964 0.0006598975280033975
31.3 -0.1156516056927874 0.0006703905453128017
31.333333333333332 -0.13170225283575704 0.0006786507165158773
31.366666666666667 -0.1450803689729826 0.0006856024367759284
31.4 -0.15341723651133532 0.0006903167928596077
31.433333333333334 -0.15863553061035338 0.0006934843364463927
31.466666666666665 -0.15936233829738133 0.0006952479348477647
31.5 -0.15590226171945826 0.0006931193660358326
31.533333333333335 -0.1484781698241445 0.0006920730468790437
31.566666666666666 -0.13676895231976363 0.0006822843971842629
31.6 -0.121680220126872 0.0006740092950542481
31.633333333333333 -0.10411049944972031 0.000665919959531372
31.666666666666668 -0.08273569053829086 0.0006535636936829126
31.7 -0.05995131818644998 0.0006408592035467703
31.733333333333334 -0.03552126787813297 0.0006253212153028154
31.766666666666666 -0.01145573877566515 0.0006114557397880645
31.8 0.013535117213257406 0.000611576618616121
31.833333333333332 0.0389109288873433 0.0006290346381191206
31.866666666666667 0.0608649726061304 0.0006395674064013784
31.9 0.08203611230358955 0.0006523317518980914
31.933333333333334 0.10062425685304872 0.0006632133806921958
31.966666666666665 0.11699460947924029 0.0006711492852758821
32.0 0.12841857325356135 0.0006775370509626011
32.03333333333333 0.13818012979323474 0.0006819763154330138
32.06666666666667 0.1422760122235882 0.000685116251249146
32.1 0.14249037741444698 0.000685146066641773
32.13333333333333 0.14019506417072194 0.0006835431195547637
32.166666666666664 0.13225842363455237 0.0006803178518686448
32.2 0.12051075284214777 0.0006746826297438918
32.233333333333334 0.10579555706748563 0.0006652876675071473
32.266666666666666 0.08892149472434069 0.000656822733494114
32.3 0.06706405624479772 0.0006456785028788325
32.333333333333336 0.04470284504762024 0.0006321917934964741
32.36666666666667 0.020897722914803754 0.0006175238325270213
32.4 -0.004071811804660088 0.0006070854494484874
32.43333333333333 -0.03027590418571471 0.0006227619401510849
32.46666666666667 -0.05409003149852851 0.0006365697112461835
32.5 -0.07682424887975649 0.0006499310202527919
32.53333333333333 -0.09784855036503529 0.0006607155153146721
32.56666666666667 -0.11635229641401561 0.0006701159944228624
32.6 -0.1322263245932081 0.0006786352809160512
32.63333333333333 -0.14410082984428293 0.0006852273085573013
32.666666666666664 -0.15271387299266428 0.0006901388935266206
32.7 -0.15686486871761518 0.0006925702362652886
32.733333333333334 -0.1574978534402574 0.0006929538082560416
32.766666666666666 -0.15480072969236214 0.0006917685987997413
32.8 -0.14644489466907984 0.0006872788041428213
32.833333333333336 -0.13510131418828944 0.00068210395082835
32.86666666666667 -0.11984914288721703 0.0006734401303634674
32.9 -0.10202512610283733 0.0006650846925805032
32.93333333333333 -0.08222165893702128 0.0006532692970620396
32.96666666666667 -0.05842087056895942 0.0006396394596129215
33.0 -0.03372106873732429 0.0006248677004064493
33.03333333333333 -0.009675702274608712 0.000611084293924551
33.06666666666667 0.01564683073946723 0.0006137752632802002
33.1 0.040067281018172154 0.0006279616002169836
33.13333333333333 0.06161378459494969 0.0006413664565054003
33.166666666666664 0.08149058591086243 0.0006525552829291098
33.2 0.1013998653345317 0.0006636689605299118
33.233333333333334 0.11768545152999221 0.0006716943044391133
33.266666666666666 0.12938001962217607 0.0006775470281533968
33.3 0.1377572576131973 0.0006835676006209934
33.333333333333336 0.14193098842812116 0.0006848758598060056
33.36666666666667 0.14249262741102262 0.0006851025215407758
33.4 0.1387682394925847 0.0006836178974823914
33.43333333333333 0.13121666290990927 0.0006796716224042043
33.46666666666667 0.11955526827558713 0.0006738325375543475
33.5 0.1035231987903695 0.0006648145206170769
33.53333333333333 0.08558476162355433 0.0006546590834326654
33.56666666666667 0.06546981904041105 0.000643876977784702
33.6 0.04255872997701455 0.0006305189439809455
33.63333333333333 0.018684925122430866 0.000617966168548971
33.666666666666664 -0.005454294169869176 0.000608562281394223
33.7 -0.031010306682999318 0.0006231937828468856
33.733333333333334 -0.05680230236764732 0.0006364488381482916
33.766666666666666 -0.07908649633956541 0.0006502989171908308
33.8 -0.1000370514709805 0.000662996061236279
33.833333333333336 -0.117376239939632 0.0006717436615039096
33.86666666666667 -0.13221686603969401 0.0006791161143551439
33.9 -0.14410949504913365 0.0006852863974573242
33.93333333333333 -0.15154137922517222 0.000690066846603471
33.96666666666667 -0.15591576058388443 0.0006918717681518582
34.0 -0.15693562722418017 0.0006927959801105998
34.03333333333333 -0.15310092925467447 0.0006915699786522178
34.06666666666667 -0.14388958510972322 0.0006856319116627374
34.1 -0.13236960172437892 0.0006799128231486096
34.13333333333333 -0.11799335284694037 0.0006724127934984864
34.166666666666664 -0.10131784404203838 0.0006634075091076913
34.2 -0.07874606010897856 0.0006512307005923645
34.233333333333334 -0.05680029953698263 0.0006386320926395073
34.266666666666666 -0.0322435154833543 0.0006248020845581459
34.3 -0.007492900717673978 0.0006109478261738348
34.333333333333336 0.01563578577008145 0.0006140979320307174
34.36666666666667 0.040495364152112065 0.0006282888601191541
34.4 0.0641622652616679 0.0006414022971025224
34.43333333333333 0.08430187881034494 0.0006532306145565908
34.46666666666667 0.10203694774982666 0.0006644024588275954
34.5 0.1160830744126748 0.0006724399281219096
34.53333333333333 0.12941502978886976 0.0006793517525480741
34.56666666666667 0.13657761464586118 0.0006818032603268243
34.6 0.1406138857944859 0.0006839773514115688
34.63333333333333 0.14107425745321234 0.0006843981210974959
34.666666666666664 0.13742054138292709 0.000684193011741191
34.7 0.12782423761889686 0.0006784265530636324
34.733333333333334 0.11663173668966555 0.0006725908748310416
34.766666666666666 0.1010185391676913 0.0006645258546743721
34.8 0.08359392282210261 0.0006537981134375065
34.833333333333336 0.0628255767201891 0.0006420158729678882
34.86666666666667 0.04081493658541356 0.0006294476241772151
34.9 0.016694624027577154 0.0006149450412558377
34.93333333333333 -0.007542986440732227 0.0006068290456047358
34.96666666666667 -0.032988012705972784 0.0006234875742232651
35.0 -0.055763768570002446 0.0006371626916911732
35.03333333333333 -0.07837077513808581 0.0006491934691268686
35.06666666666667 -0.09943297247848945 0.0006604700262674706
35.1 -0.11707976412244675 0.0006715225246891332
35.13333333333333 -0.1339327797773431 0.000678653381040617
35.166666666666664 -0.14530295097851786 0.0006860706285913565
35.2 -0.15197820846229365 0.0006897059083663393
35.233333333333334 -0.15624430639999445 0.0006911956502631822
35.266666666666666 -0.15565115270818966 0.0006913407729354781
35.3 -0.15212530013897035 0.0006898037570830795
35.333333333333336 -0.1436688040375688 0.0006852683297952078
35.36666666666667 -0.13173178566082094 0.0006798288993005441
35.4 -0.11557307779879508 0.0006707745402107917
35.43333333333333 -0.09822283683963526 0.0006614477856006495
35.46666666666667 -0.07723261077300715 0.0006511023494051998
35.5 -0.05535918964274365 0.0006385501129701418
35.53333333333333 -0.030812885767875362 0.0006236192319973681
35.56666666666667 -0.006947003626175194 0.0006096333350979416
35.6 0.016698261554204594 0.0006145335524978569
35.63333333333333 0.04108316155396913 0.0006296337206689873
35.666666666666664 0.06335512965120138 0.0006433286194603566
35.7 0.08521526072026203 0.0006538523283479564
35.733333333333334 0.1026216678425496 0.0006637563963167864
35.766666666666666 0.11735094399479443 0.0006718274571224925
35.8 0.12872945702669533 0.0006776441558493385
35.833333333333336 0.13715394545114748 0.0006833942449542552
35.86666666666667 0.14036241279380748 0.0006834880213747729
35.9 0.14070079320675768 0.0006840074866266699
35.93333333333333 0.1362630483035582 0.0006816063672796802
35.96666666666667 0.1278528081056097 0.0006776400254620285
36.0 0.11556799612482035 0.0006705127715964793
36.03333333333333 0.10039190881296872 0.0006627552759554262
36.06666666666667 0.08153879211190261 0.0006520367719050624
36.1 0.058955100802028544 0.0006386772049691569
36.13333333333333 0.038998727175752895 0.0006287895088648507
36.166666666666664 0.014205727796447219 0.0006130699480609795
36.2 -0.010850718391427488 0.0006109081787502319
36.233333333333334 -0.03337335420844389 0.0006238873083985602
36.266666666666666 -0.05744356620405803 0.0006381220845089117
36.3 -0.07999086146031985 0.0006507928410691699
36.333333333333336 -0.10018433104545323 0.0006607947547686704
36.36666666666667 -0.11800783094650033 0.0006710683258535355
36.4 -0.13294691261376662 0.0006792710695892323
36.43333333333333 -0.14480564496991535 0.0006848302718068799
36.46666666666667 -0.1522065088189684 0.0006891677274694363
36.5 -0.15578491776100367 0.0006916517366486741
36.53333333333333 -0.15491065319244957 0.0006913489645171411
36.56666666666667 -0.15068318692587446 0.0006886797081461782
36.6 -0.14201239468847152 0.0006849720677368498
36.63333333333333 -0.13036272583833294 0.0006784560727553512
36.666666666666664 -0.11503359394356108 0.0006708889509458721
36.7 -0.09710559696206825 0.000662656194602651
36.733333333333334 -0.07662011322340168 0.0006512680904408319
36.766666666666666 -0.052483058883145285 0.0006360856022528116
36.8 -0.02888618750511808 0.0006223524395218977
36.833333333333336 -0.004157850578790531 0.000607453603208236
36.86666666666667 0.020730296543497114 0.000616614730590756
36.9 0.04406954457250942 0.0006319776194147128
36.93333333333333 0.06527176727243234 0.0006427716353323565
36.96666666666667 0.08642282299443096 0.0006543674931989429
37.0 0.1015367860855246 0.0006659453225560802
37.03333333333333 0.11813209039891519 0.0006727935991841655
37.06666666666667 0.12913224459030656 0.0006783128500860158
37.1 0.13712408129450088 0.0006823088507204866
37.13333333333333 0.1409695189255791 0.0006839362737003085
37.166666666666664 0.14000990665991386 0.0006839956844363337
37.2 0.1354153292803881 0.0006814722399178241
37.233333333333334 0.12628512009970588 0.000676100549493075
37.266666666666666 0.11461700962923514 0.0006701335838590061
37.3 0.098304284462213 0.0006622790262218459
37.333333333333336 0.08030406668107533 0.0006515604624196536
37.36666666666667 0.05926475139762211 0.000640825136526392
37.4 0.03583564649400123 0.0006263241194195829
37.43333333333333 0.012954418687741756 0.0006126123846761106
37.46666666666667 -0.011895047837275876 0.0006126333765483962
37.5 -0.03541773716923882 0.000625638212953944
37.53333333333333 -0.060120498872332555 0.0006412225165889907
37.56666666666667 -0.08183734362101187 0.0006518450286999988
37.6 -0.10045107177764212 0.000662374891797185
37.63333333333333 -0.11943040845084792 0.0006725631946079835
37.666666666666664 -0.1326206567083055 0.000679788160729583
37.7 -0.14480255933455508 0.0006862406250813247
37.733333333333334 -0.1520326100052806 0.0006899441410165574
37.766666666666666 -0.15547415408300846 0.0006916964139800641
37.8 -0.15486356126021003 0.0006925753822716318
37.833333333333336 -0.14966878605155423 0.0006887588719727833
37.86666666666667 -0.1404334600924442 0.0006839996708115359
37.9 -0.12934905715114686 0.0006783017038060335
37.93333333333333 -0.11357838493702224 0.0006699487938720272
37.96666666666667 -0.09516468038734474 0.0006596324631724937
38.0 -0.07361157154458148 0.0006491811248467566
38.03333333333333 -0.05056391615532745 0.0006348976700778775
38.06666666666667 -0.02645597803275627 0.0006208327857342155
38.1 -0.0014574117814654724 0.0006057776292765383
38.13333333333333 0.022135524153776478 0.0006180242826183055
38.166666666666664 0.04357132392368613 0.0006318580980730001
38.2 0.06729446192608744 0.0006428079493136646
38.233333333333334 0.08645174501429352 0.0006547524975929059
38.266666666666666 0.10499440759116287 0.0006639788574249739
38.3 0.11790030181420379 0.0006731229671463196
38.333333333333336 0.12953447170017593 0.0006784868686769696
38.36666666666667 0.13621422712749182 0.0006821334123718881
38.4 0.13928024959062396 0.00068518768448117
38.43333333333333 0.1390200338254495 0.0006841615781210397
38.46666666666667 0.13352448283205842 0.0006818996165914581
38.5 0.12519563052232102 0.0006765886393059195
38.53333333333333 0.11297278955851418 0.00067035624249559
38.56666666666667 0.09840533778902631 0.0006624033063665907
38.6 0.07972098791732532 0.0006524288341427098
38.63333333333333 0.05839448350694102 0.0006380860051086248
38.666666666666664 0.035586749526896035 0.0006262295939471682
38.7 0.012189870842990839 0.0006111649508675644
38.733333333333334 -0.0122869473240186 0.0006128799652009333
38.766666666666666 -0.036590793745418126 0.000627307118536688
38.8 -0.06030204949628533 0.0006403123403177502
38.833333333333336 -0.08286711719387967 0.0006523510453169123
38.86666666666667 -0.10260634905406207 0.0006628706796428935
38.9 -0.11882544076567642 0.0006719228535638222
38.93333333333333 -0.1332397256236636 0.00067953056207673
38.96666666666667 -0.1437554309741074 0.0006855628721692264
39.0 -0.15138950587197134 0.0006889475468422057
39.03333333333333 -0.15361060205773833 0.0006907053915199968
39.06666666666667 -0.15301644568929895 0.0006907546865941305
39.1 -0.1470316221528952 0.0006873149991340199
39.13333333333333 -0.13990349229687538 0.0006840068623208961
39.166666666666664 -0.12647499970948733 0.0006766441091831665
39.2 -0.11126511449603271 0.0006675664019362981
39.233333333333334 -0.09240141183232552 0.0006579428507923063
39.266666666666666 -0.07224563547673142 0.0006463839360231066
39.3 -0.04964945527299212 0.0006333178046923627
39.333333333333336 -0.025136873729037338 0.000619720299976631
39.36666666666667 -0.001923340303040035 0.0006066591626167556
39.4 0.0231890243520935 0.0006208117168691497
39.43333333333333 0.047013847851919914 0.0006321475755189862
39.46666666666667 0.06831920396867526 0.0006450524309617456
39.5 0.08829412484403298 0.0006559531021718551
39.53333333333333 0.10432249428894878 0.0006635923006884925
39.56666666666667 0.1172892844475685 0.0006709293120421012
39.6 0.12848694250836476 0.000677869264062464
39.63333333333333 0.13514833251621977 0.0006807829100466678
39.666666666666664 0.13724710842817345 0.0006833337888483837
39.7 0.13729886597315266 0.0006832641121114758
39.733333333333334 0.13118835834409795 0.0006795787302320555
39.766666666666666 0.12351393952935504 0.0006760484339999734
39.8 0.109644140193376 0.0006680552903637338
39.833333333333336 0.09458214839284726 0.0006602389731346914
39.86666666666667 0.07569458259931881 0.0006489224810035527
39.9 0.05501431329181167 0.00063691386418218
39.93333333333333 0.033326461817930524 0.0006252442965221927
39.96666666666667 0.009272512767488842 0.0006110239989028463
40.0 -0.014413312122762782 0.0006129581151775275
40.03333333333333 -0.038822082285771026 0.0006284254172964146
40.06666666666667 -0.06167448045807906 0.0006404426537268415
40.1 -0.08483793515465433 0.0006540659555226147
40.13333333333333 -0.10308331329719037 0.0006634144929816288
40.166666666666664 -0.12053178497804377 0.0006727312447631084
40.2 -0.1339840602516908 0.0006787092254676164
40.233333333333334 -0.1442525338139487 0.0006845288373534264
40.266666666666666 -0.15107412522199745 0.0006891006284165946
40.3 -0.15328974642578722 0.0006901722512099584
40.333333333333336 -0.1524935163575002 0.0006898106524244885
40.36666666666667 -0.14718508999250873 0.0006868150670929496
40.4 -0.13708253708645957 0.0006825540939759678
40.43333333333333 -0.12566462354742575 0.0006756506400429074
40.46666666666667 -0.10835784519963727 0.000667739638078757
40.5 -0.0909093500739236 0.000657534440188387
40.53333333333333 -0.06989118241102499 0.0006451481432051265
40.56666666666667 -0.04661549827816671 0.0006320164066445019
40.6 -0.023945548024637598 0.0006192203232254744
40.63333333333333 0.000592054189057144 0.0006044613737591461
40.666666666666664 0.024015043531082112 0.0006191126670310708
40.7 0.048663416655433195 0.000634228316039355
40.733333333333334 0.06939329179810633 0.0006449183344396647
40.766666666666666 0.08783541752934938 0.0006551308270715678
40.8 0.10530705164304577 0.0006671941359137623
40.833333333333336 0.11838128436326469 0.000672568507086746
40.86666666666667 0.12873060606628653 0.0006766970449056386
40.9 0.13524715239535742 0.0006805866665182403
40.93333333333333 0.1382783532407658 0.000683347717770344
40.96666666666667 0.13567097151770813 0.0006830464773268929
41.0 0.13131055377645154 0.0006793159051141362
41.03333333333333 0.12201558271259795 0.0006744838551947102
41.06666666666667 0.10973103119895114 0.0006677508493247442
41.1 0.09257552328431469 0.0006581866960511662
41.13333333333333 0.0741435620542718 0.000648851028258346
41.166666666666664 0.053620822404267174 0.0006372219591116862
41.2 0.03051561122372253 0.0006237495256437506
41.233333333333334 0.0072819501845733945 0.0006088027834992267
41.266666666666666 -0.016756440270180025 0.000614380901552615
41.3 -0.03946541308389996 0.0006301292974030745
41.333333333333336 -0.062152739855870644 0.000641104517649517
41.36666666666667 -0.08491667637160295 0.0006539416186353147
41.4 -0.1050970531071417 0.0006661890719986685
41.43333333333333 -0.12009320627552823 0.0006720747617677408
41.46666666666667 -0.13414706725995731 0.0006807751134611517
41.5 -0.14413134036430067 0.0006864407564541875
41.53333333333333 -0.1504091865561303 0.0006889469559034911
41.56666666666667 -0.15303279589632302 0.0006903280065855555
41.6 -0.15176196107092393 0.0006894422202580464
41.63333333333333 -0.14567367278024748 0.0006871291356702058
41.666666666666664 -0.13628735843127496 0.0006813982825697174
41.7 -0.12355783574478837 0.0006748931259743518
41.733333333333334 -0.10772939694030012 0.0006669785349109059
41.766666666666666 -0.08884926829575948 0.0006566440540782953
41.8 -0.06770746282820543 0.0006444886074113282
41.833333333333336 -0.04568150676212227 0.0006308583766795189
41.86666666666667 -0.021612836781901543 0.0006176720140287396
41.9 0.0017694188859213099 0.0006062421053332425
41.93333333333333 0.026079785563782036 0.000619430110385847
41.96666666666667 0.04830017452892839 0.0006338586023749981
42.0 0.06936503047223481 0.0006448580144650384
