0.0 0.6974147429133289 0.0008459210089699631
0.03333333333333333 0.6303510164562908 0.000837255652379576
0.06666666666666667 0.546525643716149 0.0008230024300422967
0.1 0.4477990945629757 0.0007997768673513317
0.13333333333333333 0.33440165468570193 0.0007627949023608083
0.16666666666666666 0.2175249871193197 0.0007136000328090419
0.2 0.09289325744537563 0.000651288334846456
0.23333333333333334 -0.02883488133886732 0.0006162859944871396
0.26666666666666666 -0.15705807648847958 0.0006820223935683212
0.3 -0.2751081484106016 0.0007376604923051144
0.3333333333333333 -0.38750384340314303 0.0007769044015083493
0.36666666666666664 -0.4921257984611746 0.0008059197985373912
0.4 -0.5809242631130073 0.0008252166273639006
0.43333333333333335 -0.6563984551927352 0.0008356634951459663
0.4666666666666667 -0.7179387461406876 0.0008405101019256511
0.5 -0.7605223862524164 0.0008433811279993098
0.5333333333333333 -0.7834675872526448 0.0008429348696037398
0.5666666666666667 -0.7880337176112018 0.0008440400391818148
0.6 -0.7727787536304971 0.0008440336038848528
0.6333333333333333 -0.7383805199684199 0.0008446315518928493
0.6666666666666666 -0.6837642800775373 0.0008393462905917914
0.7 -0.6132320489543887 0.0008331700751320614
0.7333333333333333 -0.5254237736304906 0.0008180718601800141
0.7666666666666667 -0.42284043783508934 0.0007912376679548028
0.8 -0.31096127890642905 0.0007518021217088333
0.8333333333333334 -0.19157463971095828 0.00070037349960686
0.8666666666666667 -0.0691796202897109 0.0006369080641907277
0.9 0.057106801422431984 0.0006303657832385234
0.9333333333333333 0.1784248401027422 0.0006929807552016054
0.9666666666666667 0.29813651203809766 0.0007451163145106854
1.0 0.40809769449828676 0.0007826306277393114
1.0333333333333334 0.5055381736241235 0.0008119746733100675
1.0666666666666667 0.5924285842026727 0.0008280390892331235
1.1 0.6619396484574577 0.0008385601392162378
1.1333333333333333 0.7176138207922972 0.0008430713932235934
1.1666666666666667 0.75216449052617 0.0008439153620678486
1.2 0.7701515307160676 0.0008454801045340021
1.2333333333333334 0.7687580662055047 0.0008461424395701522
1.2666666666666666 0.7477867621929833 0.000847047007202506
1.3 0.7070521987574255 0.0008437064548787454
1.3333333333333333 0.6505959137995281 0.0008419925123737126
1.3666666666666667 0.5731216345157316 0.0008269286115590857
1.4 0.4809525727048185 0.0008080468348545811
1.4333333333333333 0.37682614863270675 0.000777772799103793
1.4666666666666666 0.26201284904564337 0.0007321850177616218
1.5 0.1388909429105281 0.0006767577566145488
1.5333333333333334 0.016239479043211498 0.000606610716208749
1.5666666666666667 -0.10325186551239803 0.0006564451493598633
1.6 -0.22542446678717099 0.0007154635013047195
1.6333333333333333 -0.33759789020631353 0.0007611491926584613
1.6666666666666667 -0.44295097590349014 0.000795436535049987
1.7 -0.5394933387738813 0.0008155700730470006
1.7333333333333334 -0.6219080911299731 0.000830143926053295
1.7666666666666666 -0.6847303590950794 0.0008380235094455069
1.8 -0.7341286925129608 0.0008418151291207376
1.8333333333333333 -0.7634970184934398 0.000842816919650824
1.8666666666666667 -0.775807897636228 0.0008437362759909917
1.9 -0.768774761736918 0.0008456587589791287
1.9333333333333333 -0.7415507332619167 0.0008439988025321643
1.9666666666666666 -0.6953131327867548 0.0008420067647284535
2.0 -0.6322239563675849 0.0008357608449707232
2.033333333333333 -0.551069322354407 0.0008226821193041411
2.066666666666667 -0.4547365149812169 0.0008013887162894862
2.1 -0.3475643341603202 0.0007663154132186434
2.1333333333333333 -0.23425395582621392 0.0007212109319218729
2.1666666666666665 -0.11225647563133109 0.0006618516586358036
2.2 0.010618398477149267 0.0006045012756366059
2.2333333333333334 0.131813705843627 0.0006718909995762912
2.2666666666666666 0.2514687893225318 0.0007272592586087256
2.3 0.35999043208425513 0.0007678244113421551
2.3333333333333335 0.46278447674532897 0.0007993369991000088
2.3666666666666667 0.5531832842791493 0.0008205062959710796
2.4 0.6288701490340296 0.0008321334056780039
2.433333333333333 0.6870695191897142 0.000841378951370042
2.466666666666667 0.7304815928742439 0.0008447680505416777
2.5 0.7541499314647585 0.0008450969834923328
2.533333333333333 0.7588087148210397 0.0008451751916764838
2.566666666666667 0.7456407482988079 0.0008459280396837521
2.6 0.7136087256240146 0.0008433194064618732
2.6333333333333333 0.660927309520213 0.0008412911986134253
2.6666666666666665 0.5904653539599931 0.0008309419448468969
2.7 0.5030019301543672 0.0008152266071754788
2.7333333333333334 0.4047783345125508 0.0007871662775380539
2.7666666666666666 0.2960862379162911 0.0007463367440858071
2.8 0.1781339570316043 0.000695333726323355
2.8333333333333335 0.05731747884055465 0.000634777405873102
2.8666666666666667 -0.0635635194292133 0.0006339390201908074
2.9 -0.18359112369198569 0.0006977770140136896
2.933333333333333 -0.29705506520711694 0.0007442585208475849
2.966666666666667 -0.4047012765418923 0.0007837156872728679
3.0 -0.5007403408621788 0.0008083907740945584
3.033333333333333 -0.5846925587771288 0.0008254143943116077
3.066666666666667 -0.6543814531687651 0.0008348868580227986
3.1 -0.7087446807954549 0.0008395524288081768
3.1333333333333333 -0.7450307695954549 0.0008417837236183168
3.1666666666666665 -0.7620811702652757 0.0008433268701406593
3.2 -0.7608409076557496 0.0008437242190236782
3.2333333333333334 -0.7409830051834421 0.0008443654519412203
3.2666666666666666 -0.7016158355639551 0.0008427240548919412
3.3 -0.6437272444552815 0.0008352384091254716
3.3333333333333335 -0.5705861901901594 0.0008245968214092292
3.3666666666666667 -0.47977870923502275 0.0008078721382090426
3.4 -0.37704584924720214 0.000778417384556418
3.433333333333333 -0.26507276640867816 0.0007363958637442436
3.466666666666667 -0.14901317236640335 0.0006826000082300887
3.5 -0.02777475900890169 0.0006169381358580965
3.533333333333333 0.09129047669072876 0.0006492305590097697
3.566666666666667 0.21261566959057152 0.0007099774742062859
3.6 0.3224347421665569 0.000756114330869806
3.6333333333333333 0.42625101988387937 0.0007900615087677032
3.6666666666666665 0.5178846067956364 0.0008126253282533247
3.7 0.5988060582174842 0.000828576983271101
3.7333333333333334 0.6626195459295227 0.0008363084500293549
3.7666666666666666 0.7090068266378984 0.0008417402602615143
3.8 0.7371499384372127 0.0008432496137765755
3.8333333333333335 0.7473774367098103 0.000844279995750763
3.8666666666666667 0.740641322664785 0.0008445506990523155
3.9 0.713265825040884 0.0008421368908274607
3.933333333333333 0.6699450504888979 0.0008413018063355704
3.966666666666667 0.606691477666122 0.0008343781488671098
4.0 0.5237905928441166 0.0008178058148444745
4.033333333333333 0.4300659692558394 0.0007955792512699955
4.066666666666666 0.3264167021755981 0.0007606118657851879
4.1 0.21385813426694403 0.0007119213570524752
4.133333333333334 0.09216565168209603 0.0006512788482172654
4.166666666666667 -0.025097513755215656 0.0006141134567425946
4.2 -0.14663503379869472 0.0006783542552769861
4.233333333333333 -0.2592442781198568 0.0007299051625382358
4.266666666666667 -0.3698883954740675 0.0007714211192892395
4.3 -0.467862823331202 0.0008008322832852022
4.333333333333333 -0.5521964770615755 0.0008190214625594106
4.366666666666666 -0.6274270078034867 0.0008317368168119232
4.4 -0.6835696446322416 0.0008387876370020697
4.433333333333334 -0.7252663121821243 0.0008420249114123868
4.466666666666667 -0.747591727367916 0.0008427605785780168
4.5 -0.7516050821250421 0.0008440926551301908
4.533333333333333 -0.7364486107724464 0.0008445757049992952
4.566666666666666 -0.7038135655946528 0.0008423802408418224
4.6 -0.652043048654266 0.0008379667029264626
4.633333333333334 -0.5829810530235227 0.0008281826488172328
4.666666666666667 -0.502668011320779 0.0008111763134577288
4.7 -0.40391303258472255 0.0007869282156265367
4.733333333333333 -0.2939727988546237 0.0007455022221442564
4.766666666666667 -0.17886316849950695 0.0006954792429378354
4.8 -0.06454500650114017 0.0006359576234237357
4.833333333333333 0.058350594392592256 0.0006300251446773666
4.866666666666666 0.17762230376740465 0.000693926448400245
4.9 0.2902744124543853 0.0007423411279860459
4.933333333333334 0.3943856318731033 0.0007778165793077552
4.966666666666667 0.4872366191253646 0.000805934025501942
5.0 0.5695464937520324 0.000823951811356749
5.033333333333333 0.6365258989521876 0.0008322211433070548
5.066666666666666 0.6885759820052764 0.0008396762818793091
5.1 0.7213071785623931 0.000842136437509744
5.133333333333334 0.7361428929358704 0.0008446288498822341
5.166666666666667 0.7335560708953136 0.000844103947431285
5.2 0.711903415625039 0.0008427649969943163
5.233333333333333 0.6713698691502091 0.0008409146801364731
5.266666666666667 0.6147207747515533 0.000834922986636788
5.3 0.5385040833288607 0.0008209166125200396
5.333333333333333 0.4505028383052892 0.0007986041348533868
5.366666666666666 0.34739513325130306 0.0007684893248384728
5.4 0.23442675003541494 0.0007213241355517042
5.433333333333334 0.11934775564751576 0.0006633835367648028
5.466666666666667 0.002620359453314342 0.0005990888177516201
5.5 -0.11554546901913872 0.0006610810673462197
5.533333333333333 -0.22857823454557463 0.0007158190474153836
5.566666666666666 -0.33861460157305423 0.0007593230923023664
5.6 -0.43827371699876155 0.0007936775208098323
5.633333333333334 -0.5254645765114467 0.0008146162952726854
5.666666666666667 -0.5998151985333501 0.0008287810863027989
5.7 -0.6600543463800866 0.0008359354221855186
5.733333333333333 -0.7054906206759545 0.0008414135977259374
5.766666666666667 -0.7321786696164493 0.000842180415198901
5.8 -0.7407819265778803 0.0008443153352925004
5.833333333333333 -0.7305378774693493 0.0008440181708337935
5.866666666666666 -0.7019732921672116 0.000842739907060297
5.9 -0.6559005589348152 0.0008381048856382911
5.933333333333334 -0.5912174601109326 0.0008288947224762699
5.966666666666667 -0.5120943635573694 0.0008145585372483222
6.0 -0.419864185028907 0.0007902252842541535
6.033333333333333 -0.315056097869835 0.0007540381205264346
6.066666666666666 -0.2012394874825806 0.0007066121594710983
6.1 -0.08489261363166191 0.000646431897648958
6.133333333333334 0.03177093061669026 0.0006161389486655233
6.166666666666667 0.14865818247512264 0.0006800599543164698
6.2 0.2607737891942223 0.0007324710276458979
6.233333333333333 0.3660560894142327 0.0007717145845890228
6.266666666666667 0.4607240538101142 0.0007984572732405715
6.3 0.541840460071906 0.000817442841756888
6.333333333333333 0.612525206138929 0.0008296274853616392
6.366666666666666 0.666285607176118 0.0008383244680014723
6.4 0.7028504540775682 0.0008403142859551016
6.433333333333334 0.7227535750706988 0.0008435425341192238
6.466666666666667 0.7229871265050745 0.000843635258440889
6.5 0.7054481806731213 0.0008425352275880371
6.533333333333333 0.6709976254479076 0.0008403611665283028
6.566666666666666 0.6180431959000915 0.0008339521116593751
6.6 0.5453247299532937 0.0008226021452200083
6.633333333333334 0.46245205826383234 0.0008035551819092213
6.666666666666667 0.36762929082444223 0.0007764732979932965
6.7 0.259080951079089 0.0007330542658284256
6.733333333333333 0.1429149856321098 0.000678546785453843
6.766666666666667 0.025027259459202724 0.0006127904498736819
6.8 -0.09027801126595973 0.0006490610868021551
6.833333333333333 -0.20340279178647938 0.000705400909589815
6.866666666666666 -0.3120435796131087 0.000751022208563823
6.9 -0.41275977214989695 0.0007849809183774759
6.933333333333334 -0.5001268927962684 0.0008077463622148118
6.966666666666667 -0.5765974120811913 0.0008237954828141936
7.0 -0.6396096132353122 0.0008347417693179704
7.033333333333333 -0.6878882009325543 0.0008402526912447694
7.066666666666666 -0.7175914202140746 0.0008435873963799079
7.1 -0.7295239250869353 0.0008437334808948371
7.133333333333334 -0.7228866915553538 0.0008437230765060422
7.166666666666667 -0.697508742051645 0.00084265068203071
7.2 -0.6545029503564607 0.0008381680330703523
7.233333333333333 -0.5963130140474715 0.0008300870832772533
7.266666666666667 -0.5190090497798837 0.0008155855519869082
7.3 -0.4304058250248781 0.0007940901494182806
7.333333333333333 -0.33133043917393423 0.0007610361718086711
7.366666666666666 -0.22043997719455705 0.0007149076797870191
7.4 -0.10610961450492089 0.0006598575453508199
7.433333333333334 0.01257241145862768 0.0006052509782302866
7.466666666666667 0.12609279585645972 0.0006680190758880933
7.5 0.23765419436566468 0.0007223869863337284
7.533333333333333 0.3437153718549837 0.0007623586348453615
7.566666666666666 0.437047694207357 0.0007917740872249723
7.6 0.5231149351632691 0.0008135199136218851
7.633333333333334 0.5931830783636806 0.0008285955027461656
7.666666666666667 0.6477450789518565 0.0008357588093901303
7.7 0.6869290259937916 0.0008407210225033213
7.733333333333333 0.7096165208604686 0.0008442501250903733
7.766666666666667 0.7132022401011292 0.0008447085230053331
7.8 0.6997529467542267 0.00084286497759678
7.833333333333333 0.6670963130177718 0.0008405485511095989
7.866666666666666 0.6193029567543746 0.0008349296018569374
7.9 0.5506485281766836 0.0008239413451694988
7.933333333333334 0.47283720206276747 0.0008058780956917144
7.966666666666667 0.37776433895550354 0.0007777244782858905
8.0 0.2734688212891171 0.0007391423338309333
8.033333333333333 0.16267984958384799 0.0006888700641579926
8.066666666666666 0.04545945791340607 0.0006253498902099239
8.1 -0.07050393203020709 0.0006390695750694841
8.133333333333333 -0.18287090980242351 0.0006970092986472998
8.166666666666666 -0.29041098616427213 0.0007429594852019217
8.2 -0.39254808238177574 0.0007808579209389599
8.233333333333333 -0.4804674622606553 0.0008043184418186633
8.266666666666667 -0.5587085210567732 0.0008214927489700319
8.3 -0.622709403955939 0.000831850140836865
8.333333333333334 -0.6712419574245724 0.0008377618796133746
8.366666666666667 -0.7042964436008546 0.0008410043109986498
8.4 -0.7176663276866561 0.0008426473084964803
8.433333333333334 -0.7143116946444672 0.0008422538790335832
8.466666666666667 -0.6923456331257631 0.0008404838063096332
8.5 -0.6536048145817062 0.0008378477158881292
8.533333333333333 -0.5967906480276177 0.0008293608288375554
8.566666666666666 -0.524373250714172 0.0008159420968861797
8.6 -0.4390944406279538 0.0007965087548543193
8.633333333333333 -0.34096813340098886 0.0007633371576779568
8.666666666666666 -0.23627194697867976 0.0007214859620560399
8.7 -0.12186558411084729 0.0006666430711479848
8.733333333333333 -0.005817141332435682 0.0006014366624531734
8.766666666666667 0.10691641885797615 0.0006588005209298559
8.8 0.22012900547071787 0.0007136592592753843
8.833333333333334 0.32456234002443773 0.0007548591760919154
8.866666666666667 0.41854726693174693 0.0007861815125887461
8.9 0.5050572024345937 0.0008109476859192721
8.933333333333334 0.5750908667574743 0.0008240157546275384
8.966666666666667 0.6326540860644193 0.0008333491485801314
9.0 0.6733192524544248 0.0008386434021243616
9.033333333333333 0.6971761240268444 0.0008400184343895223
9.066666666666666 0.7044663093542042 0.0008417435905152537
9.1 0.6922114620993332 0.0008416019889838644
9.133333333333333 0.6636002877319894 0.0008401005663744021
9.166666666666666 0.6170067754739376 0.0008330423304628853
9.2 0.552449626426541 0.0008231438240677846
9.233333333333333 0.47347889116450986 0.0008055797371327444
9.266666666666667 0.3831520469824391 0.0007796927679240007
9.3 0.282713710804656 0.000741815085176456
9.333333333333334 0.17508518623012964 0.0006956443804463086
9.366666666666667 0.05948095376298403 0.0006328433700527603
9.4 -0.053937945723670375 0.0006285530637413772
9.433333333333334 -0.1677893708464724 0.0006888102394463358
9.466666666666667 -0.27397766973601007 0.0007396391457295537
9.5 -0.3727857815822507 0.0007720188402951522
9.533333333333333 -0.4634724026759562 0.0007968154870897082
9.566666666666666 -0.5416152936749151 0.0008168611614137733
9.6 -0.6056186122322291 0.0008284513823202388
9.633333333333333 -0.6565128892851779 0.0008351982965875138
9.666666666666666 -0.6906310807751038 0.0008394628440401286
9.7 -0.7071628329059885 0.0008420326340453643
9.733333333333333 -0.706016014239398 0.0008425324662046929
9.766666666666667 -0.6866008981057516 0.0008417204638752063
9.8 -0.6490665662763345 0.0008376464587880328
9.833333333333334 -0.5940549350647143 0.0008309441047721355
9.866666666666667 -0.5251097416013265 0.0008171379067470896
9.9 -0.4421127407021102 0.0007974091816331241
9.933333333333334 -0.34743310556846285 0.0007668650017583212
9.966666666666667 -0.24272923351217215 0.0007257957773349755
10.0 -0.13418843302811148 0.000673235290026053
10.033333333333333 -0.02286711162541023 0.0006125082671578005
10.066666666666666 0.09503845532388845 0.0006524300414986056
10.1 0.20365457950264187 0.0007081946934966166
10.133333333333333 0.30780204065300204 0.0007490146993135438
10.166666666666666 0.4041517330787654 0.0007850783923904481
10.2 0.487867970671053 0.0008064849026208076
10.233333333333333 0.5596120038245033 0.0008215465377192643
10.266666666666667 0.6185703529382327 0.0008319838267616397
10.3 0.6608707473660358 0.0008382392511554482
10.333333333333334 0.6856992440070708 0.0008401954578107773
10.366666666666667 0.6943669780731034 0.000842065112421575
10.4 0.6844649631394977 0.0008411209258599728
10.433333333333334 0.6563604483200708 0.0008383380125976947
10.466666666666667 0.6138118068365931 0.0008334594858384614
10.5 0.5513472639659194 0.0008233072984388246
10.533333333333333 0.4758468265135323 0.000806286615780083
10.566666666666666 0.3862307348279049 0.000780107781132855
10.6 0.28689582238896544 0.0007448411829335533
10.633333333333333 0.17970354192598992 0.0006964918976713474
10.666666666666666 0.07063163070027827 0.0006397288723651307
10.7 -0.043030289221036286 0.0006235255271294579
10.733333333333333 -0.15424606242050132 0.0006821027367683863
10.766666666666667 -0.2600845386640941 0.0007312151245073562
10.8 -0.35860516537508325 0.0007679713805071597
10.833333333333334 -0.44930054886699594 0.0007958308099834666
10.866666666666667 -0.5288069384581139 0.000815998850916877
10.9 -0.5918898611220627 0.0008277610992445394
10.933333333333334 -0.6451905745909744 0.0008353757353085633
10.966666666666667 -0.6786219824666327 0.0008397090306841992
11.0 -0.6957700505813359 0.0008415220731220474
11.033333333333333 -0.695695286891778 0.0008422276253339245
11.066666666666666 -0.678021913845715 0.0008402370295613748
11.1 -0.6424708647332055 0.0008363612567826584
11.133333333333333 -0.5897763281292457 0.000828512775818635
11.166666666666666 -0.5229213541310139 0.000815799272544715
11.2 -0.4418805080065206 0.0007975470826643294
11.233333333333333 -0.34829396359310255 0.0007668151896098596
11.266666666666667 -0.24740305321967576 0.0007264324102886077
11.3 -0.14023291894329631 0.0006766677251841546
11.333333333333334 -0.027659119316338476 0.0006149619420210486
11.366666666666667 0.08205287624463939 0.0006441439431623813
11.4 0.19285271205469562 0.0007005216844312989
11.433333333333334 0.2987568554956002 0.0007461831481775372
11.466666666666667 0.39319097537949665 0.0007786474376588748
11.5 0.4775432984519249 0.0008054465867027849
11.533333333333333 0.5491803801454711 0.0008205190972607745
11.566666666666666 0.60767934137623 0.0008294283238580169
11.6 0.6496363389824055 0.0008351531562813541
11.633333333333333 0.6743940613180153 0.0008367048956900991
11.666666666666666 0.6834560232373762 0.0008407346525982629
11.7 0.6750149345851161 0.0008393934492409993
11.733333333333333 0.6498431429394521 0.0008379785951897478
11.766666666666667 0.6045159690296474 0.0008335231771879892
11.8 0.5469540180116153 0.0008237019310559646
11.833333333333334 0.47411612422667654 0.0008053088720389456
11.866666666666667 0.3848686870031741 0.0007814556819332741
11.9 0.28797547114540917 0.0007445866446218474
11.933333333333334 0.18517890780065568 0.0006999323404675017
11.966666666666667 0.07602449433253414 0.000644322646590631
12.0 -0.03388633643851131 0.0006192246136187407
12.033333333333333 -0.14569212581654925 0.0006778019642902644
12.066666666666666 -0.25121374101682786 0.0007267865879488911
12.1 -0.3511867354336932 0.0007639851206384107
12.133333333333333 -0.4385467374015226 0.0007936106673061549
12.166666666666666 -0.5169706973020151 0.000810538028226282
12.2 -0.5831268367863309 0.000827900277841076
12.233333333333333 -0.633237299226591 0.0008342284190343552
12.266666666666667 -0.6684346453501459 0.0008373700593269362
12.3 -0.6864194156446631 0.0008402533534007661
12.333333333333334 -0.6861079361291255 0.0008401663384425273
12.366666666666667 -0.6703818205031805 0.0008397170257125053
12.4 -0.6358069776696122 0.0008357991249293706
12.433333333333334 -0.585713679770841 0.0008292921635620898
12.466666666666667 -0.5185092992843491 0.0008149702838057271
12.5 -0.43946938610924463 0.0007953877917472596
12.533333333333333 -0.34694828448140685 0.000766604422995476
12.566666666666666 -0.24964570450063334 0.0007281541308251649
12.6 -0.14116182904714145 0.0006768388581186446
12.633333333333333 -0.0301080147343688 0.0006184116363748271
12.666666666666666 0.07653480283446336 0.0006429504821161558
12.7 0.18413239816434698 0.0006981200706832613
12.733333333333333 0.29036704459106033 0.0007432137712867215
12.766666666666667 0.3841130586665674 0.0007759645761334921
12.8 0.4653589394238255 0.0008012439073446509
12.833333333333334 0.5373138290841373 0.0008163425514575717
12.866666666666667 0.5965170521082316 0.0008271267035540042
12.9 0.6382233411628986 0.0008338014187434517
12.933333333333334 0.6638317621682078 0.0008371426589610653
12.966666666666667 0.6740915174930774 0.0008388999779380679
13.0 0.6665145090470332 0.0008392759931477034
13.033333333333333 0.6410220207690703 0.0008364179892573764
13.066666666666666 0.5986808313835584 0.0008318039008051725
13.1 0.5411914251363628 0.0008211195698377693
13.133333333333333 0.4676089226354536 0.0008047597465107303
13.166666666666666 0.3808995658929932 0.0007774639611325962
13.2 0.28826818873999144 0.0007451278521440896
13.233333333333333 0.18326790504387636 0.0006994957642853517
13.266666666666667 0.07711261519213893 0.0006433528597237087
13.3 -0.03198755749279644 0.0006139433859339988
13.333333333333334 -0.1403071355672162 0.0006759252530096072
13.366666666666667 -0.24430862732654263 0.0007239134239077905
13.4 -0.34466172073940016 0.0007623369349687437
13.433333333333334 -0.4320219080677515 0.0007919407941108791
13.466666666666667 -0.5105855550182276 0.000813823168325345
13.5 -0.5739418424159558 0.0008236844471045668
13.533333333333333 -0.6234916838304615 0.0008321808501206007
13.566666666666666 -0.6584362249750545 0.0008360701003617965
13.6 -0.6758778491938114 0.0008390172670309504
13.633333333333333 -0.6766424001034475 0.000839091279660753
13.666666666666666 -0.6610308609147111 0.0008378920324867423
13.7 -0.6258255123894674 0.0008343725790249668
13.733333333333333 -0.5759260346818118 0.0008244094422910075
13.766666666666667 -0.511505318644459 0.0008139206906757623
13.8 -0.4311261613653022 0.0007938127672587059
13.833333333333334 -0.3423932995151587 0.000764322606595147
13.866666666666667 -0.2446627284463941 0.000725735174848724
13.9 -0.1393585888815933 0.0006749886092815849
13.933333333333334 -0.030797652319408807 0.0006166291380969025
13.966666666666667 0.07561860733758524 0.0006414241164492823
14.0 0.1837993032693558 0.0006986166457068621
14.033333333333333 0.282699120857947 0.0007402967011786443
14.066666666666666 0.37981320960383996 0.0007762854516181195
14.1 0.46286465581657404 0.0008004567695931164
14.133333333333333 0.5309739488211211 0.0008177584835240559
14.166666666666666 0.5886208494956744 0.0008281135618652957
14.2 0.6295034631762063 0.0008338733752146776
14.233333333333333 0.6551837647832855 0.0008345146927120073
14.266666666666667 0.6642965324069613 0.0008377267242711817
14.3 0.6574145988245989 0.0008372491517196767
14.333333333333334 0.632512560892107 0.0008353184276999048
14.366666666666667 0.5900804931995374 0.0008303569438681269
14.4 0.5327931418251738 0.000818950396251461
14.433333333333334 0.45874493635356 0.0008034855488331383
14.466666666666667 0.3749225400650791 0.0007756254834241361
14.5 0.28233619692509654 0.0007402487662890866
14.533333333333333 0.17704168057721717 0.0006952117859686524
14.566666666666666 0.07185944251190404 0.0006414097084499332
14.6 -0.03427631430517184 0.0006191293028109252
14.633333333333333 -0.14114937128730518 0.0006772728185863996
14.666666666666666 -0.24110686999883882 0.0007228821267407926
14.7 -0.33886945898249055 0.0007622638901040868
14.733333333333333 -0.42747871980632973 0.0007889215481934886
14.766666666666667 -0.5037227527951675 0.0008098790673543022
14.8 -0.5679425038841149 0.0008230954450439976
14.833333333333334 -0.6155247685026154 0.0008310157991016087
14.866666666666667 -0.6508739104280545 0.000838816184993596
14.9 -0.6676855676507096 0.0008379500925823624
14.933333333333334 -0.6675344968595991 0.0008384284936273634
14.966666666666667 -0.6514058697862435 0.0008364870088549692
15.0 -0.6177578388474875 0.0008337228317838452
15.033333333333333 -0.5671322255040981 0.0008264091529253115
15.066666666666666 -0.5025971898811088 0.0008099701245396496
15.1 -0.42417499599682135 0.0007914462256328192
15.133333333333333 -0.33576534360230825 0.0007614140470892927
15.166666666666666 -0.23723622217573834 0.0007231947199575484
15.2 -0.13470178018137272 0.0006729619081180249
15.233333333333333 -0.027209234078892794 0.0006140890209574319
15.266666666666667 0.0783964253960321 0.0006423266099661179
15.3 0.18294711830257496 0.0006957929264859719
15.333333333333334 0.2814156026138684 0.0007395945420427541
15.366666666666667 0.37242199925352715 0.000773212039611948
15.4 0.45701399986974794 0.0007971942220507677
15.433333333333334 0.5255502463441121 0.0008147652956427276
15.466666666666667 0.5806648595405767 0.0008277115987500583
15.5 0.6222659590264539 0.0008325994038496098
15.533333333333333 0.6459676730165772 0.0008354984355594119
15.566666666666666 0.6539789389200952 0.0008363400051594194
15.6 0.6465913255051556 0.0008367150914915245
15.633333333333333 0.6210708048237056 0.0008330976635965159
15.666666666666666 0.580901883090996 0.0008290489100428733
15.7 0.5206169039989516 0.0008178957784664709
15.733333333333333 0.44923633437814625 0.0007995514712226259
15.766666666666667 0.3661210284290052 0.0007726684260604411
15.8 0.2726783905909784 0.0007377133128117497
15.833333333333334 0.17186585563939308 0.000693093020260549
15.866666666666667 0.0666990988542275 0.0006366406048016471
15.9 -0.038151834334303254 0.0006205113048215749
15.933333333333334 -0.14312351734628825 0.0006774407300814134
15.966666666666667 -0.24280867385839655 0.00072328454264739
16.0 -0.34098774137497534 0.0007606058228636914
16.033333333333335 -0.42490755235452654 0.0007889064122343914
16.066666666666666 -0.5003181777623226 0.0008092194675225484
16.1 -0.5619308788210409 0.0008232820633252702
16.133333333333333 -0.6096333438488349 0.0008298408702895888
16.166666666666668 -0.6422745016819232 0.0008349995495890994
16.2 -0.6586447751633016 0.0008375436753002008
16.233333333333334 -0.6578843840362558 0.0008376756148995579
16.266666666666666 -0.6405972151074972 0.0008366607832522854
16.3 -0.6072212726193483 0.000830771039697753
16.333333333333332 -0.5558874988013681 0.0008247546466745304
16.366666666666667 -0.49325535855956953 0.000810130082408822
16.4 -0.4116699584716751 0.0007878873426578337
16.433333333333334 -0.3243565432069731 0.0007563589214747424
16.466666666666665 -0.22921022931998236 0.000717096964468561
16.5 -0.12407342259943024 0.0006672664792342076
16.533333333333335 -0.022035499210925364 0.0006108143748333773
16.566666666666666 0.08320377816163184 0.0006457574172929748
16.6 0.18637814777383538 0.0006983547947904956
16.633333333333333 0.2829493030345048 0.0007398289752777454
16.666666666666668 0.3725125882841794 0.0007729850874382271
16.7 0.45228526597742785 0.0007955327406928836
16.733333333333334 0.521987741968253 0.0008141163216246472
16.766666666666666 0.5773827474827129 0.0008254547220248876
16.8 0.6157738261087238 0.0008315450549439829
16.833333333333332 0.6381543541743024 0.0008347801717499825
16.866666666666667 0.6457186311217339 0.0008366667741521727
16.9 0.6359521404483818 0.0008347238489962994
16.933333333333334 0.6100523150514418 0.0008341809800418432
16.966666666666665 0.56910957106297 0.0008280215509911537
17.0 0.5102517132199639 0.0008161325246665019
17.033333333333335 0.4398377923319286 0.0007969288358885551
17.066666666666666 0.3549617070297776 0.0007689378556251514
17.1 0.26257552598942646 0.0007348189217384338
17.133333333333333 0.16219126986568708 0.0006873301938046805
17.166666666666668 0.05970324812614511 0.0006328644982290313
17.2 -0.045794969612667574 0.0006253637513674165
17.233333333333334 -0.1490125845012692 0.0006798087187364077
17.266666666666666 -0.2475705411071785 0.0007248114101110203
17.3 -0.3413111492752284 0.0007599364618153248
17.333333333333332 -0.4231291878424095 0.0007893734434245014
17.366666666666667 -0.497357710200372 0.0008086152601155527
17.4 -0.5597994308373022 0.0008215240557697401
17.433333333333334 -0.6043134868339758 0.0008302808408701123
17.466666666666665 -0.6354827556416961 0.0008344234176806964
17.5 -0.6496529508639376 0.0008364728384308018
17.533333333333335 -0.6485687702526609 0.0008376233810858391
17.566666666666666 -0.6302148827183174 0.0008351628868857874
17.6 -0.5918177416090964 0.0008308118125803787
17.633333333333333 -0.5429577091346245 0.0008206119458636918
17.666666666666668 -0.47978996902616783 0.000806338456365685
17.7 -0.4020618590936929 0.0007835822559023597
17.733333333333334 -0.3122330098307078 0.0007533803778281833
17.766666666666666 -0.2180160076265079 0.0007138565655113172
17.8 -0.11468107844574608 0.0006627966826663612
17.833333333333332 -0.01069364107307111 0.0006061795955300021
17.866666666666667 0.09367712437141286 0.0006522957811038593
17.9 0.19415784653974422 0.0007021937009629164
17.933333333333334 0.28843723038792535 0.0007437559846096842
17.966666666666665 0.37545957750521786 0.0007745837334486305
18.0 0.4545314356427956 0.000799923931092239
18.033333333333335 0.5208100570898134 0.0008133975493709311
18.066666666666666 0.5730435246547798 0.000823687278210361
18.1 0.6102801233802404 0.0008312552282060404
18.133333333333333 0.6308615301796965 0.000833953519301156
18.166666666666668 0.6364522717108221 0.0008349926846356048
18.2 0.6254438459332179 0.0008344172557829266
18.233333333333334 0.597822637368058 0.0008318157824086514
18.266666666666666 0.5543358077180628 0.0008230229853827264
18.3 0.49697909766647913 0.0008098777746403107
18.333333333333332 0.4256425272442433 0.0007920961171651308
18.366666666666667 0.3414668087145656 0.0007640455458537421
18.4 0.24791800501685957 0.0007273816609043582
18.433333333333334 0.14888032270925988 0.0006798708336833159
18.466666666666665 0.046450589417423985 0.0006259074758870747
18.5 -0.05654502744936497 0.0006305855273969208
18.533333333333335 -0.15911265075573539 0.0006832408155241776
18.566666666666666 -0.2561974387284932 0.0007274435512856225
18.6 -0.3456985649002364 0.0007634672993387381
18.633333333333333 -0.42638111448654153 0.0007879606478960466
18.666666666666668 -0.497016911963792 0.0008089899393161071
18.7 -0.5550743045783771 0.0008213477700546035
18.733333333333334 -0.5994814127802177 0.0008297702696046239
18.766666666666666 -0.6292430044091952 0.000834439739311188
18.8 -0.6412669335075434 0.0008363520273166891
18.833333333333332 -0.6370507408548535 0.0008360527948726437
18.866666666666667 -0.616646959650784 0.0008340621033046114
18.9 -0.5802343216537931 0.0008281837129500147
18.933333333333334 -0.5305549271087882 0.0008185639043057913
18.966666666666665 -0.46403147267712197 0.0008034739603895447
19.0 -0.38752238502819564 0.0007815259450184575
19.033333333333335 -0.2965894723144537 0.0007484938931086038
19.066666666666666 -0.2007270700139311 0.0007058226317479821
19.1 -0.1005164962720759 0.0006559419249976828
19.133333333333333 -0.00240469120860456 0.000601316757435025
19.166666666666668 0.10389609571041448 0.0006566880578794815
19.2 0.20452868199592744 0.000705550386488063
19.233333333333334 0.2955140024707578 0.0007426761075510768
19.266666666666666 0.38079346754848653 0.0007751381442669958
19.3 0.45706254175513616 0.0007980133427253344
19.333333333333332 0.5191273811372059 0.0008139847523238597
19.366666666666667 0.5710198342660979 0.0008235142308338217
19.4 0.6048046902708349 0.0008294280700247292
19.433333333333334 0.6238312372846703 0.000833881189362562
19.466666666666665 0.6275459284841631 0.0008332241699687826
19.5 0.6139927961466584 0.0008335858415712272
19.533333333333335 0.5847760720079359 0.0008286821518295184
19.566666666666666 0.5399592698397274 0.000822973820037487
19.6 0.4821441760567621 0.0008082484804085022
19.633333333333333 0.4090871767195689 0.0007854319162312051
19.666666666666668 0.32739821850935685 0.0007605228637896921
19.7 0.23311200753098774 0.0007206987142978349
19.733333333333334 0.13232811312118903 0.0006707118824129943
19.766666666666666 0.032381321816347536 0.0006177328747712166
19.8 -0.0691954639749337 0.0006381523032521347
19.833333333333332 -0.1693429451270827 0.0006894861568449984
19.866666666666667 -0.265327213092451 0.0007322132684414728
19.9 -0.3535836429413263 0.0007661313340143749
19.933333333333334 -0.43125683971351053 0.0007901556139903732
19.966666666666665 -0.4993561925122173 0.0008089574822472967
20.0 -0.5544314215598148 0.000820083062738397
20.033333333333335 -0.5967340523923912 0.0008285561336401903
20.066666666666666 -0.6236419839272093 0.0008333043437730447
20.1 -0.6325443714190994 0.000834742824245116
20.133333333333333 -0.6272618944470272 0.0008340958660600917
20.166666666666668 -0.6054811094967449 0.0008350805742058931
20.2 -0.567136515388793 0.000828874175239025
20.233333333333334 -0.5144617450223254 0.0008164846603426756
20.266666666666666 -0.4464054207385165 0.0007982681762366273
20.3 -0.37031754475338774 0.0007739808290578298
20.333333333333332 -0.2839678839285479 0.0007413204435245402
20.366666666666667 -0.18759880046515506 0.0006992141413416919
20.4 -0.08703688432269015 0.0006472403856228603
20.433333333333334 0.015175470813553572 0.0006077442935231679
20.466666666666665 0.11713222188173715 0.0006634782942783052
20.5 0.21444963879051757 0.0007107799852920926
20.533333333333335 0.30333031422195794 0.0007473254813954999
20.566666666666666 0.3880285674305786 0.000775675862815961
20.6 0.4612193939690764 0.0007989095959979875
20.633333333333333 0.519753866192519 0.0008119993737540909
20.666666666666668 0.5676613467520633 0.0008235293023867163
20.7 0.6002635075956155 0.0008299400104705423
20.733333333333334 0.6183196638567419 0.0008335145572178071
20.766666666666666 0.6178191288957099 0.0008334672291088197
20.8 0.6021973824638089 0.0008312491202709937
20.833333333333332 0.5719986240100007 0.0008277280528100617
20.866666666666667 0.5254381971367268 0.0008173091111909336
20.9 0.4651864783421675 0.0008058251689518903
20.933333333333334 0.38950863631257815 0.0007809325659968169
20.966666666666665 0.30660436173524863 0.0007525544114062033
21.0 0.2167237641800451 0.0007137081775917542
21.033333333333335 0.11596668509844027 0.0006633251353411335
21.066666666666666 0.016287619692809258 0.000608076498496913
21.1 -0.08612632049187186 0.0006468963566246266
21.133333333333333 -0.1824289406726672 0.0006957866907421895
21.166666666666668 -0.2751489880656894 0.0007367331327604032
21.2 -0.3601986628628529 0.0007686703116666083
21.233333333333334 -0.43667732556600025 0.000792882202621692
21.266666666666666 -0.5023688596002791 0.0008094407899109646
21.3 -0.5556293448336543 0.0008209914261193552
21.333333333333332 -0.5936767789681048 0.0008279629086568319
21.366666666666667 -0.6170298506588323 0.0008326543371761641
21.4 -0.6240918239071378 0.0008344263727110279
21.433333333333334 -0.6162752867343623 0.0008331148223823526
21.466666666666665 -0.5909549456886756 0.0008296130071453467
21.5 -0.5502242762178657 0.0008227431094801618
21.533333333333335 -0.49650240391177297 0.00081014929612655
21.566666666666666 -0.4276877040707434 0.0007929534007362071
21.6 -0.35120580050214023 0.0007674015374137255
21.633333333333333 -0.2609128985704498 0.0007328120112824466
21.666666666666668 -0.16807404024098554 0.0006903866335943865
21.7 -0.06890540641979426 0.0006372626184330821
21.733333333333334 0.03461095436577086 0.0006175123437198171
21.766666666666666 0.1323771845094072 0.0006694795074877746
21.8 0.2284710398704408 0.0007177315928731387
21.833333333333332 0.31705077551448996 0.0007530274617930655
21.866666666666667 0.398357619205696 0.0007802547998834175
21.9 0.4658452135939796 0.0008011493227857991
21.933333333333334 0.5234081114785284 0.0008135220262802667
21.966666666666665 0.5672214583789859 0.0008226771046231374
22.0 0.5963901298417266 0.0008291964025418652
22.033333333333335 0.6098314786757587 0.0008308469583241385
22.066666666666666 0.6076373673978188 0.000831483734230698
22.1 0.5891947762226674 0.0008272661146964122
22.133333333333333 0.5563697234848718 0.0008254350015087786
22.166666666666668 0.5076634347498691 0.0008149612886138025
22.2 0.445009885598944 0.000796136502821787
22.233333333333334 0.37145367793950346 0.0007734773894775282
22.266666666666666 0.2878921239693206 0.0007464607301362891
22.3 0.19288909821507583 0.0007022638568007222
22.333333333333332 0.0991774627067026 0.0006559518912281209
22.366666666666667 -0.0034869918338234726 0.0006011768630960128
22.4 -0.10306821600086567 0.0006550398033091515
22.433333333333334 -0.19946630713337107 0.0007041544018400736
22.466666666666665 -0.2883545210224614 0.0007453282493373181
22.5 -0.3716363191647733 0.0007732022745145506
22.533333333333335 -0.44472673212069536 0.0007942657592685531
22.566666666666666 -0.5070764011308648 0.0008109823027997454
22.6 -0.5559107826495099 0.0008213481416756707
22.633333333333333 -0.5907978881408024 0.000827987841418909
22.666666666666668 -0.6113183687615219 0.0008320346336918583
22.7 -0.6164314588864817 0.0008329575071728268
22.733333333333334 -0.6038309912700679 0.000831355294549696
22.766666666666666 -0.5772917492876484 0.0008278075252261541
22.8 -0.5354993612135693 0.0008186584900066185
22.833333333333332 -0.47794150956243653 0.0008045823551655618
22.866666666666667 -0.4082570551036015 0.000785093017131977
22.9 -0.3293545220286055 0.0007573178768233713
22.933333333333334 -0.24117123591781187 0.000723818349455313
22.966666666666665 -0.14628027189526047 0.0006775577533852384
23.0 -0.048917995894142405 0.0006263086389410796
23.033333333333335 0.05104025985746899 0.0006267936542275615
23.066666666666666 0.15075424564103904 0.0006801331196865934
23.1 0.2448436982712701 0.0007236962607034825
23.133333333333333 0.32960231678487767 0.0007575339786459745
23.166666666666668 0.4059340532406171 0.0007839546080611326
23.2 0.4708837120704395 0.0008018775908123499
23.233333333333334 0.5271488125296189 0.0008152319934916497
23.266666666666666 0.5672233109979331 0.0008238574059845627
23.3 0.592290154794197 0.0008295847429128367
23.333333333333332 0.6025657027999495 0.0008300846573047194
23.366666666666667 0.5968711685791029 0.0008298281787526562
23.4 0.5764769668415476 0.0008270764082761728
23.433333333333334 0.5393831115932927 0.0008206978994300673
23.466666666666665 0.4891587337713945 0.0008083543266805826
23.5 0.4242238985593688 0.000792438946555396
23.533333333333335 0.3496772120439465 0.0007679751334603302
23.566666666666666 0.2624370589817643 0.0007355689694812928
23.6 0.1736582591010918 0.0006927121766621969
23.633333333333333 0.0756268396682214 0.0006419506140535741
23.666666666666668 -0.02168801306895444 0.0006124361212629069
23.7 -0.1214316077241524 0.0006654558079046552
23.733333333333334 -0.2155863540359868 0.0007112516771514144
23.766666666666666 -0.30230121397037085 0.000747134149449491
23.8 -0.3838949497884484 0.0007756559056177337
23.833333333333332 -0.4547216099551432 0.0007963477823990095
23.866666666666667 -0.5125394708991601 0.0008119145562951458
23.9 -0.5576330029705726 0.0008222984133593458
23.933333333333334 -0.5898028762541966 0.0008278854194235796
23.966666666666665 -0.6062203001633385 0.0008311793554959257
24.0 -0.6075287989096676 0.0008323195781225756
24.033333333333335 -0.5929750848326559 0.0008293083706690796
24.066666666666666 -0.5608790212638715 0.0008247943219005238
24.1 -0.5171448976181796 0.0008143863100349424
24.133333333333333 -0.45775109900894695 0.0008007664456771146
24.166666666666668 -0.3877406551088051 0.0007793458070244896
24.2 -0.30501029309087785 0.0007498341513467177
24.233333333333334 -0.21919707359098087 0.0007132819438271931
24.266666666666666 -0.12151379186517898 0.000666994443301594
24.3 -0.02440875874270119 0.0006125082596128324
24.333333333333332 0.0718528720190264 0.0006391758184712409
24.366666666666667 0.16737636703841485 0.0006880955567817593
24.4 0.25944288402844784 0.0007304657647038693
24.433333333333334 0.3424993422405184 0.0007631276075784621
24.466666666666665 0.41656068450315253 0.0007856205291827401
24.5 0.4787925560045445 0.0008043046436838064
24.533333333333335 0.5308260269843981 0.0008154341399466691
24.566666666666666 0.5661637001265843 0.0008228817642550457
24.6 0.5868962253919886 0.000827481613301595
24.633333333333333 0.5947946999412497 0.0008280613757924993
24.666666666666668 0.5869370473056842 0.0008283352235928243
24.7 0.5614631381061631 0.000822025898437162
24.733333333333334 0.5233921293983113 0.0008166971220223695
24.766666666666666 0.46941722336887814 0.0008041143949488183
24.8 0.4031240837237872 0.0007875321724262752
24.833333333333332 0.32383172065374 0.0007626191523195103
24.866666666666667 0.2392436078147349 0.0007225923613988494
24.9 0.1473738687146705 0.0006794449447574125
24.933333333333334 0.05180093840806564 0.0006278244062030147
24.966666666666665 -0.04506459198250817 0.0006247555622894557
25.0 -0.1402926353359068 0.0006763576968110419
25.033333333333335 -0.23493123527860857 0.0007194229528244278
25.066666666666666 -0.32022235414798866 0.0007545769335454144
25.1 -0.39584117483013886 0.0007775725319223437
25.133333333333333 -0.46365419291043025 0.0008011786562232559
25.166666666666668 -0.5181757049880995 0.0008127886164158715
25.2 -0.5601815608380524 0.0008211774565424212
25.233333333333334 -0.5869381032246251 0.0008275349150697053
25.266666666666666 -0.599853992544633 0.0008300689016281781
25.3 -0.5975733070132047 0.0008300101324414388
25.333333333333332 -0.5791445469972509 0.0008297730013044902
25.366666666666667 -0.5449859400144262 0.0008215293693675241
25.4 -0.4960505254257167 0.000809539481399224
25.433333333333334 -0.4363412756950087 0.0007953029349918594
25.466666666666665 -0.36289822020896473 0.0007734728111270517
25.5 -0.28029583420214216 0.0007410880330316338
25.533333333333335 -0.19259232811323554 0.0007030103016667233
25.566666666666666 -0.096987018028145 0.0006542926818695477
25.6 -0.00013218143336908155 0.00059762734484443
25.633333333333333 0.09422022456419937 0.0006512275893884034
25.666666666666668 0.18571184141891486 0.0006973112890833466
25.7 0.2769507594938353 0.0007375418585989224
25.733333333333334 0.35944697393659986 0.0007684730124872252
25.766666666666666 0.42839052282032714 0.0007921501550865462
25.8 0.48860949937892584 0.0008061097004077311
25.833333333333332 0.5339105755573719 0.0008158638520711081
25.866666666666667 0.5662258072710442 0.0008231580905053715
25.9 0.5841061722453668 0.0008276672074978286
25.933333333333334 0.5871663796878543 0.0008290511611681595
25.966666666666665 0.5739445951418712 0.0008255895847230077
26.0 0.5460001154595002 0.0008210920441101832
26.033333333333335 0.503119495895518 0.0008130614871693087
26.066666666666666 0.44524841769220463 0.0007991435596527707
26.1 0.37797590271740367 0.0007753878188503927
26.133333333333333 0.299942975117384 0.0007490224934124656
26.166666666666668 0.21193441287978726 0.0007124126994241808
26.2 0.12262083641533701 0.0006667448321604486
26.233333333333334 0.02583000641792721 0.0006137300606581381
26.266666666666666 -0.06828804124935697 0.0006368063210637764
26.3 -0.1627042575470571 0.0006860946598612749
26.333333333333332 -0.25260122727113005 0.0007278770262459378
26.366666666666667 -0.33439703407559546 0.0007589171951996598
26.4 -0.4112146247730595 0.0007847479823124837
26.433333333333334 -0.4733084403506213 0.0008032732054367164
26.466666666666665 -0.5240947617518618 0.0008181279414003484
26.5 -0.5614082233804055 0.0008225194280896408
26.533333333333335 -0.5842730291524786 0.0008260026770485762
26.566666666666666 -0.5929040718033305 0.000829230130652614
26.6 -0.5863052134810961 0.0008284372881914859
26.633333333333333 -0.564268147359381 0.0008247256372130307
26.666666666666668 -0.5272594438932491 0.0008167080291373585
26.7 -0.47604524164681294 0.0008068802984578793
26.733333333333334 -0.4125702428587643 0.0007878935699167089
26.766666666666666 -0.3368385607638727 0.0007630679917327576
26.8 -0.2551901210112241 0.0007296734505559122
26.833333333333332 -0.1638454720042467 0.0006885084859576118
26.866666666666667 -0.07024551635792493 0.0006395886723705724
26.9 0.02421455873714589 0.0006126570470568159
26.933333333333334 0.11893568499267362 0.0006651368293470739
26.966666666666665 0.20997997811852678 0.0007061726455707129
27.0 0.2944217258538521 0.0007424457068893053
27.033333333333335 0.3709837989556232 0.0007731753609643843
27.066666666666666 0.4410093020895359 0.0007930200468377335
27.1 0.49553572423212067 0.0008078405926722487
27.133333333333333 0.5373303792382434 0.000817220166699828
27.166666666666668 0.5648849920191973 0.0008238246778187186
27.2 0.5787878108796053 0.000826280252505307
27.233333333333334 0.5777359814752454 0.0008274920828451604
27.266666666666666 0.5612495695421178 0.0008228769810942893
27.3 0.5288850924817476 0.0008179145147186873
27.333333333333332 0.484478570870458 0.0008089518011764052
27.366666666666667 0.4243745880943749 0.000792145278900036
27.4 0.3521643520931902 0.0007684690613856127
27.433333333333334 0.2732782198366759 0.0007386450091356189
27.466666666666665 0.18426383744647568 0.0006996387186355701
27.5 0.09406527662662009 0.0006526519973988065
27.533333333333335 0.001190590073939282 0.0005996001277639048
27.566666666666666 -0.09464043113923695 0.0006507774665569649
27.6 -0.1865410282396656 0.0006981352354392956
27.633333333333333 -0.27346173694046255 0.0007361852770646493
27.666666666666668 -0.3528069123786114 0.00076572494190702
27.7 -0.4234814243743014 0.0007877091025344507
27.733333333333334 -0.48332638751083806 0.0008051167080705968
27.766666666666666 -0.5289912500137456 0.0008166078274454147
27.8 -0.563691598641756 0.0008239110473696742
27.833333333333332 -0.5806589633255588 0.0008266002208685563
27.866666666666667 -0.5846552083662053 0.0008271920848572645
27.9 -0.5744051053627559 0.0008264151765015049
27.933333333333334 -0.5489877658010108 0.0008232199284827768
27.966666666666665 -0.5074906885063949 0.0008140169599542002
28.0 -0.4534355881870452 0.0007992921862617908
28.033333333333335 -0.38463316450040225 0.0007788479785975078
28.066666666666666 -0.3097739902293232 0.000751101695698031
28.1 -0.2254155228860443 0.0007178145871076513
28.133333333333333 -0.1354504194895282 0.0006745785276297545
28.166666666666668 -0.04180140774562393 0.0006232939094795512
28.2 0.05261929427207263 0.000627110241568897
28.233333333333334 0.14522173893228646 0.0006775375244079118
28.266666666666666 0.23418638374530104 0.000719193989432293
28.3 0.3137475055138732 0.0007539782248967009
28.333333333333332 0.3888320409294858 0.0007775557903141883
28.366666666666667 0.45097684672732274 0.0007986951801462472
28.4 0.5024392282175026 0.0008093523637080491
28.433333333333334 0.5395132467221305 0.0008178682006474425
28.466666666666665 0.5634655522992918 0.0008232441361761822
28.5 0.5708002118056427 0.0008237812091622665
28.533333333333335 0.5657088356479796 0.0008241465711147367
28.566666666666666 0.544527229574155 0.0008201290641114412
28.6 0.5085359692127969 0.0008136065790270708
28.633333333333333 0.46130469303787236 0.0008020659831066146
28.666666666666668 0.3999256026854604 0.0007853605080039294
28.7 0.32489480539100135 0.000758825254867812
28.733333333333334 0.24373814835783092 0.0007260572676051624
28.766666666666666 0.15579004683370715 0.0006856040770099603
28.8 0.061991769290056106 0.0006338555629713388
28.833333333333332 -0.029570948965567192 0.0006188005556499662
28.866666666666667 -0.12350123603159176 0.0006666758080613316
28.9 -0.2102216835937548 0.0007089734887150978
28.933333333333334 -0.2947244677249242 0.0007443610044549631
28.966666666666665 -0.37050485230075125 0.0007717279416304401
29.0 -0.4345751048741136 0.0007928663112458656
29.033333333333335 -0.4909983390746567 0.0008074295808183085
29.066666666666666 -0.5335948293883634 0.0008166694113106443
29.1 -0.5622246254443191 0.0008223831733260578
29.133333333333333 -0.5762158293724566 0.0008261895881972459
29.166666666666668 -0.5759056532856526 0.0008262138161990729
29.2 -0.5602264068726609 0.0008237821932602918
29.233333333333334 -0.5299338904663647 0.0008183050641372702
29.266666666666666 -0.48572673887793694 0.0008085016232952102
29.3 -0.42804138239429496 0.0007926649294535681
29.333333333333332 -0.36113387047416345 0.0007710521996122655
29.366666666666667 -0.281770042145385 0.0007410439823316017
29.4 -0.19577762587047226 0.0007021431127248456
29.433333333333334 -0.10602830575298598 0.0006597000308246476
29.466666666666665 -0.013714934233838053 0.000607641131709526
29.5 0.08084412096469865 0.0006436927558219757
29.533333333333335 0.17143472347263425 0.0006884702207022586
29.566666666666666 0.2556790715665591 0.0007276804205402776
29.6 0.3359095080122632 0.0007585043313476647
29.633333333333333 0.40331454497902747 0.0007822706851028927
29.666666666666668 0.46165419082658465 0.0007986872350406737
29.7 0.5086220431619525 0.0008104990248963828
29.733333333333334 0.5412311373764066 0.0008181558272767342
29.766666666666666 0.5596127064579346 0.0008254021821515467
29.8 0.5634442624161964 0.0008251250401836163
29.833333333333332 0.5533043670274806 0.0008230757486504814
29.866666666666667 0.5286175887689991 0.0008191298033097816
29.9 0.48864972138983226 0.00080856426225423
29.933333333333334 0.43831300769341847 0.0007963344852221499
29.966666666666665 0.3716465801088356 0.0007751135726522529
30.0 0.30021436279808056 0.0007473074395914492
30.033333333333335 0.21374393403509706 0.0007145653889324421
30.066666666666666 0.12478996865461682 0.0006685336289504323
30.1 0.033040257927640225 0.0006178729012799242
30.133333333333333 -0.059890156909180564 0.0006339609072714067
30.166666666666668 -0.1504201511795406 0.0006799255855905184
30.2 -0.2373035574715163 0.0007209271041742071
30.233333333333334 -0.3168443917389932 0.000752919907205718
30.266666666666666 -0.38911141794599785 0.000777509500722029
30.3 -0.45066317573068615 0.000796549926965151
30.333333333333332 -0.4997498554655226 0.0008107819108082448
30.366666666666667 -0.5377202610787204 0.0008176280429028626
30.4 -0.5614785979627209 0.0008258689396525298
30.433333333333334 -0.5704786054128295 0.000826122446590527
30.466666666666665 -0.5644776262983812 0.0008243107787382353
30.5 -0.5441707916247497 0.0008216737454096457
30.533333333333335 -0.5094061819070907 0.0008132361843361524
30.566666666666666 -0.46139330617579694 0.0008025028347073415
30.6 -0.4032853347268063 0.0007840835483644004
30.633333333333333 -0.33067629926439873 0.0007590782520823791
30.666666666666668 -0.2515472923339646 0.0007268760610694702
30.7 -0.1652659050402922 0.0006875729935920671
30.733333333333334 -0.07288446885341368 0.0006401238666601944
30.766666666666666 0.019347573483433668 0.0006085094515428206
30.8 0.10935335516730153 0.0006608976919725007
30.833333333333332 0.19864157008143166 0.0007066618172102135
30.866666666666667 0.27819580500764335 0.0007391024542466318
30.9 0.35297454139374124 0.0007650256812984368
30.933333333333334 0.4180144104089314 0.0007861252141314057
30.966666666666665 0.47145094308486807 0.0008025462693596608
31.0 0.514116493917245 0.0008117793519155647
31.033333333333335 0.5419968488948057 0.0008172645871772355
31.066666666666666 0.5531675205808007 0.0008244255687852586
31.1 0.5548815394871741 0.0008228091500542822
31.133333333333333 0.5397218371747391 0.0008194784020544299
31.166666666666668 0.5097856832254509 0.0008132557621436387
31.2 0.466696110602612 0.0008043505159487374
31.233333333333334 0.4113927115649376 0.0007893305491548097
31.266666666666666 0.3435413340785807 0.0007668745300262181
31.3 0.26726934006304653 0.0007360595877338727
31.333333333333332 0.18311669540773443 0.0006980417932526406
31.366666666666667 0.09349993800980257 0.0006519353091480468
31.4 0.003403054134734183 0.0005987677471782915
31.433333333333334 -0.08935274696190404 0.0006490821228952587
31.466666666666665 -0.1770304675566794 0.0006936586032847691
31.5 -0.26134714061339237 0.0007326078798722824
31.533333333333335 -0.33866029566909867 0.0007611848166424462
31.566666666666666 -0.40567421079307925 0.0007832615337207138
31.6 -0.46216561663397576 0.0008002268306270266
31.633333333333333 -0.5089104066614571 0.0008113579195683229
31.666666666666668 -0.5401565159985838 0.0008183788721181084
31.7 -0.5594351519771433 0.0008226090148424348
31.733333333333334 -0.5633954795115398 0.0008240802742297548
31.766666666666666 -0.5527460853613642 0.0008218363525881456
31.8 -0.5269410172281813 0.0008174557829268014
31.833333333333332 -0.48792470399984933 0.0008086321587044143
31.866666666666667 -0.4360676324429292 0.0007952941602001884
31.9 -0.3724007247703829 0.0007749924973383671
31.933333333333334 -0.2986633960165527 0.0007479361752005809
31.966666666666665 -0.2169653468277622 0.000714651048922349
32.0 -0.12984103573368588 0.0006703795483587738
32.03333333333333 -0.04018612169811236 0.0006223701252849878
32.06666666666667 0.04988972800543737 0.0006270299909713409
32.1 0.1378964141126786 0.0006751719656863664
32.13333333333333 0.22359652067488978 0.0007168923952813877
32.166666666666664 0.3036307817616538 0.000749603129925891
32.2 0.3752538331184882 0.0007729550993753054
32.233333333333334 0.4354044720052155 0.0007910813037768083
32.266666666666666 0.48441863854341577 0.0008042684606516803
32.3 0.5198287859855275 0.0008118624540981445
32.333333333333336 0.5420839489883695 0.0008172762146657631
32.36666666666667 0.5492118865595508 0.000819591069075698
32.4 0.5438382793018668 0.0008211015353988271
32.43333333333333 0.5247868810101404 0.0008167376082505173
32.46666666666667 0.4908297380228791 0.000809132780053512
32.5 0.4419152477425882 0.0007967386415361211
32.53333333333333 0.3826994239602833 0.0007790539153665899
32.56666666666667 0.31357962844275117 0.000754727461258542
32.6 0.23444652153214082 0.0007211018044342987
32.63333333333333 0.14840415810738014 0.0006816240800712747
32.666666666666664 0.05980718078729274 0.0006333405122143504
32.7 -0.02991244865334491 0.0006168538243418627
32.733333333333334 -0.12136103548815762 0.0006670913343732321
32.766666666666666 -0.2057718031618733 0.000707841485443117
32.8 -0.2859564826747212 0.0007429443082844767
32.833333333333336 -0.3586671154235626 0.0007688373232470624
32.86666666666667 -0.4219993228245202 0.0007885861881973821
32.9 -0.4748653133575613 0.0008043340983029945
32.93333333333333 -0.5154509282506521 0.0008124366066127875
32.96666666666667 -0.5421389766280598 0.0008188838857345893
33.0 -0.5550344961144504 0.0008215864091986047
33.03333333333333 -0.5537012608214573 0.0008218804155869508
33.06666666666667 -0.537950734905453 0.000819357876011062
33.1 -0.5081275684660761 0.0008136813873382831
33.13333333333333 -0.46621300197313326 0.0008038107126661642
33.166666666666664 -0.4084125550167029 0.0007865291131908259
33.2 -0.34205305553054305 0.0007638327698815117
33.233333333333334 -0.2657626827197355 0.0007346737849796559
33.266666666666666 -0.1837604615185292 0.0006974148244053846
33.3 -0.09649072354720127 0.0006527388770284359
33.333333333333336 -0.00847768786507178 0.0006042371514620986
33.36666666666667 0.08237856706089822 0.0006450084887219959
33.4 0.1677385583479598 0.0006907308006864898
33.43333333333333 0.2514236958754166 0.000726518151768496
33.46666666666667 0.32773388252469865 0.0007546534939656402
33.5 0.3932010186513219 0.0007793489399060549
33.53333333333333 0.44853887829487266 0.0007954557356402714
33.56666666666667 0.49132730278253417 0.000806344256929048
33.6 0.5217708087179046 0.0008131765727863449
33.63333333333333 0.5385454161080696 0.0008166079796135817
33.666666666666664 0.5424657975459074 0.0008193708496694319
33.7 0.532005065276537 0.0008177112878968718
33.733333333333334 0.5057408155148821 0.0008129411094065508
33.766666666666666 0.46766864854042856 0.000803064749907989
33.8 0.41411497533885017 0.0007878885907321442
33.833333333333336 0.3512358869383941 0.0007682917432082492
33.86666666666667 0.27854908932524 0.000741310627365821
33.9 0.1989122819886296 0.0007047730348103409
33.93333333333333 0.11400889622729521 0.0006638059823135811
33.96666666666667 0.026655000143358892 0.0006145129909609151
34.0 -0.06262752025001687 0.0006360871734236162
34.03333333333333 -0.15183958875044967 0.0006816248634771704
34.06666666666667 -0.23477533568467812 0.0007188704454794137
34.1 -0.3115122077729184 0.000751324532115849
34.13333333333333 -0.3790139169278169 0.0007747684921246001
34.166666666666664 -0.43922386761488025 0.0007940536160380707
34.2 -0.48615482326442966 0.0008061511080174055
34.233333333333334 -0.5212388020362695 0.0008137372994306835
34.266666666666666 -0.5423788305832132 0.0008200877682019714
34.3 -0.5497408237038154 0.0008222281406476961
34.333333333333336 -0.543459618309971 0.0008216757889530912
34.36666666666667 -0.5214967682746848 0.0008166515122317586
34.4 -0.48720792555489173 0.0008105864200092516
34.43333333333333 -0.4386166669470299 0.000796317908403954
34.46666666666667 -0.3795771189338919 0.0007777108928994081
34.5 -0.30964867974547133 0.0007534703216325322
34.53333333333333 -0.23252087865338783 0.0007201281291656647
34.56666666666667 -0.14973120977212642 0.0006803790363262563
34.6 -0.06348421319423705 0.0006352305796929331
34.63333333333333 0.02709858058392774 0.0006129023261711754
34.666666666666664 0.11493067956457396 0.0006629085762480114
34.7 0.20011930683948728 0.0007045059629614825
34.733333333333334 0.27958033573914964 0.0007359673484878537
34.766666666666666 0.35024515811262663 0.0007649249168791838
34.8 0.41132970067905666 0.000784726525660473
34.833333333333336 0.46091203677653764 0.000798698949533716
34.86666666666667 0.4991773856928043 0.0008073027409482569
34.9 0.5249877833747163 0.0008146588269032362
34.93333333333333 0.5355838211150784 0.0008192876097614654
34.96666666666667 0.5327824354000957 0.0008178114246039092
35.0 0.5159198566685755 0.0008145623900414067
35.03333333333333 0.48503860839880164 0.0008062463134416165
35.06666666666667 0.4400647624932155 0.0007960115020141378
35.1 0.38260153718805545 0.0007802927529250714
35.13333333333333 0.31939075783067244 0.0007559650597589451
35.166666666666664 0.24484586311925433 0.0007265619890630404
35.2 0.1625248260035964 0.0006884353107892982
35.233333333333334 0.07826576824196692 0.0006428681662740549
35.266666666666666 -0.010615658069268417 0.0006037507899291795
35.3 -0.09642046956731487 0.000650620598655241
35.333333333333336 -0.18331787174082678 0.0006958427931097466
35.36666666666667 -0.26196023916700684 0.0007315191611395044
35.4 -0.3379001786515891 0.0007605503569061423
35.43333333333333 -0.4016403973923374 0.0007816101105529438
35.46666666666667 -0.4532839127006495 0.0007973284138995118
35.5 -0.4952431898696859 0.0008082316726971128
35.53333333333333 -0.523909019227855 0.0008154477164400431
35.56666666666667 -0.5410517080100814 0.0008201510346286245
35.6 -0.5417849112300431 0.0008211280915406682
35.63333333333333 -0.5297922814887308 0.0008180119376962613
35.666666666666664 -0.5036937774347598 0.0008127361445018355
35.7 -0.46122718575175864 0.0008015131935905639
35.733333333333334 -0.41042857857982656 0.000787312678288743
35.766666666666666 -0.347635167606513 0.0007670365605754181
35.8 -0.2740449634832351 0.0007380319223850296
35.833333333333336 -0.19608560718588294 0.0007062811791227197
35.86666666666667 -0.11046275036376282 0.0006612660934977449
35.9 -0.023473808867458867 0.000612943910240988
35.93333333333333 0.0630539114981351 0.0006348738982773494
35.96666666666667 0.14754752626257758 0.000678073187917877
36.0 0.2297277158109901 0.0007169274500722078
36.03333333333333 0.30291508109880505 0.0007495210101428618
36.06666666666667 0.37151046111042474 0.0007706058284165374
36.1 0.4282394931221172 0.0007878484658572771
36.13333333333333 0.47209091028849776 0.0008016349823944946
36.166666666666664 0.5039318323964614 0.0008117420553985788
36.2 0.5242845508251346 0.0008149575397141673
36.233333333333334 0.5287908805572888 0.0008168502814135392
36.266666666666666 0.521464378568056 0.000816182128374976
36.3 0.5000147891391824 0.0008105638311336483
36.333333333333336 0.4645523298080664 0.0008025492633413345
36.36666666666667 0.4147393947449386 0.0007868765067273187
36.4 0.35470477073256884 0.0007690557776952045
36.43333333333333 0.28518244012572613 0.0007427521530729564
36.46666666666667 0.2065214470543292 0.0007067610246776213
36.5 0.1266288079945792 0.0006701687317150762
36.53333333333333 0.040103505339037844 0.0006215488925438786
36.56666666666667 -0.04710939522339471 0.0006254220697376467
36.6 -0.13240973769605818 0.0006716425476018528
36.63333333333333 -0.2135870649983371 0.0007093255286504674
36.666666666666664 -0.2910386415507791 0.0007415842490696711
36.7 -0.3589694735393362 0.0007683836566185209
36.733333333333334 -0.4191193847487049 0.0007874630595383625
36.766666666666666 -0.4665672988308102 0.0008017557625440985
36.8 -0.5031353874535919 0.0008100874903163024
36.833333333333336 -0.5278089106025181 0.0008174342967309789
36.86666666666667 -0.5360728297844369 0.0008203013259943104
36.9 -0.5316330974256736 0.0008187930256046139
36.93333333333333 -0.5136700868025622 0.0008140801430700506
36.96666666666667 -0.48230473128694623 0.0008066561366799618
37.0 -0.43810458250181455 0.0007963527384290958
37.03333333333333 -0.3804835753131686 0.0007781039078113561
37.06666666666667 -0.3133187772082493 0.0007541090414990848
37.1 -0.23686315211596565 0.0007225178649188924
37.13333333333333 -0.1566942866958243 0.0006844377318971917
37.166666666666664 -0.07347593131879013 0.0006405921235657502
37.2 0.012366115287102863 0.0006039918336091347
37.233333333333334 0.09813501967154561 0.0006534923443391183
37.266666666666666 0.1809230218073228 0.0006945548573920046
37.3 0.25881430623436297 0.0007289586131820625
37.333333333333336 0.3286214371892462 0.0007574099707210458
37.36666666666667 0.39226366739635177 0.000777207359839438
37.4 0.4424528378473425 0.0007936733083888647
37.43333333333333 0.48130114373565075 0.0008062399248491281
37.46666666666667 0.5081187790071321 0.0008139905056688823
37.5 0.5213277778136378 0.000814832602218929
37.53333333333333 0.5214035162131107 0.0008143475284775326
37.56666666666667 0.5066332248654949 0.0008126325983832672
37.6 0.4776916134229923 0.0008061237597299931
37.63333333333333 0.4385637988923839 0.0007957927435247591
37.666666666666664 0.38495776607880267 0.0007816965535834552
37.7 0.3203207896400316 0.0007584763770351888
37.733333333333334 0.24921292498325437 0.0007291076963687748
37.766666666666666 0.1692078164410288 0.0006910911328713021
37.8 0.08625790294286267 0.0006480418569074914
37.833333333333336 0.0008046237161949543 0.0005984745624298715
37.86666666666667 -0.08458637539668411 0.0006473561911232578
37.9 -0.16708134394345195 0.0006889051218653408
37.93333333333333 -0.24603448650430693 0.0007249874564818071
37.96666666666667 -0.3174661781587009 0.0007527414666225196
38.0 -0.38193960278954886 0.000776258074184133
38.03333333333333 -0.43737178017153133 0.0007927600039659977
38.06666666666667 -0.4796784553440441 0.0008038604261557669
38.1 -0.5090977775244585 0.0008126906560754765
38.13333333333333 -0.5270236392608212 0.000819323156957763
38.166666666666664 -0.529497664725748 0.0008194597527753089
38.2 -0.5194786141796298 0.0008158272354803486
38.233333333333334 -0.4950803326227006 0.00081002393174745
38.266666666666666 -0.45671178361422776 0.0008007932344257784
38.3 -0.40806566505705094 0.0007857307063707242
38.333333333333336 -0.35201396566090676 0.0007694547532940965
38.36666666666667 -0.2792716174603653 0.0007409621975095759
38.4 -0.20066386133621014 0.000705350025585999
38.43333333333333 -0.11966603198537713 0.0006677349243225522
38.46666666666667 -0.03347647299335618 0.0006167966676457817
38.5 0.05007673756414064 0.0006262125427094201
38.53333333333333 0.13533694481574052 0.0006727060964570319
38.56666666666667 0.21471494089347748 0.0007091776988357446
38.6 0.286053709102885 0.000740367180448176
38.63333333333333 0.3528132825012653 0.0007673002257431727
38.666666666666664 0.40935210704385905 0.0007853749163954649
38.7 0.4558308897866006 0.0007989665392482692
38.733333333333334 0.4900073848909361 0.0008088119938552962
38.766666666666666 0.5110324740382849 0.0008132998275792724
38.8 0.5163279219182519 0.0008152579354839817
38.833333333333336 0.5110292996537261 0.0008130199349786205
38.86666666666667 0.4901738392264084 0.0008087824503178465
38.9 0.4563143386688424 0.0008004854438125042
38.93333333333333 0.41109617641229745 0.0007872329899145103
38.96666666666667 0.35387931252027427 0.0007691851799490057
39.0 0.2870180807670288 0.0007448072424156016
39.03333333333333 0.21186872994028433 0.0007117613673096324
39.06666666666667 0.13142195222044334 0.000671041283100221
39.1 0.04761490703420652 0.000625359820718624
39.13333333333333 -0.036839410793306875 0.0006185407196031001
39.166666666666664 -0.12109705692234315 0.0006641371886426245
39.2 -0.2010035184472888 0.0007048348469305132
39.233333333333334 -0.27705414478150237 0.0007375938334012733
39.266666666666666 -0.34512253665422793 0.0007628144700085326
39.3 -0.40374740574558954 0.0007826815780538898
39.333333333333336 -0.45206970954702447 0.0007975205061184765
39.36666666666667 -0.48865033077886966 0.0008076768975474047
39.4 -0.5129747536560513 0.0008141153204933582
39.43333333333333 -0.5228954811929761 0.0008161577800129827
39.46666666666667 -0.520890399909797 0.0008162727099932932
39.5 -0.5024873455659572 0.0008124538629610267
39.53333333333333 -0.47288787872866966 0.0008054048268452685
39.56666666666667 -0.4322848001027635 0.0007946223252389695
39.6 -0.3776293707598112 0.000775697122973984
39.63333333333333 -0.31396002018668356 0.0007538581356464347
39.666666666666664 -0.24188940373139256 0.00072550516963657
39.7 -0.160968244834999 0.0006864224797361873
39.733333333333334 -0.07900664006575657 0.0006442899568298299
39.766666666666666 0.005934120912591936 0.0006021413388917407
39.8 0.08910105611103299 0.0006480558444320605
39.833333333333336 0.16970805216385776 0.0006893228095988524
39.86666666666667 0.24586173890197177 0.0007254036110939666
39.9 0.316147624290731 0.0007521917317364069
39.93333333333333 0.3764726724416671 0.0007732995561480771
39.96666666666667 0.42771922538935614 0.000789354753791438
40.0 0.4661871082938476 0.0008021288391826253
40.03333333333333 0.4948414688606093 0.0008103587287561775
40.06666666666667 0.5078797177037143 0.0008123639313500908
40.1 0.5087751434947603 0.0008128421170353617
40.13333333333333 0.49650074063822947 0.0008116084926007017
40.166666666666664 0.46900885956188937 0.0008058438285462599
40.2 0.4305536303872245 0.0007943654094262897
40.233333333333334 0.379571510160532 0.0007776840179614108
40.266666666666666 0.31876503092758357 0.0007566722976510842
40.3 0.2510050837711171 0.0007289928498384612
40.333333333333336 0.1740369114987364 0.0006934634282841357
40.36666666666667 0.09265948796585989 0.0006502903988050979
40.4 0.006953781953459288 0.0006018476720979493
40.43333333333333 -0.07683600987150735 0.0006409100344711843
40.46666666666667 -0.156395597817082 0.0006837125284156753
40.5 -0.23532421265052295 0.0007199489902538492
40.53333333333333 -0.30702375293829165 0.0007485294026091105
40.56666666666667 -0.36871088489564674 0.0007726342966510313
40.6 -0.42150855638843837 0.0007884251090816696
40.63333333333333 -0.46386369591275717 0.0008012841397578851
40.666666666666664 -0.4944746978127995 0.0008089219218825883
40.7 -0.5128142588793514 0.00081293505725899
40.733333333333334 -0.5171097140596767 0.0008149104293868614
40.766666666666666 -0.5090149456324217 0.0008152701823448405
40.8 -0.48491335829949167 0.0008088466976755582
40.833333333333336 -0.4515650864966618 0.0007992594118889085
40.86666666666667 -0.40431261302509475 0.0007851866143116504
40.9 -0.34421511207772787 0.0007668911924171851
40.93333333333333 -0.27789262447538865 0.0007401367081827925
40.96666666666667 -0.2010009145665685 0.0007059006010822211
41.0 -0.12371391250540317 0.0006673651223300936
41.03333333333333 -0.037839907804264036 0.0006202423195941775
41.06666666666667 0.045474638346937685 0.000624750188752389
41.1 0.12610547563885657 0.0006678289864423814
41.13333333333333 0.20402739749633678 0.0007045629643950557
41.166666666666664 0.2752492895297489 0.000735526233360484
41.2 0.3409434681434409 0.0007610421710237958
41.233333333333334 0.3984349168688843 0.0007803374485077508
41.266666666666666 0.4434606976458362 0.0007945475080412545
41.3 0.4769126355013158 0.0008037201438185759
41.333333333333336 0.49720098699355564 0.0008078484181767709
41.36666666666667 0.5048163072759143 0.0008105450115106771
41.4 0.4981422099101668 0.00081005164393394
41.43333333333333 0.47896848072819576 0.0008054815546675309
41.46666666666667 0.44826451245818133 0.0007979775176585324
41.5 0.40396553363344023 0.0007840720470209117
41.53333333333333 0.3479119030852053 0.0007666413446260623
41.56666666666667 0.2847207407645398 0.0007448388448506038
41.6 0.2095868237158971 0.000710527500153324
41.63333333333333 0.13531068416554295 0.0006738587559920184
41.666666666666664 0.05144708106347677 0.0006276409602592806
41.7 -0.03180165364653939 0.0006156836699396928
41.733333333333334 -0.11627077704438529 0.0006610656650321567
41.766666666666666 -0.19348001738112855 0.0007018304936649289
41.8 -0.2691606121481025 0.0007327929185008131
41.833333333333336 -0.3334772884820246 0.0007590291666648707
41.86666666666667 -0.39173296052133144 0.0007777878768520652
41.9 -0.4393879213487119 0.0007945103318249824
41.93333333333333 -0.4744224198784718 0.0008039542037678316
41.96666666666667 -0.49874370960840025 0.0008097167560344176
42.0 -0.5096496301434419 0.000812725316903018
