0.0 0.02692737023894245 0.0006217146894037864
0.03333333333333333 -0.027437385301173945 0.000621059393391462
0.06666666666666667 -0.08231920206095443 0.000652267045441815
0.1 -0.1341568941566238 0.0006798834477653448
0.13333333333333333 -0.18308861826589282 0.0007036005292309633
0.16666666666666666 -0.22615573098531827 0.0007243793341289717
0.2 -0.26440568967909284 0.000740677759391184
0.23333333333333334 -0.29544862260904864 0.0007531959306008029
0.26666666666666666 -0.31879245241934534 0.0007626685121294718
0.3 -0.33333658468080646 0.0007676507171568425
0.3333333333333333 -0.34011080432120605 0.0007708007734176237
0.36666666666666664 -0.3368879746903624 0.000769800426098366
0.4 -0.3251303834673195 0.0007661362232184166
0.43333333333333335 -0.3051163594003308 0.0007588688610200012
0.4666666666666667 -0.27694305442393163 0.0007478362278844353
0.5 -0.24234101692319088 0.0007331546685732937
0.5333333333333333 -0.19894331756148084 0.0007129720125964856
0.5666666666666667 -0.15245333473340816 0.0006906713494789218
0.6 -0.10235078176367236 0.000663964589561028
0.6333333333333333 -0.04853854736672456 0.00063407642350094
0.6666666666666666 0.0062150365565925205 0.0006091400736583461
0.7 0.060878196276580414 0.0006413894008923046
0.7333333333333333 0.11294926163610908 0.0006707311292305368
0.7666666666666667 0.16190530059507421 0.0006943854199427668
0.8 0.20634976089667986 0.0007139979628656423
0.8333333333333334 0.2441407145269671 0.0007319966946407741
0.8666666666666667 0.2741258442373359 0.0007457501247187248
0.9 0.2991319407221826 0.0007550228878323018
0.9333333333333333 0.3138302843837494 0.0007619885691061978
0.9666666666666667 0.32188811252842964 0.0007651463497801991
1.0 0.31849873101274706 0.0007650541235404429
1.0333333333333334 0.3089850159536948 0.0007611495478455077
1.0666666666666667 0.2881782244641203 0.0007529238537928862
1.1 0.2616061866024708 0.0007418058449652487
1.1333333333333333 0.22721092647346072 0.0007260468047995128
1.1666666666666667 0.18643254370555815 0.0007069803774685524
1.2 0.13787914165679324 0.0006870759559296502
1.2333333333333334 0.08861273127122189 0.00066074976610285
1.2666666666666666 0.03593306228261304 0.0006297344734722751
1.3 -0.017817889187954593 0.000617387552033704
1.3333333333333333 -0.07231884926990427 0.0006475810808445198
1.3666666666666667 -0.12330502757371378 0.0006739507868116362
1.4 -0.17286617181303168 0.0006984339549455376
1.4333333333333333 -0.21640275945198817 0.0007190761854974637
1.4666666666666666 -0.25639507354811414 0.0007357207358429374
1.5 -0.287357856616039 0.0007488602530726918
1.5333333333333334 -0.311258820971434 0.0007603160498561023
1.5666666666666667 -0.3285274912840281 0.0007657910240764787
1.6 -0.33592947069496043 0.0007689705279553816
1.6333333333333333 -0.3344047702574843 0.000768377961636757
1.6666666666666667 -0.3247375032212629 0.0007650234666977118
1.7 -0.30500362265916336 0.0007598890446792739
1.7333333333333334 -0.27973675250319935 0.000747473594727488
1.7666666666666666 -0.24610722833346121 0.0007339519794970495
1.8 -0.20282686361457705 0.0007154184635364547
1.8333333333333333 -0.1583136506593791 0.0006940738111642086
1.8666666666666667 -0.10739314027232076 0.0006663715927598957
1.9 -0.05484345666029206 0.0006384860377086701
1.9333333333333333 -0.0007249715578308686 0.0006048308696049351
1.9666666666666666 0.053598999258173186 0.0006351957921864604
2.0 0.10467895448765416 0.0006657740367706083
2.033333333333333 0.15414630691422723 0.0006907308082075847
2.066666666666667 0.1985433970519279 0.0007100909669304767
2.1 0.23752923297793344 0.0007292852088848778
2.1333333333333333 0.2676007294704804 0.000742872486898194
2.1666666666666665 0.2939678370190854 0.000754680164608279
2.2 0.30977538453405756 0.0007599962174319463
2.2333333333333334 0.31703793910196826 0.0007621534321786694
2.2666666666666666 0.3168327543681707 0.0007625983118255686
2.3 0.30901469623554123 0.0007610743761666261
2.3333333333333335 0.29140920803767023 0.0007526525303808151
2.3666666666666667 0.26289633953874236 0.0007424270417553114
2.4 0.23171381295521784 0.0007288993801418675
2.433333333333333 0.1907776060693078 0.0007089270274955872
2.466666666666667 0.14602944062722248 0.0006861885373828924
2.5 0.09585855034475593 0.0006611986971419431
2.533333333333333 0.044378204242901495 0.000631762679438784
2.566666666666667 -0.010904094330280127 0.000611434740677869
2.6 -0.0625367294031462 0.0006413007463460657
2.6333333333333333 -0.11432683115049036 0.0006683754892806426
2.6666666666666665 -0.16461687803599223 0.00069552461966918
2.7 -0.20841549320334699 0.0007149217123903207
2.7333333333333334 -0.24733160200204393 0.0007345387113161517
2.7666666666666666 -0.28042774886087746 0.0007473542964075985
2.8 -0.30592404440818677 0.0007580862883804218
2.8333333333333335 -0.3229036157406989 0.0007638339601508393
2.8666666666666667 -0.33143411950803225 0.0007675839822693376
2.9 -0.33159239565764914 0.0007688547551330527
2.933333333333333 -0.32278857104484104 0.0007648868136625464
2.966666666666667 -0.3062335857785082 0.0007579635980441424
3.0 -0.2804377764443499 0.0007493444987153319
3.033333333333333 -0.24836802412929979 0.0007349158957365154
3.066666666666667 -0.21010266111378506 0.0007183332751764804
3.1 -0.1655476419133757 0.0006983139877634603
3.1333333333333333 -0.11433769405468422 0.000670834192022754
3.1666666666666665 -0.06285212463830206 0.0006420135904297852
3.2 -0.00989137893451437 0.0006119167322207793
3.2333333333333334 0.04319391933792491 0.0006304700569980393
3.2666666666666666 0.09524508204592039 0.0006559913340856982
3.3 0.1442541097638865 0.0006852601490262566
3.3333333333333335 0.18978595545813418 0.0007064625635453126
3.3666666666666667 0.22725878485379866 0.0007200456974222336
3.4 0.26168104145398763 0.0007368791049118806
3.433333333333333 0.2877616865602244 0.0007508212156119298
3.466666666666667 0.3051682943173611 0.000756383171308217
3.5 0.3160594284627814 0.0007629452929788227
3.533333333333333 0.31610194198166963 0.0007611903360814631
3.566666666666667 0.30788432646506814 0.0007585579569316936
3.6 0.2923374887005824 0.0007534069456335835
3.6333333333333333 0.2652295398152794 0.0007441652928785181
3.6666666666666665 0.23596663875452153 0.0007295551955670831
3.7 0.19588768267454 0.0007104550209577343
3.7333333333333334 0.15085086352791147 0.0006839726487404552
3.7666666666666666 0.1004867692634233 0.0006631520927563722
3.8 0.050304391941292416 0.0006352453420871082
3.8333333333333335 -0.001009901894238139 0.0006060112197513957
3.8666666666666667 -0.05504427610135995 0.0006369876399775001
3.9 -0.10824791215596681 0.0006678646135287736
3.933333333333333 -0.15737334406448183 0.0006935059510884967
3.966666666666667 -0.2010057269259041 0.000713480259046273
4.0 -0.24049506415933058 0.0007301668127729366
4.033333333333333 -0.2747405944512953 0.0007446411596899183
4.066666666666666 -0.30045239966906667 0.0007551837327481326
4.1 -0.3189151946470122 0.0007625953859077272
4.133333333333334 -0.3288952785883536 0.0007656758237402084
4.166666666666667 -0.33017510517976606 0.0007668209236350032
4.2 -0.32269420094390483 0.000764562250963774
4.233333333333333 -0.3066600796983616 0.0007598260138444446
4.266666666666667 -0.28313664051731036 0.0007507566342339067
4.3 -0.25155469461790464 0.0007367982315508725
4.333333333333333 -0.21347764471772307 0.0007205958100167387
4.366666666666666 -0.17065571643923116 0.0006993659414391284
4.4 -0.12165297800081953 0.0006753412730312325
4.433333333333334 -0.07013693851218891 0.0006460880957794152
4.466666666666667 -0.016652776459987324 0.0006148437064547735
4.5 0.03360031217283134 0.0006236484244145149
4.533333333333333 0.08536336179352909 0.0006535261598662884
4.566666666666666 0.13393826813604873 0.0006797647739131274
4.6 0.17939044819797084 0.000703325593808285
4.633333333333334 0.2200982854766641 0.0007242093969772601
4.666666666666667 0.2542775471070375 0.0007364970588887298
4.7 0.28062805767041354 0.0007462560015253361
4.733333333333333 0.2999785209775417 0.0007563240806149341
4.766666666666667 0.31083789572223286 0.0007609490520574247
4.8 0.31276821918364406 0.0007618118367091475
4.833333333333333 0.30545642350921637 0.000759596302422616
4.866666666666666 0.2904662984262119 0.0007532686326874316
4.9 0.26600611240104544 0.0007426049476091934
4.933333333333334 0.23645603195470832 0.0007316327650505883
4.966666666666667 0.1983054348439013 0.0007158360008255871
5.0 0.15637249324577462 0.0006949530060881837
5.033333333333333 0.10795173000526882 0.0006720906423362677
5.066666666666666 0.05816626722772228 0.0006409198801485619
5.1 0.005175116199061841 0.0006081294863867536
5.133333333333334 -0.0464564845734011 0.0006315625768043495
5.166666666666667 -0.09895723964054433 0.0006618857853238347
5.2 -0.14905421880450764 0.0006877230419126135
5.233333333333333 -0.1935482907662814 0.0007077361935384496
5.266666666666667 -0.2330577729699247 0.0007266561747618083
5.3 -0.2677534516052994 0.0007414631999278498
5.333333333333333 -0.29440891396809915 0.0007528082169308559
5.366666666666666 -0.31367176012110976 0.0007601329418518987
5.4 -0.32489983220555685 0.0007665780785128806
5.433333333333334 -0.3276592151694603 0.0007679589117750019
5.466666666666667 -0.32160055188764514 0.000765063536386501
5.5 -0.306688500050952 0.0007585539316377066
5.533333333333333 -0.28440557836143376 0.0007496229947254185
5.566666666666666 -0.2535847022278196 0.0007372070470544889
5.6 -0.21753223617947623 0.0007214250650647291
5.633333333333334 -0.1756507349945314 0.0007032561882152066
5.666666666666667 -0.12832529161366837 0.0006769811613557275
5.7 -0.07731499821777774 0.0006507137582218991
5.733333333333333 -0.026498432037051413 0.0006215504641959232
5.766666666666667 0.02731273437747994 0.0006211487580315422
5.8 0.07906070217087882 0.0006505965040221329
5.833333333333333 0.12683725964749196 0.0006758333632135849
5.866666666666666 0.17462535646088057 0.0007001627603654137
5.9 0.21365558155513445 0.0007201348689520604
5.933333333333334 0.24910069377796143 0.0007392699877330766
5.966666666666667 0.274967319617919 0.0007460834729062782
6.0 0.2950070761885434 0.0007548503996254174
6.033333333333333 0.30620939010290865 0.0007599878354253575
6.066666666666666 0.3087885419838774 0.0007594369613296847
6.1 0.30452333573200074 0.0007604416148017101
6.133333333333334 0.28956597789442157 0.0007547088004394298
6.166666666666667 0.2684232921750306 0.0007447136992533299
6.2 0.23850152377615383 0.0007321456670486837
6.233333333333333 0.20220735473579152 0.0007151273169720695
6.266666666666667 0.16068023176856458 0.0006953287523842611
6.3 0.11269724069452196 0.0006712448600517257
6.333333333333333 0.06598212073619408 0.0006443763334660207
6.366666666666666 0.013167358956892835 0.0006138490569360128
6.4 -0.03879766919159166 0.0006285235010698442
6.433333333333334 -0.09121812211220755 0.0006565816277155218
6.466666666666667 -0.14067761709422225 0.000682662778487525
6.5 -0.1866311211111203 0.0007046939129227991
6.533333333333333 -0.2267942842481307 0.0007239486122059546
6.566666666666666 -0.2610767107634317 0.0007388546742179702
6.6 -0.2881168329075915 0.0007498240380798826
6.633333333333334 -0.30803257071107915 0.0007581899477363541
6.666666666666667 -0.320894713101198 0.0007631044961710076
6.7 -0.32379378053699 0.0007646619821007894
6.733333333333333 -0.3202117828031804 0.0007644423121152544
6.766666666666667 -0.3075941099589104 0.0007591010888604033
6.8 -0.2864807635523715 0.0007513128872449482
6.833333333333333 -0.25716069761122073 0.0007392909458881491
6.866666666666666 -0.22219887606885125 0.0007235023437848764
6.9 -0.18060575731183465 0.0007039015868026688
6.933333333333334 -0.13364257860785936 0.0006806303197391395
6.966666666666667 -0.08380803588570919 0.0006540599458060986
7.0 -0.03381432496336417 0.0006263886636370258
7.033333333333333 0.018370730146445066 0.0006173547910114548
7.066666666666666 0.07094075092635042 0.0006457965548945233
7.1 0.11976255987083045 0.0006718185820617506
7.133333333333334 0.1668335010068671 0.0006959058955890718
7.166666666666667 0.2073301171218607 0.0007159160303979173
7.2 0.2402351925441715 0.0007302690612486229
7.233333333333333 0.2682626179167311 0.0007437482659490846
7.266666666666667 0.287772483853216 0.0007525468696781834
7.3 0.30155518562446787 0.0007597381931029878
7.333333333333333 0.3058295705315554 0.000759238962380282
7.366666666666666 0.30312516905316733 0.0007575875285611988
7.4 0.2897198417046937 0.0007525473187494081
7.433333333333334 0.26848171717870223 0.0007433849688028848
7.466666666666667 0.23994718045755942 0.0007319039688145623
7.5 0.2060530399998279 0.0007182939198517313
7.533333333333333 0.16434267811992098 0.0006964872273997613
7.566666666666666 0.11862870748283136 0.0006730656913928046
7.6 0.07175081436512006 0.0006479505099596244
7.633333333333334 0.018695162097896543 0.0006160729302201982
7.666666666666667 -0.031541438012383294 0.0006252494271657555
7.7 -0.08297345920874716 0.0006525755731736221
7.733333333333333 -0.13269968697076548 0.0006790980139574632
7.766666666666667 -0.1778602769880337 0.00070067427535625
7.8 -0.22013945906381935 0.0007210049155250975
7.833333333333333 -0.25535519581029426 0.0007359059175100491
7.866666666666666 -0.282778199047877 0.0007486966683549201
7.9 -0.3044807061222656 0.0007569397399816435
7.933333333333334 -0.3172461422443509 0.0007616941449622994
7.966666666666667 -0.3228348373956174 0.0007647216448860017
8.0 -0.31878591150211527 0.0007632986925395491
8.033333333333333 -0.3066354063411518 0.0007596264868317548
8.066666666666666 -0.2872728903956613 0.0007532155330574053
8.1 -0.25919685579532636 0.0007434237550925649
8.133333333333333 -0.22398701227754328 0.000726260657259753
8.166666666666666 -0.18431295075398565 0.000706070510523682
8.2 -0.14015759755502719 0.0006871120481770354
8.233333333333333 -0.09013439055066091 0.0006595294358124615
8.266666666666667 -0.040672922403733845 0.0006302100177791176
8.3 0.010344368003077134 0.0006131208896312662
8.333333333333334 0.06326812699695687 0.0006431022009714821
8.366666666666667 0.11320884211858241 0.0006699590797304422
8.4 0.1589446880677553 0.0006922954654281221
8.433333333333334 0.19949679236187984 0.0007135222603907865
8.466666666666667 0.2352609398375577 0.0007279686030325638
8.5 0.26471478100747736 0.000741171684031039
8.533333333333333 0.2847301502648634 0.0007500038799358455
8.566666666666666 0.298308784820544 0.0007549218725273477
8.6 0.30405823298864815 0.0007584170430326997
8.633333333333333 0.3004041799857603 0.0007573810775724499
8.666666666666666 0.2895374000690457 0.0007524712150279167
8.7 0.26996072688226364 0.000744359336080469
8.733333333333333 0.244030786417643 0.0007344228927464447
8.766666666666667 0.2100769802402837 0.0007199381974253016
8.8 0.16786634401535838 0.0006990923743790678
8.833333333333334 0.12453821965282265 0.0006765796956995779
8.866666666666667 0.07654844562008423 0.0006503274976162182
8.9 0.026866868016274196 0.0006225228087158655
8.933333333333334 -0.025413548470033038 0.0006207079216234354
8.966666666666667 -0.07482072090348707 0.0006474390622350501
9.0 -0.12426757189306636 0.0006760763270681758
9.033333333333333 -0.17064498666886233 0.0006997639044097614
9.066666666666666 -0.21187260436286168 0.0007190111965628965
9.1 -0.2473534730943406 0.0007346340435254173
9.133333333333333 -0.27928309875921153 0.0007483026019924899
9.166666666666666 -0.29921809410739436 0.0007557721782502913
9.2 -0.31447470373760966 0.0007604425817837601
9.233333333333333 -0.31982266248744107 0.0007628375779604735
9.266666666666667 -0.3178045895097031 0.0007612707950007125
9.3 -0.30661649216732456 0.0007585563643341398
9.333333333333334 -0.2876030486018173 0.0007511718350137753
9.366666666666667 -0.26209399618407725 0.0007410100900334671
9.4 -0.22930411737226514 0.0007251409211413706
9.433333333333334 -0.18791317309628103 0.0007075263513182106
9.466666666666667 -0.1438209212623828 0.0006858411262766484
9.5 -0.09581874263354324 0.00066020351215898
9.533333333333333 -0.043863196786144094 0.0006310938500583771
9.566666666666666 0.005736986715525784 0.0006068903903164776
9.6 0.05674690251192653 0.0006376364785130179
9.633333333333333 0.10416282750950753 0.0006651349825210207
9.666666666666666 0.1511256275966578 0.000689040602578711
9.7 0.19083761482849307 0.0007070851318224658
9.733333333333333 0.22822128645647313 0.0007238343129615521
9.766666666666667 0.25711214174063624 0.0007382177769564846
9.8 0.27873834996367897 0.0007461799350064191
9.833333333333334 0.29558783041528996 0.0007544844063472333
9.866666666666667 0.30119713062568954 0.0007569104918567215
9.9 0.2997360504361277 0.0007564956031613224
9.933333333333334 0.2886376165944167 0.0007520692418254149
9.966666666666667 0.27017868485535224 0.0007447879901938403
10.0 0.24519347912345224 0.0007342975720969758
10.033333333333333 0.21257119835074628 0.0007205752034082913
10.066666666666666 0.17376389676916817 0.0007016617050649154
10.1 0.12709066507033104 0.0006777765754064358
10.133333333333333 0.08243880704882744 0.0006542649911187581
10.166666666666666 0.03207559908953706 0.0006251545478456119
10.2 -0.0183761104059848 0.0006169787239929982
10.233333333333333 -0.06943329846778765 0.0006461967655145562
10.266666666666667 -0.1182435223179266 0.0006722878447706776
10.3 -0.16359230807580144 0.0006945311382635655
10.333333333333334 -0.2044919842918823 0.000714091438774711
10.366666666666667 -0.24148943085430416 0.0007311523195183134
10.4 -0.2718165867419104 0.000743122380936101
10.433333333333334 -0.2947948230193349 0.0007529087355491737
10.466666666666667 -0.3101908391623977 0.0007593266400682808
10.5 -0.3169696604960032 0.0007617508121297023
10.533333333333333 -0.3159281553503848 0.0007617502276062171
10.566666666666666 -0.30566868054540625 0.0007593509788272335
10.6 -0.287879576154484 0.0007518318284239767
10.633333333333333 -0.2622467683371996 0.0007415196073912167
10.666666666666666 -0.23021380820323967 0.0007270614156566213
10.7 -0.19318168830875598 0.0007101450271972676
10.733333333333333 -0.14776642884946145 0.0006884046227794149
10.766666666666667 -0.10255327361349625 0.0006643118212694976
10.8 -0.05166164953297581 0.0006356324764957219
10.833333333333334 0.00011610810144884839 0.0006053183538742517
10.866666666666667 0.04954787923973461 0.0006343740626323716
10.9 0.09907221840338531 0.0006613790476662218
10.933333333333334 0.14465057349494084 0.0006843273864833854
10.966666666666667 0.18463350083366126 0.0007050922701918039
11.0 0.22191076706804028 0.0007230900703435184
11.033333333333333 0.25245308616936224 0.0007361717461984441
11.066666666666666 0.2742359200717327 0.000745460955753674
11.1 0.29047959085136726 0.0007514066208406667
11.133333333333333 0.2983513181477127 0.000754690429027649
11.166666666666666 0.2966850336480006 0.000755080792469387
11.2 0.2890496609614268 0.0007533290367331968
11.233333333333333 0.27045662746340904 0.0007456736560567112
11.266666666666667 0.24572694781023027 0.0007353722049956435
11.3 0.2142049762546274 0.0007217626528246701
11.333333333333334 0.17660845212385803 0.0007038431163180203
11.366666666666667 0.13430081957801815 0.0006832698893531053
11.4 0.08839182018983141 0.0006583520081085009
11.433333333333334 0.037476611087568695 0.0006289419615073816
11.466666666666667 -0.011762951115148891 0.0006123393827291487
11.5 -0.06326337452447271 0.000641525118670383
11.533333333333333 -0.11061322401252921 0.0006687681752325786
11.566666666666666 -0.15608800209657847 0.0006910492181183836
11.6 -0.1995156949249221 0.0007103203495193999
11.633333333333333 -0.23623228046764194 0.0007278791369573767
11.666666666666666 -0.2657632599023412 0.0007406081185815649
11.7 -0.290275620136392 0.00075088422237235
11.733333333333333 -0.3058929227172426 0.0007567072561348587
11.766666666666667 -0.3137217357375845 0.0007632478584801983
11.8 -0.3135029065204262 0.0007607512659260629
11.833333333333334 -0.3042006725077042 0.0007577943914413576
11.866666666666667 -0.2874809109524562 0.000751056699265229
11.9 -0.2632753413466797 0.0007411638235728102
11.933333333333334 -0.23324471181103276 0.0007283216737289933
11.966666666666667 -0.19484864008372219 0.000710381144007538
12.0 -0.1541020263757291 0.0006907763875513839
12.033333333333333 -0.10733407287957482 0.000666432803406905
12.066666666666666 -0.06052698718745406 0.0006421961774278132
12.1 -0.008136087244885265 0.000609744851253511
12.133333333333333 0.04196871084027194 0.000630080946490183
12.166666666666666 0.09160614353857624 0.0006573689893736578
12.2 0.13738348099448885 0.0006824193837147996
12.233333333333333 0.17806854599316688 0.0007025967581201498
12.266666666666667 0.21677819776892257 0.0007191445835253163
12.3 0.24295966803828473 0.000733596454762675
12.333333333333334 0.27049944913368495 0.0007432278848208962
12.366666666666667 0.28647512602542224 0.0007515141840228057
12.4 0.29511764110068284 0.0007535077014501068
12.433333333333334 0.295095729939684 0.000754249872252033
12.466666666666667 0.2871430421022069 0.0007522830992026108
12.5 0.2711407639605977 0.0007459245538498083
12.533333333333333 0.24737787850704165 0.0007356968567873712
12.566666666666666 0.21569221207914313 0.0007229227581779796
12.6 0.17978041678583057 0.0007049143408878467
12.633333333333333 0.1386992765737589 0.0006839107625136176
12.666666666666666 0.0919796628537983 0.000657772576360599
12.7 0.0442890389166116 0.0006316816769486727
12.733333333333333 -0.005202093551719043 0.0006083083231318894
12.766666666666667 -0.055831881334706415 0.0006380795813320239
12.8 -0.1058687578608229 0.0006686639339379546
12.833333333333334 -0.15116992525025974 0.0006918275316206701
12.866666666666667 -0.1929981167707824 0.0007080277396540047
12.9 -0.22987036335560793 0.0007245291026465872
12.933333333333334 -0.26093315821143465 0.0007386283986795528
12.966666666666667 -0.2856828319627669 0.0007493658779516021
13.0 -0.3023852604377223 0.000755392444254821
13.033333333333333 -0.31081884074907046 0.0007615155659754236
13.066666666666666 -0.3104659788474892 0.0007595852817532944
13.1 -0.3045053249332716 0.0007581588961099173
13.133333333333333 -0.2876057607996887 0.0007510903518522238
13.166666666666666 -0.26584210362333355 0.0007419189443024776
13.2 -0.23522643288250356 0.0007296351792507316
13.233333333333333 -0.19911414209789308 0.0007139303621230553
13.266666666666667 -0.15678464221754482 0.0006923549648213401
13.3 -0.11091614640248137 0.0006687547627498153
13.333333333333334 -0.06451311076756833 0.0006430751072654534
13.366666666666667 -0.013195227914265683 0.0006143889461904702
13.4 0.03575535296793616 0.0006260481136888887
13.433333333333334 0.08641459063521745 0.0006542847300128191
13.466666666666667 0.13082036817655354 0.000678465423519764
13.5 0.17328409518402002 0.0006991811415179849
13.533333333333333 0.211249738933413 0.0007167671386048569
13.566666666666666 0.24070786799421173 0.0007340810949482968
13.6 0.26520180442370495 0.0007413424871748897
13.633333333333333 0.2823397686160403 0.0007487063018377649
13.666666666666666 0.2918237221337304 0.0007522561950601969
13.7 0.2925755099551289 0.0007523779601033009
13.733333333333333 0.28659801920308225 0.0007510307931588023
13.766666666666667 0.27052289049569817 0.0007446648967457392
13.8 0.247772100125238 0.0007355624082785728
13.833333333333334 0.21874724187849684 0.000722390670603118
13.866666666666667 0.18202650758077604 0.0007044321815569132
13.9 0.1396699761103607 0.0006843014297195082
13.933333333333334 0.09679791808642112 0.0006607770445854755
13.966666666666667 0.04735457937580886 0.000633735188821094
14.0 -0.001132704015017071 0.0006057195484920983
14.033333333333333 -0.048662072787143726 0.0006337437894547784
14.066666666666666 -0.09805981199699917 0.0006607299913864856
14.1 -0.1439478304677107 0.0006844243371002534
14.133333333333333 -0.18652204565184105 0.0007048201173109059
14.166666666666666 -0.22401936039904463 0.0007231818212751207
14.2 -0.25525657353330206 0.0007362958837257016
14.233333333333333 -0.2806231367625107 0.0007470852751585433
14.266666666666667 -0.2987123374584655 0.000755342544690174
14.3 -0.3089830693770686 0.0007586036928236006
14.333333333333334 -0.30910879069288827 0.0007593334571150967
14.366666666666667 -0.3043571376827818 0.0007585057156259123
14.4 -0.2885808159688766 0.0007518279150191542
14.433333333333334 -0.2669507404396435 0.0007430550064210228
14.466666666666667 -0.23684102615433927 0.0007306242589912859
14.5 -0.20152748995484013 0.0007145510580794379
14.533333333333333 -0.16089186506832967 0.000696310342099854
14.566666666666666 -0.11536262819421016 0.0006720637359680648
14.6 -0.06793537759978834 0.0006439250098882049
14.633333333333333 -0.01906834683020775 0.0006165333944697336
14.666666666666666 0.030414415950201217 0.0006229965743342614
14.7 0.07820041377943172 0.0006505830060980489
14.733333333333333 0.12331002810961095 0.0006753971683460119
14.766666666666667 0.16594970443989096 0.0006958735872399091
14.8 0.20585793470045655 0.0007149730370287488
14.833333333333334 0.2371057816609503 0.0007286751060487373
14.866666666666667 0.2615530785262031 0.000738810110971988
14.9 0.27811449081159856 0.0007461379648714406
14.933333333333334 0.2881853694166952 0.000751317476391955
14.966666666666667 0.29031200476231406 0.0007529047813358281
15.0 0.28477468155905167 0.0007504122263523594
15.033333333333333 0.2709707787015026 0.0007454713823880632
15.066666666666666 0.2496004327964748 0.0007369221056919284
15.1 0.22115131702400545 0.0007238214107425922
15.133333333333333 0.18548179435148385 0.0007061265340991829
15.166666666666666 0.14522985297258276 0.0006868695914437062
15.2 0.10198476483678455 0.0006647816319203942
15.233333333333333 0.055472360864037874 0.0006379936114171425
15.266666666666667 0.005235669638234117 0.0006084886100699745
15.3 -0.04324247841111029 0.0006297578602839776
15.333333333333334 -0.09073184756009146 0.0006564823465444319
15.366666666666667 -0.13800586879927798 0.0006816401620330093
15.4 -0.1814499032336929 0.0007026714592896499
15.433333333333334 -0.2179622619092782 0.0007202239125303767
15.466666666666667 -0.25090276322243427 0.0007345875544471636
15.5 -0.2760992036731509 0.0007455207442793044
15.533333333333333 -0.2939769189020326 0.0007522833678222929
15.566666666666666 -0.30438459937437795 0.000757450052349784
15.6 -0.3070723881316034 0.0007586084976877183
15.633333333333333 -0.30276768225253015 0.0007578467358147489
15.666666666666666 -0.2894101014490288 0.0007536003505799194
15.7 -0.26778432426335536 0.0007433772461233334
15.733333333333333 -0.23914048943184024 0.0007322296894015368
15.766666666666667 -0.2043562155274229 0.0007151893650110264
15.8 -0.16434047220459436 0.0006971932014376014
15.833333333333334 -0.12033158187232773 0.0006743312376988747
15.866666666666667 -0.07267686595014729 0.0006488666840710616
15.9 -0.023770333387178218 0.0006187241654315029
15.933333333333334 0.025711067616492653 0.0006201795916911806
15.966666666666667 0.07313219442377504 0.0006471385432114118
16.0 0.11964972611549161 0.0006713450474933602
16.033333333333335 0.15928687696463076 0.0006927365999929158
16.066666666666666 0.198364030937011 0.0007112479747526101
16.1 0.23082111016730686 0.000725849473396073
16.133333333333333 0.25696861882314087 0.0007391337434649037
16.166666666666668 0.27481108335610227 0.0007457884779272228
16.2 0.2856378024113216 0.0007513618562678404
16.233333333333334 0.28832940797823164 0.0007531526220366236
16.266666666666666 0.282083792244237 0.0007501735450417546
16.3 0.2706971786719234 0.0007445046218854112
16.333333333333332 0.24956181578968548 0.0007372574729574144
16.366666666666667 0.22149440783789268 0.0007247818042413479
16.4 0.18751790050885156 0.0007088051878933743
16.433333333333334 0.14946851681741707 0.0006905617834782607
16.466666666666665 0.106178461487032 0.0006659017195030092
16.5 0.05915708063629363 0.0006408899610200955
16.533333333333335 0.010857425569873763 0.000612085601291926
16.566666666666666 -0.0382111976762125 0.0006279687667375897
16.6 -0.08473455801431816 0.0006534895295589871
16.633333333333333 -0.1325718027050338 0.0006782739553213291
16.666666666666668 -0.17457715240039584 0.0006990467743369366
16.7 -0.21256408945456645 0.0007176328532206566
16.733333333333334 -0.24459959285957222 0.0007323204751912282
16.766666666666666 -0.2710023583968976 0.0007431063024589402
16.8 -0.2904679583277868 0.0007518568693828942
16.833333333333332 -0.3006512361124481 0.0007552478537201646
16.866666666666667 -0.30407729885190893 0.0007589700428471957
16.9 -0.29907401591618454 0.000755499282972194
16.933333333333334 -0.28750981938953885 0.000751592870569584
16.966666666666665 -0.26712551982692306 0.0007426766397933271
17.0 -0.24050357051757598 0.0007318169876570912
17.033333333333335 -0.20678254870561383 0.0007160185005111452
17.066666666666666 -0.16886132719065325 0.000699316426714669
17.1 -0.12556208204109218 0.0006766748103973208
17.133333333333333 -0.077502884708178 0.000650298781137662
17.166666666666668 -0.030666547592453117 0.0006227227155279416
17.2 0.017691635755741203 0.0006159391094821415
17.233333333333334 0.06554210513422024 0.000644316697434047
17.266666666666666 0.11134247980217737 0.000668675639684424
17.3 0.15441000276589148 0.000689674883189384
17.333333333333332 0.1920729655717424 0.0007093064820010708
17.366666666666667 0.22652695157196454 0.0007262115619737497
17.4 0.2510006836050035 0.0007358608774458708
17.433333333333334 0.27050154581096775 0.0007441921455666467
17.466666666666665 0.28273417118789684 0.0007491365555818974
17.5 0.2852581860588145 0.000750693097098909
17.533333333333335 0.282114132320738 0.0007497261930639598
17.566666666666666 0.27026064338083544 0.0007454614822670624
17.6 0.250151461076377 0.0007364890545872305
17.633333333333333 0.224022791089833 0.000725351887036374
17.666666666666668 0.1895219062229503 0.0007101741198165257
17.7 0.15271376894882957 0.0006911188302385907
17.733333333333334 0.11055582705373163 0.0006693710968073557
17.766666666666666 0.062424421349129185 0.0006422640506909341
17.8 0.015433363271071312 0.0006149871411258567
17.833333333333332 -0.032488988226640446 0.0006249686036412169
17.866666666666667 -0.08102187670227358 0.0006516618750570385
17.9 -0.12538815070374204 0.000675063457715952
17.933333333333334 -0.1683719896427203 0.0006963390143772674
17.966666666666665 -0.20622892297191134 0.0007140753892291851
18.0 -0.23903667028050712 0.0007297615746692521
18.033333333333335 -0.26544703271593745 0.0007410233272305833
18.066666666666666 -0.2847303020674304 0.0007490210653396945
18.1 -0.2969704355621006 0.0007544926977315902
18.133333333333333 -0.3020006918763364 0.0007571665735540689
18.166666666666668 -0.29847261083303234 0.0007559850978949845
18.2 -0.2862320771290704 0.0007511172026574142
18.233333333333334 -0.26790907321984736 0.0007441958859595865
18.266666666666666 -0.2426869036241952 0.000733846211227851
18.3 -0.20906665258649673 0.0007177289131902742
18.333333333333332 -0.17175713138495194 0.0006997579367327145
18.366666666666667 -0.12791777683750755 0.0006776447566400889
18.4 -0.08318152916154535 0.0006535671028627954
18.433333333333334 -0.034527625268331044 0.0006252971358146342
18.466666666666665 0.015773410089061395 0.0006150750238148803
18.5 0.06258802490794042 0.0006422299573802526
18.533333333333335 0.10764888668833979 0.0006658487971947513
18.566666666666666 0.15173884040068816 0.0006889290675550497
18.6 0.18754207289644448 0.0007062689814880674
18.633333333333333 0.2217743204707164 0.0007209822570882207
18.666666666666668 0.24630999895297173 0.0007333948836518722
18.7 0.2670005717714449 0.0007425566667446648
18.733333333333334 0.2794637174429793 0.0007481746581908255
18.766666666666666 0.2833839152352298 0.0007502035675913121
18.8 0.2803682236027599 0.0007491084348708599
18.833333333333332 0.2697185216214658 0.0007445486069065366
18.866666666666667 0.2505614879830496 0.0007373287492916103
18.9 0.22547438821531934 0.0007249833725322119
18.933333333333334 0.19358166588600156 0.0007105428602704189
18.966666666666665 0.15424504878052786 0.0006911543508374973
19.0 0.11459365434975932 0.000672044415732681
19.033333333333335 0.06941173453177593 0.0006482798347104274
19.066666666666666 0.021800244322661155 0.000620140128029311
19.1 -0.029489228075483417 0.0006259001352865341
19.133333333333333 -0.0751915721072812 0.0006511459291866778
19.166666666666668 -0.12149497218877435 0.0006731079383471977
19.2 -0.1633786652417685 0.0006940563109766595
19.233333333333334 -0.20250184152696454 0.0007129157303714106
19.266666666666666 -0.2357073656054434 0.0007276641625041103
19.3 -0.26175827302506016 0.0007393794651623375
19.333333333333332 -0.28120461402407804 0.0007480029168620006
19.366666666666667 -0.29417428743472834 0.0007533452380557026
19.4 -0.2984863061687642 0.0007544561535999805
19.433333333333334 -0.2962791467941828 0.0007542865207568195
19.466666666666665 -0.2862067271160183 0.0007518391458977147
19.5 -0.26766630636262617 0.0007430944509045356
19.533333333333335 -0.2422065736768122 0.000732687877405741
19.566666666666666 -0.21039842140257717 0.000718725446978874
19.6 -0.1730511346031518 0.0007010011990419562
19.633333333333333 -0.13103414567404045 0.000679808077358679
19.666666666666668 -0.08568699105136632 0.0006555759011711432
19.7 -0.03724477274924655 0.0006285211862325987
19.733333333333334 0.007189288762111103 0.000608255091936954
19.766666666666666 0.05572898039167742 0.0006369681719305686
19.8 0.10249331800654753 0.0006632290964415921
19.833333333333332 0.14339238031779725 0.0006854078092305149
19.866666666666667 0.18247043372493457 0.0007036382022195253
19.9 0.21576593651669548 0.000719576834404656
19.933333333333334 0.2427323564837957 0.0007312795868476274
19.966666666666665 0.26362517220194753 0.0007419376095802455
20.0 0.2753501271215448 0.0007490341438548542
20.033333333333335 0.27921072084059523 0.0007528145024852106
20.066666666666666 0.2779758626814325 0.0007497335677224548
20.1 0.2679052884051057 0.0007461261953357057
20.133333333333333 0.25024147506609057 0.0007416185285604726
20.166666666666668 0.22527484023355634 0.0007264846685046955
20.2 0.1953688253200955 0.0007120071436526321
20.233333333333334 0.15774545333172627 0.0006937680296759674
20.266666666666666 0.1176969868133791 0.0006723137343807167
20.3 0.07000845093743578 0.0006453264775535678
20.333333333333332 0.024676439332530654 0.0006197917421172927
20.366666666666667 -0.023334901000151082 0.0006190731568267507
20.4 -0.06763380877057253 0.0006428335892829512
20.433333333333334 -0.11440076031075698 0.0006689566862036617
20.466666666666665 -0.15805598113081903 0.0006909604243362788
20.5 -0.19684134807704917 0.0007102312145416401
20.533333333333335 -0.2303546022350435 0.0007263265174591305
20.566666666666666 -0.2569448014904681 0.0007370074332452847
20.6 -0.278264172723397 0.0007467163152375389
20.633333333333333 -0.29020969168255734 0.0007511195377742363
20.666666666666668 -0.29661897952087446 0.0007554048786114764
20.7 -0.29434745192035433 0.0007596623614833931
20.733333333333334 -0.28467304287638295 0.0007532493170792631
20.766666666666666 -0.26707107944665265 0.0007431970348807382
20.8 -0.24262824839358135 0.0007328373520131548
20.833333333333332 -0.21141072329421706 0.0007182066510023066
20.866666666666667 -0.17468300761032032 0.0007003306384790187
20.9 -0.13438147974476913 0.000680247285368335
20.933333333333334 -0.09142778051577147 0.000657710531032904
20.966666666666665 -0.04348598780036293 0.0006307389880235922
21.0 0.0021394986792567065 0.0006070611984407516
21.033333333333335 0.04764491042134751 0.0006363599054601959
21.066666666666666 0.09469335557166977 0.0006589155992174356
21.1 0.13878395102267735 0.0006832103796682032
21.133333333333333 0.17776048470446695 0.0007021354343044184
21.166666666666668 0.21043677975496844 0.0007176156909261266
21.2 0.23922917606676444 0.0007286523265341571
21.233333333333334 0.25836038858740146 0.0007389869747266853
21.266666666666666 0.27176098893292805 0.0007441262089174505
21.3 0.2756883400540613 0.0007467990782048517
21.333333333333332 0.27657685109204816 0.000747544803529343
21.366666666666667 0.26594183044147107 0.0007417289286902329
21.4 0.25071257135622926 0.0007373409690949462
21.433333333333334 0.22610349701935603 0.0007263529637164534
21.466666666666665 0.19634410935923413 0.0007130703029692709
21.5 0.15896059298603235 0.0006945031989305517
21.533333333333335 0.11929677487028838 0.0006746173046901366
21.566666666666666 0.07475622270499657 0.0006495240295732452
21.6 0.028046221821688196 0.0006222664775862065
21.633333333333333 -0.017140555741613994 0.000615146240280709
21.666666666666668 -0.0639214496398074 0.0006420243431008027
21.7 -0.11004904961851085 0.000668906847667558
21.733333333333334 -0.1529291234120391 0.0006900068451543562
21.766666666666666 -0.19191704087613806 0.0007074908889160014
21.8 -0.2258048250588588 0.0007230886865897956
21.833333333333332 -0.2525335221827467 0.0007351754247466036
21.866666666666667 -0.27443166106334177 0.0007441234705271582
21.9 -0.2877767205196241 0.0007499301987572982
21.933333333333334 -0.2945482686210337 0.0007531982690917038
21.966666666666665 -0.29260688427758996 0.0007538887447341991
22.0 -0.283125823233355 0.0007507046549931617
22.033333333333335 -0.2674854735352779 0.0007458263584070313
22.066666666666666 -0.24293265168966285 0.0007328642077527314
22.1 -0.2124245447558628 0.000719639450165982
22.133333333333333 -0.17783575512154387 0.00070319952390549
22.166666666666668 -0.13767470050672412 0.0006833612037669967
22.2 -0.09362567653656388 0.000659029970652536
22.233333333333334 -0.046490915318539244 0.0006327719578943028
22.266666666666666 -0.00036309409084973025 0.0006050494471898243
22.3 0.045742082376216936 0.0006315216484525654
22.333333333333332 0.0910570809423343 0.0006570559275305421
22.366666666666667 0.13278868138087963 0.0006813941380901523
22.4 0.171994036317197 0.0006996536222631244
22.433333333333334 0.2074048742215648 0.0007158118836570748
22.466666666666665 0.23501314746163834 0.0007279032790051543
22.5 0.2538095900067429 0.0007368576294817797
22.533333333333335 0.26919921522615164 0.0007423088221176766
22.566666666666666 0.275549248714319 0.0007442661470070666
22.6 0.27365336407913843 0.000745499380020942
22.633333333333333 0.26601321485484175 0.0007427828324181873
22.666666666666668 0.2507569832818271 0.0007387724709841947
22.7 0.22823625468220765 0.0007278569479693964
22.733333333333334 0.19840755486251258 0.0007135672537874338
22.766666666666666 0.16113456056937647 0.0006958748962739847
22.8 0.12293767731267236 0.0006749130149756727
22.833333333333332 0.07896571145098019 0.0006508067707010484
22.866666666666667 0.03288705013355872 0.0006250077548382513
22.9 -0.013016327547182668 0.000614195259705564
22.933333333333334 -0.05989253224360724 0.0006398912585039093
22.966666666666665 -0.10448526229414057 0.0006633766413761122
23.0 -0.1470872699349582 0.0006861698347375988
23.033333333333335 -0.18599514391893016 0.0007045818582154251
23.066666666666666 -0.2200905348263553 0.0007209054819475591
23.1 -0.24880207181380828 0.0007332119896082956
23.133333333333333 -0.27022846869725975 0.0007445618852947034
23.166666666666668 -0.2849038938836327 0.0007492539182408775
23.2 -0.291571276710295 0.0007520673214350126
23.233333333333334 -0.2913343912659467 0.0007528364384545849
23.266666666666666 -0.28283995967398434 0.0007497095967232137
23.3 -0.26699548650263283 0.0007428868902865093
23.333333333333332 -0.24540321566655846 0.0007337429487924985
23.366666666666667 -0.21592513647815986 0.000721860941355762
23.4 -0.18001998342291703 0.0007044267528351078
23.433333333333334 -0.1398739975169074 0.0006862919925381405
23.466666666666665 -0.09775960701379564 0.0006617009845097527
23.5 -0.052860257402968285 0.0006358953202909648
23.533333333333335 -0.006229985483177363 0.0006094208557944356
23.566666666666666 0.041151471842338805 0.000629642634059055
23.6 0.08468274585931776 0.0006543682828703545
23.633333333333333 0.12861628027250008 0.0006774888395232881
23.666666666666668 0.16738393473824922 0.0006957894935834819
23.7 0.20174057292247705 0.0007127428455223905
23.733333333333334 0.2292076131839139 0.0007262189838068145
23.766666666666666 0.25147708886307757 0.0007354121676694247
23.8 0.26702093887235917 0.000742093085548623
23.833333333333332 0.2725895383049674 0.0007449302949514292
23.866666666666667 0.2721900512795016 0.0007454760402419991
23.9 0.2650743725404957 0.0007426296512610397
23.933333333333334 0.2502246982839077 0.0007382647575037704
23.966666666666665 0.22725289281301705 0.0007266224935913446
24.0 0.1984890490584649 0.0007135715882221338
24.033333333333335 0.16401454511562086 0.0006985137832257182
24.066666666666666 0.12480134140058353 0.0006751402914904753
24.1 0.08283999838354571 0.0006525920709832406
24.133333333333333 0.03541704030010281 0.0006253549753395815
24.166666666666668 -0.00892560668620658 0.000610143734881408
24.2 -0.054973782689115555 0.0006368737355831391
24.233333333333334 -0.10131780626523153 0.0006622038537450886
24.266666666666666 -0.1429261039479705 0.0006836840940975253
24.3 -0.1810861099662398 0.0007024618403335403
24.333333333333332 -0.2167845196256856 0.0007199683517024325
24.366666666666667 -0.24366717087245857 0.0007322404492099421
24.4 -0.2658764926002349 0.0007411478240680891
24.433333333333334 -0.2811287503007885 0.0007484147086257442
24.466666666666665 -0.2890316077227122 0.0007507096420956705
24.5 -0.2891348047630225 0.0007511942490559531
24.533333333333335 -0.28210889872395645 0.00074964024412294
24.566666666666666 -0.26702875495157835 0.0007421334436709115
24.6 -0.24552054013718141 0.0007355311943133824
24.633333333333333 -0.21597443338227126 0.0007214765988821648
24.666666666666668 -0.1814826960312332 0.0007050002781410492
24.7 -0.14413311075199045 0.0006872289663102937
24.733333333333334 -0.10198741781464911 0.0006634488964652602
24.766666666666666 -0.05478968002094528 0.0006373334790733751
24.8 -0.009487495595962141 0.0006106857634528666
24.833333333333332 0.036685043278268686 0.0006272787196308638
24.866666666666667 0.0804553219803377 0.0006507971381524702
24.9 0.1230388376283665 0.0006755658561729272
24.933333333333334 0.16313746746696692 0.0006943511390971602
24.966666666666665 0.19756753743485833 0.0007120838460523693
25.0 0.2250230803440821 0.0007245717851493139
25.033333333333335 0.24779524552652077 0.000734040204043579
25.066666666666666 0.2626058203061813 0.0007426257481628618
25.1 0.27035048944058326 0.0007447786209971996
25.133333333333333 0.2702512283501948 0.0007442438787507721
25.166666666666668 0.2628338559227106 0.0007411339965622266
25.2 0.24795279528965034 0.0007369510931007905
25.233333333333334 0.22712177021964353 0.0007261866402206996
25.266666666666666 0.19913119376092484 0.0007133850342777581
25.3 0.16590792687881792 0.0006975927427280981
25.333333333333332 0.12780339771985746 0.000677261415064162
25.366666666666667 0.08586116462510601 0.0006551637312532249
25.4 0.04026861840119922 0.0006282977082764513
25.433333333333334 -0.006903591423497252 0.0006081511705196959
25.466666666666665 -0.052919078626642316 0.0006353493932025611
25.5 -0.09658381298317034 0.000660077039928153
25.533333333333335 -0.13780523790561247 0.0006814654679635768
25.566666666666666 -0.1772913154712885 0.0007011172560151824
25.6 -0.212707123440797 0.0007170283812949485
25.633333333333333 -0.24036809688109592 0.0007292476974329887
25.666666666666668 -0.2620245863125729 0.0007393658853101504
25.7 -0.27807883338899597 0.0007465982506764668
25.733333333333334 -0.2857680707464598 0.0007499131306368256
25.766666666666666 -0.286244840959951 0.000750222283873947
25.8 -0.2797229283858327 0.0007481580255815357
25.833333333333332 -0.2647344049867428 0.0007422009296398357
25.866666666666667 -0.2438548910181816 0.0007331235930259083
25.9 -0.2170883403197801 0.0007216028659109142
25.933333333333334 -0.18436563016587867 0.0007077847816575888
25.966666666666665 -0.14517615385408167 0.0006875185776119841
26.0 -0.10284519950242242 0.0006650266051171083
26.033333333333335 -0.06027631816120629 0.0006394105488488275
26.066666666666666 -0.01330645616313215 0.0006134295999769071
26.1 0.03305916780889522 0.0006234699702635654
26.133333333333333 0.07782084621336306 0.0006487545472946277
26.166666666666668 0.12041636717956206 0.0006711145763621668
26.2 0.15910178897718705 0.0006932130258301694
26.233333333333334 0.19199396145784328 0.0007094521711202284
26.266666666666666 0.22123949084067973 0.0007225492773863806
26.3 0.24298731723766223 0.0007329133961539169
26.333333333333332 0.26090746003722476 0.0007416998547509213
26.366666666666667 0.2669117370701429 0.0007436841905690827
26.4 0.26740212481336684 0.0007437408643664045
26.433333333333334 0.2625187798915887 0.0007416412681255924
26.466666666666665 0.24814222185741083 0.0007354141459071095
26.5 0.2288783389251071 0.0007270418641704968
26.533333333333335 0.20138587282957335 0.0007139578655464551
26.566666666666666 0.16750688657868845 0.0006996425920265392
26.6 0.12968843262695312 0.0006821750856208786
26.633333333333333 0.08868371645054915 0.0006568798498128581
26.666666666666668 0.044761492174724464 0.0006316318260748063
26.7 0.0005451069709959632 0.0006066369098373342
26.733333333333334 -0.046551775246162545 0.0006319708746601316
26.766666666666666 -0.0905625713272303 0.000655968505926946
26.8 -0.13310430415573782 0.0006784560160500164
26.833333333333332 -0.17219316917237384 0.0006989644036740905
26.866666666666667 -0.2068124900912071 0.0007136070779492076
26.9 -0.23616153508324453 0.0007288659665725672
26.933333333333334 -0.2577472007572364 0.0007378364674557325
26.966666666666665 -0.2744939727386821 0.0007456717131442137
27.0 -0.28339653050558977 0.0007491845827198862
27.033333333333335 -0.28450949852172985 0.0007499198180271338
27.066666666666666 -0.2781338190592097 0.0007475442294295753
27.1 -0.26487404942009446 0.0007428240225685334
27.133333333333333 -0.24384419840388769 0.0007336494266726168
27.166666666666668 -0.2181976097507632 0.0007212232884979686
27.2 -0.18581973931760096 0.0007064162119741757
27.233333333333334 -0.14866046285270848 0.0006887103409003725
27.266666666666666 -0.10790918251350955 0.000667225638484481
27.3 -0.06297812022988877 0.0006415297440799245
27.333333333333332 -0.018187870799558248 0.0006151017521512647
27.366666666666667 0.02714987703905385 0.0006219017564714525
27.4 0.07316048194580221 0.0006472876570653707
27.433333333333334 0.11413150636985933 0.0006702547581055041
27.466666666666665 0.15339320311938237 0.0006905786945175796
27.5 0.18723530273991032 0.0007065157516906451
27.533333333333335 0.21763304482280635 0.0007215483974103432
27.566666666666666 0.24000213575282275 0.0007299996788032448
27.6 0.2558387484175126 0.0007368784160250441
27.633333333333333 0.2648084145415756 0.0007421668922036884
27.666666666666668 0.2662431693432933 0.0007421622705914843
27.7 0.2609272463194122 0.0007422156622122755
27.733333333333334 0.24812516904896062 0.0007357955022422313
27.766666666666666 0.2269125315871591 0.0007272778684696279
27.8 0.20157869571100703 0.000716520621148492
27.833333333333332 0.16948188568400055 0.000700819135689007
27.866666666666667 0.13326737499634153 0.0006821193391163272
27.9 0.08971984310782323 0.0006612307818898988
27.933333333333334 0.04646148295741679 0.0006342770179941851
27.966666666666665 0.0033092819452463333 0.0006060914640542269
28.0 -0.04405068381214846 0.0006312061890793169
28.033333333333335 -0.08810009192115387 0.0006543778456304938
28.066666666666666 -0.1292424559669553 0.0006770197193002314
28.1 -0.16780003984965372 0.0006958847137888136
28.133333333333333 -0.20361891700607762 0.0007143460089483467
28.166666666666668 -0.23209001954235567 0.0007276225257699664
28.2 -0.25498493328753946 0.0007357144749177702
28.233333333333334 -0.27144437029475815 0.0007435823655226881
28.266666666666666 -0.28167494506590324 0.0007480914824716245
28.3 -0.28272953241057536 0.0007489384958829226
28.333333333333332 -0.27735307040177637 0.0007484208037593643
28.366666666666667 -0.2660159494374946 0.0007413901181462235
28.4 -0.2465014323468634 0.0007357394611243462
28.433333333333334 -0.21920487238710493 0.0007226516107443903
28.466666666666665 -0.18734049628570226 0.0007075543428650688
28.5 -0.1518198114524339 0.0006921202380862912
28.533333333333335 -0.10885990771908577 0.0006672637299902084
28.566666666666666 -0.06721398760385525 0.000644553692731864
28.6 -0.021270093612005228 0.0006176619180399794
28.633333333333333 0.024671024774726904 0.0006202371325214409
28.666666666666668 0.06820403697748277 0.0006448153068002865
28.7 0.10968911863682823 0.000666892484077003
28.733333333333334 0.14925624555013703 0.000687260744992424
28.766666666666666 0.18407473113289835 0.0007055185958838583
28.8 0.21257666742775974 0.000717396601675635
28.833333333333332 0.23556713494214254 0.0007277590713009041
28.866666666666667 0.25272014897125145 0.0007374258104383413
28.9 0.2622615613257778 0.0007410535481509606
28.933333333333334 0.26417632665320395 0.0007417656068458012
28.966666666666665 0.25972591297048314 0.0007403734608506518
29.0 0.2471515742760774 0.0007353441850585507
29.033333333333335 0.22882859739243536 0.0007272049523086577
29.066666666666666 0.20355674722596298 0.0007160364400796149
29.1 0.17003216131764762 0.0006995862788659601
29.133333333333333 0.13265913150491104 0.0006813183455551541
29.166666666666668 0.09246101963780348 0.0006592538745960053
29.2 0.0493268569946225 0.000634428802367186
29.233333333333334 0.006383995345965513 0.0006089252862740042
29.266666666666666 -0.03917294779419944 0.0006281899383923858
29.3 -0.08389480751937796 0.0006531349499340477
29.333333333333332 -0.12504361147925935 0.0006746836799540468
29.366666666666667 -0.1651658120788827 0.0006946542168012326
29.4 -0.19933318308264264 0.0007148552594813673
29.433333333333334 -0.2286525438356629 0.0007257596370805475
29.466666666666665 -0.2520670436657209 0.0007352486144195924
29.5 -0.26801705603130155 0.0007437687885056277
29.533333333333335 -0.27719038207399355 0.0007466455281535112
29.566666666666666 -0.28051085710278234 0.0007480917914152729
29.6 -0.2752735052467989 0.0007465764506891515
29.633333333333333 -0.2639132173378397 0.0007412602267045654
29.666666666666668 -0.2455504936917629 0.000734200314071981
29.7 -0.2191959471129218 0.000721300386528817
29.733333333333334 -0.18764186111418915 0.0007080526767089812
29.766666666666666 -0.15179154415291893 0.0006906262863796975
29.8 -0.1098867796750358 0.0006680061334015525
29.833333333333332 -0.06913950447742956 0.0006475082519773051
29.866666666666667 -0.024791043866384654 0.0006201370628358266
29.9 0.022017247244309257 0.0006184158833332266
29.933333333333334 0.06424254726209296 0.0006416292482461367
29.966666666666665 0.10716683185320758 0.0006647914843427305
30.0 0.14574610376705385 0.000685597514307662
30.033333333333335 0.18032400949115476 0.0007029202394833733
30.066666666666666 0.20934964077490015 0.0007160591122998827
30.1 0.2335164907020101 0.0007273936099207456
30.133333333333333 0.24896958622365123 0.000735974734175443
30.166666666666668 0.26001646501263626 0.0007399002619987716
30.2 0.26174648177415766 0.000740272294436517
30.233333333333334 0.25763075135324115 0.000740535356501093
30.266666666666666 0.24514121801044966 0.0007362821346318105
30.3 0.22723933937561486 0.0007272969866474466
30.333333333333332 0.20128311564126644 0.0007159579677482042
30.366666666666667 0.1714449761504324 0.0007008103003737498
30.4 0.1357967862311478 0.0006830414383974248
30.433333333333334 0.09631570177435693 0.0006614536786743314
30.466666666666665 0.052463808001148436 0.0006367965062886866
30.5 0.009309127652557706 0.0006093254748016485
30.533333333333335 -0.03538075487819012 0.0006257140136918457
30.566666666666666 -0.07920192655926282 0.0006504355301520243
30.6 -0.12273699649265553 0.0006732663607016132
30.633333333333333 -0.15999289264195826 0.0006918972706094761
30.666666666666668 -0.1936139199496904 0.0007088967465788965
30.7 -0.2238355056330343 0.0007228990772573107
30.733333333333334 -0.24671403891824273 0.0007330367500666124
30.766666666666666 -0.26525639272293294 0.0007407955641351993
30.8 -0.2758998782415132 0.0007462464277330771
30.833333333333332 -0.2777555131668428 0.0007469077271460844
30.866666666666667 -0.274031427001057 0.0007458083760305545
30.9 -0.26230565711455234 0.000741444486520082
30.933333333333334 -0.24402434973265774 0.0007335860153753759
30.966666666666665 -0.2192421453865933 0.0007220871537416962
31.0 -0.18950901639739615 0.0007085040082130956
31.033333333333335 -0.15347840703556498 0.0006892296225148031
31.066666666666666 -0.11400099892703044 0.0006705048851884249
31.1 -0.07142525850869161 0.0006475985333263684
31.133333333333333 -0.026605392970746374 0.0006199075600395905
31.166666666666668 0.016496465923438994 0.0006155161899507183
31.2 0.06142833430067371 0.0006420026993222416
31.233333333333334 0.10094254912311267 0.0006632261593363109
31.266666666666666 0.14259460500741958 0.0006843830121864569
31.3 0.17579143629135138 0.000699908531633292
31.333333333333332 0.20612734612911823 0.0007153396253737343
31.366666666666667 0.22936146169740582 0.0007273373841719666
31.4 0.24624643518937853 0.0007336285771458451
31.433333333333334 0.25670822977963026 0.0007387817954682685
31.466666666666665 0.2591107123097898 0.0007410958548975666
31.5 0.25582798344025515 0.0007394024246533126
31.533333333333335 0.2434300236151027 0.0007342898136040166
31.566666666666666 0.22537072597958704 0.0007286248133207274
31.6 0.20139705661972213 0.0007167414048462051
31.633333333333333 0.17168393558690914 0.0007018863201448122
31.666666666666668 0.13643600783136026 0.0006827961914729341
31.7 0.09757891694559616 0.0006634226857125669
31.733333333333334 0.05693829851434093 0.0006381431426784809
31.766666666666666 0.012096483816368362 0.0006125445943460147
31.8 -0.03303785522455921 0.0006245077362968948
31.833333333333332 -0.07491982598288587 0.0006469032579001083
31.866666666666667 -0.11806000063673079 0.0006704546366955305
31.9 -0.15623943354141578 0.0006897772913928846
31.933333333333334 -0.1909831476314572 0.0007064790875503935
31.966666666666665 -0.22185769749637568 0.0007210405418457411
32.0 -0.2450939112601432 0.0007325631504113417
32.03333333333333 -0.2626986702142539 0.0007401700781782261
32.06666666666667 -0.27371238303747947 0.0007444817292217021
32.1 -0.27708545046912025 0.0007467264674072549
32.13333333333333 -0.2724260778221782 0.0007447825077864234
32.166666666666664 -0.2613500452212945 0.0007402252122092334
32.2 -0.24299604458815582 0.0007332125243087739
32.233333333333334 -0.21888765223229545 0.0007225308222808813
32.266666666666666 -0.19048062233921953 0.0007097590228329897
32.3 -0.1564260450948685 0.0006953906292006262
32.333333333333336 -0.11487484652241113 0.0006704683231062436
32.36666666666667 -0.07374591617170322 0.0006490994353007123
32.4 -0.030440482310755003 0.0006232868494868808
32.43333333333333 0.013897919047953594 0.0006135246626709553
32.46666666666667 0.056044231897790994 0.0006369276518990857
32.5 0.09943204221399005 0.0006605256345815769
32.53333333333333 0.13706817778345337 0.0006823075394339628
32.56666666666667 0.17303097738979292 0.0006998821621254925
32.6 0.201855767090633 0.0007136540527479529
32.63333333333333 0.2260731871492438 0.0007247999732340749
32.666666666666664 0.24350498342357652 0.0007328370385888405
32.7 0.2538817036322285 0.000737843289187079
32.733333333333334 0.25842936824615126 0.0007400167678330294
32.766666666666666 0.25445726856116313 0.0007381243390700565
32.8 0.24441850702452667 0.0007335806324817173
32.833333333333336 0.22668407573173718 0.0007266771004990902
32.86666666666667 0.20204078023900035 0.0007142540771016559
32.9 0.1728688813557416 0.0006998972533097392
32.93333333333333 0.13852915195593524 0.0006829032493458065
32.96666666666667 0.10017975850773907 0.0006635157810082476
33.0 0.05887393701064245 0.0006404057650049866
33.03333333333333 0.01558523791220015 0.0006149555146532475
33.06666666666667 -0.027017248226447733 0.0006202468104845073
33.1 -0.07152564630432551 0.0006452165945542987
33.13333333333333 -0.11496412331943726 0.000668821482080792
33.166666666666664 -0.15230751107953458 0.0006890067650314746
33.2 -0.18805542380955853 0.0007062944498706647
33.233333333333334 -0.21852258582753553 0.0007165365271011859
33.266666666666666 -0.24127523671155598 0.0007300571134966904
33.3 -0.2593752511396669 0.000738330645746299
33.333333333333336 -0.2699769731228019 0.000743611862267568
33.36666666666667 -0.2748463010595105 0.000745779724584561
33.4 -0.27171020768341175 0.0007446242373775891
33.43333333333333 -0.2607638809057133 0.0007409131048295992
33.46666666666667 -0.24322343397762258 0.0007334722441152686
33.5 -0.2193552009410748 0.0007218431901839517
33.53333333333333 -0.19061500183350816 0.0007089724669674391
33.56666666666667 -0.15616799595789446 0.0006927966936962626
33.6 -0.11715224116903185 0.0006717700864100895
33.63333333333333 -0.07585120223771996 0.0006492510743655033
33.666666666666664 -0.03334915992423187 0.0006256781547613471
33.7 0.010822674946994624 0.0006113247674308809
33.733333333333334 0.05371024295496221 0.0006361807062543051
33.766666666666666 0.09416857251779599 0.0006592635842224137
33.8 0.13465525186745053 0.0006795228688748767
33.833333333333336 0.1688827756429462 0.0006964291603372974
33.86666666666667 0.19935132318460716 0.0007118401690521248
33.9 0.22399141294166533 0.0007227818410395215
33.93333333333333 0.23938521183474185 0.0007306903089799033
33.96666666666667 0.2528056727000999 0.0007368038647322384
34.0 0.2565439900980341 0.0007394917712800209
34.03333333333333 0.25394644919702186 0.0007385028051726805
34.06666666666667 0.24361108792684863 0.0007331424852879964
34.1 0.2245240341801121 0.0007274881680285339
34.13333333333333 0.20295929471170573 0.0007162065144023233
34.166666666666664 0.17387870214229645 0.000702697465305907
34.2 0.13879828766883906 0.0006841925198841081
34.233333333333334 0.10170716317307928 0.0006639268438232565
34.266666666666666 0.06029359368977008 0.0006403575015998877
34.3 0.018233340904287992 0.0006162124257121579
34.333333333333336 -0.02666249449436237 0.0006207618505583955
34.36666666666667 -0.06901180697744173 0.0006449526047408866
34.4 -0.10922947980259108 0.0006663025299674108
34.43333333333333 -0.14907747988497097 0.0006870607743326984
34.46666666666667 -0.18433005947811637 0.0007043446190049818
34.5 -0.2126749782739849 0.0007175916991978282
34.53333333333333 -0.23783398945145987 0.0007294744858979685
34.56666666666667 -0.25342650986039933 0.0007363308999288054
34.6 -0.2669164579639818 0.0007415808771313315
34.63333333333333 -0.2718460792739334 0.0007448303970508663
34.666666666666664 -0.26936535741612355 0.0007431197504593201
34.7 -0.25931185734708606 0.0007396841710420876
34.733333333333334 -0.24258941082972182 0.0007333684402483776
34.766666666666666 -0.21932857490448046 0.0007222956851468953
34.8 -0.18982945593046477 0.0007091669514470156
34.833333333333336 -0.15672776244545314 0.0006926625580473689
34.86666666666667 -0.11813720040974122 0.0006720141221415316
34.9 -0.07746624861516525 0.0006496852271262177
34.93333333333333 -0.03521543303589743 0.0006248451038308248
34.96666666666667 0.0067021230657025865 0.0006091366808146006
35.0 0.0509891030799714 0.0006334328905625158
35.03333333333333 0.09237841412484625 0.0006578489685751532
35.06666666666667 0.13032672562651226 0.0006779898754899483
35.1 0.1659613602525228 0.0006963377322718178
35.13333333333333 0.19521967694234002 0.0007127885935298006
35.166666666666664 0.22124262830400204 0.0007222142475006021
35.2 0.23890215503167328 0.0007286753708078686
35.233333333333334 0.24965627448044916 0.0007358897889036264
35.266666666666666 0.2543903767441021 0.0007375009271598509
35.3 0.25137839217442504 0.0007361892260857039
35.333333333333336 0.24209165873748575 0.000733159079649992
35.36666666666667 0.22537896687109743 0.0007259205041218741
35.4 0.20279328825697895 0.000715449787105138
35.43333333333333 0.17364928592273607 0.0007008188588428499
35.46666666666667 0.14075062083373333 0.0006853881867118772
35.5 0.10356183324836467 0.0006665037120020118
35.53333333333333 0.06094196162548553 0.0006407494104481576
35.56666666666667 0.019368768266676047 0.0006169787959816667
35.6 -0.02217536836151307 0.0006173464133762963
35.63333333333333 -0.06549512455041545 0.0006423895531598306
35.666666666666664 -0.10726916016046623 0.0006652170080198999
35.7 -0.14544296632921166 0.0006865369582753633
35.733333333333334 -0.17932110384817201 0.0007020665973539453
35.766666666666666 -0.20987411807297002 0.0007161629386017998
35.8 -0.2349994522493581 0.0007270900728363339
35.833333333333336 -0.25399678415902815 0.0007357552119575117
35.86666666666667 -0.2648546649098149 0.0007409257812706072
35.9 -0.26989539285661146 0.0007432695485583007
35.93333333333333 -0.26755796760740586 0.00074440946602089
35.96666666666667 -0.25849288560127176 0.0007390080398574916
36.0 -0.24314459025466378 0.0007312326981092354
36.03333333333333 -0.22095457248265452 0.000722824689590007
36.06666666666667 -0.19220154809212078 0.0007095896434658189
36.1 -0.1591078252457319 0.0006946605727201349
36.13333333333333 -0.11979877986367089 0.000672687973218497
36.166666666666664 -0.08072958954237867 0.0006518328184422773
36.2 -0.03779314045188517 0.0006291019821420343
36.233333333333334 0.0053123134280997466 0.000607489441979546
36.266666666666666 0.04898454549241438 0.000632762321816166
36.3 0.08911590377474488 0.0006551343519804464
36.333333333333336 0.1281445436802223 0.0006770333028555398
36.36666666666667 0.1618002706717656 0.0006927540321578773
36.4 0.1928689069629289 0.0007084350939751682
36.43333333333333 0.2166448962621264 0.0007191739734071778
36.46666666666667 0.23449959751373006 0.0007273325098723638
36.5 0.24493273311882435 0.0007358282567404839
36.53333333333333 0.25190696741571533 0.000737454599268883
36.56666666666667 0.25032863279463174 0.0007376840603182666
36.6 0.2409492268507904 0.0007340017987253755
36.63333333333333 0.2246692687638201 0.0007259871336163515
36.666666666666664 0.20323514449450356 0.0007159912108114785
36.7 0.17531278679879242 0.0007017960044007066
36.733333333333334 0.14011671373815704 0.0006848462262998845
36.766666666666666 0.10325092646725112 0.0006652628632597274
36.8 0.06438050409031232 0.0006428746542143371
36.833333333333336 0.02228373622974835 0.0006196692967188229
36.86666666666667 -0.01947089027688222 0.0006165102700884696
36.9 -0.06471261040012723 0.0006445021231389347
36.93333333333333 -0.10457863587558591 0.0006642118347534309
36.96666666666667 -0.14299747566320486 0.000683627965269884
37.0 -0.17725121328201632 0.000700290953844801
37.03333333333333 -0.2080295318210473 0.0007147480970673137
37.06666666666667 -0.23285989753886172 0.0007260461389779482
37.1 -0.25151064284917274 0.0007350603810349909
37.13333333333333 -0.26321989601389945 0.0007402021235556333
37.166666666666664 -0.2679841892728817 0.0007451136136256697
37.2 -0.2656840994790765 0.0007431907068907728
37.233333333333334 -0.257026438053886 0.0007382740868354665
37.266666666666666 -0.24101372484056222 0.0007329391102096072
37.3 -0.2187966987248363 0.0007222838157312506
37.333333333333336 -0.1924179166792095 0.0007114896220346834
37.36666666666667 -0.159479646305631 0.000694395645383622
37.4 -0.12391517851772497 0.0006733482280004977
37.43333333333333 -0.08263456365667947 0.0006532568290342766
37.46666666666667 -0.04007527583010224 0.0006280681077017319
37.5 0.0021424368029539266 0.000606498563174818
37.53333333333333 0.04446362793928577 0.0006313276881720897
37.56666666666667 0.08511485759610364 0.0006540917469322477
37.6 0.12471690246513578 0.0006740908598677209
37.63333333333333 0.15879847378233933 0.000692420665549226
37.666666666666664 0.1884532547053089 0.0007058561313681433
37.7 0.21229537232614068 0.0007196452713030266
37.733333333333334 0.23068117069292113 0.0007271245862562614
37.766666666666666 0.24473898426861446 0.0007330669849073823
37.8 0.24793764050210979 0.0007337801487568574
37.833333333333336 0.24670993370928557 0.0007366656563466412
37.86666666666667 0.23931017607800503 0.0007314313583397514
37.9 0.22435243998118753 0.0007252167735560533
37.93333333333333 0.20211002448921708 0.0007163373951544205
37.96666666666667 0.17431959650968315 0.0007041549695006866
38.0 0.14194951034163605 0.0006854662484907792
38.03333333333333 0.1063091066407638 0.0006683627899274069
38.06666666666667 0.06742920447783222 0.0006445825650330528
38.1 0.02506435536280165 0.0006212625117077084
38.13333333333333 -0.017228555966888628 0.0006144870104800616
38.166666666666664 -0.06112504431717522 0.0006413842842479534
38.2 -0.10179436627502057 0.0006616868921835717
38.233333333333334 -0.1390699650580182 0.0006812794890871388
38.266666666666666 -0.17362824056030662 0.0006983468753217759
38.3 -0.20413673805961305 0.0007142743035196408
38.333333333333336 -0.2289953248727045 0.0007249676516867809
38.36666666666667 -0.24750795588249677 0.0007330835731561569
38.4 -0.2593370509298826 0.0007388495699154896
38.43333333333333 -0.26598172324801256 0.0007427639446013767
38.46666666666667 -0.2644618685645389 0.0007420624152482125
38.5 -0.2556472403843645 0.0007376840339276547
38.53333333333333 -0.241249601559113 0.0007319955766695585
38.56666666666667 -0.22070572330777893 0.0007236446106388683
38.6 -0.19277364033831396 0.0007088994074421484
38.63333333333333 -0.16091526289173325 0.0006942176531782029
38.666666666666664 -0.12457596158534563 0.00067513006672483
38.7 -0.08685011335078888 0.0006575021696363093
38.733333333333334 -0.04316848539663302 0.0006307975774966085
38.766666666666666 -0.0005544064842008212 0.0006046886430770903
38.8 0.042097089152204246 0.0006292076824031267
38.833333333333336 0.08353969467019434 0.0006533693835016063
38.86666666666667 0.122608542039039 0.0006737760183953417
38.9 0.1561463546675922 0.0006911162306597052
38.93333333333333 0.18613853196256172 0.0007050961848418524
38.96666666666667 0.2101343949137111 0.000717080605634357
39.0 0.22978698501787811 0.0007262191589691991
39.03333333333333 0.2429516666452226 0.0007333993653944881
39.06666666666667 0.24833028452047157 0.0007358087333580177
39.1 0.24722809221732317 0.0007350526691475845
39.13333333333333 0.23899163053115666 0.0007324218484817957
39.166666666666664 0.2221706281784332 0.0007257118596978585
39.2 0.20093801957312446 0.0007153169194694942
39.233333333333334 0.17534744740647268 0.000702064080792153
39.266666666666666 0.14300440094716227 0.0006861662854867057
39.3 0.10905571351832002 0.0006686631034229923
39.333333333333336 0.06826294899419753 0.0006448154840244247
39.36666666666667 0.026149526885061922 0.0006210391757152031
39.4 -0.015507059571847647 0.0006139742203807221
39.43333333333333 -0.05755278898756413 0.0006379302792862487
39.46666666666667 -0.09783861175459584 0.0006594043282885237
39.5 -0.1368379674700489 0.0006806160142436846
39.53333333333333 -0.17029170955441425 0.0006976120368675509
39.56666666666667 -0.2017613322844849 0.0007144897595629252
39.6 -0.22587870889791628 0.0007242742815782854
39.63333333333333 -0.24500122252799705 0.0007344006575132345
39.666666666666664 -0.25773749530320234 0.0007382442927898469
39.7 -0.26328781696625153 0.0007404106707336044
39.733333333333334 -0.2626703237818247 0.000740341599127059
39.766666666666666 -0.2546250426162539 0.0007373959480988512
39.8 -0.23946712626470815 0.0007312901634114188
39.833333333333336 -0.21889612548253842 0.0007234298833511121
39.86666666666667 -0.19199054665419393 0.0007095799966830574
39.9 -0.16065346361700855 0.0006943443260499504
39.93333333333333 -0.12436239939965449 0.000675750104069589
39.96666666666667 -0.08543632117953855 0.0006550737699206888
40.0 -0.0447622876049745 0.0006317356703306048
40.03333333333333 -0.002870493546369215 0.0006069555073340716
40.06666666666667 0.03816738003344143 0.0006265077400581104
40.1 0.07981147224855897 0.0006503377978325786
40.13333333333333 0.11873329266693325 0.0006719010808170639
40.166666666666664 0.15230426756409912 0.0006889433962562197
40.2 0.1820205071789198 0.0007042190119023184
40.233333333333334 0.20777180208975 0.0007161842936161955
40.266666666666666 0.22722914489001747 0.0007256353640374413
40.3 0.23905534632090697 0.0007324652641371443
40.333333333333336 0.24507084503552837 0.000733662316923539
40.36666666666667 0.24437683348830946 0.0007334178413277714
40.4 0.23677854502341655 0.0007311298322239812
40.43333333333333 0.22202673793755653 0.0007251936242475276
40.46666666666667 0.2021838763193768 0.0007169533398453387
40.5 0.17471047686511765 0.0007018271726996761
40.53333333333333 0.14425717526182935 0.0006883790898560838
40.56666666666667 0.10801476967357758 0.0006673288379481362
40.6 0.06913414932779663 0.0006459816894365533
40.63333333333333 0.028655813546056175 0.0006231945838662302
40.666666666666664 -0.012767451814865691 0.0006120923867481663
40.7 -0.055642090927121364 0.0006377879073082085
40.733333333333334 -0.09512455452123976 0.0006588504443467147
40.766666666666666 -0.13331042812279273 0.0006801651836512435
40.8 -0.16817427300776347 0.0006982582071164423
40.833333333333336 -0.19925643756567532 0.0007141773729343603
40.86666666666667 -0.22329765294458298 0.0007228218025341071
40.9 -0.24251058770618622 0.0007312763461704563
40.93333333333333 -0.25586539777794665 0.000737357254319726
40.96666666666667 -0.2623516464181086 0.0007402228142370793
41.0 -0.26097617935259826 0.0007402082451642422
41.03333333333333 -0.2534347826805532 0.0007358801658963188
41.06666666666667 -0.23969332768375695 0.0007320854076265648
41.1 -0.21785168574942995 0.0007215792149812827
41.13333333333333 -0.19242432774824988 0.0007093253274324807
41.166666666666664 -0.1614510534403663 0.0006937130297375582
41.2 -0.12559227751057725 0.0006765122152533609
41.233333333333334 -0.08650956144991588 0.0006544422703272934
41.266666666666666 -0.046313967278773675 0.0006313607397962773
41.3 -0.004289216716129829 0.0006072574139738725
41.333333333333336 0.03652947256162744 0.0006246788088517183
41.36666666666667 0.07711047111875666 0.0006495278556680889
41.4 0.11506228590274796 0.0006701707393376721
41.43333333333333 0.15091990111625544 0.0006881404926216694
41.46666666666667 0.18141735999364914 0.0007030410931691822
41.5 0.20527774422248213 0.0007144079689534455
41.53333333333333 0.2247376491647713 0.0007272481026833755
41.56666666666667 0.23812874711446202 0.0007309197066551476
41.6 0.2431926914040693 0.000733689960943501
41.63333333333333 0.2421982616298254 0.0007330500348728675
41.666666666666664 0.236256172120881 0.0007302785649514199
41.7 0.22132312382499875 0.0007234909397444145
41.733333333333334 0.2023938078413199 0.0007142796187175338
41.766666666666666 0.17579328073697115 0.0007021490241228279
41.8 0.14380740829644487 0.0006860261537286472
41.833333333333336 0.10903873716882279 0.0006677581226142842
41.86666666666667 0.0720192904832654 0.0006470024253743267
41.9 0.031691662087398466 0.0006253217909361619
41.93333333333333 -0.010271392055865528 0.0006110173712026469
41.96666666666667 -0.05131431665104759 0.0006343796423382356
42.0 -0.09364047467860756 0.0006569169977183736
