0.0 -0.1393655708130701 0.0006745469171957341
0.03333333333333333 -0.26308064399678033 0.0007299288935475046
0.06666666666666667 -0.3799835497601722 0.0007752004645339983
0.1 -0.48443146581405394 0.0008046767014807665
0.13333333333333333 -0.5782407870167987 0.0008227691045527008
0.16666666666666666 -0.6593032968927521 0.0008345569534351505
0.2 -0.7208149221141739 0.0008384780545200865
0.23333333333333334 -0.7681364980525996 0.0008411218770336681
0.26666666666666666 -0.7965822312046941 0.0008404856136926542
0.3 -0.8050317183333654 0.0008429964146756674
0.3333333333333333 -0.7936709326884015 0.0008427539123924133
0.36666666666666664 -0.7617536554132099 0.0008426252825565195
0.4 -0.7105873878708115 0.0008411251555652255
0.43333333333333335 -0.6394837833756112 0.0008352332909572491
0.4666666666666667 -0.5546131789018642 0.0008205167187392837
0.5 -0.452399959401057 0.0007990305516534235
0.5333333333333333 -0.3422529449439409 0.0007663192465808821
0.5666666666666667 -0.22203441364486878 0.0007147681373949055
0.6 -0.09576428109461788 0.0006512949595779555
0.6333333333333333 0.03124607330025288 0.000614798352716734
0.6666666666666666 0.15469324725095202 0.0006816039664770124
0.7 0.2790817570380554 0.0007364705569465335
0.7333333333333333 0.3935800391439803 0.0007777666040705289
0.7666666666666667 0.4970534876857341 0.0008079869197837874
0.8 0.5879266270709458 0.0008255211285719266
0.8333333333333334 0.6612866850207803 0.0008381109513345697
0.8666666666666667 0.7198041910346501 0.0008391428666743028
0.9 0.7610888783078172 0.000842712327127404
0.9333333333333333 0.7823063154807944 0.0008427428846877749
0.9666666666666667 0.7847969579604599 0.0008437972136380312
1.0 0.769171171379464 0.0008449459351537181
1.0333333333333334 0.7314424641035103 0.0008450166633017231
1.0666666666666667 0.6766517428992721 0.0008413717183454184
1.1 0.6016013322341033 0.0008294900151042395
1.1333333333333333 0.5112336649973739 0.0008154794730360626
1.1666666666666667 0.4087478028512271 0.0007874683186361309
1.2 0.29345363990638534 0.0007481678760919985
1.2333333333333334 0.1724405733438846 0.0006911925824374665
1.2666666666666666 0.046244306504997876 0.0006218524578181575
1.3 -0.07967349332294468 0.0006453048528581862
1.3333333333333333 -0.20212398352383804 0.0007051679867980942
1.3666666666666667 -0.32071210001843936 0.000753586167840048
1.4 -0.4310877982210285 0.000787855845381713
1.4333333333333333 -0.5308307303836763 0.0008159520143222743
1.4666666666666666 -0.6134908545810367 0.0008292639280903513
1.5 -0.6836586584885234 0.0008360417463784131
1.5333333333333334 -0.7384760887787527 0.000841155704317309
1.5666666666666667 -0.7732579447810363 0.000841868021117298
1.6 -0.7897460572275923 0.0008436906875186612
1.6333333333333333 -0.7873159072799637 0.000845325662018781
1.6666666666666667 -0.7647730990094478 0.0008441566290923186
1.7 -0.7225915385456421 0.0008410051605788338
1.7333333333333334 -0.6611926476061105 0.0008399012593416355
1.7666666666666666 -0.5829130343166541 0.0008273818845282443
1.8 -0.4913811222627031 0.0008095080773722341
1.8333333333333333 -0.38535094803185327 0.0007800279617715677
1.8666666666666667 -0.26970402738320187 0.0007351030517026014
1.9 -0.14757150698696372 0.0006784774671085569
1.9333333333333333 -0.022763550423019148 0.0006098909760363438
1.9666666666666666 0.10149235361253536 0.0006574979406907683
2.0 0.22472777441319422 0.000715619742192114
2.033333333333333 0.3398351595767529 0.0007611057725976367
2.066666666666667 0.447099924002075 0.0007961142428583035
2.1 0.5420200171792849 0.0008185893534572442
2.1333333333333333 0.6237886659803461 0.0008316648610550148
2.1666666666666665 0.6871892890160846 0.0008387387090319498
2.2 0.7349929394344691 0.0008430532668292079
2.2333333333333334 0.7640413629240914 0.0008428133408324712
2.2666666666666666 0.7742338461798548 0.000842610760294682
2.3 0.7653856571441546 0.0008430589659507159
2.3333333333333335 0.737782618848761 0.0008440123963017188
2.3666666666666667 0.6904845636663738 0.0008414017544851049
2.4 0.6242269002564351 0.0008330995820601261
2.433333333333333 0.5422363018048989 0.0008209653919621918
2.466666666666667 0.44416190408889655 0.0007968346222332334
2.5 0.33648955916094997 0.0007631487669629289
2.533333333333333 0.2178322918280911 0.0007139451458250679
2.566666666666667 0.09545083079928758 0.0006509264247207269
2.6 -0.028439935274718497 0.0006146717230899705
2.6333333333333333 -0.1517508071047547 0.0006782482393263012
2.6666666666666665 -0.2696691318017357 0.0007336897651268326
2.7 -0.3808072114689804 0.0007742261180347931
2.7333333333333334 -0.48657154519329315 0.0008061081125127489
2.7666666666666666 -0.5742674723905389 0.0008226664312801502
2.8 -0.6486885511361788 0.0008340497681338377
2.8333333333333335 -0.7089972097611995 0.0008381882170360733
2.8666666666666667 -0.751115990712025 0.0008419300545973174
2.9 -0.7736965895950605 0.0008423070658334364
2.933333333333333 -0.7781887664718506 0.0008437373462731879
2.966666666666667 -0.7641416387017679 0.0008439094403672742
3.0 -0.730597386375268 0.0008426195445699891
3.033333333333333 -0.6772453145924124 0.0008408872941787493
3.066666666666667 -0.6047657912781644 0.0008321126678146884
3.1 -0.5194656759622595 0.0008137753492869493
3.1333333333333333 -0.4195784282383549 0.0007892224608949117
3.1666666666666665 -0.30961818008691916 0.0007530874846683466
3.2 -0.19346022733522392 0.0007020010096138729
3.2333333333333334 -0.06903913931120906 0.0006369999826074113
3.2666666666666666 0.05154887813100978 0.0006282935771563317
3.3 0.17519404634155283 0.0006934774781093
3.3333333333333335 0.29224428344385817 0.0007448380683868217
3.3666666666666667 0.40184453219837873 0.0007809221657140153
3.4 0.5007290968379681 0.0008087081171997967
3.433333333333333 0.5847410977529797 0.0008268973307655747
3.466666666666667 0.6554217291920766 0.0008335982485319082
3.5 0.7076639711801843 0.0008399932864509019
3.533333333333333 0.7431289849718816 0.0008433445507897153
3.566666666666667 0.7602860571538123 0.0008439936835701323
3.6 0.7594869014232976 0.0008457447061192003
3.6333333333333333 0.738228457523145 0.0008456092148161343
3.6666666666666665 0.699551427557517 0.0008431687952821232
3.7 0.6410283453127638 0.0008374552685662673
3.7333333333333334 0.5641974845098678 0.0008269104722467002
3.7666666666666666 0.47171223705171283 0.0008033511387481873
3.8 0.3700665544521204 0.0007753567535496719
3.8333333333333335 0.25910146078089114 0.00073364557937311
3.8666666666666667 0.13520581353937308 0.0006729757209124887
3.9 0.014997971212602754 0.0006070547689953354
3.933333333333333 -0.10658800456783857 0.0006564255296426513
3.966666666666667 -0.22663973796425738 0.0007147894217713613
4.0 -0.33673315056177827 0.0007587759371525671
4.033333333333333 -0.4410263931853135 0.000793166983761584
4.066666666666666 -0.5358094151015602 0.0008140879595019967
4.1 -0.6157360594391347 0.0008294837396231047
4.133333333333334 -0.6788721180080916 0.0008370548131255706
4.166666666666667 -0.7268779959772104 0.0008391205227565868
4.2 -0.7564164597985644 0.000841043551248144
4.233333333333333 -0.7668969433770803 0.0008419534793470129
4.266666666666667 -0.7604418929113265 0.0008423752651410821
4.3 -0.7336438656895651 0.0008427097518133309
4.333333333333333 -0.6870898743155155 0.0008383205284470119
4.366666666666666 -0.6215674324883059 0.0008324433545396914
4.4 -0.5403160978298701 0.0008187632270140188
4.433333333333334 -0.4459034307725855 0.0007946118061643581
4.466666666666667 -0.3418958210861927 0.0007632649754205634
4.5 -0.22809827137031027 0.0007164842505746061
4.533333333333333 -0.10523391156133385 0.0006576151312637363
4.566666666666666 0.013815310240974021 0.0006054666145196425
4.6 0.13817835721269503 0.0006734898986309745
4.633333333333334 0.25187542265970025 0.0007241310302456561
4.666666666666667 0.36164404871491607 0.000766999069692853
4.7 0.4632211775308831 0.0007986258282625114
4.733333333333333 0.5519226135043378 0.0008191662294451119
4.766666666666667 0.6253441275595965 0.0008296986536066031
4.8 0.6806402551036511 0.0008378513622261385
4.833333333333333 0.7237181598494243 0.0008433115928591084
4.866666666666666 0.745693863448683 0.0008429625010666353
4.9 0.7500338255469254 0.0008442490413340664
4.933333333333334 0.7349172971894825 0.0008439671290576545
4.966666666666667 0.7018309047354491 0.0008417430475313736
5.0 0.6513390856916855 0.0008381334427458587
5.033333333333333 0.578781480209892 0.0008285254476236847
5.066666666666666 0.49372638076840397 0.0008113859310949767
5.1 0.39645792789621925 0.0007808415088384479
5.133333333333334 0.2868299068067766 0.000744857732222215
5.166666666666667 0.17162019602735085 0.0006919968863679515
5.2 0.05231402664151918 0.000628820598841548
5.233333333333333 -0.071285392570697 0.0006394313209848734
5.266666666666667 -0.18717142579937263 0.0006981222031169632
5.3 -0.30006706199607475 0.0007449866283804618
5.333333333333333 -0.40461189967771827 0.0007820132417193371
5.366666666666666 -0.500093159128798 0.0008076098904670204
5.4 -0.5840869304766302 0.0008243252775572696
5.433333333333334 -0.65214760181335 0.0008340008625750128
5.466666666666667 -0.7022211831346291 0.0008401303196674537
5.5 -0.7371201786732148 0.0008429124147891764
5.533333333333333 -0.7538484313706433 0.0008419891469508833
5.566666666666666 -0.7518495854290521 0.0008418493285041739
5.6 -0.730793647511569 0.0008423787414552075
5.633333333333334 -0.6880324301282815 0.0008418671388842336
5.666666666666667 -0.632683705775918 0.0008345638185023319
5.7 -0.5573904511696991 0.000821265779099356
5.733333333333333 -0.46756979920004427 0.0008024174579370214
5.766666666666667 -0.36680585452312253 0.0007716507279348916
5.8 -0.2558411437511029 0.0007290038817348576
5.833333333333333 -0.13880738408281532 0.0006751343540651877
5.866666666666666 -0.02101524813594115 0.0006111751960436104
5.9 0.10070678939937246 0.000655465521164425
5.933333333333334 0.2159424618576513 0.000711853124204187
5.966666666666667 0.325490022868241 0.0007566084531007156
6.0 0.42714379361769444 0.0007894375407812015
6.033333333333333 0.5205828828901593 0.0008128110017643353
6.066666666666666 0.5965101926485231 0.0008267053268653513
6.1 0.6575333278007577 0.0008356840356685824
6.133333333333334 0.7021851218636159 0.0008399497621077723
6.166666666666667 0.7283407739739246 0.0008418131234571025
6.2 0.737961610418277 0.0008429470947636242
6.233333333333333 0.7286899460646417 0.0008433598332160397
6.266666666666667 0.6996479475722281 0.0008387559221574303
6.3 0.6548508393022002 0.0008371638490698441
6.333333333333333 0.5919446833016792 0.0008309034785257685
6.366666666666666 0.5123603933715416 0.0008133294119831991
6.4 0.4139233983421052 0.0007888387630248794
6.433333333333334 0.3110347719210804 0.0007529181664522877
6.466666666666667 0.19649482641459792 0.0007017496194815509
6.5 0.07916092578762947 0.0006428399461124029
6.533333333333333 -0.03948221240420417 0.0006200282438531615
6.566666666666666 -0.15593102619723936 0.0006825338168565953
6.6 -0.2666174040995751 0.0007317318145783069
6.633333333333334 -0.3731234468000856 0.0007719773175307032
6.666666666666667 -0.46937150948643247 0.0007994745444993012
6.7 -0.5551682709343484 0.0008188621077251934
6.733333333333333 -0.6262394867485048 0.0008295473076315174
6.766666666666667 -0.6797963555066917 0.0008367576212323646
6.8 -0.7191877909384152 0.0008409762805827725
6.833333333333333 -0.7390691929204759 0.0008421601058939965
6.866666666666666 -0.7419431522731162 0.0008426151607849874
6.9 -0.7258019971013933 0.0008423593264735851
6.933333333333334 -0.692854985489988 0.0008400978521949654
6.966666666666667 -0.637408692883772 0.0008355704305409439
7.0 -0.5693378612930303 0.0008251841088809941
7.033333333333333 -0.48394733930957856 0.0008072340441185877
7.066666666666666 -0.38570255758434124 0.00077909857106917
7.1 -0.27968771464621606 0.0007389390571290733
7.133333333333334 -0.16486845507645584 0.0006877576127172491
7.166666666666667 -0.04695380265074478 0.0006265672495292043
7.2 0.07009589088973055 0.0006366290235355759
7.233333333333333 0.1882080544240021 0.0006975695459376374
7.266666666666667 0.2955623052544 0.0007467625355906948
7.3 0.39933484891598287 0.0007798755222797604
7.333333333333333 0.4905696869666585 0.0008045062041757145
7.366666666666666 0.5700161188176708 0.0008230413250185364
7.4 0.6352768670137675 0.0008312899671594209
7.433333333333334 0.6825278472719863 0.0008375328185372677
7.466666666666667 0.7137778931127673 0.0008423366702228208
7.5 0.726665344423862 0.0008428246435616682
7.533333333333333 0.7220361357011889 0.0008420107746391903
7.566666666666666 0.698171319829593 0.0008413059005721868
7.6 0.6576740961746544 0.0008392611222398649
7.633333333333334 0.5980405595243681 0.0008308658850304518
7.666666666666667 0.5245467419444102 0.0008170327342362782
7.7 0.43143024606856273 0.0007941150545118791
7.733333333333333 0.3283484033213801 0.0007601022341792163
7.766666666666667 0.219039087749792 0.0007129223331364121
7.8 0.10351994533772912 0.0006578188927701678
7.833333333333333 -0.015133757673602744 0.0006079453152237693
7.866666666666666 -0.12809981055393319 0.0006686515971576767
7.9 -0.24290912850812077 0.000721569544535422
7.933333333333334 -0.3455199542512052 0.0007621484576555426
7.966666666666667 -0.44430495049240487 0.0007943885938586637
8.0 -0.5303711010447998 0.0008130557805334782
8.033333333333333 -0.6029347557494821 0.0008269796425316445
8.066666666666666 -0.6631265696030462 0.0008353439529411588
8.1 -0.7021927982392727 0.0008402184165147153
8.133333333333333 -0.7262554699115379 0.0008430424756951105
8.166666666666666 -0.7319141153583102 0.0008415664559769942
8.2 -0.7198316351284667 0.0008421395386780661
8.233333333333333 -0.6892271043601123 0.000839821686702158
8.266666666666667 -0.6400109033208445 0.0008343929037415432
8.3 -0.5731451985993122 0.0008256874752555765
8.333333333333334 -0.49354346809360045 0.0008107986674596446
8.366666666666667 -0.3999508647072509 0.0007837420481443536
8.4 -0.2957434139897288 0.0007450777629204874
8.433333333333334 -0.18221726268784125 0.0006959582165708966
8.466666666666667 -0.06873601006896808 0.0006376819166989539
8.5 0.048067102881988365 0.0006256631365756521
8.533333333333333 0.16242562749605477 0.0006838549511976044
8.566666666666666 0.2719208940108255 0.0007345110684204847
8.6 0.3746172005079614 0.0007726985489824312
8.633333333333333 0.46765362878089306 0.0007996470573015668
8.666666666666666 0.548582414140468 0.0008190596224859625
8.7 0.6142923167406535 0.0008312739811766612
8.733333333333333 0.6657872124882509 0.0008351676332561953
8.766666666666667 0.6994099346026692 0.0008405966457321057
8.8 0.7151802108691869 0.0008419370277357174
8.833333333333334 0.7135010133367833 0.0008425860464601476
8.866666666666667 0.6928199488166779 0.0008402804377488637
8.9 0.6555236422394174 0.0008371411895158332
8.933333333333334 0.6001026396245907 0.0008326124667452639
8.966666666666667 0.5305506834813007 0.0008175966380945532
9.0 0.4437315425604844 0.0007976997313879908
9.033333333333333 0.34522935734475674 0.0007657943980136084
9.066666666666666 0.2351464328253156 0.000722307124573135
9.1 0.12344113751992003 0.0006677940820575406
9.133333333333333 0.008171961302327425 0.0006022571816165986
9.166666666666666 -0.10641263823519236 0.0006560506429974661
9.2 -0.22027623966460225 0.0007120092341936501
9.233333333333333 -0.32366261628005855 0.0007552630035315144
9.266666666666667 -0.4223197450794239 0.0007869918268322285
9.3 -0.5087501935890735 0.0008098102363165438
9.333333333333334 -0.5835836564682384 0.000824968615480981
9.366666666666667 -0.6434989163178144 0.0008329240934087379
9.4 -0.6868657832181569 0.000837929617131361
9.433333333333334 -0.7132396758110834 0.000840603532572648
9.466666666666667 -0.7215499085651322 0.0008428108138409662
9.5 -0.7122258777414252 0.0008416171401116612
9.533333333333333 -0.6844225619254457 0.0008407161558695586
9.566666666666666 -0.6389633317756687 0.0008354761701139246
9.6 -0.57720692972654 0.0008269755148609947
9.633333333333333 -0.5021900717929172 0.0008096025162213083
9.666666666666666 -0.41056832482797784 0.00078408204812902
9.7 -0.30926567856071024 0.0007517641688918886
9.733333333333333 -0.19731774642513494 0.0007039442348634461
9.766666666666667 -0.08667286004299349 0.0006472075457143595
9.8 0.02889700488032842 0.0006148291128839425
9.833333333333334 0.14160780848923862 0.0006747358935710601
9.866666666666667 0.25286846288368026 0.0007265205103521022
9.9 0.35658635514218034 0.0007653553698189763
9.933333333333334 0.44852026796416666 0.0007949098039646829
9.966666666666667 0.5291549535222677 0.0008154356898115722
10.0 0.5953428659340745 0.0008275584847811102
10.033333333333333 0.6486317753335277 0.0008366262522158108
10.066666666666666 0.6848679864191378 0.0008382341607274801
10.1 0.7029398125787448 0.0008405887801623546
10.133333333333333 0.7034649600654037 0.0008418008700085133
10.166666666666666 0.6862740705301578 0.0008406223152761516
10.2 0.6519528082219963 0.0008377280849614088
10.233333333333333 0.597889805487632 0.0008307752475589236
10.266666666666667 0.530074443259268 0.0008200403250596677
10.3 0.44711457978781155 0.0007968491190790128
10.333333333333334 0.3538203210883833 0.000769300273297302
10.366666666666667 0.2483634078977744 0.0007285219680559507
10.4 0.13905375882151721 0.0006766076363833307
10.433333333333334 0.021537807351432743 0.0006097698651959631
10.466666666666667 -0.09279145917929205 0.0006489748835985798
10.5 -0.20069611532034975 0.0007036329874554881
10.533333333333333 -0.3057947978416807 0.0007468426920432814
10.566666666666666 -0.40197827062921593 0.0007810511044639701
10.6 -0.4875177345255722 0.0008028822703292082
10.633333333333333 -0.5674534675177635 0.0008206158335097857
10.666666666666666 -0.6243932505791097 0.0008300151130855582
10.7 -0.6711645191412191 0.0008369887415827781
10.733333333333333 -0.6997926896142201 0.0008408036303749755
10.766666666666667 -0.7106917312111977 0.0008400381081431485
10.8 -0.7036372859832533 0.000839637913815916
10.833333333333334 -0.6777447169584436 0.0008382563836374368
10.866666666666667 -0.6356945458131463 0.0008339965305173003
10.9 -0.5786135798269461 0.0008252383381839312
10.933333333333334 -0.5014090389359892 0.0008092532367107719
10.966666666666667 -0.41604133525814674 0.0007866389320060896
11.0 -0.31935412491686926 0.0007558422560415834
11.033333333333333 -0.21051486171354755 0.0007096338753914411
11.066666666666666 -0.10007651370905804 0.0006554218809619039
11.1 0.014089321980820808 0.0006074148536336227
11.133333333333333 0.12972574596468692 0.0006703329235553945
11.166666666666666 0.23520378502965048 0.0007203388279608258
11.2 0.3378600884117744 0.0007602841287868145
11.233333333333333 0.4296678868933604 0.0007896092809181465
11.266666666666667 0.5140055531049273 0.0008134011827833909
11.3 0.5818733513595422 0.0008255821046273537
11.333333333333334 0.6350576954454475 0.0008333455769664599
11.366666666666667 0.6713991451556222 0.0008394343565727436
11.4 0.691771451324502 0.0008395756054792036
11.433333333333334 0.6932037727650543 0.0008400673137287651
11.466666666666667 0.6788814819563526 0.000839895495548526
11.5 0.6458310779648889 0.0008385232501233464
11.533333333333333 0.5959950388483792 0.0008313120083002223
11.566666666666666 0.5287274372079778 0.0008200323058169534
11.6 0.4486237645630088 0.000799635994265413
11.633333333333333 0.3589497803416704 0.0007696160727658774
11.666666666666666 0.258041969903854 0.0007302738593080171
11.7 0.15007794581882547 0.0006812554337784493
11.733333333333333 0.03168125627280707 0.0006166273250880899
11.766666666666667 -0.07772066338989121 0.000641765681410264
11.8 -0.18808938845892834 0.0006969095641948531
11.833333333333334 -0.2931979749725046 0.0007450207980329582
11.866666666666667 -0.3902986286129749 0.0007771301251107143
11.9 -0.47847076169743546 0.0008015477167122587
11.933333333333334 -0.5496307110140085 0.0008176122310903366
11.966666666666667 -0.6113908405846998 0.0008273631126903824
12.0 -0.6591821883432709 0.000836099314155736
12.033333333333333 -0.6875340454779183 0.0008385838887052799
12.066666666666666 -0.7006104925299681 0.0008398357575769566
12.1 -0.6943046297932994 0.000840437743601985
12.133333333333333 -0.6718120446952918 0.0008389873678821269
12.166666666666666 -0.6313070081888956 0.000834218782106988
12.2 -0.5739750498588385 0.0008252333861212824
12.233333333333333 -0.5029057933551114 0.0008105102946105447
12.266666666666667 -0.417984056591336 0.0007888797381777057
12.3 -0.32002249564858404 0.0007559799228213371
12.333333333333334 -0.21568237611057176 0.000711984830413237
12.366666666666667 -0.10502980856509916 0.0006572098516727382
12.4 0.006047258954648148 0.0006025474830137637
12.433333333333334 0.11659000721780925 0.0006615554048304967
12.466666666666667 0.22649489710479526 0.0007171010955387691
12.5 0.32747186365930386 0.0007567268174304975
12.533333333333333 0.4192213998123544 0.0007868825334014784
12.566666666666666 0.499522577664911 0.0008077644005466955
12.6 0.5676223500144505 0.0008218933153054664
12.633333333333333 0.6233494478140742 0.0008310718777992943
12.666666666666666 0.6598394231012142 0.0008359300440461404
12.7 0.6801186428540612 0.0008394506552371617
12.733333333333333 0.6846589065065806 0.000839292943378811
12.766666666666667 0.6700625667189702 0.0008382565798268349
12.8 0.6400690877732698 0.0008368502036375514
12.833333333333334 0.5904417631759314 0.0008301462203775811
12.866666666666667 0.5278056490735568 0.0008178045769928755
12.9 0.4484939455687983 0.0007999624267091554
12.933333333333334 0.35785894322921147 0.0007700634620999569
12.966666666666667 0.25890349490977554 0.0007318861471691807
13.0 0.15040383946728123 0.0006809524192070149
13.033333333333333 0.03997594735419026 0.0006212035380397593
13.066666666666666 -0.07160239224036542 0.0006382270038269161
13.1 -0.18013047024573708 0.0006946498664417988
13.133333333333333 -0.28492460358321386 0.0007388592842902941
13.166666666666666 -0.38069620377773455 0.0007756116090005261
13.2 -0.46604531985181324 0.0007989354044335983
13.233333333333333 -0.5403854227853855 0.0008166170981838139
13.266666666666667 -0.6022645331081762 0.000827522684568538
13.3 -0.648196322042191 0.0008338655968549435
13.333333333333334 -0.6768637180890177 0.0008374555368690917
13.366666666666667 -0.6901093931532545 0.0008396572784160616
13.4 -0.6860690243868417 0.0008397124831942548
13.433333333333334 -0.6647491312075683 0.000837066295428901
13.466666666666667 -0.624934327366512 0.0008322600805753533
13.5 -0.5692478892190135 0.0008241681131948564
13.533333333333333 -0.49834555855941687 0.0008104156422814035
13.566666666666666 -0.41547763123407644 0.0007868784833844344
13.6 -0.32373528785490097 0.000756004249880482
13.633333333333333 -0.21993699344734077 0.0007143681353601328
13.666666666666666 -0.11248627034014186 0.0006606499524232506
13.7 0.00015579979400176297 0.0005978120418639416
13.733333333333333 0.11236850285504427 0.0006596769311504463
13.766666666666667 0.21814097077770261 0.0007104873075170215
13.8 0.319483085879259 0.000752997569827274
13.833333333333334 0.4107484359121876 0.0007816717556519137
13.866666666666667 0.4884211756026339 0.0008061637785976572
13.9 0.5565873935161536 0.0008199418776738687
13.933333333333334 0.6118300210968576 0.0008303824779170021
13.966666666666667 0.6494211524067631 0.0008343352368473944
14.0 0.6697126660233703 0.0008380656470289294
14.033333333333333 0.6744457510826083 0.0008387139456974557
14.066666666666666 0.6613144928507996 0.0008379641336271337
14.1 0.6308862303656848 0.000835876945192604
14.133333333333333 0.5834057809220297 0.0008315078909826301
14.166666666666666 0.5214422058285413 0.0008167894030305378
14.2 0.4411515794779462 0.0007960980394937645
14.233333333333333 0.354724923197552 0.0007701440735205511
14.266666666666667 0.2551337608481338 0.0007329797656489001
14.3 0.15128049602213964 0.0006805467953544531
14.333333333333334 0.04241843859606157 0.0006230025726643579
14.366666666666667 -0.0718022339967039 0.0006389360781065695
14.4 -0.17653897133216886 0.0006920876751794758
14.433333333333334 -0.27847310088240795 0.0007367508108274134
14.466666666666667 -0.3735000535174012 0.000771768595163036
14.5 -0.45865842047349165 0.0007981011275974281
14.533333333333333 -0.5311567503267856 0.0008142413851820463
14.566666666666666 -0.5926593872811134 0.0008271538904994769
14.6 -0.6373848690836785 0.0008334950641956107
14.633333333333333 -0.6669287478354712 0.0008365218000548902
14.666666666666666 -0.6803546443259063 0.0008392581325320503
14.7 -0.6763447306149635 0.0008385457697009935
14.733333333333333 -0.6545438391971823 0.0008364386852967032
14.766666666666667 -0.6162694475348754 0.0008318438331150757
14.8 -0.56035721046108 0.0008231635124538172
14.833333333333334 -0.4927603325405906 0.0008082056738576981
14.866666666666667 -0.40886823600670646 0.0007851681598702864
14.9 -0.3178232124194284 0.0007544877995754318
14.933333333333334 -0.21845893914305595 0.0007123090859940395
14.966666666666667 -0.11063238503801603 0.0006612440444937334
15.0 -0.0026873965792619087 0.0005999226494477782
15.033333333333333 0.10956764122279365 0.0006589379521779876
15.066666666666666 0.21167307057038584 0.0007108169973191192
15.1 0.3126523591237155 0.0007495011672485341
15.133333333333333 0.4013335613109469 0.0007808387532250993
15.166666666666666 0.48196016787475987 0.0008051875065051006
15.2 0.5487731430824544 0.0008201129558879083
15.233333333333333 0.6015069474894819 0.0008288349015412866
15.266666666666667 0.6392974883514629 0.0008330375417087144
15.3 0.6590261888176364 0.0008388554541635118
15.333333333333334 0.664558621478184 0.0008389405716116016
15.366666666666667 0.6518796432328844 0.0008370137772106823
15.4 0.6219932232896472 0.0008339775616046374
15.433333333333334 0.5763353598477362 0.0008285612482850091
15.466666666666667 0.5132557521832413 0.000815139277979493
15.5 0.4371302161987075 0.0007954205489670851
15.533333333333333 0.3486336031536122 0.0007689448394091469
15.566666666666666 0.25221323342228097 0.0007317248631221185
15.6 0.148194060023636 0.0006812256497522873
15.633333333333333 0.04232135090527167 0.000623030515373775
15.666666666666666 -0.06588356558960447 0.000635268566322289
15.7 -0.17299053377250773 0.0006912003926700105
15.733333333333333 -0.2732197740716694 0.0007357074255037732
15.766666666666667 -0.3677862742297234 0.0007687126003548261
15.8 -0.4514969086303879 0.0007950635042971999
15.833333333333334 -0.5246255022704853 0.0008122855484843372
15.866666666666667 -0.5842787641423697 0.0008221451230410182
15.9 -0.6283666400292518 0.0008314365346432373
15.933333333333334 -0.6583812622809185 0.0008357721440633847
15.966666666666667 -0.6707083139950941 0.0008384204995121047
16.0 -0.6667347371399226 0.0008379063866426062
16.033333333333335 -0.6453604515138055 0.0008360334937208558
16.066666666666666 -0.6068378643911357 0.0008304996487925598
16.1 -0.5521334088419562 0.0008212517825679777
16.133333333333333 -0.4847317060531583 0.0008059309829762662
16.166666666666668 -0.40255934802577065 0.0007842004220339205
16.2 -0.3139192731152921 0.0007517766312409857
16.233333333333334 -0.20992402870262314 0.0007077331677471654
16.266666666666666 -0.10621081438287987 0.0006592807553191526
16.3 0.0016298072566780196 0.0005995147580438367
16.333333333333332 0.10534982166934383 0.0006567420795691309
16.366666666666667 0.21351940868349684 0.0007098900084489823
16.4 0.31136691244775055 0.0007495270651004526
16.433333333333334 0.40063128588484836 0.0007812766197422549
16.466666666666665 0.47822643245048063 0.0008039366344951837
16.5 0.5440290136779438 0.000818606469338734
16.533333333333335 0.5971769377467397 0.0008275399960013807
16.566666666666666 0.6314562071342709 0.0008327174307487528
16.6 0.6518497886816232 0.000835938171970807
16.633333333333333 0.6555420059497433 0.0008366049769941153
16.666666666666668 0.6429592295472227 0.0008350666105788607
16.7 0.6125922193554539 0.0008315626728873093
16.733333333333334 0.5647736581852001 0.0008250633753082992
16.766666666666666 0.5035222057652512 0.0008113033661607538
16.8 0.43004793343397957 0.0007925689332080599
16.833333333333332 0.34278775246484444 0.0007640856762900494
16.866666666666667 0.24531531428854764 0.0007252502865967569
16.9 0.14234017265570897 0.0006771622284784395
16.933333333333334 0.035704408701139494 0.0006185519961744504
16.966666666666665 -0.0707074279430242 0.0006367300053817943
17.0 -0.17387514080725489 0.0006910214403436366
17.033333333333335 -0.2749996852464885 0.0007346778299841539
17.066666666666666 -0.3664034279501308 0.0007689948747018338
17.1 -0.4502725767245288 0.000795614590690441
17.133333333333333 -0.5202902243639573 0.0008110934327467678
17.166666666666668 -0.5789742718917773 0.0008240798297954877
17.2 -0.6215862013153653 0.0008309115565222625
17.233333333333334 -0.6503149459558952 0.0008347239460243516
17.266666666666666 -0.6625656669475548 0.0008366096207159668
17.3 -0.6572122392603692 0.0008364201985502362
17.333333333333332 -0.6356507925040303 0.0008343237706424089
17.366666666666667 -0.5967820028317917 0.0008290092325691223
17.4 -0.5411496151070722 0.0008195896130672731
17.433333333333334 -0.4735382264273428 0.0008035747608489685
17.466666666666665 -0.39253008368421544 0.0007771087426871048
17.5 -0.3016535306182111 0.000748894735143113
17.533333333333335 -0.20293676369889319 0.0007062866543655621
17.566666666666666 -0.09896862226863161 0.0006530939525613982
17.6 0.007825951323858093 0.0006026151317495444
17.633333333333333 0.11079633835201257 0.0006599572583269597
17.666666666666668 0.21260327643036492 0.0007105021483758689
17.7 0.3121806289487567 0.0007505364328396769
17.733333333333334 0.39722044093109865 0.0007802323169793235
17.766666666666666 0.4745123118047619 0.0008015968205726809
17.8 0.5403933829197001 0.0008171407941264253
17.833333333333332 0.5872145569841326 0.0008266641874958847
17.866666666666667 0.624267890635753 0.0008322967222040845
17.9 0.6438446664029689 0.0008349468106385594
17.933333333333334 0.6455039641487171 0.0008356857547928698
17.966666666666665 0.6320090370657938 0.0008337266998774684
18.0 0.6010615727894868 0.0008302923337720758
18.033333333333335 0.5548839793083186 0.0008209173712421247
18.066666666666666 0.49084328270361083 0.0008080738272398524
18.1 0.41578553191615486 0.0007871044493950596
18.133333333333333 0.33000936984657075 0.0007588744763912247
18.166666666666668 0.23433306339416787 0.0007223579685132486
18.2 0.13418320777679066 0.0006732060182540467
18.233333333333334 0.027563390661950262 0.0006134772919478212
18.266666666666666 -0.07701677213659978 0.000641414794960049
18.3 -0.17818105435024123 0.0006954960501833751
18.333333333333332 -0.2760879086775854 0.0007364998050055638
18.366666666666667 -0.36820974265372103 0.0007708649513298305
18.4 -0.4501189744999614 0.0007941676537226994
18.433333333333334 -0.5181200747712393 0.0008120311087204124
18.466666666666665 -0.574769029133513 0.000823110509029501
18.5 -0.6163630336084879 0.0008299170176863102
18.533333333333335 -0.6437792969772911 0.0008376261682890851
18.566666666666666 -0.653823990094184 0.0008372595349476208
18.6 -0.6473384406581304 0.0008367864201740405
18.633333333333333 -0.624010403802634 0.0008327787914578222
18.666666666666668 -0.5849571067562608 0.0008268746302730889
18.7 -0.5295471271898997 0.0008162409522511904
18.733333333333334 -0.45899498630578445 0.0008004602238624869
18.766666666666666 -0.3807503169940751 0.0007760191875866296
18.8 -0.28700802848941115 0.0007437023312524826
18.833333333333332 -0.1905646613112141 0.0006982365321843431
18.866666666666667 -0.08765184292136184 0.0006468048630240975
18.9 0.015694984646702985 0.0006071744355024139
18.933333333333334 0.11910676367420275 0.000663999691955422
18.966666666666665 0.21967912354293645 0.0007124686119189538
19.0 0.3158963898883845 0.000751590821196968
19.033333333333335 0.39882334841430933 0.0007799625014192069
19.066666666666666 0.4765162009978189 0.0008029175713066272
19.1 0.5373110407474743 0.0008169476352828386
19.133333333333333 0.5857705135642457 0.0008258024560048316
19.166666666666668 0.6184054727062905 0.0008327464284477726
19.2 0.6350963205460315 0.0008350997363693047
19.233333333333334 0.6361765591877485 0.0008343743508972823
19.266666666666666 0.6208585577477623 0.0008337630394477102
19.3 0.5889830942955023 0.0008295001882198116
19.333333333333332 0.5419796346353515 0.000822787212113929
19.366666666666667 0.47875269481221167 0.0008063242709083762
19.4 0.39954036037455076 0.0007835546086267797
19.433333333333334 0.3153523405869547 0.000754855312302738
19.466666666666665 0.2192640336665847 0.0007141858786729738
19.5 0.1220067225838696 0.0006672630169303195
19.533333333333335 0.017835024854772483 0.0006092632657639201
19.566666666666666 -0.08448168741802212 0.0006455184921960455
19.6 -0.18852765799789223 0.0006973663692757537
19.633333333333333 -0.28245078201491836 0.0007398824313806784
19.666666666666668 -0.3684001438510895 0.0007705242009420354
19.7 -0.4488934087862815 0.0007956442125878205
19.733333333333334 -0.5175211720122281 0.0008119082843640602
19.766666666666666 -0.5725625521620273 0.0008230314558473895
19.8 -0.6117114925122106 0.0008289667455775307
19.833333333333332 -0.636368675720801 0.0008327458976503666
19.866666666666667 -0.6444784331777413 0.0008348692628816767
19.9 -0.6359567010813851 0.0008342942507836293
19.933333333333334 -0.6122661910509519 0.0008312036459396932
19.966666666666665 -0.5721057556252575 0.0008251073413635401
20.0 -0.5165758157065368 0.000813917308989498
20.033333333333335 -0.4466326190873046 0.0007975105715437025
20.066666666666666 -0.36482780364182976 0.0007713742970236748
20.1 -0.27370336133452605 0.0007366740496383417
20.133333333333333 -0.1771494034865876 0.0006946146242588214
20.166666666666668 -0.07617452885131576 0.0006408084212990578
20.2 0.02692201954118483 0.000613009316177391
20.233333333333334 0.13113818815255673 0.0006722850227319221
20.266666666666666 0.22890266476860427 0.0007189837535417909
20.3 0.3190909749301946 0.0007530387581085596
20.333333333333332 0.4025715544377829 0.0007824230769244989
20.366666666666667 0.4755196073013075 0.0008032650771400696
20.4 0.5357471792532216 0.0008158746957441787
20.433333333333334 0.5820416966460901 0.0008243253769758541
20.466666666666665 0.6123482650048963 0.000831399647726272
20.5 0.6277817926425725 0.000833662870036056
20.533333333333335 0.626466772461857 0.0008329410710524732
20.566666666666666 0.6086753795104073 0.0008312857064939339
20.6 0.5752942441845947 0.0008257205188904049
20.633333333333333 0.5269778025367894 0.0008167637040807918
20.666666666666668 0.46460523319915703 0.0008020474427926083
20.7 0.3878666206746188 0.0007836707723949954
20.733333333333334 0.2971208473266131 0.0007503865633424756
20.766666666666666 0.2053210241397382 0.0007064663670271198
20.8 0.10641636637390108 0.0006590350313464
20.833333333333332 0.004187865565189985 0.0006001685993204577
20.866666666666667 -0.09663564556982736 0.0006519004588187438
20.9 -0.1950952935202377 0.0006994622101619552
20.933333333333334 -0.28912446190282587 0.0007405545732633301
20.966666666666665 -0.376364392819551 0.0007753678024857713
21.0 -0.4516988706933595 0.000795438670649462
21.033333333333335 -0.5173852749852441 0.000810970321737825
21.066666666666666 -0.5707245242033594 0.0008224560815448534
21.1 -0.607254787861987 0.0008291808131929423
21.133333333333333 -0.6297985758585437 0.0008332090160557692
21.166666666666668 -0.635775678548339 0.000834176633958128
21.2 -0.6246375156725169 0.0008332232821360863
21.233333333333334 -0.5995019478107295 0.0008304736691345793
21.266666666666666 -0.5573003952053236 0.000822436376418878
21.3 -0.5010267527915186 0.000809888756459487
21.333333333333332 -0.43105197013198965 0.0007921611416996654
21.366666666666667 -0.3495382562284466 0.0007657941043779926
21.4 -0.25916018021680626 0.0007305830878938657
21.433333333333334 -0.16224264908268152 0.000687065740545223
21.466666666666665 -0.061361698458775 0.0006328302555511922
21.5 0.04224443293420627 0.0006215810811416034
21.533333333333335 0.14126902789521859 0.0006745936053177692
21.566666666666666 0.23885402000666373 0.0007204401915337777
21.6 0.32823190564424254 0.000756970731083717
21.633333333333333 0.409355808439943 0.0007847620050890347
21.666666666666668 0.47750594821196013 0.0008028921878644457
21.7 0.53679883971148 0.0008177281686491122
21.733333333333334 0.5800996412681994 0.0008247300415894498
21.766666666666666 0.6078022315787761 0.0008294803756241365
21.8 0.6194311567987781 0.0008324672545833023
21.833333333333332 0.6162810960834362 0.0008319304631216884
21.866666666666667 0.5964508157046732 0.0008304850762222982
21.9 0.5621248657131447 0.0008239421616330622
21.933333333333334 0.5124313555714877 0.0008143887586397058
21.966666666666665 0.4459388892563613 0.0007983231904461485
22.0 0.37068367012095294 0.0007749431230019144
22.033333333333335 0.2826618101854989 0.0007408045768655391
22.066666666666666 0.1879691771358698 0.000699530566675377
22.1 0.08965602191523218 0.0006492851973424196
22.133333333333333 -0.010958373164482067 0.0006052946026638729
22.166666666666668 -0.11207332546575555 0.000660770659453469
22.2 -0.20904056871803325 0.0007086934450721005
22.233333333333334 -0.2999219242738408 0.0007446430697113926
22.266666666666666 -0.3833023398150869 0.0007739923597236964
22.3 -0.4580658669852595 0.00079771250042876
22.333333333333332 -0.5191806337638598 0.0008126065639253444
22.366666666666667 -0.5687090231099367 0.0008216518877782741
22.4 -0.6045286458980716 0.0008284528535041913
22.433333333333334 -0.6235594168930655 0.0008326337783879367
22.466666666666665 -0.6268748115075996 0.0008334767107855967
22.5 -0.613614242610995 0.0008316877409830781
22.533333333333335 -0.5855826126224586 0.0008263826592395107
22.566666666666666 -0.5405434398300011 0.0008183158219469133
22.6 -0.48370789080996746 0.0008052742187974471
22.633333333333333 -0.41183173813886437 0.0007857716241457258
22.666666666666668 -0.3318608065700133 0.0007605212445002674
22.7 -0.23794140122049545 0.0007216661786799417
22.733333333333334 -0.1416294054057496 0.0006753159267734732
22.766666666666666 -0.040603444250177666 0.0006206155071650232
22.8 0.05797089848837777 0.0006327666404483817
22.833333333333332 0.1569933507755946 0.0006826654114814867
22.866666666666667 0.25045382395329446 0.0007246170347428027
22.9 0.3379233109244926 0.0007601293250230623
22.933333333333334 0.414513735271958 0.0007856719807475265
22.966666666666665 0.4833472349729583 0.0008028710990250487
23.0 0.5367657817879905 0.0008171118049680182
23.033333333333335 0.5770408585677614 0.0008279049755566259
23.066666666666666 0.6027161772687579 0.0008295743946340473
23.1 0.612805970630813 0.0008303708378047947
23.133333333333333 0.6065218233691869 0.0008306968265948678
23.166666666666668 0.5842166265466123 0.0008283588536364128
23.2 0.5453287128645983 0.000820411734640758
23.233333333333334 0.49466328221214045 0.0008119524750713758
23.266666666666666 0.4283433590322543 0.0007938201366700093
23.3 0.35040802281924094 0.0007657415899696152
23.333333333333332 0.2657901597477595 0.0007336372265713265
23.366666666666667 0.16700043416002713 0.0006884816252155923
23.4 0.07068126862445503 0.0006378588660556489
23.433333333333334 -0.027877740432632192 0.0006146734718140735
23.466666666666665 -0.12780533003245254 0.0006668088632155456
23.5 -0.22370914319037036 0.0007139558696110659
23.533333333333335 -0.31260406458998374 0.0007507588078456418
23.566666666666666 -0.392440146502075 0.0007785106297605315
23.6 -0.46459129203760996 0.0007974578893349404
23.633333333333333 -0.5240092226238888 0.000814849180618471
23.666666666666668 -0.5686981921557751 0.0008225451441186138
23.7 -0.5997923566866026 0.0008281949573752945
23.733333333333334 -0.616762662852758 0.000831312998542777
23.766666666666666 -0.6165945855984151 0.000831653840939417
23.8 -0.6001873145772343 0.0008297551313216633
23.833333333333332 -0.5696573683032407 0.0008237061151956659
23.866666666666667 -0.5230163437145409 0.0008159304839632231
23.9 -0.46488299348713524 0.0008005861368738931
23.933333333333334 -0.392247842477123 0.000779240380867019
23.966666666666665 -0.3093184886709954 0.0007533831984666839
24.0 -0.2206984445116869 0.0007134343885509264
24.033333333333335 -0.12131716693170713 0.0006654122653596689
24.066666666666666 -0.022764279326095847 0.0006117991580775091
24.1 0.07931021476827968 0.0006427375395487434
24.133333333333333 0.1740571921173642 0.0006915085803567422
24.166666666666668 0.26369369779152296 0.0007279188190069674
24.2 0.35092083509263433 0.000762108209472645
24.233333333333334 0.42488595254662104 0.0007875849719327088
24.266666666666666 0.48797593387096233 0.0008051009182751812
24.3 0.537610212675186 0.0008172943176290026
24.333333333333332 0.5762394393998044 0.0008240988096637203
24.366666666666667 0.5975725950515864 0.0008284895592981512
24.4 0.6024965955527787 0.000830085459467389
24.433333333333334 0.5945013453475394 0.0008291463965457435
24.466666666666665 0.5699369833911253 0.0008245888582411043
24.5 0.5295360361974875 0.0008185580835630146
24.533333333333335 0.47587722513770686 0.0008067375550276923
24.566666666666666 0.4098666197792683 0.0007876503420206626
24.6 0.33038681977497614 0.0007613595701530529
24.633333333333333 0.24292556369932647 0.0007259391711622321
24.666666666666668 0.14821935680841192 0.0006795869715815472
24.7 0.05076479835193108 0.0006266473425776478
24.733333333333334 -0.05014047582554585 0.0006265035720105089
24.766666666666666 -0.14702102756676955 0.0006788868086413935
24.8 -0.23804117020293838 0.0007194331869626036
24.833333333333332 -0.3268198381492139 0.0007559037660964107
24.866666666666667 -0.4038147937606238 0.0007813021483109583
24.9 -0.47075727323498157 0.0008032796119792907
24.933333333333334 -0.5272040199926235 0.0008149542803858045
24.966666666666665 -0.5693766803595033 0.0008264037944100133
25.0 -0.5972349128745319 0.000828612092183656
25.033333333333335 -0.6099501441123509 0.0008304670004277703
25.066666666666666 -0.6066520001120026 0.0008299310649814151
25.1 -0.587710778057396 0.0008264195137017705
25.133333333333333 -0.5544124113916533 0.0008225500896978932
25.166666666666668 -0.5060857757757701 0.0008115893087241588
25.2 -0.44360165536256246 0.0007962507962077647
25.233333333333334 -0.37040373975019325 0.0007727532163788187
25.266666666666666 -0.2864084534989995 0.0007418805907100645
25.3 -0.19725759502465176 0.0007024777703039664
25.333333333333332 -0.09983246112364919 0.0006548961977782958
25.366666666666667 -0.0003288425812223947 0.0005979521696068974
25.4 0.09658823570048478 0.0006516667628669592
25.433333333333334 0.1926211663856724 0.0006993589440913439
25.466666666666665 0.281109399930409 0.00073941812082301
25.5 0.36190116459962063 0.0007687381126257886
25.533333333333335 0.433586368739703 0.0007892876801998128
25.566666666666666 0.49470210998513153 0.0008085565668160544
25.6 0.541422481510716 0.0008184204928871619
25.633333333333333 0.5737686356700252 0.0008234839708729513
25.666666666666668 0.5925241120835884 0.0008274219176049868
25.7 0.5942732893133719 0.0008283426930568716
25.733333333333334 0.5800624902767949 0.000829161039594517
25.766666666666666 0.5545166919373558 0.0008222302658704717
25.8 0.5106597167739163 0.0008125902198979906
25.833333333333332 0.45521980947399615 0.0007991711899039688
25.866666666666667 0.38590213857804784 0.0007788957689333631
25.9 0.30883765090927506 0.0007521594044230251
25.933333333333334 0.21994016847017892 0.0007162866838357207
25.966666666666665 0.12367826738145189 0.000667507886323887
26.0 0.02534344037458867 0.0006112194681564022
26.033333333333335 -0.07025969386397549 0.0006393367419086499
26.066666666666666 -0.16825347593174225 0.0006883055923616044
26.1 -0.2569807317800752 0.0007279725032047213
26.133333333333333 -0.3406546014072332 0.0007610655659233134
26.166666666666668 -0.4156450400797179 0.0007849224890123518
26.2 -0.47858828522767893 0.0008023538125081497
26.233333333333334 -0.5313919062367279 0.0008147802225070278
26.266666666666666 -0.5703660562116148 0.0008227533283095001
26.3 -0.5937848051071223 0.0008275010164738861
26.333333333333332 -0.6029163914455427 0.0008289404561021563
26.366666666666667 -0.5963961448904491 0.0008282172776942209
26.4 -0.5740619658483611 0.0008253325749709717
26.433333333333334 -0.5363179179952177 0.0008177410543421804
26.466666666666665 -0.4858713958926715 0.0008075997491187592
26.5 -0.42093193488976316 0.0007899780654345157
26.533333333333335 -0.3451266225847423 0.0007643660501517879
26.566666666666666 -0.26116189323917083 0.0007312100956989309
26.6 -0.16801150957353292 0.0006890442042990774
26.633333333333333 -0.074269408659312 0.0006389128790387499
26.666666666666668 0.019996672764555946 0.0006084712084951302
26.7 0.11632463594493563 0.000661299684815167
26.733333333333334 0.21116951424535424 0.0007079755919556785
26.766666666666666 0.2972776879413405 0.0007448385142735936
26.8 0.37455641023484076 0.0007724902928090693
26.833333333333332 0.4430954550549162 0.000792337843635138
26.866666666666667 0.5005072421012222 0.0008085230431105206
26.9 0.5440772035065673 0.0008163196825148322
26.933333333333334 0.5723259646202368 0.00082329429852257
26.966666666666665 0.5860845601796969 0.0008266764068662891
27.0 0.5860697130958855 0.0008276086041694164
27.033333333333335 0.5689326541502763 0.0008241435222273719
27.066666666666666 0.5374930502912366 0.0008193474687044899
27.1 0.49212988516692907 0.0008089404495782437
27.133333333333333 0.4325591477537088 0.0007943869775681733
27.166666666666668 0.36003144818524 0.0007709240542451701
27.2 0.28023975457683337 0.0007396401295508004
27.233333333333334 0.19052108535226103 0.0007023524764755151
27.266666666666666 0.09916242199930386 0.0006550334813139325
27.3 0.00012792397554754222 0.0005981101161465841
27.333333333333332 -0.09297139459920661 0.0006507532847496722
27.366666666666667 -0.18787887434763556 0.0006979229527925568
27.4 -0.2763233270178867 0.000736610432934548
27.433333333333334 -0.35693149949800457 0.0007655323217443666
27.466666666666665 -0.4283442593946065 0.0007888020033102183
27.5 -0.4890375140812183 0.000806656509906023
27.533333333333335 -0.5378079651088642 0.0008180664553412154
27.566666666666666 -0.5709886282836298 0.0008228866481605479
27.6 -0.5899368545379648 0.0008269347554054063
27.633333333333333 -0.5946997353303117 0.000829171652363847
27.666666666666668 -0.58405383082669 0.0008269271841262471
27.7 -0.5586694141345637 0.0008227422379569749
27.733333333333334 -0.5176763273694451 0.0008146107375515133
27.766666666666666 -0.4635387585548296 0.0008016623466021167
27.8 -0.3975437719649802 0.0007814017404598195
27.833333333333332 -0.32060657577530044 0.000755505408959245
27.866666666666667 -0.23768406184595656 0.0007238949740622502
27.9 -0.14438120897566087 0.0006775856191602869
27.933333333333334 -0.04869283448641902 0.0006261834083036294
27.966666666666665 0.048290948523499244 0.0006247052016029042
28.0 0.14164905999937277 0.0006753219308778258
28.033333333333335 0.23079671232117813 0.0007181611102965169
28.066666666666666 0.3153535617117048 0.0007523989518328222
28.1 0.3904178492021288 0.0007780374451032968
28.133333333333333 0.4546102978636556 0.0007961071174146794
28.166666666666668 0.5063275999221762 0.0008088995794915954
28.2 0.5453567363777599 0.000817881533090814
28.233333333333334 0.5689528476270608 0.0008228652739559195
28.266666666666666 0.5800296203249532 0.0008257118767477367
28.3 0.5746126793163996 0.0008238895104850652
28.333333333333332 0.5560404576502024 0.0008224164050876226
28.366666666666667 0.5212501898763147 0.0008159907862917981
28.4 0.47073520460614593 0.0008034102370959584
28.433333333333334 0.4082285758135744 0.0007847476085021121
28.466666666666665 0.3357953224437069 0.0007603441065093253
28.5 0.25271637577018147 0.0007295628437000157
28.533333333333335 0.16503337729795475 0.0006874987997660675
28.566666666666666 0.07393298669510008 0.0006388678993579783
28.6 -0.023507773613624064 0.0006115160976882389
28.633333333333333 -0.11768455411072466 0.0006636003011406683
28.666666666666668 -0.20708614286841726 0.0007060454597252463
28.7 -0.2931296125953908 0.0007439900846052394
28.733333333333334 -0.3718598146503316 0.0007710489990767622
28.766666666666666 -0.43979229514816875 0.0007922717316046768
28.8 -0.4962853027760106 0.0008074726378923813
28.833333333333332 -0.5409250438246989 0.0008173991326370089
28.866666666666667 -0.5699888846768496 0.0008233878991789068
28.9 -0.5856018650590132 0.0008277705183424855
28.933333333333334 -0.5860495805640062 0.000829187494472694
28.966666666666665 -0.5711587376680373 0.0008259475188662213
29.0 -0.5426017243624396 0.0008207941287906584
29.033333333333335 -0.49645015260530523 0.0008089181541441892
29.066666666666666 -0.4387608003064725 0.0007947363190555223
29.1 -0.3713580357989089 0.000774193810482604
29.133333333333333 -0.2920902297406271 0.0007447554171245985
29.166666666666668 -0.20542665016343645 0.0007070523039723331
29.2 -0.11555705484459967 0.0006599214633923045
29.233333333333334 -0.02236633216537805 0.0006108606031176265
29.266666666666666 0.0714305935273074 0.0006381137347288152
29.3 0.16385977858407633 0.000685224232711501
29.333333333333332 0.25291962620764435 0.0007246877915245142
29.366666666666667 0.33163896602090126 0.0007573255573267157
29.4 0.4040616072309391 0.0007814138143834581
29.433333333333334 0.4646653714185913 0.0007994417307908841
29.466666666666665 0.5148489452832289 0.0008135825202805202
29.5 0.5474117205572359 0.0008195317772384803
29.533333333333335 0.5673515263749906 0.000823753989526943
29.566666666666666 0.573012328335715 0.0008248365187922824
29.6 0.564576767119961 0.0008236093239003539
29.633333333333333 0.5384679947019165 0.000818340655868055
29.666666666666668 0.5005456985369106 0.0008107661472989136
29.7 0.44641205670596357 0.000798885355713097
29.733333333333334 0.38071057040505946 0.0007816367756533493
29.766666666666666 0.3081418055112541 0.0007504418531527057
29.8 0.22347627418529764 0.0007147892168664904
29.833333333333332 0.13484271469252734 0.0006729904889037353
29.866666666666667 0.04224242008411449 0.0006221844335776161
29.9 -0.05074736177790891 0.0006282713083341426
29.933333333333334 -0.1449429290129276 0.0006787537609698191
29.966666666666665 -0.23158833739803042 0.0007188174787249313
30.0 -0.31402658475113987 0.0007525359563868017
30.033333333333335 -0.3904611707418392 0.0007774287819136139
30.066666666666666 -0.4525608099334596 0.000796274478604031
30.1 -0.5051661355813404 0.0008094560613348678
30.133333333333333 -0.5444598187315276 0.0008193170164055852
30.166666666666668 -0.569603999477239 0.0008235455240577227
30.2 -0.5800777458958329 0.0008250956647236629
30.233333333333334 -0.5759217262037697 0.0008253109575757644
30.266666666666666 -0.5581331564280866 0.0008236229202185363
30.3 -0.5241005001718465 0.000815564957751036
30.333333333333332 -0.4759997055442266 0.0008054389259333772
30.366666666666667 -0.41581257098965935 0.0007879663487699862
30.4 -0.3432975041365923 0.0007655429378163325
30.433333333333334 -0.2649292345954912 0.0007353173838794969
30.466666666666665 -0.17771791470869044 0.0006935795139194345
30.5 -0.08470406313856178 0.0006463306731462198
30.533333333333335 0.009134259208412177 0.0006040613015118289
30.566666666666666 0.10151218334614306 0.0006541255129711848
30.6 0.18850682734283877 0.0006979724146672361
30.633333333333333 0.2722911397781638 0.0007345101899388085
30.666666666666668 0.35057744793305107 0.0007633932737348137
30.7 0.41825474415555347 0.0007834296174870081
30.733333333333334 0.47540560745393634 0.0008006035974002512
30.766666666666666 0.5181884612452735 0.0008119794088033983
30.8 0.5485630057109355 0.0008189129964620845
30.833333333333332 0.563311745112898 0.0008224565218317714
30.866666666666667 0.5640223005223078 0.0008230785622231895
30.9 0.5500745637922931 0.0008208178629820484
30.933333333333334 0.5213541297459298 0.00081508518401463
30.966666666666665 0.47840347357243396 0.0008048074338433131
31.0 0.42394244363356476 0.0007922149977933057
31.033333333333335 0.3538247409353495 0.0007704902237726241
31.066666666666666 0.2775768488186011 0.0007383058155392974
31.1 0.19149694634603368 0.0007004335776171489
31.133333333333333 0.1010837111366423 0.0006558397525932014
31.166666666666668 0.012334966256136696 0.000604692398679699
31.2 -0.08050249723510379 0.0006420506824620087
31.233333333333334 -0.17102395055417224 0.0006894068731342351
31.266666666666666 -0.2560946703071982 0.0007291989224913475
31.3 -0.33272951902830006 0.000757013086251479
31.333333333333332 -0.40480309652415253 0.0007815365735216462
31.366666666666667 -0.46345174133882033 0.0007984649256317922
31.4 -0.510862738943927 0.0008116030084132086
31.433333333333334 -0.5464869181389799 0.0008184035921241506
31.466666666666665 -0.567211511815339 0.0008238297529685745
31.5 -0.5731855192321562 0.0008247968799767191
31.533333333333335 -0.5645719495552786 0.0008233811624765996
31.566666666666666 -0.5404587036376987 0.0008192741056047836
31.6 -0.5033772666564122 0.0008100550611580548
31.633333333333333 -0.4521258960455738 0.0007978069826826695
31.666666666666668 -0.38826773332548187 0.0007790615538418866
31.7 -0.31384462577917993 0.000753234397667002
31.733333333333334 -0.2325977815197596 0.0007174983218106168
31.766666666666666 -0.14378061738474363 0.0006764642489135997
31.8 -0.05260686445811649 0.0006285223697574324
31.833333333333332 0.038111785711829445 0.0006195045377448138
31.866666666666667 0.1295112662093689 0.0006690908011719454
31.9 0.21337801480294824 0.0007088781896953944
31.933333333333334 0.29558937483208925 0.000741509749442093
31.966666666666665 0.3692690161029955 0.0007711056174231068
32.0 0.43191689642149145 0.0007899059883998416
32.03333333333333 0.48482503075543265 0.0008055495080520059
32.06666666666667 0.5213957946665616 0.0008141501192950873
32.1 0.5464916838416545 0.0008196426331139595
32.13333333333333 0.5578015033267343 0.0008224648482466623
32.166666666666664 0.5522832706196238 0.0008223569268019926
32.2 0.5350961455149422 0.0008184080692881235
32.233333333333334 0.502488301073958 0.0008109583753582728
32.266666666666666 0.4553824756783733 0.0007986239263453321
32.3 0.3975572400927104 0.0007836517483317262
32.333333333333336 0.32745494396498515 0.000758207478173123
32.36666666666667 0.2475366735149744 0.0007263760582633394
32.4 0.16038325880964316 0.0006868966192722925
32.43333333333333 0.07103449485378324 0.0006391275776606725
32.46666666666667 -0.018393738948457618 0.0006055119941701693
32.5 -0.10912865852882671 0.0006584091627236527
32.53333333333333 -0.19685563273032075 0.0007016221148867796
32.56666666666667 -0.2795236701001638 0.0007379170227917453
32.6 -0.3540415029849826 0.0007646197320617665
32.63333333333333 -0.4218992961813199 0.0007871199706678822
32.666666666666664 -0.47510424968012627 0.0008018543810016099
32.7 -0.5194594102821384 0.0008126469673453984
32.733333333333334 -0.5482213043532113 0.0008194179765075305
32.766666666666666 -0.5643227724798484 0.0008229988149064393
32.8 -0.5637373451044647 0.0008232707726659738
32.833333333333336 -0.549864002712156 0.0008211140421546803
32.86666666666667 -0.5211901130546092 0.0008144411316861611
32.9 -0.4797337196663039 0.0008043441531632722
32.93333333333333 -0.42512489479912363 0.000790456108073323
32.96666666666667 -0.359295266463842 0.0007697042197571391
33.0 -0.2833162685231365 0.0007410833867009803
33.03333333333333 -0.19891863929846257 0.0007042828131087475
33.06666666666667 -0.11165371728403163 0.0006603619424049856
33.1 -0.021899036188709677 0.0006105266614126956
33.13333333333333 0.06789289264211969 0.0006352024232102182
33.166666666666664 0.1590649317909619 0.000684538212001623
33.2 0.2417323840223771 0.0007220628542625174
33.233333333333334 0.3204816062302673 0.0007537338865493126
33.266666666666666 0.38813892197238686 0.0007761451202343839
33.3 0.44764606833382453 0.0007944368939134527
33.333333333333336 0.4929888061411669 0.0008074113585429532
33.36666666666667 0.5264755612751677 0.0008142353531903623
33.4 0.5454208476202221 0.0008190928836401268
33.43333333333333 0.5513500023195199 0.0008204529592888976
33.46666666666667 0.541774940883778 0.0008201172068914575
33.5 0.5178631894232518 0.0008154265573583341
33.53333333333333 0.4811167613445762 0.0008066332098687901
33.56666666666667 0.43170534075594447 0.0007941942634588361
33.6 0.3696425556488474 0.0007751866653511463
33.63333333333333 0.29681405875182465 0.0007462855213412056
33.666666666666664 0.21706655887488224 0.0007111445630563762
33.7 0.12871385600522664 0.0006698312252182426
33.733333333333334 0.03817637331335424 0.0006198285755613306
33.766666666666666 -0.05237865126097432 0.0006264591837681355
33.8 -0.14031419560492708 0.0006760976901820925
33.833333333333336 -0.22442374996032405 0.0007148489681871595
33.86666666666667 -0.30385831668934626 0.0007495465376310406
33.9 -0.3759624783650267 0.000773960844072108
33.93333333333333 -0.4370235603894227 0.0007919232666501741
33.96666666666667 -0.4867804001378749 0.0008053592028020584
34.0 -0.5239992535224844 0.0008143547457868383
34.03333333333333 -0.5487780254574228 0.0008194728206695201
34.06666666666667 -0.5578482073272213 0.0008222372698905023
34.1 -0.5537029674735686 0.0008214349911834784
34.13333333333333 -0.5361693290200195 0.0008173683919207031
34.166666666666664 -0.5014210954774277 0.0008107884231459694
34.2 -0.45640722744284706 0.0008001465649244421
34.233333333333334 -0.3988916938031211 0.0007847474112595565
34.266666666666666 -0.3280466824641562 0.0007617302790809966
34.3 -0.25051250064730984 0.0007281002247782609
34.333333333333336 -0.16666694324188105 0.0006891856727120338
34.36666666666667 -0.07858360030656913 0.0006412178917623579
34.4 0.013726482089386285 0.000604844085853996
34.43333333333333 0.10202861670723924 0.0006541183858010391
34.46666666666667 0.18596532440149732 0.0006958176021714113
34.5 0.26614138934280474 0.0007329649903305979
34.53333333333333 0.34182774192426957 0.0007621576426384835
34.56666666666667 0.4064806883369889 0.0007823515396284675
34.6 0.45861741831360037 0.0007982948667152878
34.63333333333333 0.5001602161557157 0.0008083582959952373
34.666666666666664 0.5283895347760411 0.000813372579139493
34.7 0.5413531433402305 0.0008180876626808775
34.733333333333334 0.541979312287428 0.0008187939964965363
34.766666666666666 0.5275990341656214 0.0008166276082895996
34.8 0.4971168596541571 0.0008106394880520451
34.833333333333336 0.4572461126125592 0.0007994976734200243
34.86666666666667 0.4028450554953239 0.0007846802729805091
34.9 0.33695594342776447 0.0007594574295197165
34.93333333333333 0.2600154300406845 0.0007329834286745607
34.96666666666667 0.180956147541928 0.0006944473632913561
35.0 0.0937781611317452 0.0006507925266473202
35.03333333333333 0.005105665780572808 0.0006008875737603531
35.06666666666667 -0.08452891093461937 0.0006460183393450919
35.1 -0.172271451783997 0.0006896195794411641
35.13333333333333 -0.25432580388817566 0.0007281743717441613
35.166666666666664 -0.32703039789393407 0.0007560320031250178
35.2 -0.3955725174882622 0.0007788474493198305
35.233333333333334 -0.4511033986543777 0.0007956129683562851
35.266666666666666 -0.495655269389309 0.0008071026537494475
35.3 -0.5281472147831748 0.0008156677838031534
35.333333333333336 -0.5474736490338559 0.0008197167357130164
35.36666666666667 -0.5516785959104255 0.0008202133298651493
35.4 -0.5411970345537163 0.0008186527095491725
35.43333333333333 -0.5177966059301241 0.0008154494483998409
35.46666666666667 -0.4793090074994716 0.0008059000844461428
35.5 -0.4277875213377453 0.0007916720358586149
35.53333333333333 -0.36700127525047327 0.0007714618398239059
35.56666666666667 -0.2949336174967253 0.0007456477936231276
35.6 -0.2153619421585556 0.0007092471343748963
35.63333333333333 -0.1298224740044181 0.0006693180993357917
35.666666666666664 -0.04452373245965407 0.0006240532610187963
35.7 0.04755220313985609 0.0006245711618025201
35.733333333333334 0.13372391509876178 0.0006712399130692492
35.766666666666666 0.21849890729711646 0.0007135263905001243
35.8 0.29424648244721796 0.0007420432773268537
35.833333333333336 0.3642475959299369 0.0007693929851589343
35.86666666666667 0.4233169180720512 0.0007872339736349487
35.9 0.47200344832035496 0.0008006145143009125
35.93333333333333 0.5080149642672431 0.000810621055769678
35.96666666666667 0.5285652950731506 0.0008171549407561818
36.0 0.5370001831894582 0.0008177030863721901
36.03333333333333 0.530620352992068 0.0008168201000138264
36.06666666666667 0.5112361459013693 0.0008130415378089229
36.1 0.4773326650883891 0.0008046476919802981
36.13333333333333 0.4312006980482972 0.0007920371377414526
36.166666666666664 0.37157499247045545 0.0007751292918366515
36.2 0.30472390424547036 0.0007498817508705402
36.233333333333334 0.2253977015912046 0.000716910495017764
36.266666666666666 0.1448694915431108 0.000676722059785112
36.3 0.057750246052341456 0.0006301632840758561
36.333333333333336 -0.027269745398976773 0.0006131617519794068
36.36666666666667 -0.11693578146116461 0.0006627656645157298
36.4 -0.2009203809897765 0.0007039261955498199
36.43333333333333 -0.28034848509004523 0.0007374611495706285
36.46666666666667 -0.3524527616666181 0.000763915070494392
36.5 -0.41287603526156486 0.0007858362124031348
36.53333333333333 -0.464973679236251 0.0007995766092545042
36.56666666666667 -0.5051989206158377 0.0008096337409637666
36.6 -0.5312207131105507 0.0008154319639405161
36.63333333333333 -0.5437454983007978 0.0008190452553138439
36.666666666666664 -0.5433962094795701 0.0008194316055597506
36.7 -0.5267589223200936 0.0008165067962792039
36.733333333333334 -0.49653143778616576 0.0008092726142101547
36.766666666666666 -0.45450942326638305 0.0007982784837164414
36.8 -0.3996974803198527 0.0007830762932544144
36.833333333333336 -0.33600999008773175 0.0007614634623489547
36.86666666666667 -0.2616096046493311 0.0007319896100554946
36.9 -0.1785117951834224 0.0006951347029854615
36.93333333333333 -0.09766554122574875 0.0006537852726832827
36.96666666666667 -0.00715584583721889 0.0006012939652470396
37.0 0.08054295163211109 0.0006426243301695111
37.03333333333333 0.16433499395080708 0.0006874929652035122
37.06666666666667 0.24622948011790735 0.0007245747848269868
37.1 0.3204042697551924 0.0007544280183328089
37.13333333333333 0.38400633699821934 0.000776035392944463
37.166666666666664 0.4379907163846514 0.0007954343507808326
37.2 0.4803815321698827 0.0008045973390266581
37.233333333333334 0.5102474419370647 0.0008112208152413203
37.266666666666666 0.5272298117809633 0.0008156257828604296
37.3 0.5300429305321298 0.0008165738369336761
37.333333333333336 0.5192527041015725 0.0008142622583511283
37.36666666666667 0.49419538512013594 0.0008082628173100015
37.4 0.4538767459411691 0.0007981425616942484
37.43333333333333 0.4027916961680824 0.0007847741917953455
37.46666666666667 0.34143720693522883 0.0007630096826539146
37.5 0.2682210719684381 0.0007351220174974804
37.53333333333333 0.19217688921576184 0.0007015516755108087
37.56666666666667 0.1084448536752168 0.0006583625356195999
37.6 0.022062888526059674 0.0006106531994257876
37.63333333333333 -0.06502069918173825 0.0006352892687681855
37.666666666666664 -0.15021225247874756 0.0006785460022225576
37.7 -0.2316870072305284 0.0007177936063587909
37.733333333333334 -0.30711342642544126 0.0007474419759130324
37.766666666666666 -0.37423436246645014 0.0007723080899424417
37.8 -0.43056701455440816 0.0007913857882730357
37.833333333333336 -0.47737014666586164 0.000804032366255758
37.86666666666667 -0.5109968936249434 0.0008119074447950902
37.9 -0.531691931716596 0.0008171815752963107
37.93333333333333 -0.5387565740645757 0.0008179151538244556
37.96666666666667 -0.5309848510217698 0.0008168994073632918
38.0 -0.5095289526914951 0.0008123224764929882
38.03333333333333 -0.4746304247204952 0.0008046238465041489
38.06666666666667 -0.42608654161465304 0.0007913822523576419
38.1 -0.3686488778757294 0.000774681719475534
38.13333333333333 -0.2995813142346064 0.0007463657929815959
38.166666666666664 -0.22458782569410182 0.000715551210176385
38.2 -0.14320589257395408 0.0006768222904350585
38.233333333333334 -0.05923624357425063 0.0006334526788567968
38.266666666666666 0.028042558523444793 0.0006142393519559496
38.3 0.11699915530202072 0.0006621486686494288
38.333333333333336 0.19766607138204484 0.0007010771145682937
38.36666666666667 0.2746552159976952 0.0007346624338757102
38.4 0.3447564158088505 0.0007628063587695189
38.43333333333333 0.4044178990508456 0.0007815747695787412
38.46666666666667 0.45316704281553344 0.0007974222387979735
38.5 0.48999437161548226 0.0008071333833225003
38.53333333333333 0.5131270915640139 0.0008126737933082939
38.56666666666667 0.5245788652880967 0.0008151993647474987
38.6 0.5207324075155286 0.000815178308279707
38.63333333333333 0.5034676710534755 0.0008112753579030407
38.666666666666664 0.47318637673125924 0.0008041319302536931
38.7 0.4294403583734191 0.0007920370074317451
38.733333333333334 0.37315296313219215 0.0007752639403553752
38.766666666666666 0.30769885006463676 0.0007520327659210069
38.8 0.23390396930103038 0.0007217504272363506
38.833333333333336 0.15491957300120163 0.0006836208017474144
38.86666666666667 0.06781722039843 0.0006380476299572974
38.9 -0.016334407165216856 0.0006061008150383337
38.93333333333333 -0.10127171774886232 0.0006551860880628646
38.96666666666667 -0.1837238339493087 0.0006959134461649585
39.0 -0.26204418533047485 0.0007297727523492004
39.03333333333333 -0.33373868375690613 0.0007578936542689263
39.06666666666667 -0.3974607284695069 0.0007790246955934332
39.1 -0.44763017212034795 0.0007946648282711744
39.13333333333333 -0.4877982823199244 0.0008065343204528563
39.166666666666664 -0.5151417427565166 0.0008112437982010778
39.2 -0.5301891483122969 0.0008162161315869998
39.233333333333334 -0.5305497630973159 0.0008169314509934855
39.266666666666666 -0.5175363028149639 0.0008142461301418047
39.3 -0.49042545610211624 0.0008077337845854293
39.333333333333336 -0.4509836705688525 0.0007973657217584806
39.36666666666667 -0.3997735331254169 0.0007834778368490114
39.4 -0.3349496136748325 0.0007605066006091121
39.43333333333333 -0.266201393056792 0.0007334601966283438
39.46666666666667 -0.1887345396700861 0.0007008608332365607
39.5 -0.10395925112512419 0.0006547467189163408
39.53333333333333 -0.018846806690926525 0.0006076171205497416
39.56666666666667 0.06628771619097758 0.000635360929160847
39.6 0.1495414454818075 0.0006780216029803054
39.63333333333333 0.22877506974707063 0.0007173308044860216
39.666666666666664 0.3017416921338956 0.0007449151356087591
39.7 0.36759752066007134 0.0007714036203992913
39.733333333333334 0.4212274236685976 0.0007859960187996395
39.766666666666666 0.4644804920830426 0.0007989327271177848
39.8 0.4945470206309557 0.0008061606006267152
39.833333333333336 0.5119484488420311 0.0008124512880417489
39.86666666666667 0.5163406143874053 0.0008126442453808558
39.9 0.507372681126004 0.0008111906022192361
39.93333333333333 0.4839024398308192 0.0008081658957613258
39.96666666666667 0.4490518540282018 0.0007978212076722446
40.0 0.40117460576670894 0.0007847019002402145
40.03333333333333 0.34250412442328027 0.000764128025641797
40.06666666666667 0.27187291416509773 0.0007378266083732932
40.1 0.19569972349929327 0.0007030512112616849
40.13333333333333 0.1152071628489268 0.0006644677891276957
40.166666666666664 0.029462306611193936 0.000614353664201657
40.2 -0.05332334710307582 0.000627859036916506
40.233333333333334 -0.136936636940982 0.0006730942413500918
40.266666666666666 -0.21727119157238883 0.0007108534168588643
40.3 -0.2899713334227805 0.0007414883250004833
40.333333333333336 -0.356718979479857 0.0007668168598271019
40.36666666666667 -0.4163261500048029 0.0007857256756998443
40.4 -0.4633451393297191 0.0007996368732796633
40.43333333333333 -0.4965169291159785 0.0008074534176057413
40.46666666666667 -0.5180284276900244 0.0008123400974585637
40.5 -0.5260709985088472 0.0008150661778365542
40.53333333333333 -0.5198358240614173 0.0008147763568319144
40.56666666666667 -0.5007509922791226 0.0008104048300056066
40.6 -0.46822489128854256 0.000801907138391067
40.63333333333333 -0.4248380094007564 0.0007905626509141506
40.666666666666664 -0.3682901328532864 0.0007723811983601503
40.7 -0.3007477577840282 0.0007492810935234018
40.733333333333334 -0.22760268006715056 0.0007168862847103386
40.766666666666666 -0.1481915147298398 0.000680243789831031
40.8 -0.0657762051836778 0.0006368099587489018
40.833333333333336 0.01926276065063067 0.0006085345063214648
40.86666666666667 0.10352564240136708 0.0006547071938913518
40.9 0.1835352513993584 0.0006957469563994845
40.93333333333333 0.25823425598794914 0.0007286395883203123
40.96666666666667 0.3300181710208987 0.0007569986286168895
41.0 0.3877362524162688 0.0007758963292713861
41.03333333333333 0.43726991378957086 0.0007920434867552673
41.06666666666667 0.4741179520228092 0.0008020323760068448
41.1 0.49926246538777197 0.0008086467812287168
41.13333333333333 0.5106437400132707 0.000817120055816134
41.166666666666664 0.5087363912168698 0.0008138285395322686
41.2 0.4932925084166758 0.0008102170080157567
41.233333333333334 0.4644881276128032 0.0008018033736141295
41.266666666666666 0.42262280520524526 0.0007905821402198199
41.3 0.37031201451692947 0.000773142150523487
41.333333333333336 0.3092003194338421 0.0007530815778989397
41.36666666666667 0.23554853156709285 0.0007193120511496398
41.4 0.15515827515874148 0.0006843161229223294
41.43333333333333 0.07256410899921023 0.0006394240639128745
41.46666666666667 -0.010315395899311618 0.0006045666505167507
41.5 -0.0911044578576065 0.0006482791299849272
41.53333333333333 -0.17246426054669922 0.0006910024702089235
41.56666666666667 -0.2493372839948729 0.0007254402603694976
41.6 -0.31810341153184346 0.0007526677123175785
41.63333333333333 -0.37921360659881465 0.0007736309029290345
41.666666666666664 -0.43277323922175837 0.0007904224460977272
41.7 -0.4744057302916044 0.000802354467829336
41.733333333333334 -0.5013124205366466 0.000809614048281615
41.766666666666666 -0.5164070755774448 0.0008126373608933202
41.8 -0.5184495489399202 0.0008137650371897731
41.833333333333336 -0.506573812634189 0.0008112004562733643
41.86666666666667 -0.4815757726429541 0.0008059674917038628
41.9 -0.44349231090116853 0.0007953674474402428
41.93333333333333 -0.39280043804188614 0.0007821188112163147
41.96666666666667 -0.33453689283138704 0.0007604048726247425
42.0 -0.2651275352867255 0.0007332896770290143
