0.0 0.9573978902902525 0.0008250876698709941
0.03333333333333333 1.053377076843589 0.000807646500596837
0.06666666666666667 1.1308986952227476 0.0007883244693556168
0.1 1.1855924380611396 0.0007730901230074139
0.13333333333333333 1.2141967322974403 0.0007649652639096782
0.16666666666666666 1.218646405820898 0.0007646323140171329
0.2 1.1979250123137068 0.0007748225163968225
0.23333333333333334 1.1506943004423515 0.0007875017833176567
0.26666666666666666 1.0730880129393479 0.0008081951308827051
0.3 0.9702541106686465 0.0008269363868402824
0.3333333333333333 0.8493441340186981 0.0008354039158483539
0.36666666666666664 0.701332098081119 0.0008352061939955746
0.4 0.5362115256433225 0.0008083623128560813
0.43333333333333335 0.36215326051450974 0.0007529040883380578
0.4666666666666667 0.17432902338083983 0.0006747610378080859
0.5 -0.014594290428332612 0.000591841594435271
0.5333333333333333 -0.1966226663837807 0.000683548120144345
0.5666666666666667 -0.37414265321430196 0.0007527123356990129
0.6 -0.544702183723677 0.0007981799035758907
0.6333333333333333 -0.6991433704472371 0.0008215080005798958
0.6666666666666666 -0.8330811223529477 0.0008211670575364316
0.7 -0.9543418751133675 0.0008100170452091104
0.7333333333333333 -1.0542624011299306 0.0007907055189371182
0.7666666666666667 -1.1286764057136336 0.0007670975496707477
0.8 -1.1763885617644534 0.0007566191910457487
0.8333333333333334 -1.2022396519408687 0.0007537601311540243
0.8666666666666667 -1.2029704360311706 0.0007536838755417552
0.9 -1.1795171037104837 0.0007567979358593657
0.9333333333333333 -1.1284080914280077 0.0007711820562350535
0.9666666666666667 -1.0473851519289061 0.0007923833906358091
1.0 -0.9425629747717771 0.0008112030569655815
1.0333333333333334 -0.8108844275399043 0.0008244051919792383
1.0666666666666667 -0.6612392452168047 0.0008168703716133763
1.1 -0.4903753653589387 0.0007886166445706388
1.1333333333333333 -0.30799389347899153 0.0007299902678623016
1.1666666666666667 -0.12678965446172333 0.0006503726827737921
1.2 0.0561681567847824 0.0006143219556296597
1.2333333333333334 0.2393859979958657 0.000702807838119518
1.2666666666666666 0.413535837368259 0.0007661404096363511
1.3 0.5806322500867985 0.0008097737866017418
1.3333333333333333 0.7215270715596351 0.0008311816906175773
1.3666666666666667 0.8540678220468548 0.0008325879059555286
1.4 0.9639677696184699 0.0008226769646212384
1.4333333333333333 1.0547023527217674 0.0008059981734740429
1.4666666666666666 1.1234868812829617 0.0007915947886751873
1.5 1.1712689311924616 0.0007729467877648499
1.5333333333333334 1.1907045319544172 0.0007696397520033926
1.5666666666666667 1.1877288561708303 0.0007721978973265209
1.6 1.1554388296942157 0.0007804914633531279
1.6333333333333333 1.0995717798166675 0.0007985124618126171
1.6666666666666667 1.0169312742885397 0.0008146336547860678
1.7 0.907793431237131 0.0008345062255182834
1.7333333333333334 0.7782330058950482 0.0008382193139850891
1.7666666666666666 0.6282630651137243 0.0008210621277308094
1.8 0.4568984262048358 0.0007876232727596078
1.8333333333333333 0.2813163984190922 0.0007203984641895311
1.8666666666666667 0.10064314177633027 0.0006386119007351088
1.9 -0.08273311665620493 0.00062740648488252
1.9333333333333333 -0.2618318396222383 0.0007104561724486369
1.9666666666666666 -0.4342094730740262 0.0007743804978235791
2.0 -0.5940856821580903 0.0008064945239406596
2.033333333333333 -0.7401519621340644 0.0008231100492301913
2.066666666666667 -0.8681413487274836 0.0008192228784633659
2.1 -0.977812722313305 0.0008037761417466482
2.1333333333333333 -1.0618347061450684 0.0007879393670235935
2.1666666666666665 -1.1265350891716968 0.0007717116552501402
2.2 -1.1671508962626016 0.0007616125842537791
2.2333333333333334 -1.1808822306310833 0.0007588509197469229
2.2666666666666666 -1.170671311285835 0.000760241244703197
2.3 -1.1351711460174942 0.0007702956099864267
2.3333333333333335 -1.0696536028358223 0.0007894950337192785
2.3666666666666667 -0.9803885832327056 0.0008059580957733292
2.4 -0.8637765579219934 0.0008210453911267068
2.433333333333333 -0.7252907980841403 0.0008235202530665342
2.466666666666667 -0.5673113463201361 0.0008087062933815892
2.5 -0.39587104398751294 0.0007629340906764037
2.533333333333333 -0.2186060925717543 0.0006925601735295606
2.566666666666667 -0.03692279339208617 0.0006015315819176692
2.6 0.14334763455889302 0.0006591962549158115
2.6333333333333333 0.3232828335772821 0.0007378276776790482
2.6666666666666665 0.4862524518925044 0.0007931086114741359
2.7 0.6338024780285122 0.0008227616342316724
2.7333333333333334 0.7720729325854129 0.0008348903536898877
2.7666666666666666 0.8921316775030542 0.000831221846433472
2.8 0.9890075779249949 0.0008206394604177714
2.8333333333333335 1.067376894880983 0.0008063000606641779
2.8666666666666667 1.124879022582351 0.0007909812893580614
2.9 1.1557592018827134 0.0007826110572413114
2.933333333333333 1.1630824888433577 0.0007817211051659445
2.966666666666667 1.1465734511693713 0.0007863671776167092
3.0 1.1017924725787973 0.0008006139956642233
3.033333333333333 1.031698045795501 0.0008152968003174443
3.066666666666667 0.9347908515055273 0.0008321098948493866
3.1 0.8208711453916243 0.000838971335587857
3.1333333333333333 0.6805363227507256 0.0008307077658407103
3.1666666666666665 0.5240808884015932 0.0008056685697974686
3.2 0.35250543126090933 0.0007501568775289402
3.2333333333333334 0.17441479041568259 0.0006755367489830744
3.2666666666666666 -0.004131673624694502 0.0005853051239854854
3.3 -0.18574163872501373 0.0006781578823681356
3.3333333333333335 -0.35363466333875554 0.0007427204685951927
3.3666666666666667 -0.5168144162952548 0.0007948086506480712
3.4 -0.6671284149867069 0.000818675421261239
3.433333333333333 -0.7983179391367283 0.000823747468777114
3.466666666666667 -0.9120820028224731 0.0008168141199409451
3.5 -1.0057842076077184 0.0008013069701298114
3.533333333333333 -1.0771320674018598 0.0007872057954432243
3.566666666666667 -1.125796181687171 0.0007735018920822512
3.6 -1.1503107382412754 0.0007672109388241477
3.6333333333333333 -1.149746572880814 0.0007674511468267475
3.6666666666666665 -1.123065999948446 0.000775173494589998
3.7 -1.07108626414603 0.0007895264169883731
3.7333333333333334 -0.9907020521101373 0.0008078684406893633
3.7666666666666666 -0.8841940345344143 0.0008227706728939355
3.8 -0.7604179749965063 0.0008268874486151434
3.8333333333333335 -0.6077939326466204 0.000815510024271604
3.8666666666666667 -0.4476182535480458 0.00077644608502353
3.9 -0.27433583210816165 0.0007232349102531677
3.933333333333333 -0.09540862787729382 0.0006366096513872321
3.966666666666667 0.0810796553954163 0.000626565133510254
4.0 0.25721176133114215 0.0007160877137829535
4.033333333333333 0.4196786655685809 0.0007724260891306955
4.066666666666666 0.5780220306892424 0.0008138822972213466
4.1 0.7139343377745354 0.0008295275477629982
4.133333333333334 0.8367609450835393 0.0008336052650919079
4.166666666666667 0.9382069427612647 0.0008255404852337556
4.2 1.0226785654276755 0.0008134149674445812
4.233333333333333 1.0852196569722175 0.0008019496729636533
4.266666666666667 1.1233985800084159 0.0007922932197581556
4.3 1.1357617844136751 0.0007913683937665894
4.333333333333333 1.1254196910374292 0.0007937289398083358
4.366666666666666 1.0905892667601254 0.0008033868325452165
4.4 1.02940266600041 0.0008159069704976041
4.433333333333334 0.9433479134659727 0.0008314175233860022
4.466666666666667 0.8315256741488559 0.0008403980283495649
4.5 0.7047955129402654 0.0008355065795218053
4.533333333333333 0.5573944376485742 0.0008133759443790245
4.566666666666666 0.3871064146520858 0.0007652721713229949
4.6 0.21344611739532673 0.000693682982953886
4.633333333333334 0.0370925048869932 0.0006031997445876611
4.666666666666667 -0.13626223232275345 0.0006575138362776844
4.7 -0.3075006706306804 0.0007266562662573417
4.733333333333333 -0.46801587514469123 0.0007834577617752414
4.766666666666667 -0.6116180034090278 0.0008112922749906604
4.8 -0.75088929077266 0.0008225639622548853
4.833333333333333 -0.8667368053757578 0.000819230921897729
4.866666666666666 -0.9655905204545729 0.0008076474034376391
4.9 -1.038669964285491 0.0007943615461500908
4.933333333333334 -1.0935675130137283 0.0007795240559185235
4.966666666666667 -1.1228259389309334 0.0007730817611608654
5.0 -1.1265186412188226 0.000773304622290194
5.033333333333333 -1.1042650492286115 0.0007807567935307347
5.066666666666666 -1.0568318836166315 0.0007932055070778432
5.1 -0.9838555608578735 0.0008093847585662894
5.133333333333334 -0.8880483044029187 0.0008223315844426704
5.166666666666667 -0.7653383994984743 0.0008286330218163496
5.2 -0.6235926741778963 0.000818098949014745
5.233333333333333 -0.4690234907868597 0.0007893117321127185
5.266666666666667 -0.2974130209414217 0.0007266988058072799
5.3 -0.12194768464278304 0.0006516143600897167
5.333333333333333 0.05108338525930791 0.0006105954095265848
5.366666666666666 0.2195582773101774 0.0006956805416668543
5.4 0.38429130733250766 0.0007593645573503727
5.433333333333334 0.5383836549063545 0.0008063172124596063
5.466666666666667 0.6775339766760686 0.0008265414472653498
5.5 0.8004298374370001 0.0008366100320356118
5.533333333333333 0.9059840103155254 0.000829212962541459
5.566666666666666 0.9918055713401025 0.0008200716747707171
5.6 1.0546467429845021 0.0008067962358855318
5.633333333333334 1.0967208002344404 0.0007978422975469801
5.666666666666667 1.11300429565872 0.0007949222213587959
5.7 1.1057381158503778 0.0007961708757855401
5.733333333333333 1.0739163829348526 0.0008045607765561069
5.766666666666667 1.016799598895169 0.0008160360463078664
5.8 0.9351974940057413 0.0008308786746882291
5.833333333333333 0.8299724625679901 0.0008378404425214425
5.866666666666666 0.7040205394563901 0.0008370965699757704
5.9 0.5579948716056262 0.0008162701589828902
5.933333333333334 0.39644991731508233 0.0007717547489132781
5.966666666666667 0.21985448746807074 0.000700362955417283
6.0 0.05746142818792512 0.0006185621462159313
6.033333333333333 -0.11421695631655127 0.0006457305181377937
6.066666666666666 -0.2857323783886737 0.0007269974465090034
6.1 -0.44181138964587574 0.0007741299413485114
6.133333333333334 -0.589365231253819 0.0008064524363999848
6.166666666666667 -0.7245395178441515 0.0008220348920886522
6.2 -0.8412090911869422 0.0008200207431074968
6.233333333333333 -0.9381399959990462 0.0008099041318259115
6.266666666666667 -1.014374137196778 0.0007977266341030465
6.3 -1.0701345982248778 0.0007841705670561527
6.333333333333333 -1.0989712944394032 0.000777699525871034
6.366666666666666 -1.104352110033186 0.0007759650361705006
6.4 -1.0846547782481826 0.0007828318152849345
6.433333333333334 -1.0394914431846398 0.0007941699754581144
6.466666666666667 -0.96839043750677 0.0008063478749352759
6.5 -0.8722122692958164 0.0008207433761817651
6.533333333333333 -0.7515053387234129 0.0008252789041397479
6.566666666666666 -0.6122475675705861 0.000815022269584742
6.6 -0.4596089585098559 0.0007808099833719329
6.633333333333334 -0.2923719806091051 0.0007283617187082148
6.666666666666667 -0.1223449182136225 0.0006507818870098575
6.7 0.045987918475526364 0.0006104679887526596
6.733333333333333 0.2107431279694643 0.0006934388119380352
6.766666666666667 0.37554112440742704 0.0007628013695749614
6.8 0.5233354500512051 0.000800208546301695
6.833333333333333 0.6605583347802997 0.0008306657336680789
6.866666666666666 0.7816306823575976 0.0008364831929207339
6.9 0.8879102011050829 0.0008328954923901843
6.933333333333334 0.9708669750020306 0.0008206706817374121
6.966666666666667 1.034000939452458 0.0008107991294514783
7.0 1.072836004296384 0.000800529391956406
7.033333333333333 1.0894940196054066 0.0007995251996095742
7.066666666666666 1.0818815783565368 0.0008004183299499257
7.1 1.0513630809467467 0.0008065728007962125
7.133333333333334 0.9951630525042494 0.0008168820830277701
7.166666666666667 0.9122678600647949 0.0008304541149345424
7.2 0.8065600644002994 0.0008358979680151979
7.233333333333333 0.6833373890138702 0.0008309993296887752
7.266666666666667 0.5380529136934002 0.0008065302203270619
7.3 0.3786639315693854 0.0007600447926360276
7.333333333333333 0.21428491939479186 0.0006940728021157527
7.366666666666666 0.046524154201109266 0.0006111438869096722
7.4 -0.12287812116722649 0.0006530696213679354
7.433333333333334 -0.2881727491591172 0.000726143805015067
7.466666666666667 -0.44053023767745253 0.000777322063852004
7.5 -0.5855540431955062 0.0008101474082605753
7.533333333333333 -0.7148265398587212 0.000823461705845685
7.566666666666666 -0.8269311751549585 0.0008232904006750807
7.6 -0.9239171129613573 0.0008135650212065526
7.633333333333334 -0.9971082566086136 0.0008033373831083379
7.666666666666667 -1.046301301674355 0.0007933619119573354
7.7 -1.0750289347436268 0.0007856025173385017
7.733333333333333 -1.076348020572398 0.0007860262459271627
7.766666666666667 -1.0548880078933989 0.000790710637246228
7.8 -1.0081628716863276 0.0008003122171236221
7.833333333333333 -0.9366890106863244 0.0008131161270751308
7.866666666666666 -0.8422897141262236 0.0008239146685854459
7.9 -0.7215410650946462 0.0008244539911250737
7.933333333333334 -0.5830237075573568 0.0008101033292801096
7.966666666666667 -0.42983626914946804 0.0007733423831213782
8.0 -0.2672453720773079 0.0007157434425488218
8.033333333333333 -0.09961731761261274 0.0006409970080929056
8.066666666666666 0.06866596839338479 0.0006240272583359352
8.1 0.22890990832611668 0.0007034820573789125
8.133333333333333 0.3851331669378803 0.0007586541668681557
8.166666666666666 0.5301231316476082 0.0008038663419672742
8.2 0.6630905280381487 0.0008247180471561144
8.233333333333333 0.7786065795126452 0.0008350010494438953
8.266666666666667 0.8804000919804975 0.0008320369359320345
8.3 0.958531730306445 0.0008246527075028709
8.333333333333334 1.016562885558415 0.0008144195410879629
8.366666666666667 1.0512257567265275 0.0008102538982421859
8.4 1.063733713223084 0.0008085811303539803
8.433333333333334 1.0523568799700103 0.000812012266366624
8.466666666666667 1.017144453447695 0.0008176092279932323
8.5 0.9585669356252379 0.0008271648869208059
8.533333333333333 0.8733614341860594 0.0008356834976239735
8.566666666666666 0.7679278062692974 0.0008384113049535458
8.6 0.6435442269420081 0.0008297717724048415
8.633333333333333 0.49436644648397293 0.0007996542401644824
8.666666666666666 0.34352353978286554 0.0007508462352415202
8.7 0.1774326745623537 0.0006787446081274462
8.733333333333333 0.012040426768712772 0.0005925755215711766
8.766666666666667 -0.15101229487454831 0.0006638785150542004
8.8 -0.3110518274302992 0.0007335197805448668
8.833333333333334 -0.45920603022694967 0.0007782828241205686
8.866666666666667 -0.5988176576470985 0.0008099612224736763
8.9 -0.7238959300041574 0.0008202985614447211
8.933333333333334 -0.8339105252127466 0.0008205652737900415
8.966666666666667 -0.9224407150175687 0.0008117757759426025
9.0 -0.9898305159434432 0.0008022983656889027
9.033333333333333 -1.0334186685221474 0.000794651991779638
9.066666666666666 -1.0554753531697962 0.0007900011239210247
9.1 -1.0529841303118295 0.000791716314659574
9.133333333333333 -1.0255082253736825 0.0007970790601581346
9.166666666666666 -0.9727736736611095 0.0008065188805785883
9.2 -0.8959669010735861 0.0008206592692038273
9.233333333333333 -0.7969052115123492 0.0008253784398867259
9.266666666666667 -0.6733566727848712 0.0008224853200331506
9.3 -0.5308871868092466 0.0008032607035591832
9.333333333333334 -0.3797039780389273 0.0007611052076845204
9.366666666666667 -0.21892738898171338 0.000694843267641243
9.4 -0.05279231468856741 0.0006156360807552108
9.433333333333334 0.10553012807973844 0.000645545384053231
9.466666666666667 0.26557866152764803 0.0007188412020068813
9.5 0.41838038616594847 0.0007735711475977958
9.533333333333333 0.558089742111231 0.0008125919519187397
9.566666666666666 0.6839930168586745 0.0008316716394948243
9.6 0.7957204472490551 0.0008371670437946621
9.633333333333333 0.888417850076126 0.000832672579132665
9.666666666666666 0.9588427807390906 0.000826151476906678
9.7 1.0105904487538808 0.0008178840082346817
9.733333333333333 1.0372058830197415 0.0008119304948279726
9.766666666666667 1.0412796581961101 0.0008117936439511197
9.8 1.0252181896382182 0.0008153934945538399
9.833333333333334 0.982501318385921 0.0008225219080186807
9.866666666666667 0.9165990315062807 0.0008314810029265152
9.9 0.8249777629614754 0.0008385350531898705
9.933333333333334 0.7148389331454773 0.0008372229070457982
9.966666666666667 0.5870404720137424 0.0008204271226973647
10.0 0.43787301964562786 0.00078303108274691
10.033333333333333 0.28020742380329683 0.0007280182350886677
10.066666666666666 0.12315457176011904 0.0006548440146657702
10.1 -0.041862519359897966 0.0006085167555197266
10.133333333333333 -0.2005357259622695 0.0006898669670552526
10.166666666666666 -0.3574976691177226 0.0007520548433507801
10.2 -0.49717846663537296 0.00079225547227596
10.233333333333333 -0.6313585704427307 0.0008155623779807497
10.266666666666667 -0.7457899247737865 0.0008261693000499726
10.3 -0.8489973516363264 0.0008241073083381512
10.333333333333334 -0.9287466732599554 0.000815452185962906
10.366666666666667 -0.9876028589536289 0.0008065417775487971
10.4 -1.0220629006689597 0.0008005344301691419
10.433333333333334 -1.0346200043819116 0.0007967770392924844
10.466666666666667 -1.022935611761523 0.0007981977623077174
10.5 -0.9879150942127052 0.0008042152800029623
10.533333333333333 -0.9265013812116439 0.0008152195041571941
10.566666666666666 -0.8427942784948146 0.0008248295443958886
10.6 -0.7345602859653401 0.0008259424415435479
10.633333333333333 -0.6059903054224838 0.0008139556138181403
10.666666666666666 -0.4650922267751004 0.0007852612798811553
10.7 -0.3115560937787781 0.0007386446835019322
10.733333333333333 -0.15118926042923114 0.000666875173780751
10.766666666666667 0.00762000080991263 0.0005920241060787569
10.8 0.1691784280861241 0.0006778247611207155
10.833333333333334 0.3240419622720867 0.0007454628551151199
10.866666666666667 0.4649530210345188 0.0007913149596974756
10.9 0.5982148403752825 0.0008217091191357051
10.933333333333334 0.71806609407318 0.000832759713883191
10.966666666666667 0.8203834255252722 0.0008350445063233236
11.0 0.9016133228203177 0.0008311007637320511
11.033333333333333 0.9639121714190557 0.0008234285579453715
11.066666666666666 1.0047586603966612 0.0008178011152626397
11.1 1.0217959327209527 0.0008158460368807852
11.133333333333333 1.0182495960351476 0.0008170947620715907
11.166666666666666 0.9889451587083102 0.0008217060755427719
11.2 0.9352114288033861 0.0008300413152690922
11.233333333333333 0.8605878252385598 0.0008374021617211236
11.266666666666667 0.7592721714412364 0.0008393960950756618
11.3 0.6450074381578321 0.000831045642809447
11.333333333333334 0.5108511724896693 0.0008027751039533237
11.366666666666667 0.36140288675398613 0.000759164427949266
11.4 0.20726013029277404 0.0006963166990962
11.433333333333334 0.048068565599279627 0.0006146285849493796
11.466666666666667 -0.11168825118577344 0.0006454825157442418
11.5 -0.2655916078918971 0.0007189362644809405
11.533333333333333 -0.4111275897195301 0.0007662603870930984
11.566666666666666 -0.5526150005518118 0.0008014140133532077
11.6 -0.6752630116000593 0.000819952621745168
11.633333333333333 -0.7798562539050866 0.0008198678562837403
11.666666666666666 -0.8696513746366749 0.0008187835179574998
11.7 -0.9383495865398812 0.0008120181844281094
11.733333333333333 -0.9847785963095523 0.0008045615905711845
11.766666666666667 -1.0092728378270606 0.0008004871431142035
11.8 -1.0102943060214837 0.0008005929034926584
11.833333333333334 -0.9892281896054463 0.0008044541351054368
11.866666666666667 -0.9424029978001005 0.0008113991058347203
11.9 -0.8725420134377254 0.0008194591875571033
11.933333333333334 -0.7765108366873936 0.0008296759613155569
11.966666666666667 -0.6587660422467941 0.0008219074931041792
12.0 -0.5287527686610749 0.0008004152685274768
12.033333333333333 -0.3840398083523932 0.0007642968442513887
12.066666666666666 -0.22851635495819542 0.0007016287641420371
12.1 -0.06948171126300202 0.0006250971323034371
12.133333333333333 0.08579639695521812 0.0006368614313476684
12.166666666666666 0.24038444465434614 0.0007101762349413787
12.2 0.38628443622457637 0.0007704777974546495
12.233333333333333 0.5221118125201034 0.000808235570372684
12.266666666666667 0.6465802909855528 0.0008286100459872214
12.3 0.7577294815212572 0.0008359101002234359
12.333333333333334 0.8477181176332106 0.0008356137242357953
12.366666666666667 0.9173196967697683 0.0008301785617059743
12.4 0.9676265859173742 0.0008245925870881132
12.433333333333334 0.9955622468114282 0.0008206792106653094
12.466666666666667 1.0008470920477945 0.000819904381981873
12.5 0.9845251630365831 0.0008226598867128176
12.533333333333333 0.9439801298713946 0.0008298644842422709
12.566666666666666 0.8813095587248763 0.0008353102805310764
12.6 0.7928606817057092 0.0008388781520467514
12.633333333333333 0.685426007558623 0.0008336945576467025
12.666666666666666 0.5626057410555318 0.0008166330718465398
12.7 0.4232041842929683 0.0007822220523355239
12.733333333333333 0.27051827931595546 0.0007222329601218602
12.766666666666667 0.11605899553331447 0.0006503435141417685
12.8 -0.04339934535187141 0.0006090328568565742
12.833333333333334 -0.19921995093562528 0.0006894604590061415
12.866666666666667 -0.34258491052811463 0.0007454090710143357
12.9 -0.4810324442776786 0.0007869378755160916
12.933333333333334 -0.61124146947437 0.0008112940097547705
12.966666666666667 -0.7260330992566755 0.0008234406335612121
13.0 -0.8209224915303044 0.0008231690954837445
13.033333333333333 -0.8972154304315246 0.0008166452119114931
13.066666666666666 -0.9515662029778466 0.0008127458662540166
13.1 -0.9839470461422356 0.0008050746567019873
13.133333333333333 -0.993549393230701 0.0008051391540105923
13.166666666666666 -0.9809397063045776 0.0008082285549237955
13.2 -0.9428782760993434 0.0008151085602917663
13.233333333333333 -0.8821955786219574 0.0008233326599962343
13.266666666666667 -0.7974468776374063 0.0008277246636423374
13.3 -0.690136897419296 0.0008228858087584445
13.333333333333334 -0.5681483963041309 0.000808443893120403
13.366666666666667 -0.4302386134171763 0.0007770878412441951
13.4 -0.2813169339501519 0.000726358073535438
13.433333333333334 -0.1270482927790892 0.0006567516915555738
13.466666666666667 0.025740169589023774 0.0006023840970236713
13.5 0.17956080655103598 0.000683021522107502
13.533333333333333 0.3300581420925698 0.00074757978965595
13.566666666666666 0.468259410194949 0.0007907036526093592
13.6 0.5970510983893896 0.0008210013061640264
13.633333333333333 0.7105119847072451 0.0008298064421922158
13.666666666666666 0.8037192984626661 0.0008348434645309988
13.7 0.881267554475918 0.0008323856805207974
13.733333333333333 0.9359556719829237 0.0008268834445679385
13.766666666666667 0.9711460238454674 0.0008214234557833988
13.8 0.9834139923308374 0.000821744661195889
13.833333333333334 0.9744217123617257 0.0008242765257885365
13.866666666666667 0.9408987277052171 0.000828935473641268
13.9 0.8861014291631072 0.0008341889574215999
13.933333333333334 0.8045516042211363 0.0008389553594294608
13.966666666666667 0.70775333030448 0.0008362087590690903
14.0 0.5924672559269281 0.0008260021376660376
14.033333333333333 0.46054064266156547 0.0007902502097064112
14.066666666666666 0.3128909782982138 0.0007429834375272115
14.1 0.16186114468678325 0.0006773213688721635
14.133333333333333 0.007562339746959635 0.000594395367981425
14.166666666666666 -0.14519887480352633 0.0006634072566065463
14.2 -0.29268463816280615 0.00072971432258917
14.233333333333333 -0.43302450253053165 0.0007752145077611905
14.266666666666667 -0.5627692823683054 0.0008053954766717997
14.3 -0.6806607942246056 0.0008150752991116228
14.333333333333334 -0.780805391390178 0.0008203874452740179
14.366666666666667 -0.8615585160424077 0.0008194289084519912
14.4 -0.9207771001690211 0.0008118120034438236
14.433333333333334 -0.9604253006160243 0.0008079735335004834
14.466666666666667 -0.9762841297245465 0.0008049939040392085
14.5 -0.9692463028334303 0.0008083147963166004
14.533333333333333 -0.938747432508987 0.0008132791539411377
14.566666666666666 -0.885725173852339 0.0008203392130891052
14.6 -0.8052990360280863 0.000828523383679447
14.633333333333333 -0.710014585190808 0.0008267320461523564
14.666666666666666 -0.592436376326056 0.000815159396548415
14.7 -0.4596858327348868 0.0007881061322116412
14.733333333333333 -0.31489792682365414 0.0007416267248069319
14.766666666666667 -0.16881393679092596 0.0006759696586344233
14.8 -0.013630453190376297 0.0005957476671330265
14.833333333333334 0.13950323702595915 0.0006647715747569172
14.866666666666667 0.286047988918575 0.0007321456006806892
14.9 0.42510572582679845 0.0007815564589921387
14.933333333333334 0.5535149427728655 0.0008104099064458747
14.966666666666667 0.6692829246579353 0.0008303989904803188
15.0 0.7673688182555705 0.0008334383383943322
15.033333333333333 0.8475951056290135 0.0008319598355532865
15.066666666666666 0.9077330424919081 0.0008286338685675743
15.1 0.9452091313690654 0.0008286245313541274
15.133333333333333 0.964817184923851 0.0008227644606525475
15.166666666666666 0.9606656026817545 0.0008247703067726375
15.2 0.9339130313737602 0.0008276246094297557
15.233333333333333 0.8846989706956249 0.0008329972443263944
15.266666666666667 0.8128306445820952 0.0008385644805722903
15.3 0.716527278494914 0.0008363275725724595
15.333333333333334 0.6076925189769337 0.0008260260622248161
15.366666666666667 0.4782314707315908 0.0007960433378975118
15.4 0.3413070036230157 0.0007539523684211291
15.433333333333334 0.193383481692661 0.0006910357848455284
15.466666666666667 0.04002712938810156 0.0006094545596481149
15.5 -0.1097799371499022 0.0006497993841473315
15.533333333333333 -0.25455717637886527 0.0007154956198408002
15.566666666666666 -0.39647439350901714 0.0007670457694498589
15.6 -0.5276287222327919 0.0008007370875792175
15.633333333333333 -0.6459915835005087 0.0008179308904973093
15.666666666666666 -0.7464043973976863 0.0008233462047194662
15.7 -0.8284697831661373 0.0008206684502025663
15.733333333333333 -0.8923994749239758 0.0008172564728241571
15.766666666666667 -0.9341503238651861 0.0008132940242739917
15.8 -0.9545686516200924 0.0008101404761691189
15.833333333333334 -0.9526054419573442 0.0008101455989464323
15.866666666666667 -0.9274163358410408 0.0008132762383020742
15.9 -0.8788916877973785 0.0008201450111698927
15.933333333333334 -0.8061336935864866 0.0008239005839266733
15.966666666666667 -0.7139978773847165 0.0008237492476649289
16.0 -0.6001257527588483 0.0008132633556147129
16.033333333333335 -0.473195123924244 0.0007919491776648413
16.066666666666666 -0.33371938962427883 0.0007495466339286216
16.1 -0.18797194969835573 0.000685859162255692
16.133333333333333 -0.03776989636981355 0.0006094165183646444
16.166666666666668 0.11139186756824951 0.0006485232268024221
16.2 0.2554184066962196 0.0007202632874707682
16.233333333333334 0.39432061905972815 0.0007704613438050956
16.266666666666666 0.5251310144210605 0.0008083313429867456
16.3 0.6386469394474021 0.0008257358297328876
16.333333333333332 0.7402215253001612 0.0008341275584152763
16.366666666666667 0.818834653623542 0.0008343949099169912
16.4 0.8821927742262566 0.0008319456981570328
16.433333333333334 0.9234677955739045 0.0008282612356301788
16.466666666666665 0.9435498375716203 0.0008279214791262479
16.5 0.9435893582614882 0.0008278873529794506
16.533333333333335 0.9202563845402355 0.0008295149500211485
16.566666666666666 0.8776443087792545 0.0008321234083762397
16.6 0.8064724698823816 0.0008374053026015682
16.633333333333333 0.7157839714181595 0.0008344880700911217
16.666666666666668 0.6085382231014745 0.0008239947379421464
16.7 0.4889017378123227 0.0008011167165016819
16.733333333333334 0.3509154459140863 0.000757809176562485
16.766666666666666 0.20603653492387472 0.0006969696316334872
16.8 0.059020551379562664 0.0006227693360436673
16.833333333333332 -0.08685623380078344 0.0006352508384737665
16.866666666666667 -0.23522952586777507 0.0007058634310997403
16.9 -0.3710534759290403 0.0007574647230444986
16.933333333333334 -0.5006099424309788 0.00079431987613654
16.966666666666665 -0.6196317677694612 0.0008166530838327191
17.0 -0.7197856081831215 0.0008225041675141709
17.033333333333335 -0.8012496030732248 0.0008235324791712184
17.066666666666666 -0.8682262602519553 0.0008182586106475487
17.1 -0.9129027078535987 0.0008147910075707587
17.133333333333333 -0.935507053609242 0.000812295244005723
17.166666666666668 -0.9349363261771512 0.0008131853489388163
17.2 -0.9131169970032726 0.00081688288461923
17.233333333333334 -0.8659134030024208 0.0008215140125937825
17.266666666666666 -0.7993554019407407 0.0008264734701525223
17.3 -0.7063628052752863 0.0008239602486384001
17.333333333333332 -0.5984362421244837 0.0008122938766677024
17.366666666666667 -0.4762392422499312 0.0007870461845174148
17.4 -0.3393295704978782 0.0007482156306093946
17.433333333333334 -0.19895247836517227 0.0006915042195385912
17.466666666666665 -0.0506702305632824 0.0006157621993194487
17.5 0.0963474203180559 0.0006418806139669442
17.533333333333335 0.24196930261008112 0.000712667906908826
17.566666666666666 0.37389989587388817 0.0007637591016881884
17.6 0.5031481889456735 0.0008010273648997313
17.633333333333333 0.6203754955520644 0.0008242337128403499
17.666666666666668 0.7175982244602386 0.0008355402378928956
17.7 0.7987876815079651 0.0008365371320968595
17.733333333333334 0.8602226460716825 0.0008358419640724923
17.766666666666666 0.9030165306959698 0.0008319914593342137
17.8 0.9250893899723543 0.0008300311555162754
17.833333333333332 0.9258952267627539 0.0008292143303897381
17.866666666666667 0.9050568808837608 0.0008326023660898407
17.9 0.8628162574902122 0.0008335462754370804
17.933333333333334 0.7959289499636747 0.0008383729614105384
17.966666666666665 0.7079380072627609 0.0008342063241354447
18.0 0.6065845616594552 0.0008237878319277137
18.033333333333335 0.48521622943718773 0.0007979050820228206
18.066666666666666 0.3502075585662716 0.000754007017888525
18.1 0.21000819740804805 0.0006980392302372573
18.133333333333333 0.06451415135266785 0.0006252517803002899
18.166666666666668 -0.0819606956231854 0.0006318420750845016
18.2 -0.22076143886999983 0.0007008172819718828
18.233333333333334 -0.3619935138459972 0.0007562450427613943
18.266666666666666 -0.487354758244599 0.0007918995611485569
18.3 -0.602987464949758 0.0008140556819066225
18.333333333333332 -0.7017206735769379 0.0008258480452189021
18.366666666666667 -0.784239075383967 0.0008257300112676225
18.4 -0.85047032797395 0.0008234280907953861
18.433333333333334 -0.8934026700868446 0.0008189279295631735
18.466666666666665 -0.9173088708709387 0.0008170842531038947
18.5 -0.9173957338575133 0.0008167009157370453
18.533333333333335 -0.8964056505246573 0.0008183971222660569
18.566666666666666 -0.8536611390487544 0.0008243083054562117
18.6 -0.7839430696190106 0.0008251167672741477
18.633333333333333 -0.6926391372902815 0.0008228316298043437
18.666666666666668 -0.5878322252639243 0.0008123629031537849
18.7 -0.46846071212117735 0.0007866707423201391
18.733333333333334 -0.33383220709750033 0.0007458008541438299
18.766666666666666 -0.19342643389167724 0.0006881610533394922
18.8 -0.04769294576350192 0.0006155685315330645
18.833333333333332 0.09442840920398457 0.000638742082738647
18.866666666666667 0.23663080999292202 0.0007096085877443536
18.9 0.36933743321942925 0.0007636500340059693
18.933333333333334 0.49589440472241 0.0008045820918983204
18.966666666666665 0.609977498929114 0.0008224039361709456
19.0 0.7044425847290403 0.0008325985596636665
19.033333333333335 0.7869371692804207 0.0008357230696680595
19.066666666666666 0.847758423536055 0.0008340749230902889
19.1 0.8883697370388457 0.0008335478619604375
19.133333333333333 0.9085196299232228 0.00083235874949672
19.166666666666668 0.9087043056381392 0.0008322230443484901
19.2 0.8863478986475939 0.0008332527538783552
19.233333333333334 0.8430419426440302 0.0008359617021321819
19.266666666666666 0.778338056152255 0.0008384586726758458
19.3 0.6909590844551133 0.0008361421183314954
19.333333333333332 0.5887866677346006 0.0008237378252485827
19.366666666666667 0.4702254318284474 0.0007963045578394667
19.4 0.33807286572912637 0.0007537842620152779
19.433333333333334 0.19868554187267376 0.0006959025333980462
19.466666666666665 0.058884937459760076 0.0006228997887006218
19.5 -0.08487197207777912 0.0006357450725436448
19.533333333333335 -0.22531972595086908 0.0007001002259912625
19.566666666666666 -0.35937593309359256 0.0007548500219342613
19.6 -0.48750479962139265 0.0007908357511201003
19.633333333333333 -0.6016365277856 0.0008133795801921195
19.666666666666668 -0.6967486527386264 0.0008211402381619326
19.7 -0.7773168250484975 0.0008217829617936934
19.733333333333334 -0.839941512324793 0.0008216564768868118
19.766666666666666 -0.8795634761430968 0.0008184249959166667
19.8 -0.9013758004757263 0.0008155733385287744
19.833333333333332 -0.9003379146615293 0.000816181320396292
19.866666666666667 -0.8763513172991445 0.0008192128941759691
19.9 -0.831955784960031 0.0008241072674044503
19.933333333333334 -0.7620270057558046 0.0008260595346326616
19.966666666666665 -0.6744968064935914 0.0008221735564218902
20.0 -0.566715652643158 0.0008098706404221501
20.033333333333335 -0.4461340007705404 0.0007814899746529935
20.066666666666666 -0.3161725903512421 0.0007422457110056735
20.1 -0.17872977781647606 0.0006824451286032984
20.133333333333333 -0.03327807442869991 0.0006084984669352048
20.166666666666668 0.10749555309750006 0.00064886977989706
20.2 0.2430773327499059 0.0007115264136704214
20.233333333333334 0.3759198246671098 0.0007650544126850956
20.266666666666666 0.4991412641553913 0.0008011145471195635
20.3 0.6062688117073906 0.0008217120699131053
20.333333333333332 0.703104769805111 0.0008305744922242342
20.366666666666667 0.7787023415734715 0.0008376130280323135
20.4 0.8370982042834454 0.0008351606664678268
20.433333333333334 0.8753312360856678 0.0008324915130707433
20.466666666666665 0.8930238469521334 0.0008309500818661775
20.5 0.8910877745296867 0.0008326027819378634
20.533333333333335 0.8683914708645424 0.0008355700174331737
20.566666666666666 0.82174814836264 0.000837824636406137
20.6 0.7548345760502388 0.0008372100253630776
20.633333333333333 0.6689340354468362 0.0008317154273373983
20.666666666666668 0.5648735729463679 0.0008171264524381439
20.7 0.4456470127834875 0.000787825905840811
20.733333333333334 0.3193444379333135 0.0007455714563695537
20.766666666666666 0.1783786982470001 0.0006865358120176357
20.8 0.03796320620707917 0.0006103852389342038
20.833333333333332 -0.10192088021191324 0.0006440209855235607
20.866666666666667 -0.23866199653991393 0.0007069770264127861
20.9 -0.3724170858150166 0.000761589279215269
20.933333333333334 -0.4940177043513795 0.0007930381093045336
20.966666666666665 -0.6015427561053713 0.0008131743318844364
21.0 -0.6963535771701586 0.000821656457663078
21.033333333333335 -0.7731453455282441 0.0008263789231234275
21.066666666666666 -0.832137201886856 0.0008217562761739794
21.1 -0.8699621605044434 0.0008180421676424743
21.133333333333333 -0.8875460774740522 0.000816136734302142
21.166666666666668 -0.882336004269573 0.0008163420315980829
21.2 -0.8555896029438425 0.0008194921286271972
21.233333333333334 -0.8083900080441999 0.0008217012585353123
21.266666666666666 -0.7387162702428445 0.0008239940935538259
21.3 -0.6467213469191441 0.0008156308803543011
21.333333333333332 -0.5391542338588953 0.0008026173513472346
21.366666666666667 -0.4191101985945186 0.0007721543481499782
21.4 -0.28860653335974595 0.0007304495341748929
21.433333333333334 -0.15124537085486475 0.0006703732111322525
21.466666666666665 -0.010445013314045704 0.0005946908267430093
21.5 0.12923611235611782 0.0006597570763968996
21.533333333333335 0.2632613781574691 0.0007231108707884681
21.566666666666666 0.3906653960050581 0.0007721594732256198
21.6 0.5081074157953187 0.0008024568479922944
21.633333333333333 0.6171571632123553 0.0008257234167478034
21.666666666666668 0.7051251877976543 0.0008349340326483379
21.7 0.7758033528391725 0.0008382173449397179
21.733333333333334 0.8314336530660239 0.0008353107056167097
21.766666666666666 0.8653217584710712 0.0008353614153490119
21.8 0.8793177916893805 0.0008344012063872253
21.833333333333332 0.873352971843726 0.0008352039515502341
21.866666666666667 0.846458132390116 0.0008364589911070697
21.9 0.7986845542229886 0.0008361579842051103
21.933333333333334 0.7294218775285926 0.0008349938304399451
21.966666666666665 0.6377393973831371 0.0008259034388885533
22.0 0.5328952934220268 0.0008079406181562554
22.033333333333335 0.41654517574221145 0.0007809475921265463
22.066666666666666 0.2851394854269711 0.0007322931232139895
22.1 0.14872466823527378 0.0006689997190942321
22.133333333333333 0.007914657696931733 0.0005937310072607269
22.166666666666668 -0.1305425028146924 0.0006610599636316938
22.2 -0.26394220114374034 0.000717561857613791
22.233333333333334 -0.3898009269319849 0.0007649199739697687
22.266666666666666 -0.5089653121190976 0.0007966834534072209
22.3 -0.6120846263715002 0.0008148504663694212
22.333333333333332 -0.702679950480629 0.0008227029812598596
22.366666666666667 -0.7734972780079172 0.0008272914727814884
22.4 -0.8269321371649795 0.0008239348816870828
22.433333333333334 -0.859597026628374 0.0008247009421953333
22.466666666666665 -0.8718489861673286 0.000823529216285146
22.5 -0.8625257823397249 0.0008245516981926215
22.533333333333335 -0.8335381006936682 0.0008254827478793025
22.566666666666666 -0.7800183015206735 0.0008261722648768011
22.6 -0.706988224497893 0.0008256748197272845
22.633333333333333 -0.6117172228683372 0.0008143168141500068
22.666666666666668 -0.5054443364654718 0.0007977444847490078
22.7 -0.3853181039130677 0.000765753845587025
22.733333333333334 -0.25138561036377427 0.0007163836678977242
22.766666666666666 -0.115496756340303 0.0006496484045787204
22.8 0.02086390483237518 0.0006003636138181799
22.833333333333332 0.15818729743334564 0.0006749742585930307
22.866666666666667 0.2907048529365004 0.0007342419266676559
22.9 0.41302906485640434 0.000776297659124181
22.933333333333334 0.5286602022012575 0.0008073648537811895
22.966666666666665 0.6276403543106034 0.0008240232856682184
23.0 0.7120366057456025 0.0008306380389946355
23.033333333333335 0.7782812235692598 0.0008350456344942137
23.066666666666666 0.8289819940622731 0.00083441970175957
23.1 0.8566356302591633 0.0008348320540714216
23.133333333333333 0.8650617286642909 0.0008357252154265193
23.166666666666668 0.854146890833517 0.0008360717634225967
23.2 0.8219669601692042 0.0008386670044580047
23.233333333333334 0.7688515551264644 0.0008381515819136931
23.266666666666666 0.6942994608835472 0.0008334122188141668
23.3 0.6029196029293452 0.0008241951629992528
23.333333333333332 0.4957331811500941 0.0008031218063694334
23.366666666666667 0.3740481733870497 0.0007664587964076874
23.4 0.24468964675954438 0.0007152339971644717
23.433333333333334 0.11162572973431088 0.0006509023055167457
23.466666666666665 -0.024197435380938496 0.000602737485773247
23.5 -0.16265820105070675 0.00067286266392097
23.533333333333335 -0.291384645547888 0.0007295956776037782
23.566666666666666 -0.4165460022001583 0.0007722161354324908
23.6 -0.5301966722039191 0.0007992434639980672
23.633333333333333 -0.6312170820415586 0.0008132298117158321
23.666666666666668 -0.7144623392621132 0.0008194297641735959
23.7 -0.7788709971797642 0.0008222436495551877
23.733333333333334 -0.8254065227466266 0.0008215204638054585
23.766666666666666 -0.8521511404499442 0.0008201842701177631
23.8 -0.8581295793333982 0.0008201116919683837
23.833333333333332 -0.8431616726785092 0.0008227781835596915
23.866666666666667 -0.8052981502125026 0.0008235250957892015
23.9 -0.7466327693679687 0.0008256994147775032
23.933333333333334 -0.6689089327691095 0.0008226533390198743
23.966666666666665 -0.5741151501979866 0.0008110784038878327
24.0 -0.46160312296409406 0.0007890264338393793
24.033333333333335 -0.3398503881662698 0.0007515792515475628
24.066666666666666 -0.2081662108043858 0.0006969448993512373
24.1 -0.07350899171585584 0.0006311656373632346
24.133333333333333 0.06268016129628018 0.000624691440067035
24.166666666666668 0.19450423640740255 0.0006912341429056723
24.2 0.3239409892512789 0.0007451513936975185
24.233333333333334 0.4423567108801514 0.0007834590460161217
24.266666666666666 0.5519252960654703 0.0008102243265090125
24.3 0.6459797852375804 0.0008258089093412524
24.333333333333332 0.7238208678080971 0.0008336695574642228
24.366666666666667 0.783886109420399 0.0008340745315724707
24.4 0.8272288403028873 0.0008343638015024801
24.433333333333334 0.8482501874097162 0.0008343515959547965
24.466666666666665 0.8499148447593116 0.0008348190241403985
24.5 0.8313057525172346 0.0008363392857346774
24.533333333333335 0.792399228217888 0.0008364724564012826
24.566666666666666 0.7338678285050342 0.0008373535795845877
24.6 0.6546527068905171 0.0008318030260912046
24.633333333333333 0.5580842230825608 0.000815951755876787
24.666666666666668 0.45015733122729906 0.0007932219578840605
24.7 0.32674726137728416 0.0007487792488277134
24.733333333333334 0.19567303963654048 0.0006947180981244361
24.766666666666666 0.0634277896913546 0.0006241218055545172
24.8 -0.07108761449840842 0.0006288028952133179
24.833333333333332 -0.20529203575493618 0.0006978640146931836
24.866666666666667 -0.33002146019777706 0.0007453094607592359
24.9 -0.4487105368225647 0.000780167605448856
24.933333333333334 -0.5576999415436739 0.0008060709192763138
24.966666666666665 -0.6511966927198644 0.0008186183868403862
25.0 -0.7254067736475891 0.0008233933977876973
25.033333333333335 -0.7828427552736248 0.0008230090404589552
25.066666666666666 -0.8235759592497826 0.0008231822572487557
25.1 -0.8422619213858182 0.0008229594755926328
25.133333333333333 -0.8402798041884847 0.0008236923253576167
25.166666666666668 -0.8175142971123418 0.0008242735275498791
25.2 -0.7741454785614444 0.0008244995709955072
25.233333333333334 -0.7081990075223824 0.0008243605631658157
25.266666666666666 -0.6252427660698866 0.0008156894711407459
25.3 -0.5245654018650515 0.0008018655063932734
25.333333333333332 -0.4106385148902452 0.0007721057237851658
25.366666666666667 -0.28884016249629946 0.0007324414143850544
25.4 -0.15619422319344559 0.0006740526166522376
25.433333333333334 -0.02023578655994041 0.0006006609809222525
25.466666666666665 0.11020314728540828 0.0006527022869077803
25.5 0.23944800445229017 0.000712949286822695
25.533333333333335 0.35962530703361006 0.0007621020521078048
25.566666666666666 0.475648509119611 0.0007959633190624538
25.6 0.5759610943344774 0.0008184452851971447
25.633333333333333 0.664983300798843 0.0008295604431638459
25.666666666666668 0.7362589391438069 0.000833831096498594
25.7 0.7891576584316412 0.0008354474811763657
25.733333333333334 0.8219717274074504 0.0008352184454631928
25.766666666666666 0.8361251109163813 0.0008357169701407319
25.8 0.83185753742744 0.0008350163601311689
25.833333333333332 0.805040009080362 0.0008350395067685534
25.866666666666667 0.7610497350618257 0.0008351458105232412
25.9 0.6939554695812153 0.0008321702040674506
25.933333333333334 0.6092789704909913 0.0008224075604373882
25.966666666666665 0.50656427374903 0.0008044165521822189
26.0 0.3964070865986086 0.0007726873089057285
26.033333333333335 0.2715728741646385 0.0007280365463506744
26.066666666666666 0.144052326423575 0.0006697260133021743
26.1 0.009364870175841967 0.0005956214334659118
26.133333333333333 -0.12221676612175568 0.0006557119869167877
26.166666666666668 -0.25175086321795903 0.0007166143986827023
26.2 -0.3723504226226203 0.0007597940082353372
26.233333333333334 -0.4829584066205259 0.0007919094126030979
26.266666666666666 -0.5858070257955797 0.0008098767646548266
26.3 -0.6697520734347968 0.0008201244584876699
26.333333333333332 -0.7378594412202868 0.0008238251719643319
26.366666666666667 -0.7876580976473021 0.0008243880290286221
26.4 -0.8182414175959718 0.0008235774580624966
26.433333333333334 -0.8293257758596463 0.0008244797457094277
26.466666666666665 -0.8192876194947079 0.0008262804978134142
26.5 -0.7891951295005813 0.0008274873782535552
26.533333333333335 -0.7370066791082923 0.0008255971687370911
26.566666666666666 -0.6658176582744953 0.0008187073196377348
26.6 -0.5750255105373586 0.0008084009631353917
26.633333333333333 -0.47010697531037215 0.0007870445620887234
26.666666666666668 -0.35291429739859004 0.0007541166307701852
26.7 -0.22748184586900394 0.0007044046701246975
26.733333333333334 -0.0989103989063235 0.0006414083236478546
26.766666666666666 0.03240443905991911 0.0006081511357740599
26.8 0.16150751357007603 0.000675974341758534
26.833333333333332 0.2877819692536183 0.0007322835792839544
26.866666666666667 0.4054515500983223 0.0007732983808057536
26.9 0.5114692628342055 0.000804665903491264
26.933333333333334 0.6071756444404508 0.000822042275151813
26.966666666666665 0.6852745444538677 0.00083221321562299
27.0 0.7472987712627063 0.0008355752418276463
27.033333333333335 0.790420188627847 0.0008353613630377454
27.066666666666666 0.8154588608836706 0.0008376686994147065
27.1 0.821265517319078 0.0008375543736991453
27.133333333333333 0.8075320630666032 0.000836892502519393
27.166666666666668 0.774371415404813 0.0008361356745736348
27.2 0.7207830337711992 0.0008331738536176969
27.233333333333334 0.64704364160063 0.0008284508256148904
27.266666666666666 0.5597755994555754 0.0008113440088263202
27.3 0.45347518479730226 0.0007884695378799211
27.333333333333332 0.3352235397995937 0.0007525394985575251
27.366666666666667 0.20969017135468648 0.0007018900447895438
27.4 0.08123899465688425 0.0006353328208484471
27.433333333333334 -0.04901827183229456 0.0006161266860558387
27.466666666666665 -0.17966616599070456 0.0006822613366378183
27.5 -0.3029357125036728 0.0007357036912782333
27.533333333333335 -0.41454139017182373 0.000774161534822515
27.566666666666666 -0.5228319334955406 0.0008007740081704684
27.6 -0.6133284473650217 0.0008149175411650278
27.633333333333333 -0.6928945944740219 0.0008211406207043748
27.666666666666668 -0.7506828501739023 0.0008241597087099706
27.7 -0.790558696878998 0.0008273861083563094
27.733333333333334 -0.8102100901560408 0.0008248316336102457
27.766666666666666 -0.8108686645564548 0.0008251748006935511
27.8 -0.7923869295756881 0.0008266415013477024
27.833333333333332 -0.751739984925601 0.0008279484074820154
27.866666666666667 -0.6920739952583324 0.0008239378274937925
27.9 -0.6140931310263898 0.0008141010881788091
27.933333333333334 -0.5175777680521715 0.0007984893777075452
27.966666666666665 -0.40750469336045636 0.0007727574968888762
28.0 -0.2892554872851628 0.0007307147703464745
28.033333333333335 -0.1664094966788876 0.0006768174364091828
28.066666666666666 -0.03347687291455076 0.0006085917096504204
28.1 0.0946584863945734 0.000640820301474096
28.133333333333333 0.22316258155834537 0.0007069511584544552
28.166666666666668 0.3388195848879879 0.0007551689776084114
28.2 0.4520899830075622 0.0007882956296852428
28.233333333333334 0.5514136182049928 0.0008123975308318432
28.266666666666666 0.6382932906981186 0.0008240124780893865
28.3 0.7069530002184963 0.0008341021316917718
28.333333333333332 0.7590043185146403 0.0008374138671227715
28.366666666666667 0.793503254701778 0.0008369019318159587
28.4 0.8081339367188833 0.0008375149223885936
28.433333333333334 0.8046604449642022 0.0008371486253595517
28.466666666666665 0.7791294636138305 0.0008403793839854012
28.5 0.7365025575745383 0.0008381305887629198
28.533333333333335 0.6757186187524236 0.0008335066569152838
28.566666666666666 0.5951263174771092 0.0008206360289727543
28.6 0.49590271416624754 0.0008009263495180607
28.633333333333333 0.3872646719727903 0.0007722961858682709
28.666666666666668 0.26647015371051497 0.0007277435826937295
28.7 0.14149625087269216 0.0006678765292856825
28.733333333333334 0.015471357558115035 0.0005987688827979315
28.766666666666666 -0.11703441320097936 0.0006521712391186624
28.8 -0.2395093612655792 0.0007113266540950403
28.833333333333332 -0.3574098745317982 0.0007543870636943506
28.866666666666667 -0.4669322931483124 0.0007872768779856321
28.9 -0.5629570314680669 0.0008057666268627139
28.933333333333334 -0.6463069994092284 0.0008164313644456467
28.966666666666665 -0.7128196912542986 0.0008234957081961758
29.0 -0.7623046923294968 0.0008239826395719518
29.033333333333335 -0.7917915782382876 0.0008246699413985148
29.066666666666666 -0.8019664309471101 0.0008256595702015312
29.1 -0.791297652460765 0.0008251483690988604
29.133333333333333 -0.7625407902839499 0.00082716993331855
29.166666666666668 -0.7119831070768449 0.0008249513555766974
29.2 -0.6421707825780194 0.0008192918984971653
29.233333333333334 -0.5544657748312112 0.000807161965689529
29.266666666666666 -0.4519978646242425 0.0007864627530331236
29.3 -0.3380921620134318 0.000750570307475662
29.333333333333332 -0.2185512736718533 0.0007028297966381325
29.366666666666667 -0.08875284209555247 0.0006382350692471644
29.4 0.03703269002520386 0.0006119634416755226
29.433333333333334 0.16117641393920165 0.0006784038494993261
29.466666666666665 0.2831208408368806 0.0007315036859522617
29.5 0.39835117223398553 0.0007746767690728906
29.533333333333335 0.499346372710044 0.0008010016632219452
29.566666666666666 0.5909987673040775 0.0008193031669465611
29.6 0.6672131950412409 0.0008282325762397624
29.633333333333333 0.726598496654943 0.0008333610554824844
29.666666666666668 0.7679796456642056 0.0008370153027899008
29.7 0.7913660584672959 0.0008351631697760542
29.733333333333334 0.7955237758959659 0.0008362959761392119
29.766666666666666 0.781573876475109 0.0008362254221543353
29.8 0.7474530125681479 0.0008361337114011214
29.833333333333332 0.6917604583583005 0.0008318912640806753
29.866666666666667 0.621513352878085 0.0008251293144093674
29.9 0.533432276284016 0.0008085976757703506
29.933333333333334 0.4302829499839546 0.0007860435189315229
29.966666666666665 0.3170533307218942 0.0007459478911738815
30.0 0.19121517250484452 0.0006904983538966736
30.033333333333335 0.06676429035176829 0.0006276568022273027
30.066666666666666 -0.060947598052296895 0.0006239105955608976
30.1 -0.1860393604181075 0.0006870129974668182
30.133333333333333 -0.30842016236199676 0.0007384298451170168
30.166666666666668 -0.4142413919503081 0.0007744158327163131
30.2 -0.5140220869251195 0.0007988408621404375
30.233333333333334 -0.6030139265400577 0.0008124435230515425
30.266666666666666 -0.6746155197003127 0.0008215481395786872
30.3 -0.7314432159574362 0.0008235217188146127
30.333333333333332 -0.7694488169517032 0.0008218429668567229
30.366666666666667 -0.7868397858134616 0.0008242588487188396
30.4 -0.7857987785151055 0.0008230381918291618
30.433333333333334 -0.7645101090406151 0.0008232680188102748
30.466666666666665 -0.7226197490028817 0.0008237777592697837
30.5 -0.6618337768546627 0.0008191340481493725
30.533333333333335 -0.5833786884986875 0.0008087446741851245
30.566666666666666 -0.4913196850582803 0.0007942016405443897
30.6 -0.3797606963644807 0.0007621924734326213
30.633333333333333 -0.2634785645569132 0.0007217922019993606
30.666666666666668 -0.13966965600180062 0.0006659371648400081
30.7 -0.012410480560954406 0.0005976736332338629
30.733333333333334 0.10860379887232706 0.0006513070753445538
30.766666666666666 0.23448317360476795 0.0007117479133303128
30.8 0.34882480841076774 0.0007545665630906973
30.833333333333332 0.45220188231942055 0.0007885306330072117
30.866666666666667 0.547043623657162 0.0008113723784569649
30.9 0.6288907729774181 0.0008248271913575689
30.933333333333334 0.6949287810997017 0.0008315646124427145
30.966666666666665 0.7439704458479991 0.0008355513081356181
31.0 0.7733328428891127 0.0008367781874107916
31.033333333333335 0.7838939219409807 0.000835795484568358
31.066666666666666 0.7771740445279792 0.0008349614192723065
31.1 0.7515758879858286 0.0008356419256697611
31.133333333333333 0.7061859806404449 0.0008343372715702291
31.166666666666668 0.6413312090451821 0.0008269384127621571
31.2 0.5597241471504983 0.0008162074185258383
31.233333333333334 0.4634769830374951 0.0007930955351526103
31.266666666666666 0.3544287848310336 0.0007575828516286909
31.3 0.23723828026426372 0.0007115521925764312
31.333333333333332 0.11160041650848858 0.000652047427209354
31.366666666666667 -0.012710212550522758 0.000595853467668649
31.4 -0.1373368791497757 0.0006632135759008784
31.433333333333334 -0.25698647210430525 0.0007182693124755946
31.466666666666665 -0.36880914383160524 0.0007609320932040475
31.5 -0.473434825463686 0.0007902960095287348
31.533333333333335 -0.5632371131761345 0.0008089671434404755
31.566666666666666 -0.6401011958446313 0.0008178680494379531
31.6 -0.7012664922908161 0.0008242589491361807
31.633333333333333 -0.7467899354952049 0.0008271178242839072
31.666666666666668 -0.7707779596224335 0.0008269983894831912
31.7 -0.7752277751964595 0.0008272495831109783
31.733333333333334 -0.7619659478771333 0.0008267917322912766
31.766666666666666 -0.7284256048100098 0.0008261214056919375
31.8 -0.6742300278705932 0.0008222279572108748
31.833333333333332 -0.6031287290994257 0.000816585779851331
31.866666666666667 -0.5159614988711728 0.0008014870434409627
31.9 -0.41341931240716345 0.0007751584357396091
31.933333333333334 -0.3026052736112305 0.0007365775705548971
31.966666666666665 -0.18110151563554808 0.0006865992107123742
32.0 -0.05831728887533554 0.0006222239134431665
32.03333333333333 0.06684037436178225 0.0006272225296901912
32.06666666666667 0.19040823464145495 0.0006903181530446834
32.1 0.3064517751255425 0.0007397479060108902
32.13333333333333 0.41375509979222425 0.0007756746259154901
32.166666666666664 0.5110202513813474 0.000801209763117039
32.2 0.595955952546614 0.0008194079181335079
32.233333333333334 0.6650789609228032 0.0008278672410149124
32.266666666666666 0.7187788222417621 0.0008330554983408955
32.3 0.7533467260305108 0.0008348509844930962
32.333333333333336 0.7715891717780429 0.0008363048137552953
32.36666666666667 0.7709196738810542 0.0008362986620891188
32.4 0.7503691608277279 0.0008360454772449177
32.43333333333333 0.7103958675310712 0.0008355961598237593
32.46666666666667 0.6526936829167703 0.0008302406695515074
32.5 0.5744729432345772 0.0008205789375023143
32.53333333333333 0.4913137066890865 0.0008031366939683093
32.56666666666667 0.3872708601550821 0.0007723148052281026
32.6 0.2718347906745984 0.0007260728389377191
32.63333333333333 0.1503850325918064 0.0006730356146115446
32.666666666666664 0.027961082531655024 0.0006056926196832506
32.7 -0.09567640915543943 0.0006414123781102593
32.733333333333334 -0.21527350349225563 0.000699102419771086
32.766666666666666 -0.33076939431386454 0.0007448516048574327
32.8 -0.4336783638619567 0.0007771326858360683
32.833333333333336 -0.5307393801985972 0.0008006175780829183
32.86666666666667 -0.6081926007265647 0.0008125983018534289
32.9 -0.6751300086373513 0.0008209164713458561
32.93333333333333 -0.7233711770289158 0.0008250027848349939
32.96666666666667 -0.7534213308495331 0.0008249763393123333
33.0 -0.7635780304003271 0.0008261394360985497
33.03333333333333 -0.7563277635753665 0.0008256056518693988
33.06666666666667 -0.7293104741493444 0.0008259047926236773
33.1 -0.6816985622216114 0.0008243825169402808
33.13333333333333 -0.6165501958676312 0.0008171473609246416
33.166666666666664 -0.5338890687561954 0.0008060927842261645
33.2 -0.43980408652509834 0.0007828952747169771
33.233333333333334 -0.33028173828742774 0.0007468826406055173
33.266666666666666 -0.21508488087272543 0.0007009044510044027
33.3 -0.09198422552716139 0.0006426740409798681
33.333333333333336 0.03052975041179233 0.0006073831125126689
33.36666666666667 0.14933571259786346 0.0006706327136255519
33.4 0.2686464351220263 0.0007254918670324129
33.43333333333333 0.37612016894419703 0.0007645606116167825
33.46666666666667 0.47565879972415004 0.0007946721128196943
33.5 0.5639661526600183 0.0008133650951313021
33.53333333333333 0.6356245658887858 0.0008252576309064619
33.56666666666667 0.6927611224298821 0.0008297285088493256
33.6 0.7348355105357051 0.0008358508235131179
33.63333333333333 0.7569346413454826 0.0008374596772877663
33.666666666666664 0.7609260731757292 0.0008355955371804891
33.7 0.745461168648003 0.0008356329159965314
33.733333333333334 0.7133074021712749 0.0008345992385390133
33.766666666666666 0.6609312582206763 0.0008321860884755727
33.8 0.5915186709375969 0.0008216689734086291
33.833333333333336 0.5080509055891047 0.0008052779184078984
33.86666666666667 0.40918005969475135 0.0007796342907624987
33.9 0.3004691102897996 0.0007367255219313251
33.93333333333333 0.18400963532268663 0.0006907619176401147
33.96666666666667 0.058708665608540815 0.0006231162485529351
34.0 -0.0594933005435657 0.0006219440877933483
34.03333333333333 -0.1799384750961918 0.0006846743962866941
34.06666666666667 -0.2952391121151576 0.0007344990479081215
34.1 -0.40023673130317683 0.0007676909779758545
34.13333333333333 -0.49679169413113183 0.0007932103703863769
34.166666666666664 -0.5793362367888565 0.0008086824416664307
34.2 -0.647624212921785 0.0008168450079205636
34.233333333333334 -0.6998946670405272 0.0008216017132397502
34.266666666666666 -0.7357126695452024 0.0008240643542465342
34.3 -0.7524920960818242 0.0008248532883682325
34.333333333333336 -0.7497108774993092 0.0008247720307553719
34.36666666666667 -0.7273466374979163 0.0008247723956864572
34.4 -0.6848902652744129 0.0008238731846206271
34.43333333333333 -0.6260080631862537 0.0008172061986607693
34.46666666666667 -0.5500250159666006 0.0008054203140945848
34.5 -0.45896019796925674 0.000786400614674887
34.53333333333333 -0.353341492870104 0.0007545032441542143
34.56666666666667 -0.2429493540736252 0.0007128954915219254
34.6 -0.12644559292500873 0.0006603007778745174
34.63333333333333 -0.0008476482643265139 0.0005922402099729589
34.666666666666664 0.11911885753292914 0.0006568346543175257
34.7 0.23501604138765328 0.0007114595718928918
34.733333333333334 0.34553622284333046 0.0007553469335613849
34.766666666666666 0.44534111515487584 0.0007881754216494397
34.8 0.5334031275455152 0.0008096041496560291
34.833333333333336 0.6088584787732707 0.0008229152405612172
34.86666666666667 0.6700466478376649 0.0008308809054434763
34.9 0.7143550327155744 0.000834880958821449
34.93333333333333 0.7406715014455979 0.000835948333511416
34.96666666666667 0.7491042519267713 0.0008364561633998902
35.0 0.7395822698948536 0.0008362632417926452
35.03333333333333 0.7113874115865835 0.0008318317864686176
35.06666666666667 0.6629880348166244 0.0008319108955201493
35.1 0.5980684592677468 0.0008225658273997016
35.13333333333333 0.5225451807887149 0.0008074722995459194
35.166666666666664 0.4263037765607701 0.0007824913481057627
35.2 0.3231492964128712 0.0007494984154821083
35.233333333333334 0.20921841818238765 0.0007003626926091189
35.266666666666666 0.09005716798525076 0.0006390265356504415
35.3 -0.029702897520859264 0.0006059281561741764
35.333333333333336 -0.1515327504266731 0.0006715544321024558
35.36666666666667 -0.26525266552014354 0.0007203172234790389
35.4 -0.36912406232237566 0.0007589504249531642
35.43333333333333 -0.46773218901667885 0.0007877643474624163
35.46666666666667 -0.5539788446474464 0.000806101041529228
35.5 -0.6244576495535717 0.0008152724729288963
35.53333333333333 -0.6797986083539073 0.000821876664339305
35.56666666666667 -0.7187215072870587 0.0008237361362148921
35.6 -0.7379101215068075 0.0008250818414013983
35.63333333333333 -0.7394255207571849 0.0008256807503752572
35.666666666666664 -0.7210838037914818 0.0008250382689161118
35.7 -0.6856446051847472 0.0008231595660538327
35.733333333333334 -0.6304507352869968 0.0008164719884791172
35.766666666666666 -0.5565191679176169 0.000806893688895638
35.8 -0.47067525023837925 0.0007890571158215565
35.833333333333336 -0.3705187546063586 0.0007595289729218635
35.86666666666667 -0.2600637238365443 0.0007196218544421318
35.9 -0.1457441708928099 0.0006685316188476398
35.93333333333333 -0.025852982907871483 0.0006046269495599416
35.96666666666667 0.0931877442462567 0.000643354916374933
36.0 0.2084004373182952 0.0006973675264255741
36.03333333333333 0.3172069006873491 0.0007501823303644461
36.06666666666667 0.4191073264284837 0.0007803234714623963
36.1 0.5089076915957684 0.0007999600330332868
36.13333333333333 0.5866562765683325 0.0008175706044663
36.166666666666664 0.6504147103082472 0.0008267553455222343
36.2 0.697183052508816 0.0008320124362892756
36.233333333333334 0.725552289003272 0.0008345085225562876
36.266666666666666 0.737189151904261 0.0008346042972035006
36.3 0.731736296584549 0.0008346820435308766
36.333333333333336 0.7073508855228113 0.000835339716296124
36.36666666666667 0.664055971317226 0.0008319166028911695
36.4 0.6039724495814901 0.0008225040755868163
36.43333333333333 0.5266656077667005 0.0008075076699887163
36.46666666666667 0.4399115671650022 0.0007872120776820646
36.5 0.33783487555906033 0.0007539258733178511
36.53333333333333 0.22985188544081642 0.0007106862932718117
36.56666666666667 0.11063808682020619 0.0006507381193832096
36.6 -0.008291657407951222 0.0005951680613034346
36.63333333333333 -0.12788671149108877 0.0006605133195363433
36.666666666666664 -0.23999906697775175 0.0007106737180625766
36.7 -0.3443500447677977 0.0007512451885970939
36.733333333333334 -0.44409572155407545 0.0007801597315819087
36.766666666666666 -0.5316542827599939 0.0008016366672290998
36.8 -0.6044907011148017 0.0008127454618476193
36.833333333333336 -0.6617501241051633 0.0008191350265320807
36.86666666666667 -0.7011459316510359 0.0008207271922302528
36.9 -0.7257876657594193 0.0008231916826335617
36.93333333333333 -0.7301892979868431 0.0008239020442679656
36.96666666666667 -0.7147401231197057 0.0008227601003821805
37.0 -0.6818413813299437 0.0008212688761785047
37.03333333333333 -0.6307744604078177 0.0008166560528720668
37.06666666666667 -0.5629261301748861 0.0008078605096694114
37.1 -0.4786890854500356 0.0007892310684836645
37.13333333333333 -0.38524729710620903 0.0007617616499303037
37.166666666666664 -0.2769597440278984 0.0007246210487949489
37.2 -0.16521078425472283 0.0006773251956239124
37.233333333333334 -0.04737247996897904 0.0006161559903327327
37.266666666666666 0.06992629755686675 0.0006283674385391541
37.3 0.18731345562106932 0.0006876086695433159
37.333333333333336 0.29576557865356606 0.000734307097063347
37.36666666666667 0.40147444250159753 0.0007715028815279967
37.4 0.48754555662324983 0.0007981908006423621
37.43333333333333 0.5652563886127516 0.0008127611416778313
37.46666666666667 0.6299529991347271 0.0008243795364488715
37.5 0.679644545733133 0.0008284336378014956
37.53333333333333 0.7126186993067283 0.0008340536321880254
37.56666666666667 0.7267916747335422 0.0008336828136351615
37.6 0.7229799042664423 0.0008337842203064438
37.63333333333333 0.7033210979584503 0.000834103369594108
37.666666666666664 0.6638682167368698 0.0008294589771442595
37.7 0.6063528981538329 0.0008205080496621608
37.733333333333334 0.5346028900778568 0.0008104269929711805
37.766666666666666 0.4462836891617126 0.0007875946718817195
37.8 0.34973999160785296 0.0007559164196203616
37.833333333333336 0.2417317435675704 0.0007146175400319643
37.86666666666667 0.1262030445916805 0.0006594522976095807
37.9 0.01309424174941296 0.0005969872859092045
37.93333333333333 -0.10627624678388777 0.0006453138887951015
37.96666666666667 -0.22291938999084612 0.0007031102740317208
38.0 -0.32557761062051616 0.0007406204080927514
38.03333333333333 -0.425674961824159 0.0007750946760188282
38.06666666666667 -0.5115000509095109 0.0007946048310314424
38.1 -0.5864015004914771 0.0008119554586205613
38.13333333333333 -0.6421626590715239 0.0008172609343747306
38.166666666666664 -0.6859165285530449 0.000821819873024765
38.2 -0.7107424817944676 0.0008235289000185775
38.233333333333334 -0.7173062923766859 0.000823950693331521
38.266666666666666 -0.7077636774190397 0.0008236875583114145
38.3 -0.6763000735873077 0.0008222294108127803
38.333333333333336 -0.6290579573661659 0.0008165005301919992
38.36666666666667 -0.5641351930499462 0.0008070247673177544
38.4 -0.4853552610538527 0.0007917554324622933
38.43333333333333 -0.3922608855452479 0.000767069888383709
38.46666666666667 -0.2876645676483402 0.0007307060740909255
38.5 -0.17999651741640238 0.0006852134192855408
38.53333333333333 -0.0634975606584731 0.0006236477484772851
38.56666666666667 0.05211036261762711 0.0006190220957280682
38.6 0.1641402939637388 0.0006729657876283768
38.63333333333333 0.28043912187094233 0.0007320664387621134
38.666666666666664 0.38072320646398683 0.0007658536274102179
38.7 0.4692734921219516 0.0007921481832445787
38.733333333333334 0.548757646580519 0.0008100373241927139
38.766666666666666 0.6143293607649106 0.0008202784665227725
38.8 0.663763370260201 0.0008270563130057251
38.833333333333336 0.6977279262880697 0.0008331397187187894
38.86666666666667 0.714598556041615 0.000831929993995173
38.9 0.7137487410529878 0.0008327573362435503
38.93333333333333 0.6952007999520735 0.0008309820815738389
38.96666666666667 0.6574694573371246 0.0008281159144373218
39.0 0.6039879913682723 0.0008228548335745822
39.03333333333333 0.534938861620699 0.0008098292614859837
39.06666666666667 0.45235070047204373 0.0007907807167741865
39.1 0.3578349543728826 0.0007613114782434316
39.13333333333333 0.25136665564799354 0.0007188966717390777
39.166666666666664 0.1398888053231209 0.0006656787876569148
39.2 0.025790615596883733 0.000604857527114401
39.233333333333334 -0.09010174417753802 0.000639194458069578
39.266666666666666 -0.20252686564902705 0.0006937599388341653
39.3 -0.31030157864197344 0.0007383426931913961
39.333333333333336 -0.40659928561134706 0.0007682671383814066
39.36666666666667 -0.49384718895485613 0.000793172560077382
39.4 -0.5679859648766774 0.0008071597742203007
39.43333333333333 -0.6287740783353558 0.0008150468857212045
39.46666666666667 -0.6716858450130185 0.0008184580443520995
39.5 -0.698404294538227 0.0008215219600511414
39.53333333333333 -0.7079729070155294 0.0008225877920813307
39.56666666666667 -0.6981521971495764 0.0008216227407410459
39.6 -0.6706272055061735 0.0008196594071956387
39.63333333333333 -0.6263537292584911 0.0008158442242048869
39.666666666666664 -0.564703608080143 0.0008070546180296567
39.7 -0.4848996353500959 0.0007895997260198295
39.733333333333334 -0.39408732097502835 0.0007655765411697102
39.766666666666666 -0.2954729335082388 0.0007326883876082046
39.8 -0.18745118809810782 0.0006896309733298855
39.833333333333336 -0.07384114229232715 0.0006309103086714757
39.86666666666667 0.040387657740243645 0.0006114067037143872
39.9 0.1525946878494558 0.0006708531563650588
39.93333333333333 0.26140259415475 0.0007226311101573013
39.96666666666667 0.3639373322895526 0.0007606996322822579
40.0 0.4562624740017785 0.0007884610217677168
40.03333333333333 0.5349868669287073 0.0008086495130404936
40.06666666666667 0.6010120446043973 0.0008210514799203983
40.1 0.6498621584199871 0.000830811667596909
40.13333333333333 0.6860627057381724 0.0008307736015114031
40.166666666666664 0.7031579477134156 0.0008318497617504361
40.2 0.7042736234365674 0.0008316180231988657
40.233333333333334 0.6880164834303657 0.0008319956367324188
40.266666666666666 0.6524402076896683 0.0008275295194813959
40.3 0.599270749735545 0.0008225330234944428
40.333333333333336 0.5336571172901551 0.0008083513275858323
40.36666666666667 0.4514732272946294 0.0007890361961466752
40.4 0.35792179911211125 0.0007592262126053795
40.43333333333333 0.2585504784031418 0.0007219559070309467
40.46666666666667 0.14429164893181953 0.0006687681492405506
40.5 0.03315711650828951 0.0006104509443992448
40.53333333333333 -0.08022021855376123 0.0006346667213663754
40.56666666666667 -0.18747384212928483 0.0006862676821165203
40.6 -0.29586849183929603 0.0007328468110261444
40.63333333333333 -0.39349756738267905 0.0007640940442455446
40.666666666666664 -0.48222084700317347 0.000789640633636679
40.7 -0.5542230927230235 0.0008032467723491088
40.733333333333334 -0.6154021297033335 0.0008134197027291901
40.766666666666666 -0.6589070535336654 0.000818668346327045
40.8 -0.6875731564094991 0.0008211316746417063
40.833333333333336 -0.6964131835482325 0.0008231312360265086
40.86666666666667 -0.6896291924417258 0.0008227687981280374
40.9 -0.6631933656434137 0.0008203491210329039
40.93333333333333 -0.6202947385559124 0.0008147498876738268
40.96666666666667 -0.5579449308508496 0.0008053138200438958
41.0 -0.4835958176173054 0.0007906745231406331
41.03333333333333 -0.3935506646420101 0.0007668422917765372
41.06666666666667 -0.29731651713033885 0.0007318950528280577
41.1 -0.19135227510119898 0.0006895605642037728
41.13333333333333 -0.07908601990826619 0.0006334944691476913
41.166666666666664 0.03200900122954287 0.0006070517974105585
41.2 0.14450077458091168 0.0006671513726934086
41.233333333333334 0.24651695619279596 0.000716834521744647
41.266666666666666 0.3525434639442307 0.0007561321223765738
41.3 0.4428480245523721 0.0007866759963976455
41.333333333333336 0.5205515530306144 0.0008010270301881395
41.36666666666667 0.5893505229730739 0.0008171607131135517
41.4 0.6401535599446414 0.0008250486539184143
41.43333333333333 0.6742730485914128 0.0008291799403579159
41.46666666666667 0.6926838743314455 0.0008309966841677507
41.5 0.6934985066598549 0.0008321880018249406
41.53333333333333 0.67814458188495 0.0008312043430734883
41.56666666666667 0.6454082053738739 0.0008286065890950045
41.6 0.5942563548275867 0.0008215797264174984
41.63333333333333 0.5282179873389716 0.0008071810667471535
41.666666666666664 0.4471114457877261 0.0007878574580499342
41.7 0.35681798029699524 0.000758640078214412
41.733333333333334 0.2569496788849328 0.0007213663699316419
41.766666666666666 0.1487708239049858 0.0006726893688795699
41.8 0.039446330044396946 0.0006124366388215591
41.833333333333336 -0.07237882569427855 0.0006292011452512514
41.86666666666667 -0.18352363666792007 0.0006838712155363968
41.9 -0.28590668191575086 0.0007268548229518168
41.93333333333333 -0.38411283045063527 0.0007615764807629155
41.96666666666667 -0.4712721531501368 0.0007857066206941044
42.0 -0.5427700023245345 0.0007996027339070011
