0.0 0.7238816961415349 0.0008527968545624098
0.03333333333333333 0.8109036320589524 0.0008560686402031559
0.06666666666666667 0.8774584461316917 0.0008536866494246453
0.1 0.9237763784843855 0.0008491144392791528
0.13333333333333333 0.9492901110241632 0.0008464395713410067
0.16666666666666666 0.953264891924431 0.0008460255661427718
0.2 0.9338930965649793 0.0008501209393881881
0.23333333333333334 0.8914689674612196 0.0008550506642494016
0.26666666666666666 0.827988278501972 0.0008581207093883991
0.3 0.7415440701205154 0.0008572618491178297
0.3333333333333333 0.6369513015060952 0.0008485854062364462
0.36666666666666664 0.5183760600297737 0.0008262818349176193
0.4 0.38297783463482404 0.000787625652320656
0.43333333333333335 0.2375888556686814 0.000727192593982684
0.4666666666666667 0.08556698865802378 0.0006494380341810213
0.5 -0.06810473311774759 0.0006378504250931227
0.5333333333333333 -0.21428985974179773 0.0007154241014431795
0.5666666666666667 -0.354334102924275 0.0007666698376692649
0.6 -0.48813419542467623 0.000809902548110919
0.6333333333333333 -0.6059695268330747 0.000832432820142559
0.6666666666666666 -0.7091594858157607 0.0008430727730698306
0.7 -0.7992068557035328 0.0008442291180916772
0.7333333333333333 -0.8664610293494652 0.0008412944669257127
0.7666666666666667 -0.9154235684014926 0.0008360732164824913
0.8 -0.9443417675205322 0.0008330321679833608
0.8333333333333334 -0.9498602537807458 0.0008328886110975375
0.8666666666666667 -0.9317312853691748 0.0008353839154751075
0.9 -0.8927757332898989 0.0008395664428223482
0.9333333333333333 -0.8301128934767062 0.0008447336269572503
0.9666666666666667 -0.7471168510056224 0.0008446345367792985
1.0 -0.6422480674770578 0.0008381325212476476
1.0333333333333334 -0.5234461962199541 0.0008213552788035594
1.0666666666666667 -0.39142630528380784 0.0007861902573952362
1.1 -0.24527309769059746 0.0007257696190917373
1.1333333333333333 -0.09678662740309779 0.0006561062230155956
1.1666666666666667 0.052815064252023175 0.0006338687969479131
1.2 0.19715104417567011 0.0007084587342688076
1.2333333333333334 0.33936073040768056 0.0007680165112516346
1.2666666666666666 0.470023037476525 0.0008127658314023845
1.3 0.5911391738719715 0.0008391687829211181
1.3333333333333333 0.6941603691457241 0.000850446299143659
1.3666666666666667 0.7846181949712776 0.0008566821554575332
1.4 0.8520855179458485 0.0008541055610702397
1.4333333333333333 0.9021762878358509 0.0008508137124496606
1.4666666666666666 0.9307019162604622 0.0008489159534236235
1.5 0.9367014714142061 0.0008475329029727918
1.5333333333333334 0.9218720996454256 0.0008504704354563852
1.5666666666666667 0.8858470157877224 0.0008546269311863197
1.6 0.8262022812921281 0.0008577884592153584
1.6333333333333333 0.7439781758725013 0.0008609180412535444
1.6666666666666667 0.6402398651615723 0.0008492794377580326
1.7 0.5275653925892315 0.0008292205980079403
1.7333333333333334 0.39502872928400395 0.0007913944941762008
1.7666666666666666 0.2506235181370319 0.0007361850258659208
1.8 0.10568348015849681 0.0006599771377798491
1.8333333333333333 -0.04657531151227149 0.0006291365321263592
1.8666666666666667 -0.19083518610117667 0.0006997915059839821
1.9 -0.32916437072441995 0.000761275124270655
1.9333333333333333 -0.4587651897546007 0.0008024145563526597
1.9666666666666666 -0.579085774370258 0.0008267193341975343
2.0 -0.6850666004704167 0.0008398772429090151
2.033333333333333 -0.7738531806857124 0.0008437310668245601
2.066666666666667 -0.8449247305131782 0.0008420105496222963
2.1 -0.8952786903473406 0.0008386426112060308
2.1333333333333333 -0.9248191878374943 0.0008361708379232002
2.1666666666666665 -0.932803982998857 0.0008356183073082724
2.2 -0.9186348199388783 0.0008369915682989726
2.2333333333333334 -0.8817291118286293 0.0008415149887754936
2.2666666666666666 -0.8224147566028726 0.0008459200736442574
2.3 -0.7420548481842572 0.000845622080669628
2.3333333333333335 -0.6431150446359732 0.0008378963287321017
2.3666666666666667 -0.5273758553182157 0.0008213159947819682
2.4 -0.3975936555083793 0.0007869677818782006
2.433333333333333 -0.25903053684676686 0.000734525244252493
2.466666666666667 -0.11019486447054953 0.0006617268490909656
2.5 0.03844886987243812 0.0006217333317273394
2.533333333333333 0.1813828044525514 0.0006985082237411788
2.566666666666667 0.3219669662096803 0.0007664431584623599
2.6 0.452824506279293 0.0008032471242171435
2.6333333333333333 0.5701716394928744 0.000835949352290144
2.6666666666666665 0.6757514604011194 0.0008470970146779999
2.7 0.7622919862067167 0.0008527924277487164
2.7333333333333334 0.832983355114799 0.0008532512182182206
2.7666666666666666 0.8838628540465914 0.0008513064344348731
2.8 0.9129526829392433 0.0008507708374417833
2.8333333333333335 0.9202502607532195 0.0008494967469834247
2.8666666666666667 0.9074822590498401 0.0008519851100946552
2.9 0.8727889227520617 0.0008554424390131432
2.933333333333333 0.8164719387374917 0.0008581212046884223
2.966666666666667 0.734662435087502 0.0008575135083721541
3.0 0.637772989287287 0.0008486598336454598
3.033333333333333 0.5226604661908791 0.0008299530834334767
3.066666666666667 0.39642574703456745 0.000792393593842311
3.1 0.2560682041425027 0.0007378690601843596
3.1333333333333333 0.10884946573961572 0.000663457429601319
3.1666666666666665 -0.03299479504054807 0.0006223683332486352
3.2 -0.1784158727263391 0.0006965527384228676
3.2333333333333334 -0.3164388188275501 0.0007544977953932719
3.2666666666666666 -0.44535866870853774 0.0007982417801620789
3.3 -0.5632291753128433 0.0008252902710675913
3.3333333333333335 -0.6678582844652774 0.0008369922133028007
3.3666666666666667 -0.7557820408868224 0.0008443148771309916
3.4 -0.8283826178301025 0.0008422128702315623
3.433333333333333 -0.8784301886162545 0.0008393088281111183
3.466666666666667 -0.9083314111956632 0.0008359267682687133
3.5 -0.9164129040728993 0.0008369753824748472
3.533333333333333 -0.9039391623811037 0.0008392219064996542
3.566666666666667 -0.8687695847215624 0.0008425746785047927
3.6 -0.8109508206668711 0.0008441174422407771
3.6333333333333333 -0.7318424255785599 0.0008445448047208481
3.6666666666666665 -0.6350636951379083 0.0008378877406644003
3.7 -0.5210800329451543 0.0008197019234541525
3.7333333333333334 -0.39336051665661403 0.0007842491184167355
3.7666666666666666 -0.2553515153834777 0.0007311107580598719
3.8 -0.10994133265925297 0.0006613750317610717
3.8333333333333335 0.03428053476399782 0.0006239846374024027
3.8666666666666667 0.17355500536175628 0.0006973507102390197
3.9 0.3150431733814048 0.0007612153761415996
3.933333333333333 0.44036088505062104 0.0008046475900672645
3.966666666666667 0.5598510019763475 0.0008326766486930204
4.0 0.6610576883332894 0.000847626177619687
4.033333333333333 0.7490077609857435 0.0008530639388372174
4.066666666666666 0.818498875480475 0.0008560960405152862
4.1 0.867821619519212 0.0008555509671995809
4.133333333333334 0.8963638644555375 0.0008528991441291156
4.166666666666667 0.9030534965207264 0.0008518221818509808
4.2 0.8908847093817279 0.0008528546480888188
4.233333333333333 0.8560362664357738 0.0008561171917320642
4.266666666666667 0.7974845251849482 0.0008582576255686813
4.3 0.7214210127022417 0.0008570846264682741
4.333333333333333 0.6241439333224236 0.0008450242801367747
4.366666666666666 0.5124731626216728 0.0008260489138964822
4.4 0.38701351888018626 0.0007892696713323044
4.433333333333334 0.24895151650804662 0.0007360612298311364
4.466666666666667 0.10407626525701164 0.0006622079505171352
4.5 -0.03554483102443809 0.0006226324910361333
4.533333333333333 -0.1796476967904275 0.0006990408577456086
4.566666666666666 -0.31500757733840173 0.0007552656828568871
4.6 -0.44151296565904824 0.0007975408939586148
4.633333333333334 -0.5588827790531128 0.0008239157173655087
4.666666666666667 -0.659313802479533 0.0008379663413690119
4.7 -0.7456727774629461 0.0008432065478762851
4.733333333333333 -0.8149443687776929 0.0008430545298895309
4.766666666666667 -0.8638485212426347 0.0008416318393068556
4.8 -0.8935233317543236 0.0008389821569978473
4.833333333333333 -0.9008756791576299 0.0008379335993995429
4.866666666666666 -0.8856211971012045 0.000841225977926241
4.9 -0.8499663460975071 0.0008432087242954411
4.933333333333334 -0.7927402707748419 0.0008460970005563784
4.966666666666667 -0.7159464122088514 0.0008437890308151674
5.0 -0.6166473403055208 0.0008352457807899727
5.033333333333333 -0.5056564638050606 0.0008166772780339171
5.066666666666666 -0.37797767022308804 0.000780280808237277
5.1 -0.2435551806761839 0.0007279390265891306
5.133333333333334 -0.10197933972790263 0.0006557649555754275
5.166666666666667 0.040281974086296926 0.0006248120784780944
5.2 0.18164544533962013 0.0007008074753154514
5.233333333333333 0.31719701676093665 0.0007602455756791637
5.266666666666667 0.4429313716313594 0.0008023511636564007
5.3 0.5584094330457671 0.0008323311311125847
5.333333333333333 0.6542333672192118 0.0008489827832284247
5.366666666666666 0.742746565650199 0.000853076693993815
5.4 0.809037881607231 0.0008555434142878404
5.433333333333334 0.8561953919268651 0.0008536656510008678
5.466666666666667 0.8827705378055203 0.0008532724612992926
5.5 0.888678993533741 0.0008548444870842831
5.533333333333333 0.8729558283274982 0.0008544147248376044
5.566666666666666 0.8358930661828481 0.0008569603600890874
5.6 0.7772223287039303 0.000858814078764425
5.633333333333334 0.6999039417670353 0.0008566574182913289
5.666666666666667 0.603621595570481 0.0008449867023513358
5.7 0.4938658441816335 0.0008228389338550968
5.733333333333333 0.36620716925227087 0.0007820902982930145
5.766666666666667 0.23241494162894172 0.0007294669105315232
5.8 0.09137586634249932 0.0006570738549363797
5.833333333333333 -0.05139847742794184 0.0006333314804806492
5.866666666666666 -0.1897716377070598 0.0007050008417005538
5.9 -0.3221283316629493 0.0007588024836738816
5.933333333333334 -0.4463440269833121 0.0007985632453393898
5.966666666666667 -0.561061725154616 0.0008258719730248609
6.0 -0.6586970385284198 0.0008388320925554194
6.033333333333333 -0.7412781302062641 0.0008436681543816382
6.066666666666666 -0.8062065638985615 0.0008440641618753242
6.1 -0.8535399011016411 0.0008424575326096972
6.133333333333334 -0.8791657776868403 0.0008408010131807364
6.166666666666667 -0.8841160589892744 0.0008412801221633348
6.2 -0.8672346779956741 0.000843471750183733
6.233333333333333 -0.8299886984984195 0.0008458660346090108
6.266666666666667 -0.7697345106505844 0.0008457286102881989
6.3 -0.6902162345011 0.0008424475725298253
6.333333333333333 -0.5922812777228154 0.0008325195814105069
6.366666666666666 -0.4806504862731195 0.0008099121859271863
6.4 -0.3535905124900421 0.0007724219310580316
6.433333333333334 -0.2229741377614948 0.0007191943918194443
6.466666666666667 -0.0817174269406643 0.0006493637527453938
6.5 0.06121862320078616 0.0006387906275868299
6.533333333333333 0.2002206365081315 0.000711213301870961
6.566666666666666 0.3296901945800055 0.0007658219375816233
6.6 0.4533570341178355 0.0008073661113048858
6.633333333333334 0.5657255351727675 0.0008349989594476082
6.666666666666667 0.6606837922771788 0.0008470924751503572
6.7 0.7397944715492679 0.0008535490071011065
6.733333333333333 0.8036285437935294 0.0008544501689715656
6.766666666666667 0.8462469917527907 0.0008555616601895188
6.8 0.869993492949688 0.0008537798668962759
6.833333333333333 0.8717745437284062 0.0008547086636843115
6.866666666666666 0.8542786549527885 0.0008559686811276945
6.9 0.8155628333953878 0.0008566161824147267
6.933333333333334 0.7541405408834645 0.0008565951553509699
6.966666666666667 0.675753797096316 0.0008531545162224763
7.0 0.5782242140796299 0.0008401626286150821
7.033333333333333 0.46316788124112185 0.0008133562471106526
7.066666666666666 0.338239863764237 0.0007725871759593494
7.1 0.20460525631688903 0.0007146636140444584
7.133333333333334 0.06529862357570677 0.0006398295119271341
7.166666666666667 -0.07349679743872908 0.0006438616652366946
7.2 -0.20948996102864953 0.0007110833966053332
7.233333333333333 -0.33944247359920166 0.0007652154713767567
7.266666666666667 -0.45920200455159293 0.000801731347875867
7.3 -0.5698735916038787 0.0008285411532520381
7.333333333333333 -0.6634006502302044 0.0008356117267290797
7.366666666666666 -0.7420630086235548 0.0008437608794765739
7.4 -0.8036492275671813 0.0008446147615263078
7.433333333333334 -0.8451693814415981 0.0008421219273310188
7.466666666666667 -0.8677282049788306 0.000840767600186032
7.5 -0.8683874146890429 0.0008425949292591994
7.533333333333333 -0.8464693966891461 0.0008438929424446906
7.566666666666666 -0.8058741245391264 0.0008450204571113229
7.6 -0.7428037774143844 0.0008470151525911129
7.633333333333334 -0.6602584179509546 0.0008403177407951823
7.666666666666667 -0.5616996401006097 0.0008276470671322311
7.7 -0.44870720660290764 0.000801685698995469
7.733333333333333 -0.32269610497124646 0.0007600593315793547
7.766666666666667 -0.18849423311474903 0.000704216410129993
7.8 -0.05218598893464096 0.0006331133137473452
7.833333333333333 0.08817243011657448 0.0006526708180251972
7.866666666666666 0.22324630697482656 0.0007205325709865318
7.9 0.3490110693826282 0.0007735347328485243
7.933333333333334 0.46873356474111416 0.000812966167087037
7.966666666666667 0.5738382112033595 0.0008351796107176623
8.0 0.6673849570350069 0.0008485995162339499
8.033333333333333 0.7411007867540834 0.0008537919337373578
8.066666666666666 0.8005781411457279 0.0008561262921958912
8.1 0.8398289398165263 0.0008552447321727996
8.133333333333333 0.85797592272246 0.0008552806590742534
8.166666666666666 0.856014057113896 0.0008560973350141277
8.2 0.8321708544318044 0.0008560443927307926
8.233333333333333 0.7891077714226836 0.0008587298351598882
8.266666666666667 0.7253374294727417 0.000858619359401791
8.3 0.6402280613532997 0.0008499735448465051
8.333333333333334 0.5436451741634184 0.0008324089764070175
8.366666666666667 0.4296884232025243 0.0008051442111827178
8.4 0.30323322379989487 0.0007591592497133703
8.433333333333334 0.16768682392422635 0.0006968120449650783
8.466666666666667 0.032629449680831174 0.0006224369456751325
8.5 -0.10610026578285839 0.0006602257811567647
8.533333333333333 -0.23675324244125392 0.0007250098082701717
8.566666666666666 -0.36335217586592694 0.0007728785155663997
8.6 -0.4809311246094044 0.0008074588249899484
8.633333333333333 -0.585235039836628 0.0008284634463585627
8.666666666666666 -0.6726359538099186 0.0008391550160266048
8.7 -0.7473272296682699 0.0008433003538685924
8.733333333333333 -0.8034108488873103 0.0008429503146891726
8.766666666666667 -0.8398744218307911 0.000842511848892169
8.8 -0.8553922358491918 0.0008421993275654627
8.833333333333334 -0.850701697819701 0.0008432674127885065
8.866666666666667 -0.8244477990471558 0.0008469897108631663
8.9 -0.7783110930630799 0.0008460453314437233
8.933333333333334 -0.7107486415156802 0.0008442160970187906
8.966666666666667 -0.6244971180935543 0.0008355317988447686
9.0 -0.5244679638703207 0.0008212015053444821
9.033333333333333 -0.40629181552669397 0.0007895730910891796
9.066666666666666 -0.28241140752325955 0.0007454468271476111
9.1 -0.14989834148462403 0.0006848618620726166
9.133333333333333 -0.012495097031333455 0.0006102210892673446
9.166666666666666 0.12242638976420221 0.0006705833889411456
9.2 0.2523653259338166 0.0007357715519458741
9.233333333333333 0.37775289869013146 0.000783753516382435
9.266666666666667 0.4927996224966344 0.0008172039472854609
9.3 0.5934909787290032 0.0008387251346472224
9.333333333333334 0.6770124138317908 0.0008502460122821187
9.366666666666667 0.7480058448682041 0.0008526983897065854
9.4 0.7995139867658867 0.0008566928375327576
9.433333333333334 0.8330100672984603 0.0008554844356555291
9.466666666666667 0.8446371334433032 0.0008566780684493569
9.5 0.8371344609987368 0.0008570956356209747
9.533333333333333 0.8084726862797234 0.0008580906770933039
9.566666666666666 0.7599876477668277 0.0008612193739282459
9.6 0.6895235197099078 0.0008590202626249654
9.633333333333333 0.6037525573882131 0.0008433936362748362
9.666666666666666 0.5001907319630932 0.0008217009130921937
9.7 0.38484573074622924 0.0007873832208424303
9.733333333333333 0.25722156092946646 0.0007393051828838426
9.766666666666667 0.12713215646126477 0.0006769715232440854
9.8 -0.009337176944579983 0.0006084414500211743
9.833333333333334 -0.14506498176182975 0.0006821217447043892
9.866666666666667 -0.27097230958017227 0.0007397197642583508
9.9 -0.393776381911015 0.0007827152614987565
9.933333333333334 -0.5054447286051126 0.0008135059644988063
9.966666666666667 -0.6050986511946844 0.000832872442526611
10.0 -0.6878940135074738 0.000839788547182474
10.033333333333333 -0.7545108598447556 0.0008446237325835382
10.066666666666666 -0.8032744123428857 0.0008473116438247885
10.1 -0.8325285387764385 0.0008435590637464463
10.133333333333333 -0.842160295434095 0.0008434461519839509
10.166666666666666 -0.8296772245073012 0.0008445287773535259
10.2 -0.797597632039351 0.0008460631647796424
10.233333333333333 -0.7447589668851573 0.0008455135862431851
10.266666666666667 -0.674181380494749 0.0008435800363734147
10.3 -0.5810512286818136 0.0008311603060879857
10.333333333333334 -0.47654110357363966 0.0008090210409288368
10.366666666666667 -0.3605994850761289 0.0007767229063836423
10.4 -0.23623973937799025 0.0007284864596082685
10.433333333333334 -0.10379401178285746 0.0006615550192887454
10.466666666666667 0.031574663424805145 0.00062171528587774
10.5 0.16597217431866124 0.000695626029746016
10.533333333333333 0.29360562439665633 0.0007524074662890734
10.566666666666666 0.4142028955146768 0.000793390440959385
10.6 0.5198480965325105 0.0008220039805367785
10.633333333333333 0.6123961940615259 0.0008400966537529531
10.666666666666666 0.6945498104146933 0.0008514763526611402
10.7 0.7563623498363445 0.0008546478348335773
10.733333333333333 0.8008003753909969 0.0008551841545383354
10.766666666666667 0.8254730181467241 0.0008564526973011688
10.8 0.830625481546799 0.0008570368916950288
10.833333333333334 0.8161147453413067 0.0008581922514447893
10.866666666666667 0.7808832948448478 0.0008577125400135444
10.9 0.7262780264000838 0.0008559609218159459
10.933333333333334 0.6475839435433809 0.0008489405593383736
10.966666666666667 0.5571457152619799 0.0008342135025898312
11.0 0.45216736133630675 0.0008098543732537045
11.033333333333333 0.3340998485194915 0.0007707035043993948
11.066666666666666 0.20828762136482867 0.0007159459339782237
11.1 0.07610589043515657 0.0006466088898273714
11.133333333333333 -0.057628833033476566 0.0006349127515853092
11.166666666666666 -0.1905177744056764 0.0007062230307446904
11.2 -0.3150919597290844 0.0007556376800138542
11.233333333333333 -0.4285953571563236 0.0007935625963802484
11.266666666666667 -0.5361797204197732 0.0008187469906485445
11.3 -0.6273396113284232 0.0008366950872848999
11.333333333333334 -0.7025992027649123 0.00084199303126542
11.366666666666667 -0.7628300353690307 0.000844824449644066
11.4 -0.8037891573123168 0.0008438873880592945
11.433333333333334 -0.8245713391170103 0.0008441287448717194
11.466666666666667 -0.8263957852757814 0.0008445477729864814
11.5 -0.8069083113384502 0.0008457785070613566
11.533333333333333 -0.7655863306564499 0.0008468204374352251
11.566666666666666 -0.707340766762479 0.0008433762512272125
11.6 -0.6298558667624158 0.0008378875556569465
11.633333333333333 -0.5357906083618788 0.0008196885402937948
11.666666666666666 -0.4272100717663602 0.000796587795181658
11.7 -0.3080755721965142 0.0007544820115537032
11.733333333333333 -0.17854886615321858 0.0006991958787507524
11.766666666666667 -0.04969498656828584 0.0006314459286350244
11.8 0.08329175686194566 0.0006493496871635834
11.833333333333334 0.2139651816333899 0.0007177484344304819
11.866666666666667 0.3380049665537802 0.0007680418598354222
11.9 0.4476367284142115 0.0008033767796956082
11.933333333333334 0.5517898984349954 0.0008298582830268408
11.966666666666667 0.6363201399261698 0.0008438454451388244
12.0 0.7099714087564778 0.0008504107887699064
12.033333333333333 0.7633528553556603 0.0008564861811536373
12.066666666666666 0.800352308995589 0.0008545305664137137
12.1 0.8175609282044698 0.0008583958225339972
12.133333333333333 0.8129566223235563 0.0008577261089415256
12.166666666666666 0.7895267235737683 0.0008561203019952224
12.2 0.7481709039533934 0.0008595917452670632
12.233333333333333 0.6842573705029231 0.00085430061294689
12.266666666666667 0.6028877717740322 0.0008442909005056398
12.3 0.5061438780913347 0.0008242385176139289
12.333333333333334 0.39645911673514517 0.0007951396043032743
12.366666666666667 0.2767000955616195 0.0007467484479118935
12.4 0.14891686154362122 0.0006859525176423631
12.433333333333334 0.01824880056288946 0.0006132676028226189
12.466666666666667 -0.11145878900999878 0.0006635319622276953
12.5 -0.24140411332078082 0.0007265724438434706
12.533333333333333 -0.35968097096740215 0.0007724925721228071
12.566666666666666 -0.46955980174057677 0.0008038875803582646
12.6 -0.5672882721180273 0.0008268284435209994
12.633333333333333 -0.6522574897619661 0.0008389528498048415
12.666666666666666 -0.7194434398712 0.0008425186378738792
12.7 -0.7699778999043839 0.0008440161945665325
12.733333333333333 -0.8021251383715202 0.0008446850336651934
12.766666666666667 -0.8149669382902249 0.0008451212733412428
12.8 -0.8070349272867343 0.0008455945046510482
12.833333333333334 -0.7785216981515902 0.0008461251553267823
12.866666666666667 -0.7304170943508652 0.0008468542549583402
12.9 -0.6625988545508216 0.0008429533352504182
12.933333333333334 -0.5793211701688886 0.0008305479545481775
12.966666666666667 -0.47915668798237615 0.0008107181380945794
13.0 -0.3656482792114301 0.0007754463216732566
13.033333333333333 -0.2461329356139608 0.0007303797076698981
13.066666666666666 -0.11842474387924373 0.0006675691787817045
13.1 0.010675885544286662 0.0006097392882008067
13.133333333333333 0.14345733781041947 0.0006836140140352998
13.166666666666666 0.26643539394667365 0.0007416003341930155
13.2 0.38251945085438294 0.0007844278008352079
13.233333333333333 0.4901890376105604 0.000818963811436757
13.266666666666667 0.584684217154198 0.0008361809644650275
13.3 0.6636210884545135 0.0008487735434751231
13.333333333333334 0.72553253192284 0.0008537607570077155
13.366666666666667 0.7714858833325674 0.000855278225662226
13.4 0.7962675074013038 0.0008575486423105794
13.433333333333334 0.804288238826336 0.0008589698337631013
13.466666666666667 0.7926305718279145 0.0008602114451955467
13.5 0.7597494985970143 0.0008582899608973182
13.533333333333333 0.7062710806598768 0.0008542247877229014
13.566666666666666 0.63603624756553 0.0008476443968731262
13.6 0.5501879288630985 0.0008358128459342584
13.633333333333333 0.4460541058382153 0.0008077063770982607
13.666666666666666 0.33617202167074606 0.0007732938016314916
13.7 0.21143964761659137 0.0007164360744578435
13.733333333333333 0.08323248363006305 0.0006510728003903954
13.766666666666667 -0.04596942939478024 0.0006297496542633368
13.8 -0.17279838131482028 0.0006952920487710845
13.833333333333334 -0.295526675232387 0.0007489259902834222
13.866666666666667 -0.40705980306122 0.0007893073721734756
13.9 -0.5116241472311891 0.0008132528320385912
13.933333333333334 -0.600872146853094 0.0008315039508814959
13.966666666666667 -0.676719005041386 0.0008395900331562567
14.0 -0.7359427404039539 0.0008427153067952498
14.033333333333333 -0.7768760026272994 0.0008439467011057689
14.066666666666666 -0.7988717935020045 0.000845659975118429
14.1 -0.8015963593647758 0.0008463571870251929
14.133333333333333 -0.7838846338742889 0.0008464738812422601
14.166666666666666 -0.7449338199731267 0.0008467832690677302
14.2 -0.6880540661118913 0.0008433990030258798
14.233333333333333 -0.6129326022704432 0.0008372228939312887
14.266666666666667 -0.522333493402966 0.0008189522524405524
14.3 -0.41603217196981257 0.0007924334231366181
14.333333333333334 -0.30185452711416977 0.0007545694490243005
14.366666666666667 -0.1796288373309696 0.0007001085718013333
14.4 -0.0524297439678649 0.0006336591331062708
14.433333333333334 0.07424479899426312 0.0006447793248674505
14.466666666666667 0.20241522300180462 0.0007122285895931335
14.5 0.32365675157396767 0.0007610717284214918
14.533333333333333 0.4323181876971929 0.0008023075049142236
14.566666666666666 0.5306032128940675 0.0008282109559524242
14.6 0.6175305100931766 0.0008418102876494027
14.633333333333333 0.6881238953247966 0.0008522970334267077
14.666666666666666 0.7386348119299798 0.0008562214551227632
14.7 0.7742903669847233 0.0008560287049149684
14.733333333333333 0.7904788804171476 0.0008573838348645557
14.766666666666667 0.7883768086969339 0.0008583071054925062
14.8 0.7661718555848137 0.0008576673679850932
14.833333333333334 0.7233016657866717 0.0008568021519562707
14.866666666666667 0.6624819365226399 0.000852025155170133
14.9 0.5839478103215042 0.0008398371897583301
14.933333333333334 0.4886776695188891 0.0008186699294312483
14.966666666666667 0.38298904713439996 0.0007879377740112603
15.0 0.2648913780845538 0.0007431490304061206
15.033333333333333 0.14266769603858226 0.0006835595019573648
15.066666666666666 0.014842173804711315 0.0006126997709072195
15.1 -0.10972935414688051 0.0006651628943783183
15.133333333333333 -0.23556670254427337 0.0007238609259531681
15.166666666666666 -0.3508922169052258 0.0007705875671513707
15.2 -0.4571193002299268 0.0008016296919125532
15.233333333333333 -0.5541040642049992 0.0008245080517804704
15.266666666666667 -0.6355006952350578 0.00083559548914236
15.3 -0.7005069416689474 0.0008426838443958973
15.333333333333334 -0.7483968074599593 0.0008439960025247162
15.366666666666667 -0.7798895843907808 0.0008444892919385882
15.4 -0.7904284970270795 0.0008452677313893764
15.433333333333334 -0.7819443982376847 0.0008457683358197299
15.466666666666667 -0.7534134855453551 0.0008461114208051512
15.5 -0.7054143959740321 0.0008440330062946533
15.533333333333333 -0.6380878966202664 0.0008390765248758036
15.566666666666666 -0.5548977614440389 0.0008253793578628654
15.6 -0.4580909314597585 0.0008043297786308745
15.633333333333333 -0.34911480491629787 0.0007714580937326909
15.666666666666666 -0.2311028670553599 0.0007231175466551609
15.7 -0.10463544742315523 0.0006638547805966344
15.733333333333333 0.018825241295629885 0.0006140275852231022
15.766666666666667 0.14356337664939517 0.0006832483388061195
15.8 0.26515202802096643 0.0007425802370788492
15.833333333333334 0.3784315522703896 0.0007832102852136646
15.866666666666667 0.4824533418805537 0.0008146933322397687
15.9 0.5720184831941574 0.0008327355536054126
15.933333333333334 0.6504303523770609 0.0008469192171326467
15.966666666666667 0.7084283517295116 0.0008520055410585758
16.0 0.7485709901048543 0.0008545146954606064
16.033333333333335 0.7743965805716824 0.0008569891071992242
16.066666666666666 0.7790320507271694 0.0008565893292125093
16.1 0.7654812994073595 0.0008592616056559699
16.133333333333333 0.7326870862854399 0.0008585179954391231
16.166666666666668 0.6779054566129133 0.0008519323008914226
16.2 0.6071707993616627 0.0008437046858753572
16.233333333333334 0.5219233943016346 0.0008268106535835873
16.266666666666666 0.4219833042263666 0.0008020588659300443
16.3 0.31102826049645976 0.000762002628143299
16.333333333333332 0.19155574772941128 0.0007092695585033393
16.366666666666667 0.06585621413697211 0.0006404296256086878
16.4 -0.058983787166390175 0.0006374182119430818
16.433333333333334 -0.1798106021835577 0.0006979315969080357
16.466666666666665 -0.29716566574170067 0.0007499359985300158
16.5 -0.4093134378300786 0.0007877441479876568
16.533333333333335 -0.5080565566527259 0.0008143808244676087
16.566666666666666 -0.5936051483024234 0.0008296440291458707
16.6 -0.665470354284795 0.0008394958369697392
16.633333333333333 -0.7200440797010778 0.0008445532098149133
16.666666666666668 -0.7569097251982978 0.0008455004542916589
16.7 -0.776237709344082 0.000845230789838558
16.733333333333334 -0.7757517086475859 0.0008456610770124495
16.766666666666666 -0.755761338365656 0.0008458201603451787
16.8 -0.7140651322714007 0.0008459274808765294
16.833333333333332 -0.6570044965219981 0.0008418859814530721
16.866666666666667 -0.5814166891812372 0.0008295823796575785
16.9 -0.4910052329820138 0.0008128029404139703
16.933333333333334 -0.38731965444196953 0.0007839784187183563
16.966666666666665 -0.27269856933347997 0.0007421147770071412
17.0 -0.1539683694625831 0.0006868747007591214
17.033333333333335 -0.02783192211685291 0.000619192697556073
17.066666666666666 0.09393955768016152 0.000656472528273791
17.1 0.21528673505963172 0.0007160194651286977
17.133333333333333 0.331417653276754 0.0007683902418921806
17.166666666666668 0.4383011100637232 0.0008023880852114362
17.2 0.5318524040896517 0.0008273151047363259
17.233333333333334 0.6132344644263702 0.0008411650620984146
17.266666666666666 0.6766067739533054 0.0008478043061449503
17.3 0.7265602587314772 0.0008530319139187226
17.333333333333332 0.7550246137040262 0.0008554942421801215
17.366666666666667 0.7682647172554882 0.0008576792129129096
17.4 0.7612128152419415 0.0008573379000018644
17.433333333333334 0.7354833028569826 0.0008568466835409128
17.466666666666665 0.6902997453636048 0.0008541521968374877
17.5 0.6251366468890237 0.0008461225342977219
17.533333333333335 0.5458636859699304 0.0008319569020751594
17.566666666666666 0.45290197729970616 0.0008078893453106195
17.6 0.34563469515905015 0.0007757895663509373
17.633333333333333 0.2331943535569108 0.0007274921754973074
17.666666666666668 0.10997230892486726 0.0006659165457799099
17.7 -0.01268366451498471 0.000610215822723784
17.733333333333334 -0.13404833290833124 0.0006758795066598988
17.766666666666666 -0.2501574393392751 0.0007304329690611677
17.8 -0.36470436529344574 0.000771698231620932
17.833333333333332 -0.4668028453937445 0.0008042820907693815
17.866666666666667 -0.5565629168684879 0.0008250207045488178
17.9 -0.6333199768415719 0.0008360452446669608
17.933333333333334 -0.6916395672491992 0.0008417716923831975
17.966666666666665 -0.7339988403769098 0.0008435431423666762
18.0 -0.7599618701505846 0.0008455102045045182
18.033333333333335 -0.7661906975121329 0.0008463211772652413
18.066666666666666 -0.7528250123056631 0.000846204939293993
18.1 -0.7217071543188994 0.0008454639935769892
18.133333333333333 -0.6686985889054343 0.0008426271446164701
18.166666666666668 -0.6009292727395739 0.0008327095265152629
18.2 -0.5153261377677361 0.0008194193931996274
18.233333333333334 -0.41657604107426494 0.0007920570561126827
18.266666666666666 -0.30755759671824173 0.0007555560673997985
18.3 -0.19191261657942907 0.0007068397236179302
18.333333333333332 -0.06989555099456864 0.0006435720901876163
18.366666666666667 0.05170046855238392 0.0006344592914699146
18.4 0.17205608094476046 0.0006965748889181111
18.433333333333334 0.28641103509671734 0.0007479025381132431
18.466666666666665 0.3959089759217398 0.0007885349636134187
18.5 0.49339457022968863 0.0008165259609440034
18.533333333333335 0.5786577367938724 0.0008347155750795254
18.566666666666666 0.6472198972965972 0.000847003620410125
18.6 0.7005448677459187 0.0008515822212361579
18.633333333333333 0.7370928441212073 0.0008561601369899696
18.666666666666668 0.7547761983354537 0.0008561611394749535
18.7 0.7542538722355551 0.0008564361805598608
18.733333333333334 0.7348746878762513 0.0008564453826728213
18.766666666666666 0.6975125234029496 0.0008545692138294259
18.8 0.6412363117847781 0.0008493537090928927
18.833333333333332 0.5670070996016494 0.0008371939400672046
18.866666666666667 0.47710021974120903 0.0008178431428300104
18.9 0.3771051626217983 0.0007876949707101288
18.933333333333334 0.2666095357347565 0.0007415875608202116
18.966666666666665 0.14716940208559656 0.0006857737749887127
19.0 0.025734605845523326 0.0006191235694118051
19.033333333333335 -0.09216557785679004 0.0006558488378475835
19.066666666666666 -0.2126777644322874 0.0007154636134035497
19.1 -0.3239645433779088 0.000759516145586725
19.133333333333333 -0.4272048747171585 0.0007941874020500617
19.166666666666668 -0.522521040849345 0.0008184136309209444
19.2 -0.600101862637957 0.0008311992580894989
19.233333333333334 -0.6636903466376338 0.0008403182811371757
19.266666666666666 -0.7122139210225082 0.0008427375702455553
19.3 -0.7437323069248103 0.0008458857151933952
19.333333333333332 -0.7550714816755448 0.0008476873731857459
19.366666666666667 -0.7483279618022721 0.0008469136762686569
19.4 -0.7227696433328697 0.000844933429811956
19.433333333333334 -0.6770610671638474 0.000843811298810726
19.466666666666665 -0.613579443023371 0.000835447478360174
19.5 -0.533273676292999 0.0008229838296373027
19.533333333333335 -0.4405202956739489 0.0007999121196745063
19.566666666666666 -0.3363692463487576 0.0007670016018845316
19.6 -0.2244303452474306 0.0007215612420301276
19.633333333333333 -0.10334806235138681 0.0006622909311807396
19.666666666666668 0.015050575089906967 0.000612791633247841
19.7 0.13426597329696113 0.00067837620220082
19.733333333333334 0.24823986870959272 0.0007344406070942666
19.766666666666666 0.35891661028527844 0.0007778396665174547
19.8 0.4594456042876999 0.0008078707721596579
19.833333333333332 0.5475818779732164 0.0008302914909955605
19.866666666666667 0.6194748093262248 0.0008419691689267594
19.9 0.6770678714285739 0.000849266411632188
19.933333333333334 0.718440279439519 0.0008528423897488091
19.966666666666665 0.7410040150144347 0.0008558413088116668
20.0 0.7447703180717559 0.0008556154274425021
20.033333333333335 0.7311058620801153 0.0008555990762323384
20.066666666666666 0.6989836660469969 0.0008546416167131143
20.1 0.6490806853436341 0.0008497802847206026
20.133333333333333 0.5817020835267844 0.0008400479521638582
20.166666666666668 0.49509439155523816 0.0008212073013970089
20.2 0.3986600351801312 0.000794220910346477
20.233333333333334 0.2925825632776997 0.0007568458992359695
20.266666666666666 0.17641524992326166 0.0007003958111976571
20.3 0.06003955339283031 0.000639438844373029
20.333333333333332 -0.06026396305346172 0.000636733973978211
20.366666666666667 -0.1775578764418653 0.0006974685276096293
20.4 -0.29158854592853023 0.0007486972666276293
20.433333333333334 -0.396707779224977 0.0007847392342531512
20.466666666666665 -0.49145654461721755 0.0008089191041630861
20.5 -0.5732601921862097 0.0008268908326687363
20.533333333333335 -0.6393106902066878 0.000836066362337351
20.566666666666666 -0.6906968252331314 0.0008409587346671632
20.6 -0.725654029730556 0.0008441007841837322
20.633333333333333 -0.7422296062774613 0.0008461860598499849
20.666666666666668 -0.7410446895804342 0.0008457575233746795
20.7 -0.7195575594383694 0.0008455926941218772
20.733333333333334 -0.6802383167614617 0.0008440118893541237
20.766666666666666 -0.6223754827669351 0.0008365577703182137
20.8 -0.5490631207663612 0.0008248571141793448
20.833333333333332 -0.4600781036270826 0.0008049206696513211
20.866666666666667 -0.35938866457427937 0.0007749105093287079
20.9 -0.2504299213403182 0.0007335254516008805
20.933333333333334 -0.13309149292679076 0.0006790165888969635
20.966666666666665 -0.015179894249926877 0.0006130893377813973
21.0 0.10038399678505282 0.0006615650397104184
21.033333333333335 0.2173480398610916 0.0007192313452891452
21.066666666666666 0.32824788396959814 0.0007653245460300662
21.1 0.4290793184647954 0.0007978805083564966
21.133333333333333 0.5173989903843906 0.0008211974404107591
21.166666666666668 0.5936415440009816 0.0008370023288759576
21.2 0.6557415113130434 0.0008465664209651447
21.233333333333334 0.6992972169341791 0.0008514763098479428
21.266666666666666 0.723728302274466 0.0008554311836260764
21.3 0.7340321587078217 0.0008551543334985867
21.333333333333332 0.7255416300139197 0.0008554561639695368
21.366666666666667 0.6983607466490054 0.0008558117089583206
21.4 0.6508596929138741 0.0008499503458861968
21.433333333333334 0.5885127100378262 0.0008415560852096382
21.466666666666665 0.5094912381654333 0.0008255008520596796
21.5 0.41564522352221794 0.00079953929691845
21.533333333333335 0.310897119687704 0.0007630835731574637
21.566666666666666 0.20329608674340716 0.0007150174051612501
21.6 0.08566215588666255 0.000652718530445906
21.633333333333333 -0.03231149902022444 0.0006229252159716814
21.666666666666668 -0.14914776132671 0.0006834149023301483
21.7 -0.2606900737151115 0.0007353549790979352
21.733333333333334 -0.3661064263483536 0.0007744828199452436
21.766666666666666 -0.46159678007905725 0.0008027567164787253
21.8 -0.5459913483719758 0.0008216237691738293
21.833333333333332 -0.6182657458249805 0.0008357067934702256
21.866666666666667 -0.6707180570051503 0.0008390071637742746
21.9 -0.7096279154356089 0.0008431071542857049
21.933333333333334 -0.7290731895866198 0.0008451404957628972
21.966666666666665 -0.7313200526997232 0.0008455485311366084
22.0 -0.715481841019411 0.0008449554136154003
22.033333333333335 -0.6802785412968947 0.0008436878050633867
22.066666666666666 -0.6279940393769443 0.0008374734601844791
22.1 -0.5590387819793384 0.0008271468174909646
22.133333333333333 -0.47447025858565345 0.0008086808165469472
22.166666666666668 -0.37634777248376305 0.0007792723438775906
22.2 -0.2698251035452098 0.0007426587550770081
22.233333333333334 -0.15580347564438732 0.0006901612848732308
22.266666666666666 -0.040964557735527034 0.0006273930149996929
22.3 0.07809709875205485 0.000647725897015769
22.333333333333332 0.19181265315978277 0.0007097980685721039
22.366666666666667 0.30257704114010203 0.0007565523238245442
22.4 0.4042363896936986 0.0007946188463687776
22.433333333333334 0.49125818367279867 0.0008165865001230621
22.466666666666665 0.57147136856484 0.0008331403146931704
22.5 0.6335704417176019 0.0008444016107024277
22.533333333333335 0.6807661579265871 0.0008506213143985031
22.566666666666666 0.7116143182580307 0.0008530236207434649
22.6 0.7235455327236634 0.000855511420284949
22.633333333333333 0.7179176671914664 0.0008545881368682284
22.666666666666668 0.694734638858631 0.0008532786535433434
22.7 0.6532630173099969 0.0008493690892332761
22.733333333333334 0.5945631853842956 0.0008420903859577278
22.766666666666666 0.5212753675488236 0.0008270876390251702
22.8 0.4291990021826794 0.000802895758347244
22.833333333333332 0.33058039871495337 0.0007706522800961513
22.866666666666667 0.22230795148930216 0.0007230751082953346
22.9 0.10616764105885135 0.0006639409845515393
22.933333333333334 -0.009878283920150938 0.0006085494643699677
22.966666666666665 -0.12510079083312672 0.0006713266639885862
23.0 -0.23754528810609238 0.0007260000530958377
23.033333333333335 -0.34138126556464987 0.000767272574334954
23.066666666666666 -0.437319047794247 0.0007955031914024802
23.1 -0.5244297112496397 0.0008180553135581636
23.133333333333333 -0.5951034535833855 0.0008308416958754394
23.166666666666668 -0.6537151516939426 0.0008383983384430138
23.2 -0.6930226157167413 0.0008432655489755136
23.233333333333334 -0.7168247456098137 0.0008439674346044646
23.266666666666666 -0.7218299035967848 0.0008447474516594111
23.3 -0.7090003413760786 0.000844371485146489
23.333333333333332 -0.6782328259170438 0.0008421621340591878
23.366666666666667 -0.629350645239305 0.0008366324668520608
23.4 -0.5634760534746793 0.0008270032293818952
23.433333333333334 -0.484137295923738 0.0008104980851437182
23.466666666666665 -0.38829151057917977 0.0007835997548816809
23.5 -0.2840586953870727 0.0007453011427660527
23.533333333333335 -0.17522657972752484 0.0006980570909998485
23.566666666666666 -0.058693111095423744 0.0006374852183288968
23.6 0.05665079897794415 0.0006369703220632864
23.633333333333333 0.16907426606247503 0.0006950850534225561
23.666666666666668 0.2790984358589216 0.0007448729437501966
23.7 0.3807897113478078 0.0007839092394539282
23.733333333333334 0.4700402875609519 0.0008107378628230411
23.766666666666666 0.5489870491559279 0.0008303689563718963
23.8 0.613869724159874 0.0008414097244316965
23.833333333333332 0.66558114382245 0.0008486767023798691
23.866666666666667 0.6969577862563963 0.0008509169201353917
23.9 0.7115494979397765 0.0008531213138418536
23.933333333333334 0.7097116681206289 0.0008537214826132011
23.966666666666665 0.6898933595436885 0.0008525920359290229
24.0 0.6520056289145153 0.000849746268223539
24.033333333333335 0.5962528763804518 0.0008398903659514456
24.066666666666666 0.5245085631776177 0.0008269325600249733
24.1 0.4403077650203916 0.0008072122202427701
24.133333333333333 0.33973814048621204 0.000773468531399979
24.166666666666668 0.23374789797935097 0.0007294615811239968
24.2 0.12098970075035088 0.0006733630563052068
24.233333333333334 0.00796997900430092 0.000608264480861858
24.266666666666666 -0.10614992949695412 0.0006626335360603169
24.3 -0.2184350388248427 0.0007164384410303648
24.333333333333332 -0.3232571276401481 0.0007594491519021807
24.366666666666667 -0.4181596269019147 0.0007906504289397764
24.4 -0.5047541042555751 0.0008130627047777672
24.433333333333334 -0.5757183097906053 0.0008263983536710429
24.466666666666665 -0.6358081483649902 0.0008354924485763915
24.5 -0.6798867986050261 0.0008408459113514732
24.533333333333335 -0.7040058723538162 0.000843080771155913
24.566666666666666 -0.7115463071085424 0.0008443496036467657
24.6 -0.7017030468288742 0.0008444846065930323
24.633333333333333 -0.6738827663803523 0.0008415675291271185
24.666666666666668 -0.6275226876706486 0.0008373662483877053
24.7 -0.5643782784319199 0.0008271839153700666
24.733333333333334 -0.4892219660100936 0.0008125387328973277
24.766666666666666 -0.3988125338349772 0.0007877660320742552
24.8 -0.2953601731288542 0.0007502716585749414
24.833333333333332 -0.18563372406670897 0.0007047960947888787
24.866666666666667 -0.07193146637775652 0.0006450578059457174
24.9 0.04174565749124774 0.0006261544174135797
24.933333333333334 0.15054403556849744 0.0006873040952953824
24.966666666666665 0.260774221654037 0.0007381906083285261
25.0 0.36157337860652555 0.0007797063008854188
25.033333333333335 0.4518471219384062 0.0008057427671425699
25.066666666666666 0.5322840191147472 0.0008260176744669945
25.1 0.5985576199741893 0.0008373149559727233
25.133333333333333 0.6499638143214775 0.0008461082626949334
25.166666666666668 0.6837077616310026 0.0008501263806212078
25.2 0.700528003849415 0.0008535477431502736
25.233333333333334 0.7001986707846827 0.0008538891136254945
25.266666666666666 0.6821988891100138 0.0008520444552586603
25.3 0.6469582929203602 0.0008490144041117809
25.333333333333332 0.5942836259009568 0.0008407275906545664
25.366666666666667 0.5255405211081312 0.0008292330860459884
25.4 0.44465871346887087 0.0008074715544590383
25.433333333333334 0.3490069731933628 0.0007778044053218802
25.466666666666665 0.24420333903837607 0.0007299844946396794
25.5 0.13386866906347342 0.000679327127249385
25.533333333333335 0.018998738300689107 0.0006148188235457486
25.566666666666666 -0.09455660608336489 0.0006562629398853687
25.6 -0.20165955535931743 0.0007084154486077243
25.633333333333333 -0.30546567266845776 0.000755381927613763
25.666666666666668 -0.4007441216670893 0.0007858650848828752
25.7 -0.48740595579936313 0.0008087996126645569
25.733333333333334 -0.5619980785262204 0.0008244058297860457
25.766666666666666 -0.6211667828308697 0.0008333739608147317
25.8 -0.6651632708173667 0.0008409278016656696
25.833333333333332 -0.6923766473187107 0.0008422330945547785
25.866666666666667 -0.7016877678341281 0.0008433058307311114
25.9 -0.6931388827685416 0.0008435488914355638
25.933333333333334 -0.6669330528652531 0.0008422392974340998
25.966666666666665 -0.6241022391283187 0.0008371160241185116
26.0 -0.5643746046600429 0.0008286072975897119
26.033333333333335 -0.48977633806959914 0.0008114700006076059
26.066666666666666 -0.40264390023300395 0.0007881077593011598
26.1 -0.3036897176811144 0.0007541315564185691
26.133333333333333 -0.19382180049596648 0.0007078655544769108
26.166666666666668 -0.08238413395813791 0.0006518033536487833
26.2 0.029275049021151998 0.0006202135373590094
26.233333333333334 0.14179452345909732 0.0006828801490454672
26.266666666666666 0.24826487167694192 0.0007324512263959804
26.3 0.34825664575995585 0.0007705480305172929
26.333333333333332 0.43767670051348745 0.0008025887942926802
26.366666666666667 0.517752919920497 0.0008224894768271707
26.4 0.5846913270762482 0.0008370446907167706
26.433333333333334 0.6360188342732892 0.0008443483005018404
26.466666666666665 0.6716579573671941 0.0008487105932406536
26.5 0.6894727061067513 0.0008519864380962527
26.533333333333335 0.6913858513550375 0.0008536363805239366
26.566666666666666 0.6756456519760885 0.0008517152619695878
26.6 0.6423336936944792 0.0008469102374740745
26.633333333333333 0.591840434639253 0.0008410867040796743
26.666666666666668 0.5251799148490236 0.0008283728610072316
26.7 0.44530053272044035 0.0008077795041943059
26.733333333333334 0.35286438779372215 0.0007781739913648722
26.766666666666666 0.24992559091726943 0.0007354503573704652
26.8 0.1416870074489364 0.0006825126302546503
26.833333333333332 0.028327210060515372 0.0006205918740376515
26.866666666666667 -0.08151378869024772 0.0006490711792265652
26.9 -0.19148849274326876 0.0007063686994028262
26.933333333333334 -0.2941643881849471 0.0007492765924608791
26.966666666666665 -0.3915407768614516 0.0007830263368131529
27.0 -0.47517742371095 0.0008072719956883634
27.033333333333335 -0.5488474281378614 0.0008235937980387575
27.066666666666666 -0.6090273720624305 0.0008327306077691166
27.1 -0.6532157344991415 0.0008385028016286711
27.133333333333333 -0.6818797602609584 0.0008415800075378677
27.166666666666668 -0.6928924880582942 0.0008429081841737629
27.2 -0.6853417338137103 0.0008429958021132222
27.233333333333334 -0.6602837758728686 0.0008415710652318609
27.266666666666666 -0.6186998500023522 0.0008357847959329368
27.3 -0.5591326651710307 0.0008270798384336642
27.333333333333332 -0.4865986989887633 0.0008122220944750125
27.366666666666667 -0.40020260469000385 0.0007905517529367967
27.4 -0.3051333039144954 0.0007541736759228979
27.433333333333334 -0.2000028242629709 0.0007095595610878136
27.466666666666665 -0.09203498703468907 0.0006566850456933004
27.5 0.022720699833218415 0.0006172511946420101
27.533333333333335 0.1312854057443801 0.0006776641999411415
27.566666666666666 0.23858246614177078 0.0007278748194354534
27.6 0.3392645896036558 0.0007685503769543356
27.633333333333333 0.4283007288890881 0.0007982174259634767
27.666666666666668 0.5066015175455386 0.0008202798329361993
27.7 0.5731348184726016 0.0008358722576238264
27.733333333333334 0.6247105631466278 0.0008420716378205739
27.766666666666666 0.6605472275487355 0.0008493728541353329
27.8 0.6799246250013983 0.000851898457714273
27.833333333333332 0.6821072673419222 0.0008516889042601283
27.866666666666667 0.6675016938797916 0.0008499023422574581
27.9 0.6338200164564998 0.0008476196320279517
27.933333333333334 0.5841389101601346 0.000840700888625312
27.966666666666665 0.5197164542568707 0.000829418121054637
28.0 0.44225962633128396 0.000807582671235263
28.033333333333335 0.3511326420466051 0.00077559134265065
28.066666666666666 0.25203900286989095 0.0007376851023802589
28.1 0.14667454819631306 0.0006872265151001977
28.133333333333333 0.03212174636228832 0.0006239606861510316
28.166666666666668 -0.07544680881847746 0.0006481169801846737
28.2 -0.18362677940957642 0.000701532060119997
28.233333333333334 -0.28683171307697386 0.0007472110949601207
28.266666666666666 -0.38124328591395523 0.000779677408568602
28.3 -0.46522577582624 0.0008043776125172264
28.333333333333332 -0.538721440490363 0.0008201764314383908
28.366666666666667 -0.5975304906798536 0.0008307603203464575
28.4 -0.6429909372150888 0.0008370151156732453
28.433333333333334 -0.670987150505604 0.0008420374002180431
28.466666666666665 -0.6822755818710183 0.0008429593370072874
28.5 -0.6757057515373245 0.0008423636093759512
28.533333333333335 -0.651550279208124 0.0008404106329790162
28.566666666666666 -0.6100558797952389 0.0008349633355484443
28.6 -0.5535592064486091 0.0008265939993089555
28.633333333333333 -0.48363765617104354 0.0008103652334774947
28.666666666666668 -0.3988901947056379 0.0007885441594057685
28.7 -0.3035032384032965 0.0007571535752599057
28.733333333333334 -0.2008110133150264 0.000709440422960339
28.766666666666666 -0.09471671954491225 0.0006574614069999596
28.8 0.017485571215066255 0.000612196766393458
28.833333333333332 0.12969818303929972 0.0006753363222289643
28.866666666666667 0.23311707699445355 0.0007270314445569082
28.9 0.3308791574709412 0.0007654908497666812
28.933333333333334 0.42016492633778285 0.0007950291006005861
28.966666666666665 0.49727588164952036 0.0008182081114785356
29.0 0.5640921965805088 0.0008339755105695179
29.033333333333335 0.6151453399437974 0.0008435721837773968
29.066666666666666 0.6505438278348206 0.0008465842689852066
29.1 0.6698706507391505 0.0008505031114821593
29.133333333333333 0.6716518672536688 0.0008501930746023234
29.166666666666668 0.657822722295726 0.0008499817971612256
29.2 0.6247183811752968 0.0008464602114731656
29.233333333333334 0.5781346579473688 0.0008384906173866113
29.266666666666666 0.513471527447987 0.000824516558045274
29.3 0.4364093041764047 0.000805724950792952
29.333333333333332 0.3479399867763096 0.000779073648124462
29.366666666666667 0.2529133997183795 0.0007369184327548628
29.4 0.1440721643820943 0.0006850670008575477
29.433333333333334 0.038157268428124766 0.0006249631389333571
29.466666666666665 -0.07381208275719668 0.0006454970557902423
29.5 -0.18058096633738072 0.0007000981586932631
29.533333333333335 -0.2803927170747433 0.0007426819610863444
29.566666666666666 -0.3752664291919176 0.0007760989942917074
29.6 -0.4583443709350656 0.0007998928245462333
29.633333333333333 -0.5304329432923846 0.0008185927264623416
29.666666666666668 -0.5889169744872785 0.0008301770410352738
29.7 -0.633488230276509 0.0008366302272880821
29.733333333333334 -0.6606240114972555 0.0008398507732839677
29.766666666666666 -0.6723005662386075 0.0008415778844229616
29.8 -0.6664050894708097 0.0008416974377947195
29.833333333333332 -0.6418900026040281 0.0008387054687490902
29.866666666666667 -0.6021737970975622 0.0008340690660191274
29.9 -0.5463374065958104 0.0008259849170265676
29.933333333333334 -0.47453801951549746 0.000807310968039654
29.966666666666665 -0.3923209338101163 0.0007859094672670319
30.0 -0.2971158404469868 0.0007531415303504985
30.033333333333335 -0.19638128125469656 0.0007094707673925282
30.066666666666666 -0.09153301678897299 0.0006556170272958711
30.1 0.016007587304575667 0.0006122427910670337
30.133333333333333 0.12403489726626907 0.0006718337438886557
30.166666666666668 0.2328270360357327 0.0007247827869837353
30.2 0.3282967329681038 0.0007655347584100691
30.233333333333334 0.4150067759445319 0.0007941289100127924
30.266666666666666 0.49083316857799825 0.0008160962955393591
30.3 0.5565467495190255 0.0008290972046338663
30.333333333333332 0.6068601391660611 0.0008411843752192949
30.366666666666667 0.6419379705390623 0.0008468742906950766
30.4 0.660627744681957 0.0008490702350345547
30.433333333333334 0.6626685873233833 0.0008492522920651169
30.466666666666665 0.6477449314706757 0.0008481179240583669
30.5 0.6169027241275886 0.0008437650037734779
30.533333333333335 0.5672931229574038 0.0008344876661509071
30.566666666666666 0.5060846355702013 0.0008231524653621314
30.6 0.428904020069943 0.0008028055440051363
30.633333333333333 0.3412966981723222 0.0007715834339235284
30.666666666666668 0.24397788824180794 0.0007325556299563885
30.7 0.14259823866050297 0.0006837247637473398
30.733333333333334 0.03304719267072165 0.000623462731542776
30.766666666666666 -0.07218651043087244 0.0006447452565836176
30.8 -0.17986129602350237 0.0006997912386337013
30.833333333333332 -0.2799854977749248 0.000743613463017434
30.866666666666667 -0.37251368021839387 0.0007767905134760666
30.9 -0.4536995991145373 0.0008002591089913413
30.933333333333334 -0.5244642236041732 0.0008175916835614361
30.966666666666665 -0.5821331854624608 0.0008292702292792553
31.0 -0.6259131899368903 0.0008346638097279646
31.033333333333335 -0.6535579776908587 0.00083993478979838
31.066666666666666 -0.6637258354904277 0.0008408965663417867
31.1 -0.6573505721139453 0.000841062704652451
31.133333333333333 -0.6333565937662534 0.0008382236889575845
31.166666666666668 -0.5932885763436889 0.0008301829335100042
31.2 -0.5380757925791294 0.0008218051066318788
31.233333333333334 -0.46658352162215216 0.0008067641403615156
31.266666666666666 -0.3852588515738938 0.0007842560316290159
31.3 -0.29181822667340235 0.0007501277630306835
31.333333333333332 -0.19113089636209915 0.0007066344940430125
31.366666666666667 -0.08601801563990949 0.0006537522641047594
31.4 0.020185895134647976 0.0006161053656632068
31.433333333333334 0.12511061780865684 0.0006731223352663407
31.466666666666665 0.23020806213883066 0.0007258881230161884
31.5 0.32608517147854904 0.0007621790062421474
31.533333333333335 0.413751498008929 0.0007953441366531644
31.566666666666666 0.4889672780157241 0.0008154043472057837
31.6 0.5521067814779628 0.000829991522593998
31.633333333333333 0.601194325260708 0.0008375267299394196
31.666666666666668 0.6338251508830025 0.000844110331937098
31.7 0.652585238521176 0.0008479668968570664
31.733333333333334 0.6541484541337497 0.0008494035166586311
31.766666666666666 0.6393807010504887 0.0008471019999346519
31.8 0.6067615203741691 0.0008417509674597534
31.833333333333332 0.5576095893130806 0.0008345799836293466
31.866666666666667 0.4946921835380295 0.000816841011466396
31.9 0.4196499988205253 0.00079880476347155
31.933333333333334 0.3320322997305176 0.0007695633097568044
31.966666666666665 0.23677837864643342 0.0007294703345282483
32.0 0.13337096306826954 0.0006779984834330288
32.03333333333333 0.02554361544923604 0.0006180913360277172
32.06666666666667 -0.07750240318629367 0.00064789141587486
32.1 -0.18038486062482237 0.0006995757884008802
32.13333333333333 -0.2790669652429886 0.0007425332742946322
32.166666666666664 -0.3723839264798985 0.0007767782883892349
32.2 -0.45312835186271117 0.0008002973709619887
32.233333333333334 -0.5240601731949934 0.0008176790792733257
32.266666666666666 -0.5771812111556912 0.0008280005924896638
32.3 -0.619068452233959 0.0008341914059993849
32.333333333333336 -0.6455954344313976 0.0008380790283214479
32.36666666666667 -0.6551807474556129 0.0008400849641584385
32.4 -0.6468910683441698 0.0008393508423217844
32.43333333333333 -0.6230398620073657 0.0008378651932261505
32.46666666666667 -0.5822409194009118 0.0008306965333497729
32.5 -0.5252677841290109 0.0008207153962176417
32.53333333333333 -0.45543808670930164 0.0008042542655280482
32.56666666666667 -0.37234293725323103 0.0007786118845468093
32.6 -0.28088331168908653 0.0007448447483555665
32.63333333333333 -0.18023655315819262 0.0007008465432094546
32.666666666666664 -0.07636564921916322 0.0006457141752973933
32.7 0.027426557636895676 0.0006197146233449663
32.733333333333334 0.13103034365491015 0.0006768533741095539
32.766666666666666 0.2331356573873818 0.0007279862991184383
32.8 0.3286203879869011 0.0007632427842399481
32.833333333333336 0.41211859230344045 0.0007924730620569309
32.86666666666667 0.48663593684104234 0.0008145448854995907
32.9 0.5479523859927886 0.0008301783243115368
32.93333333333333 0.5945707049702889 0.0008391345831724184
32.96666666666667 0.6276948107129183 0.0008435475862456077
33.0 0.6427152236796772 0.0008476439909542721
33.03333333333333 0.6433374218454103 0.0008476677705283597
33.06666666666667 0.6274016833912037 0.000846019539279097
33.1 0.594864188220827 0.0008415566748476433
33.13333333333333 0.545483676346807 0.000832356799115086
33.166666666666664 0.4822944143596577 0.0008181086052183595
33.2 0.40693591380467387 0.0007954789353544767
33.233333333333334 0.31726671372993015 0.0007622300924711167
33.266666666666666 0.2257737870076168 0.0007240954918577014
33.3 0.12183271250571096 0.0006705152284609134
33.333333333333336 0.018235996955470284 0.0006133938106277284
33.36666666666667 -0.08434008809424995 0.0006516316841706504
33.4 -0.18601106322105893 0.0007018390159721777
33.43333333333333 -0.2831023624615439 0.0007421657341215027
33.46666666666667 -0.37422332365325783 0.0007782680171609657
33.5 -0.4547589078695419 0.0008033316415211877
33.53333333333333 -0.5215417761571375 0.0008171335558788684
33.56666666666667 -0.5740605988488905 0.0008285974448177802
33.6 -0.6139449581999694 0.0008341657879999964
33.63333333333333 -0.6375054435454001 0.0008377888553807722
33.666666666666664 -0.645143146921966 0.0008389769654788548
33.7 -0.6370193422253516 0.0008385668586233797
33.733333333333334 -0.6115382567921941 0.0008356484536129472
33.766666666666666 -0.5710909881282767 0.0008295318390629802
33.8 -0.5123593805628812 0.0008179124066072241
33.833333333333336 -0.44190451191740204 0.0007997449664702283
33.86666666666667 -0.3590612458687777 0.0007751495311202339
33.9 -0.26697970277603394 0.0007398462210334578
33.93333333333333 -0.17111636801278546 0.0006992048921813376
33.96666666666667 -0.065455627078067 0.0006410584704296396
34.0 0.038169759766987894 0.0006253047921006144
34.03333333333333 0.14020748218247414 0.0006817709798942195
34.06666666666667 0.23848249621537637 0.0007293796507248929
34.1 0.3295548579236046 0.0007670623559267731
34.13333333333333 0.4126427915622811 0.0007960327721426297
34.166666666666664 0.4870605752003184 0.0008154311420943139
34.2 0.5457156657656071 0.0008295303441931967
34.233333333333334 0.5923552778421551 0.0008401639308525111
34.266666666666666 0.6216196411915077 0.0008441754002950219
34.3 0.6354666877451443 0.0008453909157417616
34.333333333333336 0.6341588774347808 0.000846127601075275
34.36666666666667 0.6162308094698395 0.0008431904957462155
34.4 0.582495887539164 0.0008388476602634309
34.43333333333333 0.5339510433032502 0.0008293811683280916
34.46666666666667 0.4706992328584111 0.0008137788484751662
34.5 0.39244885874787583 0.0007932514631010523
34.53333333333333 0.3057980041399312 0.0007599067703893403
34.56666666666667 0.20976319231457455 0.0007167433901151266
34.6 0.10576850917756722 0.0006650523461043112
34.63333333333333 0.006657252349258789 0.0006070637349339077
34.666666666666664 -0.09521121550539097 0.000656597355872493
34.7 -0.195436485074213 0.0007055982871761179
34.733333333333334 -0.2900320952971561 0.0007462544822647854
34.766666666666666 -0.37635134019085 0.0007787345494161824
34.8 -0.45320327073054917 0.0007975044443204182
34.833333333333336 -0.5205555553678053 0.0008160630174778305
34.86666666666667 -0.5725993918528048 0.000827784422566813
34.9 -0.608403252444852 0.0008336150710201995
34.93333333333333 -0.6310912844647573 0.0008363140410262426
34.96666666666667 -0.6362859466068616 0.0008377478711730779
35.0 -0.6258127646263495 0.0008369496435044477
35.03333333333333 -0.5991982374697139 0.0008329267952515984
35.06666666666667 -0.5562865049940062 0.0008268274799176911
35.1 -0.49793791150023636 0.000813705184842306
35.13333333333333 -0.4274003369417151 0.0007959094808798195
35.166666666666664 -0.3426881913583701 0.0007683475830181363
35.2 -0.25353818988605487 0.0007345055258884958
35.233333333333334 -0.1552578207397492 0.000687797016797359
35.266666666666666 -0.053853428883671825 0.0006337366734883443
35.3 0.05004579247952401 0.000631587015058499
35.333333333333336 0.1516430763641288 0.0006870492376205295
35.36666666666667 0.24645563177691587 0.0007315230033212161
35.4 0.33816220323294405 0.0007682635371339952
35.43333333333333 0.4177680999940667 0.0007963004970218401
35.46666666666667 0.48739623146525984 0.0008148467543412918
35.5 0.546183194945807 0.00082938005233546
35.53333333333333 0.5888273463642733 0.0008370867301447094
35.56666666666667 0.6165111667924386 0.0008416971064005851
35.6 0.6272415776755825 0.0008449837695494455
35.63333333333333 0.6247899820228461 0.0008444660455169117
35.666666666666664 0.6042380315043979 0.0008423830306558688
35.7 0.5694159838433933 0.0008356738499918359
35.733333333333334 0.5191301134978914 0.0008265601144138435
35.766666666666666 0.4548276002825898 0.0008095241350427607
35.8 0.3782998767018307 0.0007843734768074873
35.833333333333336 0.28785348991468673 0.0007513080256486004
35.86666666666667 0.19637202504358112 0.0007112579245884543
35.9 0.09160502568715331 0.000656060219234117
35.93333333333333 -0.006811514167189395 0.0006075588315877208
35.96666666666667 -0.10766709797431033 0.0006640083617229925
36.0 -0.20535472743316716 0.0007109511454355677
36.03333333333333 -0.29724519159297486 0.0007497869106685151
36.06666666666667 -0.3844346955638729 0.0007830481194241456
36.1 -0.4588430987409729 0.0008027154709291384
36.13333333333333 -0.5207862850785742 0.000817979182025419
36.166666666666664 -0.5704097697394929 0.000827060801773527
36.2 -0.6061748139896135 0.0008335271735826488
36.233333333333334 -0.6241750352092299 0.0008368941084880843
36.266666666666666 -0.6277491652255 0.0008374270208012513
36.3 -0.6156529086396473 0.0008369121584396177
36.333333333333336 -0.5868561881698271 0.0008332230252708905
36.36666666666667 -0.541077140668761 0.0008238854956927888
36.4 -0.4840805051578965 0.000811454852222393
36.43333333333333 -0.4128343618211257 0.000790814274072571
36.46666666666667 -0.3286952016567908 0.0007643178811349571
36.5 -0.23477391770912745 0.0007261314972933919
36.53333333333333 -0.13664766701800166 0.0006800404773381341
36.56666666666667 -0.03718683176995053 0.000625128496159047
36.6 0.06291039013401005 0.0006414396776209669
36.63333333333333 0.1637535845724946 0.0006944615749679417
36.666666666666664 0.25917971525329564 0.0007369684377507291
36.7 0.3440195653482551 0.0007714815924339535
36.733333333333334 0.4235697116118138 0.0007968434262449198
36.766666666666666 0.49081744379282277 0.0008162582326031176
36.8 0.5450179072501087 0.0008289487442419974
36.833333333333336 0.5855617900678789 0.0008373340887968261
36.86666666666667 0.6103141933789047 0.0008429451719972336
36.9 0.6202941418525416 0.0008437448115339308
36.93333333333333 0.6140795005874673 0.0008436184125645285
36.96666666666667 0.592023388816717 0.0008405177948629383
37.0 0.5544031765069717 0.000832620580654142
37.03333333333333 0.5018105035312473 0.0008218348805444364
37.06666666666667 0.43572611755600654 0.0008058507644048696
37.1 0.3582163907484252 0.0007793858806146581
37.13333333333333 0.27067207246331726 0.000745450676975512
37.166666666666664 0.1750914700982197 0.0006997475003747144
37.2 0.07634292378903935 0.0006490924295467493
37.233333333333334 -0.02554525336422654 0.0006182681978661349
37.266666666666666 -0.12383532022916378 0.0006724325981344037
37.3 -0.21988793893485345 0.0007180734427629232
37.333333333333336 -0.3115437886572123 0.0007547661749691126
37.36666666666667 -0.3914256118022146 0.0007836511573633964
37.4 -0.4641453868239338 0.0008036627863943768
37.43333333333333 -0.523917727976433 0.000817675145412089
37.46666666666667 -0.5696368624347836 0.000827507727936827
37.5 -0.602440322613715 0.0008326473009051538
37.53333333333333 -0.6184215852205365 0.0008354927281042368
37.56666666666667 -0.6187027320639694 0.0008358131685543002
37.6 -0.6033529124479511 0.000834106989900163
37.63333333333333 -0.5729522411459901 0.0008298117377634195
37.666666666666664 -0.5251749592211035 0.0008216323617905585
37.7 -0.46479562317529627 0.0008073272395083264
37.733333333333334 -0.39193055938483723 0.0007846320863144629
37.766666666666666 -0.3085604732058583 0.0007547221285137962
37.8 -0.21611569317010015 0.0007171680330400054
37.833333333333336 -0.11801403179546865 0.000669484063463982
37.86666666666667 -0.01859564849460298 0.000613140100908495
37.9 0.0806514104064027 0.0006497066757567699
37.93333333333333 0.179961407630641 0.0006994334272314717
37.96666666666667 0.26846240808920724 0.0007431360192139969
38.0 0.3561137572673902 0.0007748718581689906
38.03333333333333 0.43198477900250004 0.0007986151115232931
38.06666666666667 0.49598252156203676 0.0008170062613844231
38.1 0.5459436826331965 0.0008292324539272977
38.13333333333333 0.5828574649732341 0.0008375317825727313
38.166666666666664 0.6061289073199508 0.0008404558313633848
38.2 0.6118244807533314 0.000842503961917207
38.233333333333334 0.6032499949621392 0.0008422415007310891
38.266666666666666 0.5795520121555898 0.0008388528561896758
38.3 0.538717374238964 0.0008306409954146332
38.333333333333336 0.4849886497382533 0.0008186905532900912
38.36666666666667 0.416887367259365 0.0007992610033072389
38.4 0.3379167021442296 0.0007720863813803769
38.43333333333333 0.24786777606939975 0.0007352265044812123
38.46666666666667 0.15677864134331002 0.0006896347849770224
38.5 0.057490222383384484 0.0006375908919709697
38.53333333333333 -0.04239972139742694 0.0006280452507180512
38.56666666666667 -0.14089187453883403 0.0006805547008727209
38.6 -0.2334911246437107 0.0007229265729568335
38.63333333333333 -0.32246702127805854 0.0007589295668432583
38.666666666666664 -0.4003450334480114 0.0007869849032484111
38.7 -0.46986026926163027 0.0008057417192817717
38.733333333333334 -0.5261944812953033 0.0008191553075386215
38.766666666666666 -0.5692951290802141 0.0008280267845031108
38.8 -0.5988282166191095 0.0008332095251453175
38.833333333333336 -0.6124435017659196 0.0008350079070940097
38.86666666666667 -0.608780949551571 0.0008346004581160082
38.9 -0.5912417748727973 0.0008337357657784983
38.93333333333333 -0.5564716618250345 0.0008267187597419401
38.96666666666667 -0.5072827178552436 0.0008160489621811262
39.0 -0.44464674217508104 0.0008002989429831131
39.03333333333333 -0.3701988225637065 0.0007786798918930082
39.06666666666667 -0.28698346585384293 0.0007486904726148325
39.1 -0.1945451608000169 0.0007074620021896849
39.13333333333333 -0.09679289241951526 0.0006578565794347346
39.166666666666664 0.0011049702618840397 0.000603520838470667
39.2 0.09868315467856595 0.000658862230432905
39.233333333333334 0.19473150805091982 0.0007092122495122866
39.266666666666666 0.28675709799977284 0.0007494433463910433
39.3 0.36630924991686575 0.0007800067908610986
39.333333333333336 0.437862313648624 0.0008018448631818553
39.36666666666667 0.5001793227350511 0.0008188798964829935
39.4 0.5488816018361404 0.0008295072104748114
39.43333333333333 0.5825015208147398 0.0008364259343127678
39.46666666666667 0.6007878359236182 0.0008404181145933443
39.5 0.6037976882241347 0.000841731213598429
39.53333333333333 0.5919853606041132 0.0008397927148336981
39.56666666666667 0.5639127007341058 0.0008354721564078904
39.6 0.5216686733350632 0.0008272644272410146
39.63333333333333 0.4654986972694337 0.0008125892707272486
39.666666666666664 0.39789984017801994 0.0007929534222914647
39.7 0.3154958436515669 0.0007631754905512156
39.733333333333334 0.22997642771300866 0.000726628746468394
39.766666666666666 0.1331211668474626 0.0006788116754919415
39.8 0.03647395286775451 0.0006244366817921426
39.833333333333336 -0.06370308195633134 0.000641131920868801
39.86666666666667 -0.15973481827363972 0.00069019887269961
39.9 -0.2515547429187106 0.0007314457736967706
39.93333333333333 -0.3363630393824156 0.0007643250044723215
39.96666666666667 -0.41156255641731493 0.0007902200478585031
40.0 -0.47699391777489974 0.0008092822057509941
40.03333333333333 -0.5299780353185647 0.0008198458605787051
40.06666666666667 -0.5690604643961232 0.000828239053922819
40.1 -0.5945220455029626 0.0008329007723363313
40.13333333333333 -0.605129030037055 0.0008388112071510134
40.166666666666664 -0.5986352627351966 0.0008346806319441402
40.2 -0.5766097546525807 0.0008300733483840306
40.233333333333334 -0.5408066404656167 0.0008230101668607048
40.266666666666666 -0.4884815153427576 0.0008119138566805018
40.3 -0.424301476291167 0.0007954710887234651
40.333333333333336 -0.3495185318416145 0.000771615536644843
40.36666666666667 -0.26358435350253967 0.0007384472833037448
40.4 -0.1713973176137916 0.0006959547861652982
40.43333333333333 -0.07516504462947741 0.0006463442234200256
40.46666666666667 0.020577058378934376 0.0006154697410814154
40.5 0.11854327411607396 0.0006709413046136758
40.53333333333333 0.21297515207470735 0.0007168649469253274
40.56666666666667 0.30092627238374614 0.0007546440257739651
40.6 0.3808176403281921 0.000781921478922587
40.63333333333333 0.4470327056484931 0.0008050846581980631
40.666666666666664 0.5078561249429682 0.0008210798793256702
40.7 0.550457694594258 0.000831364668272494
40.733333333333334 0.5803239097996323 0.00083602163666463
40.766666666666666 0.5945495983515807 0.0008393380785527427
40.8 0.5948678289361169 0.0008404792623046831
40.833333333333336 0.5771722956380998 0.0008341731850592948
40.86666666666667 0.5486732173525868 0.0008324555717423854
40.9 0.5025167324490604 0.0008230049346674706
40.93333333333333 0.4420132261989848 0.0008060845591797428
40.96666666666667 0.37306239233194227 0.0007851845005680813
41.0 0.2940930374290992 0.0007541045283456782
41.03333333333333 0.20538866577507353 0.0007161184179348135
41.06666666666667 0.10829665230307782 0.0006680565857289655
41.1 0.015181367523350234 0.0006130712228365493
41.13333333333333 -0.08641741717991723 0.0006530669387665722
41.166666666666664 -0.17964685737319916 0.0006989985568203183
41.2 -0.2688918866466224 0.0007384623661065848
41.233333333333334 -0.35068871979771504 0.0007691594454208861
41.266666666666666 -0.4232039467174908 0.0007926973627431777
41.3 -0.48619360458232874 0.000809786606418228
41.333333333333336 -0.5341981391192214 0.0008211002304013837
41.36666666666667 -0.571365603205856 0.0008284118532118079
41.4 -0.5910940262036336 0.0008321237204611531
41.43333333333333 -0.5969494984244621 0.0008327738250933914
41.46666666666667 -0.5877711377854099 0.0008323536913902307
41.5 -0.5627970484795017 0.0008287619532882928
41.53333333333333 -0.5215248749484788 0.0008206358756110976
41.56666666666667 -0.46777932744231115 0.0008075194397991758
41.6 -0.4022532486597158 0.0007896850085731266
41.63333333333333 -0.32340183710408055 0.0007612954927092019
41.666666666666664 -0.23902161126661955 0.0007273488594237709
41.7 -0.14675030520569576 0.0006844874071551543
41.733333333333334 -0.050833167738733066 0.0006344110405709161
41.766666666666666 0.045183789169397026 0.0006300039508199407
41.8 0.14112297061131757 0.0006816309618125072
41.833333333333336 0.23354500751783147 0.0007258442597164183
41.86666666666667 0.3170155466840831 0.0007600366912204337
41.9 0.39323044751768255 0.0007891567458431226
41.93333333333333 0.4575470373054565 0.000807664325761237
41.96666666666667 0.5112810157345853 0.0008226546370041499
42.0 0.5524654356308858 0.0008313761834694011
