0.0 -0.15639947134333035 0.0006912995890081264
0.03333333333333333 -0.1377601400267038 0.0006813266842924659
0.06666666666666667 -0.1163843923994948 0.0006705468092426808
0.1 -0.09145866360203987 0.000656809896247848
0.13333333333333333 -0.06463215491000916 0.0006416770048737475
0.16666666666666666 -0.03529883757695268 0.0006252327050253956
0.2 -0.0066277477548096425 0.0006090774328629837
0.23333333333333334 0.02011234594573039 0.0006163918849448405
0.26666666666666666 0.047527250780764356 0.0006312150427128377
0.3 0.07228581860697285 0.0006452840016331479
0.3333333333333333 0.09373347384739365 0.0006582515097990904
0.36666666666666664 0.11510587609687464 0.0006685727440742389
0.4 0.13095768743572303 0.0006774556022045852
0.43333333333333335 0.14298278547994006 0.0006839157978903998
0.4666666666666667 0.15009389131085646 0.0006887847015624449
0.5 0.15268716683968414 0.0006895596461388986
0.5333333333333333 0.15132232697195355 0.0006883322475031983
0.5666666666666667 0.14335955246960702 0.0006838585881119297
0.6 0.13289160625226376 0.0006803518747449666
0.6333333333333333 0.11808896069544156 0.0006729155662655029
0.6666666666666666 0.10057192849413184 0.0006628796224274064
0.7 0.0775254842496624 0.0006497337432795902
0.7333333333333333 0.05309485324995456 0.0006367405678324237
0.7666666666666667 0.027098956389644904 0.000622293411742629
0.8 -0.00020709662879346842 0.0006043469789833695
0.8333333333333334 -0.02952729251742423 0.0006226814565130911
0.8666666666666667 -0.05752673379956601 0.0006376114412421086
0.9 -0.08408565719398506 0.0006516722879933434
0.9333333333333333 -0.10912370451390459 0.0006651584363466245
0.9666666666666667 -0.13153322947088594 0.0006774837601403461
1.0 -0.150409514586801 0.0006864915126593152
1.0333333333333334 -0.165852141152438 0.000694432065376116
1.0666666666666667 -0.17740117148149304 0.000701416860865528
1.1 -0.18441037618471673 0.0007049727126522132
1.1333333333333333 -0.1881321587016696 0.0007063894326338194
1.1666666666666667 -0.1865927048526432 0.0007062569006170416
1.2 -0.18012773938324295 0.0007049158915573561
1.2333333333333334 -0.16873957950523455 0.0006978562645864328
1.2666666666666666 -0.1531247380112444 0.0006901879693157198
1.3 -0.13500601067108706 0.0006808777350471307
1.3333333333333333 -0.11227759231826806 0.000669827849356236
1.3666666666666667 -0.08803105359770824 0.0006583121034219735
1.4 -0.060088883148669836 0.0006384923144741525
1.4333333333333333 -0.032532689195103506 0.0006228321013466917
1.4666666666666666 -0.003299746029296295 0.0006053447377235774
1.5 0.02492859401978249 0.0006188697327568007
1.5333333333333334 0.050991020839253 0.0006334777200771163
1.5666666666666667 0.0756184394284793 0.0006480970780593648
1.6 0.09734516835015866 0.0006594435929274389
1.6333333333333333 0.116823910108587 0.0006697824299367605
1.6666666666666667 0.13173069660849257 0.0006774223065363072
1.7 0.14305789174318664 0.0006825179645325308
1.7333333333333334 0.1496975408015479 0.000686627684387292
1.7666666666666666 0.15264633081685358 0.0006882787828529358
1.8 0.15174091419547306 0.0006878568091062687
1.8333333333333333 0.1448910600274886 0.0006849466437166274
1.8666666666666667 0.13372256252448417 0.0006792225399104568
1.9 0.11810360082873048 0.0006714924466325878
1.9333333333333333 0.09856159160395112 0.0006608628979314218
1.9666666666666666 0.07707566735836563 0.0006479601429760645
2.0 0.05353058027423289 0.0006354634130375236
2.033333333333333 0.026427054646709996 0.0006186117346409468
2.066666666666667 -0.0007163042280725406 0.0006050210079149846
2.1 -0.029480708055282374 0.0006210528390552042
2.1333333333333333 -0.05826601858151102 0.0006383611287897051
2.1666666666666665 -0.08509188775887401 0.0006519310638935377
2.2 -0.10944643778283344 0.0006662052486977876
2.2333333333333334 -0.13084137943781401 0.0006758786009450901
2.2666666666666666 -0.1501048055929443 0.00068606243291916
2.3 -0.16724091846268108 0.0006947960826755584
2.3333333333333335 -0.1780573049387367 0.0007002065701293136
2.3666666666666667 -0.18486387353223654 0.0007043193918823409
2.4 -0.1881034040135214 0.0007058966635039021
2.433333333333333 -0.185918383223329 0.0007052578806676646
2.466666666666667 -0.17957706368283602 0.0007033878068694044
2.5 -0.16772612349570065 0.0006976149116610375
2.533333333333333 -0.1515662399997019 0.0006895491850455737
2.566666666666667 -0.13315504208389545 0.0006806139137259526
2.6 -0.11060092256817247 0.0006699173392176738
2.6333333333333333 -0.08521774161581981 0.0006548086369942557
2.6666666666666665 -0.05900136197245019 0.0006390718419105601
2.7 -0.031185848890551884 0.0006229796668927659
2.7333333333333334 -0.0032288107421532485 0.0006055956630906948
2.7666666666666666 0.0236940570740486 0.0006184662461255312
2.8 0.050859163447945076 0.0006343359394383116
2.8333333333333335 0.0759891415564643 0.0006471854132414911
2.8666666666666667 0.09734986922229905 0.0006585875814394682
2.9 0.11615084964554932 0.0006690041016821774
2.933333333333333 0.131828381456348 0.0006773528440457977
2.966666666666667 0.1430301598305317 0.0006835858425404129
3.0 0.1494488523718281 0.0006872509382399861
3.033333333333333 0.14919011277350375 0.0006879186653933334
3.066666666666667 0.14809413205433006 0.0006868936097585987
3.1 0.14058555869422323 0.0006840160073636747
3.1333333333333333 0.13155102552333284 0.0006800667919332204
3.1666666666666665 0.11550417402936078 0.0006713491030032326
3.2 0.09576212009752788 0.0006608253444414791
3.2333333333333334 0.07325583533701013 0.0006474014352645524
3.2666666666666666 0.04891244178540953 0.0006337649898808112
3.3 0.023545777819665235 0.0006190132030714814
3.3333333333333335 -0.00721349788373304 0.0006115627023198919
3.3666666666666667 -0.0330800957504921 0.0006243964659813431
3.4 -0.06019018424553572 0.0006395508752315912
3.433333333333333 -0.08627780066011043 0.0006539967551525833
3.466666666666667 -0.11204358368093528 0.0006687968603203143
3.5 -0.13311807447248933 0.0006785391883557534
3.533333333333333 -0.15245521619202237 0.0006884191364543157
3.566666666666667 -0.1663890431939538 0.0006945518084121305
3.6 -0.17744457127238963 0.0006997928050773705
3.6333333333333333 -0.18404065169756453 0.0007037321078430248
3.6666666666666665 -0.18606708356386933 0.0007053860871429896
3.7 -0.18404314645023837 0.0007062616073349182
3.7333333333333334 -0.17675535009641138 0.0007012672692309485
3.7666666666666666 -0.16483684823965972 0.0006946337704732963
3.8 -0.1501150206476749 0.0006880190175230505
3.8333333333333335 -0.12981560906335587 0.0006776087487001814
3.8666666666666667 -0.10716913045378029 0.0006653964226339404
3.9 -0.08357671343641063 0.0006520449851730586
3.933333333333333 -0.05860191513658304 0.0006386077147988306
3.966666666666667 -0.02957153630560512 0.0006216027318532644
4.0 -0.0012385457386416081 0.0006043683833580047
4.033333333333333 0.025020581985766302 0.0006190542226288953
4.066666666666666 0.052112967915725956 0.0006344695066133332
4.1 0.07682026620342275 0.0006486669321294491
4.133333333333334 0.09824337198351384 0.0006604502583060223
4.166666666666667 0.1167172586281679 0.0006700427266948805
4.2 0.12987015912556804 0.0006757935422082306
4.233333333333333 0.14205058850184565 0.0006831067194768836
4.266666666666667 0.14790353966405406 0.0006876388418551038
4.3 0.15072218855185004 0.0006887307466101888
4.333333333333333 0.14849511009623143 0.0006878270028111977
4.366666666666666 0.14083111977952206 0.0006837507182887725
4.4 0.1299695889305596 0.0006774098561907471
4.433333333333334 0.11384746809990953 0.0006696083972553141
4.466666666666667 0.09469485141327262 0.000659685611832897
4.5 0.07142470230040816 0.0006460163391970447
4.533333333333333 0.047894509382016406 0.0006322795083211
4.566666666666666 0.022202191298030798 0.0006176741889105004
4.6 -0.005141996548858101 0.0006071356051384853
4.633333333333334 -0.03351459400116413 0.0006238631758804514
4.666666666666667 -0.061093922939494505 0.0006417648873783682
4.7 -0.08741593707480076 0.0006556102489813781
4.733333333333333 -0.11182694399156179 0.000666527896038549
4.766666666666667 -0.13229985823804885 0.0006800706797976397
4.8 -0.1516593615092532 0.0006871129574160806
4.833333333333333 -0.1662526219037541 0.0006951770690637182
4.866666666666666 -0.17722327046864014 0.0007003636887631393
4.9 -0.18294529824311878 0.0007027653254974287
4.933333333333334 -0.18464339880168312 0.0007040536472564252
4.966666666666667 -0.18222078062472477 0.0007034515874329572
5.0 -0.17446576543898767 0.0006992857930566421
5.033333333333333 -0.1636691577434814 0.0006947471071953315
5.066666666666666 -0.14795570820275317 0.0006869545084049189
5.1 -0.1288308406141343 0.0006770054641204726
5.133333333333334 -0.1060280617471085 0.0006655166074759772
5.166666666666667 -0.08073113096241613 0.0006521356811295398
5.2 -0.05567654702727293 0.0006378792310069159
5.233333333333333 -0.027159686228155535 0.0006203957786489918
5.266666666666667 0.0011620257783205206 0.0006047816109070547
5.3 0.02836522649973507 0.0006223241000393835
5.333333333333333 0.05460616207122839 0.0006351693647433029
5.366666666666666 0.07869260588930155 0.0006488565618143066
5.4 0.09906284915470553 0.0006611199672001689
5.433333333333334 0.11569213192371296 0.0006697235505775945
5.466666666666667 0.13175046426247083 0.0006781620234436181
5.5 0.14165679810014672 0.0006835492762379825
5.533333333333333 0.14888097738121236 0.0006872265011851619
5.566666666666666 0.14992744188379964 0.0006880008068883281
5.6 0.14735079399085313 0.0006866987968381644
5.633333333333334 0.13929677697445636 0.0006824583129847184
5.666666666666667 0.12821733756379264 0.0006769716049616348
5.7 0.11170349408425363 0.0006684869028729529
5.733333333333333 0.09372165992249279 0.0006586545029730745
5.766666666666667 0.07040338819641728 0.000645581571713752
5.8 0.046797771521502746 0.0006318424680655937
5.833333333333333 0.01978156073104977 0.0006163143601419334
5.866666666666666 -0.006571579774366457 0.0006077638656126951
5.9 -0.035041823573224024 0.0006239928627919528
5.933333333333334 -0.06299034713790694 0.0006406592878759887
5.966666666666667 -0.08794883984902602 0.0006539160551781165
6.0 -0.11260169704261218 0.0006676747900470903
6.033333333333333 -0.13282780599641658 0.0006775755292994234
6.066666666666666 -0.15113769522528633 0.0006874329942284096
6.1 -0.16564850823666882 0.0006947210721753305
6.133333333333334 -0.17640648395065067 0.0007001750575136301
6.166666666666667 -0.18247646295314685 0.000703477640913136
6.2 -0.1838394458420954 0.0007049947906311582
6.233333333333333 -0.18079066028021246 0.000703089907163057
6.266666666666667 -0.173427077736336 0.0006998331193188712
6.3 -0.16160573730429648 0.0006940004925556353
6.333333333333333 -0.14586025950672785 0.0006869896279332044
6.366666666666666 -0.12602051020314048 0.0006756009745754743
6.4 -0.10465821556605708 0.0006650550880448886
6.433333333333334 -0.07948577563106407 0.0006516180047349829
6.466666666666667 -0.05370457998742748 0.0006367714169916994
6.5 -0.02557244937379788 0.0006198030345594581
6.533333333333333 0.0019346487743988384 0.0006074088542701247
6.566666666666666 0.02887513870709947 0.0006209445883802803
6.6 0.053926518887621004 0.0006348089676719917
6.633333333333334 0.07890993181813243 0.0006490510894879981
6.666666666666667 0.0985171942172571 0.0006594023694998646
6.7 0.11802790682444801 0.0006700947975007004
6.733333333333333 0.1321757629051812 0.0006777452881742696
6.766666666666667 0.14068195164258457 0.0006830224390602102
6.8 0.14770078496509365 0.0006859795148334846
6.833333333333333 0.148570333651798 0.0006869115725400554
6.866666666666666 0.14493872234449015 0.000685880217454693
6.9 0.1378322381243257 0.0006825661514753834
6.933333333333334 0.12688744015877365 0.0006761545637573307
6.966666666666667 0.11146500685571738 0.000667889643322192
7.0 0.09097373510078297 0.0006583236675010984
7.033333333333333 0.07019823149556552 0.0006465544385960559
7.066666666666666 0.04510036431357395 0.000631540362787654
7.1 0.01877347469119289 0.0006159971218807625
7.133333333333334 -0.008597154607799142 0.0006098429382933052
7.166666666666667 -0.03659582085005751 0.000624446662601183
7.2 -0.06374169540440454 0.0006401621752402942
7.233333333333333 -0.08886255893916765 0.000655050017251857
7.266666666666667 -0.11255694382985425 0.0006689584874792348
7.3 -0.1327576110430528 0.0006778740058900057
7.333333333333333 -0.15160083011265074 0.0006888912082654852
7.366666666666666 -0.16500314450582979 0.0006944640469532803
7.4 -0.1753026766885216 0.0006997561407953434
7.433333333333334 -0.18150893995692072 0.0007031326044853736
7.466666666666667 -0.18205824038657809 0.0007030673057590309
7.5 -0.17976234479300776 0.0007032271524657074
7.533333333333333 -0.17197192658022725 0.0006991900648407323
7.566666666666666 -0.16040005830080137 0.0006934466440765563
7.6 -0.14409167084454463 0.0006851431693141452
7.633333333333334 -0.12409082756511122 0.0006753078622294267
7.666666666666667 -0.10204256481039904 0.0006642193796346091
7.7 -0.07744566868255853 0.0006488675559683937
7.733333333333333 -0.05123305243164451 0.0006337366087106264
7.766666666666667 -0.02284374997382542 0.0006179174723369603
7.8 0.004609027275507244 0.0006073165060222572
7.833333333333333 0.03081290118787237 0.0006230632818785935
7.866666666666666 0.0560791554389887 0.0006389219944041985
7.9 0.08063770268268938 0.0006498812243671132
7.933333333333334 0.10087764143132442 0.000660474088603577
7.966666666666667 0.11854491400350167 0.0006696147051747231
8.0 0.13226538902054324 0.0006776801682462918
8.033333333333333 0.14158362846932726 0.0006833789756693076
8.066666666666666 0.14653121032601496 0.0006857888379834809
8.1 0.14679751758624157 0.0006863611128421487
8.133333333333333 0.14393883606081717 0.000684881828694972
8.166666666666666 0.13692595648762634 0.0006814466699486266
8.2 0.12488668661590524 0.0006750708826266383
8.233333333333333 0.10864864648258771 0.000667389150054265
8.266666666666667 0.08947712027657524 0.0006559699610916847
8.3 0.06761171860296653 0.0006438990504051556
8.333333333333334 0.042894184680069496 0.000630141963614772
8.366666666666667 0.0168818126326601 0.0006153337510950534
8.4 -0.010190074011407684 0.000610441753295882
8.433333333333334 -0.03751775489994714 0.0006260305159350374
8.466666666666667 -0.0656082243596086 0.0006397784333395246
8.5 -0.09078341903841508 0.0006551312519399305
8.533333333333333 -0.11382734083257827 0.0006677657649450941
8.566666666666666 -0.13527618052949492 0.0006787467021322213
8.6 -0.15242695382291382 0.0006870819287685959
8.633333333333333 -0.16609074257477222 0.0006945566401723169
8.666666666666666 -0.1761570509527406 0.0007002906436200385
8.7 -0.18155480330726864 0.0007037567775906028
8.733333333333333 -0.18180717151343678 0.0007036333744014356
8.766666666666667 -0.17745660537367738 0.0007009584478693542
8.8 -0.16887351524339086 0.000697040467514537
8.833333333333334 -0.15727539989521075 0.0006931926014838996
8.866666666666667 -0.1410962780629148 0.0006830480756372104
8.9 -0.12164131655029757 0.0006737886017787048
8.933333333333334 -0.09927479576768664 0.0006613269605757893
8.966666666666667 -0.07428149889158828 0.0006472623290324497
9.0 -0.04874318473005345 0.0006324061760401775
9.033333333333333 -0.020684957016415335 0.000616536326777866
9.066666666666666 0.006252933753708267 0.0006083967285207938
9.1 0.031339065237864006 0.0006221760986333605
9.133333333333333 0.056759218737779615 0.00063683425664781
9.166666666666666 0.08057792197331566 0.0006501636664605626
9.2 0.10033061025400299 0.0006624330458053634
9.233333333333333 0.11772662266915111 0.0006729664464953378
9.266666666666667 0.1302253146933017 0.000678096644248366
9.3 0.1397181861971878 0.0006818473394840097
9.333333333333334 0.14453656243757182 0.0006869940249320527
9.366666666666667 0.1466465551557752 0.0006869645015941395
9.4 0.14322798076919335 0.0006860393024787637
9.433333333333334 0.13495092630028852 0.0006812268683491496
9.466666666666667 0.1236580162190757 0.0006751922940466115
9.5 0.10763672024501884 0.0006668053924544642
9.533333333333333 0.08691447934422007 0.0006549319775927126
9.566666666666666 0.06553529984496229 0.0006442146064751103
9.6 0.04009941582288579 0.0006283389956808563
9.633333333333333 0.014107738509824483 0.0006127569459218885
9.666666666666666 -0.011492626274657155 0.0006105836147118383
9.7 -0.039447093950488225 0.0006274168529243757
9.733333333333333 -0.06562679797291604 0.0006429877409272339
9.766666666666667 -0.09119929139091865 0.0006559663502919144
9.8 -0.11354457402804619 0.0006679468599087857
9.833333333333334 -0.13483461411708655 0.0006789230909121091
9.866666666666667 -0.15143146319390827 0.0006871648885146131
9.9 -0.16425320168792476 0.0006937653207978178
9.933333333333334 -0.17381203691629196 0.0006991732108032056
9.966666666666667 -0.1792150836809715 0.0007019304376712221
10.0 -0.17917533989575754 0.0007022371806624794
10.033333333333333 -0.17567152833408306 0.0007009455525383845
10.066666666666666 -0.16749405198382009 0.000698229135089018
10.1 -0.15593701901792464 0.000693646856311958
10.133333333333333 -0.1406039045682831 0.0006842066978008099
10.166666666666666 -0.11879453265398686 0.0006727581252859993
10.2 -0.09725910239312628 0.0006607663234514671
10.233333333333333 -0.07291447635416728 0.0006471697206490296
10.266666666666667 -0.04697331389501119 0.000631652293326096
10.3 -0.019280345483822493 0.0006152453918616824
10.333333333333334 0.007405184588271356 0.0006071805763087045
10.366666666666667 0.03378390139433179 0.0006239767540071675
10.4 0.05913375783481148 0.0006374431871069217
10.433333333333334 0.08116313514831379 0.0006500997475184095
10.466666666666667 0.10190489157726924 0.000662703979980736
10.5 0.11894158092047494 0.0006711489494313494
10.533333333333333 0.12971841457858535 0.000678373527742776
10.566666666666666 0.1417682296785375 0.0006840016630122459
10.6 0.14513302674769918 0.0006843621358140484
10.633333333333333 0.14577819067075776 0.0006864579204590437
10.666666666666666 0.14089827170854088 0.0006841939730550806
10.7 0.13378465582429966 0.0006796835584964578
10.733333333333333 0.1218519391653579 0.0006735558484686488
10.766666666666667 0.10514689163185835 0.0006651747981679668
10.8 0.08603733015123344 0.0006540858927125831
10.833333333333334 0.06391129588501931 0.0006426236616084713
10.866666666666667 0.0395061147045475 0.0006275552152418401
10.9 0.013379408563990303 0.0006131101522032466
10.933333333333334 -0.013245534916362576 0.0006114815778743357
10.966666666666667 -0.04006322534516407 0.0006282877373612328
11.0 -0.06698291000084569 0.0006415626164859578
11.033333333333333 -0.09129578287491026 0.0006557537348975129
11.066666666666666 -0.1143671526738633 0.0006683220370683474
11.1 -0.13312008259608138 0.0006781603775697087
11.133333333333333 -0.15188968546202936 0.0006874017911605301
11.166666666666666 -0.16436820062769786 0.0006936230029590817
11.2 -0.17358401437088436 0.0006994745956602211
11.233333333333333 -0.17808305899340274 0.0007020063245943287
11.266666666666667 -0.17822044095793568 0.0007028141217180761
11.3 -0.17464241673223613 0.0007001203832217584
11.333333333333334 -0.16666094776150597 0.0006973280839202012
11.366666666666667 -0.15449156151892168 0.0006911772311366804
11.4 -0.13769554334711265 0.0006817356225091442
11.433333333333334 -0.11797856786252874 0.0006715971808958637
11.466666666666667 -0.09505819746266096 0.0006606263642715132
11.5 -0.07058032148348084 0.0006451459423264388
11.533333333333333 -0.044561817935234255 0.0006310132326693488
11.566666666666666 -0.018596101062954284 0.0006154983760442607
11.6 0.007936020797087905 0.0006088457023598753
11.633333333333333 0.034746818862577286 0.0006244685289920407
11.666666666666666 0.05970177602367884 0.0006389608530885452
11.7 0.08181427894498942 0.0006509661194178673
11.733333333333333 0.10217016951502078 0.0006627747272214546
11.766666666666667 0.11824956294787774 0.0006724099772568437
11.8 0.13130982257996987 0.0006773523728675068
11.833333333333334 0.13944776372653084 0.0006816556089788983
11.866666666666667 0.14493569906054962 0.0006846012295303183
11.9 0.1450967060898176 0.0006848633938476567
11.933333333333334 0.14133237417579037 0.0006830777547694733
11.966666666666667 0.13286225848838257 0.0006789205162314738
12.0 0.12014139986022031 0.0006732156142379431
12.033333333333333 0.10397846809557419 0.0006640555558417027
12.066666666666666 0.0844244517351566 0.0006531663929970621
12.1 0.061957125193202164 0.0006402372122368688
12.133333333333333 0.0374763080332762 0.0006267057520194866
12.166666666666666 0.009925063469063293 0.0006086659601351411
12.2 -0.015780507365632718 0.0006127719835822242
12.233333333333333 -0.04222518190378853 0.0006276753973988025
12.266666666666667 -0.0680500865161112 0.0006428897681646367
12.3 -0.0922413541850372 0.0006559260714037729
12.333333333333334 -0.11585876880002981 0.0006694301080196335
12.366666666666667 -0.1351461612411484 0.0006785578188429064
12.4 -0.15173935978637076 0.000687789820935536
12.433333333333334 -0.1645721844837087 0.0006948525722569876
12.466666666666667 -0.1740732867549476 0.0006988769695620844
12.5 -0.17743761160455948 0.0007017496187914363
12.533333333333333 -0.17704117858194887 0.0007009132150097019
12.566666666666666 -0.17276182543392274 0.0006993099707569284
12.6 -0.16383761312537526 0.0006951082526984176
12.633333333333333 -0.15198041321072522 0.000689876631253028
12.666666666666666 -0.13478506274028385 0.0006801019706530187
12.7 -0.1151584124062108 0.0006700673015874875
12.733333333333333 -0.09290864187488058 0.0006579606254083631
12.766666666666667 -0.06969239247432404 0.0006459266210397524
12.8 -0.04314331109252997 0.0006293203140615433
12.833333333333334 -0.015582878270377385 0.0006124314942054059
12.866666666666667 0.011723550089875452 0.0006104001418646907
12.9 0.03751642799233633 0.0006264577238126665
12.933333333333334 0.06255962965545611 0.0006398224760311294
12.966666666666667 0.08389918040363359 0.0006521194711372053
13.0 0.10356955511097718 0.0006632762885234872
13.033333333333333 0.1196449401537688 0.0006712982786694494
13.066666666666666 0.1321526040216715 0.0006775670121488275
13.1 0.14027893942245012 0.0006856916724887752
13.133333333333333 0.14441389938927304 0.0006881374100346505
13.166666666666666 0.14447060990059055 0.0006889103416809206
13.2 0.14031245647110693 0.0006840663131032487
13.233333333333333 0.13069701505130693 0.0006794657719514374
13.266666666666667 0.11836975578030524 0.0006733673490907227
13.3 0.10259347812895717 0.0006642628852788768
13.333333333333334 0.0820276629623339 0.0006527174480618625
13.366666666666667 0.06004406543977 0.000639985690948093
13.4 0.03407107587027607 0.0006240553737080767
13.433333333333334 0.009448853965516257 0.0006102153774792778
13.466666666666667 -0.017346880373030123 0.0006150675948903318
13.5 -0.04439770170531402 0.0006303128461475904
13.533333333333333 -0.06844543500013855 0.000644215927712119
13.566666666666666 -0.09450170359513874 0.0006586714967179164
13.6 -0.11609988709525611 0.0006699665424213935
13.633333333333333 -0.1347150496330224 0.0006796188756089672
13.666666666666666 -0.14968699184377804 0.0006873836428208657
13.7 -0.16374784252748534 0.0006941642571784701
13.733333333333333 -0.17297189700031346 0.0006985851010913313
13.766666666666667 -0.1763694464850921 0.0007010236786154644
13.8 -0.17583900822491813 0.000700286239550818
13.833333333333334 -0.17144160067444633 0.0006987373132111563
13.866666666666667 -0.16236246957105244 0.0006942858129754814
13.9 -0.148985276695202 0.0006878351893576939
13.933333333333334 -0.13303400172903598 0.0006789927179431665
13.966666666666667 -0.1134788773760291 0.0006690453408647046
14.0 -0.09155865350166603 0.0006564717676396103
14.033333333333333 -0.06659761692682459 0.0006443516456375864
14.066666666666666 -0.040306191319954665 0.0006278640778158637
14.1 -0.013350239598351408 0.0006117845283362261
14.133333333333333 0.012168821418785161 0.0006109604193225461
14.166666666666666 0.038809533589381696 0.0006265389983319825
14.2 0.06191463674241739 0.0006392364540367679
14.233333333333333 0.08403192808866985 0.0006524005060234012
14.266666666666667 0.10392958650444285 0.0006620457382178341
14.3 0.11847782931975993 0.0006710585617928366
14.333333333333334 0.1317663475101087 0.0006773688407729073
14.366666666666667 0.13954937796656489 0.0006819221500444783
14.4 0.14309803723587433 0.0006839933514329044
14.433333333333334 0.1424641831576182 0.0006840108186794147
14.466666666666667 0.13826152710935713 0.000682057649520007
14.5 0.12855425680792693 0.0006770016520022126
14.533333333333333 0.115744333892793 0.0006718068478208522
14.566666666666666 0.09951172945390233 0.0006624897107800898
14.6 0.07892870931703683 0.0006505697676036509
14.633333333333333 0.05679436075443939 0.0006374345421625016
14.666666666666666 0.03345772116460129 0.0006242960792880309
14.7 0.006796665116311015 0.000607894087460893
14.733333333333333 -0.02022650107660841 0.0006158291217721844
14.766666666666667 -0.04558762734926893 0.0006305448220341112
14.8 -0.07146951510208246 0.0006451502183300317
14.833333333333334 -0.09539824176482092 0.000658736599465054
14.866666666666667 -0.11746454847828554 0.0006705697113823794
14.9 -0.13624651567709672 0.0006797190466302783
14.933333333333334 -0.15136278170479223 0.0006876429345492874
14.966666666666667 -0.1642091575847906 0.0006940974083564366
15.0 -0.17133379739942528 0.0006981622776525975
15.033333333333333 -0.1749531028337213 0.0006999268506525935
15.066666666666666 -0.17456823636951124 0.0006998769514680037
15.1 -0.16941465504079128 0.0006975037224344616
15.133333333333333 -0.160457040766105 0.0006932217689765707
15.166666666666666 -0.1472335141690144 0.000686029565556745
15.2 -0.13089896345897808 0.0006792574898072667
15.233333333333333 -0.11146383956102755 0.0006696053423884823
15.266666666666667 -0.08827296863248969 0.0006560989139265394
15.3 -0.06365854855675625 0.0006403726822582639
15.333333333333334 -0.03745231018428472 0.0006261698977271454
15.366666666666667 -0.011078672047709227 0.0006102803913730186
15.4 0.01410450670036416 0.0006121023959760764
15.433333333333334 0.0407107759441934 0.0006274591950987049
15.466666666666667 0.06390166260545636 0.0006405565263092744
15.5 0.08604863276788387 0.0006533147764082314
15.533333333333333 0.1048427679552676 0.0006628780450645688
15.566666666666666 0.11958634005640617 0.0006723576285594529
15.6 0.13182671863407483 0.0006781449272537377
15.633333333333333 0.13942774204114142 0.0006815948630860824
15.666666666666666 0.1415890580746256 0.0006835910272006696
15.7 0.14129855998249558 0.000683666690591278
15.733333333333333 0.13765671589453152 0.0006817870737217957
15.766666666666667 0.12909562716238476 0.0006772950592167648
15.8 0.11444159501318152 0.0006701641905509925
15.833333333333334 0.09635499139990135 0.0006630062334806591
15.866666666666667 0.07848279889181967 0.0006513017516040082
15.9 0.05551111311759875 0.0006362732134614843
15.933333333333334 0.03099289497249723 0.0006246286790499225
15.966666666666667 0.0052002732732927374 0.0006068441928437354
16.0 -0.020148182812491703 0.0006160223364114967
16.033333333333335 -0.04731202906674745 0.0006315554350359923
16.066666666666666 -0.07164590334074862 0.0006444976178125034
16.1 -0.09509006121427255 0.0006575087038202254
16.133333333333333 -0.11656034075316098 0.0006691722420155283
16.166666666666668 -0.13629794600731518 0.0006796951039569898
16.2 -0.1513853522536532 0.0006868734486497885
16.233333333333334 -0.16326640446943155 0.000693575440457922
16.266666666666666 -0.17155404705436453 0.0006980651452280495
16.3 -0.17511083739340905 0.0007006664485799396
16.333333333333332 -0.17415411432155484 0.0007009545085510938
16.366666666666667 -0.168886464901387 0.0006976867659920782
16.4 -0.16010041732611693 0.0006936733596485944
16.433333333333334 -0.1455348156287893 0.0006854964937244301
16.466666666666665 -0.12910615410084658 0.0006777186956499204
16.5 -0.11043876474721528 0.0006682534011933638
16.533333333333335 -0.0867915376412952 0.0006551392732489919
16.566666666666666 -0.0625700313429957 0.0006416300317062112
16.6 -0.03698017478778677 0.0006279266035680298
16.633333333333333 -0.009189497574067276 0.0006098230882716077
16.666666666666668 0.014599936818157596 0.0006123869496507967
16.7 0.04071998809577085 0.0006284521705292728
16.733333333333334 0.0636373674263267 0.0006411158015289381
16.766666666666666 0.08665228371386592 0.0006540589084172987
16.8 0.10530379134202207 0.0006642884864366538
16.833333333333332 0.12030688994668434 0.0006724678888785085
16.866666666666667 0.1321415056114062 0.0006780852812007243
16.9 0.1390001057325993 0.000682118482883548
16.933333333333334 0.14118137462445512 0.0006839363835978995
16.966666666666665 0.1406801607848569 0.0006839441968045645
17.0 0.13552169911227332 0.0006804891135493429
17.033333333333335 0.12698820414383966 0.0006766109121908725
17.066666666666666 0.11352648839450627 0.00066976666232825
17.1 0.09660442353388264 0.0006596813364729559
17.133333333333333 0.07710506938280295 0.0006496412409813385
17.166666666666668 0.05294218217816481 0.0006362534108993595
17.2 0.029589892815725893 0.0006215677512448996
17.233333333333334 0.003742445920345528 0.0006057757191960844
17.266666666666666 -0.022562466118763932 0.0006174280288488224
17.3 -0.04756705168457767 0.0006336279667931086
17.333333333333332 -0.07432210071213265 0.0006464602751749537
17.366666666666667 -0.09713324549642136 0.0006587513686520385
17.4 -0.1182040379310638 0.0006700675683540408
17.433333333333334 -0.13623841940733009 0.0006793035343925502
17.466666666666665 -0.15138108184617793 0.0006877822851772408
17.5 -0.1634344398799288 0.0006936973422049519
17.533333333333335 -0.17056129942772533 0.0006974548888853127
17.566666666666666 -0.1737526413769425 0.0006992143852097288
17.6 -0.17237513401708177 0.0006986835014134996
17.633333333333333 -0.16664386990133048 0.0006963120865561556
17.666666666666668 -0.1578204345206026 0.0006923463021389353
17.7 -0.1431733432348515 0.0006850295191395128
17.733333333333334 -0.1269538643776303 0.0006765990252508292
17.766666666666666 -0.10653402318817272 0.0006646676001045848
17.8 -0.08433599278188807 0.0006533377726924833
17.833333333333332 -0.0588958820273044 0.0006389330973756921
17.866666666666667 -0.03300801719325073 0.0006243447132339847
17.9 -0.008569308697811754 0.0006091066902120211
17.933333333333334 0.01790631474509608 0.0006153438958549674
17.966666666666665 0.042953377602893875 0.0006297631938337739
18.0 0.065396219354049 0.0006413129053648575
18.033333333333335 0.0878726863818833 0.0006544573631803441
18.066666666666666 0.10551878675799245 0.0006654593723757624
18.1 0.12064472462669129 0.0006714486329356534
18.133333333333333 0.13082923578144293 0.0006783036947214938
18.166666666666668 0.13751548436820124 0.0006817062882507885
18.2 0.1413489486220659 0.0006835984853137966
18.233333333333334 0.14018257120474417 0.0006831652626956841
18.266666666666666 0.13517642201161112 0.0006804137573756253
18.3 0.12532827395355717 0.0006750693787374584
18.333333333333332 0.11201154553014651 0.000667975225084827
18.366666666666667 0.09448217000847911 0.0006591992932683116
18.4 0.07382843875618368 0.000647682206127348
18.433333333333334 0.05061655210175104 0.0006333851345901656
18.466666666666665 0.02741691351660912 0.0006200946678520704
18.5 0.0012964100376921218 0.000604202130070505
18.533333333333335 -0.02557904379415428 0.0006188515900792183
18.566666666666666 -0.04978120245048722 0.000632808102983759
18.6 -0.07532037461173244 0.0006472008782686944
18.633333333333333 -0.09851015519246485 0.0006595367875212171
18.666666666666668 -0.1197042602506957 0.0006733574232605372
18.7 -0.13714259080026656 0.0006810170181224262
18.733333333333334 -0.151472126516113 0.0006882947169211118
18.766666666666666 -0.16302304165764708 0.0006963952582563215
18.8 -0.17025661858183289 0.0006974339787565453
18.833333333333332 -0.17313546751452316 0.0006991054203536462
18.866666666666667 -0.17231347037480343 0.0006988070993705353
18.9 -0.16699620036730067 0.0006980180663253011
18.933333333333334 -0.15652085531667748 0.0006938010281906104
18.966666666666665 -0.14284502087738662 0.0006855581659731547
19.0 -0.12499278916699308 0.0006760555135218727
19.033333333333335 -0.10506800210185288 0.000665280276585703
19.066666666666666 -0.0820666134132332 0.0006514245039024313
19.1 -0.05695746566838165 0.0006367821509543001
19.133333333333333 -0.030419104667237254 0.0006214876922930428
19.166666666666668 -0.004882585145217354 0.000606316139056969
19.2 0.021409924708231106 0.0006159099625078872
19.233333333333334 0.043678241543617526 0.0006303544648306458
19.266666666666666 0.06811725552094974 0.0006434049515775947
19.3 0.0885531517591407 0.0006538692357031944
19.333333333333332 0.1073724214306084 0.0006641349131135815
19.366666666666667 0.1215511770284453 0.0006726552011476622
19.4 0.13181232932940964 0.0006775112373138548
19.433333333333334 0.13825283978897507 0.0006811381259562987
19.466666666666665 0.1412614541262361 0.0006830866144964531
19.5 0.13972436810486039 0.0006828755671948461
19.533333333333335 0.133071235313759 0.0006802057433803466
19.566666666666666 0.12350969910094779 0.0006752203703021403
19.6 0.10954040108871142 0.0006661173667660836
19.633333333333333 0.09259836182202766 0.0006579878079637086
19.666666666666668 0.07269270269508397 0.0006472884384602917
19.7 0.0497921479636743 0.0006353892854458754
19.733333333333334 0.025709187509034132 0.0006198368973685149
19.766666666666666 0.0007136728949847612 0.0006047353698195932
19.8 -0.025986314084782948 0.0006200241412611662
19.833333333333332 -0.05149177886262718 0.0006339882146908504
19.866666666666667 -0.07624038606640059 0.0006492961398507913
19.9 -0.09866910213654036 0.0006605457211611154
19.933333333333334 -0.12027971731843218 0.0006713204316423499
19.966666666666665 -0.13786640020351892 0.0006810547703631209
20.0 -0.15262136176944327 0.0006877581446659287
20.033333333333335 -0.16217319050214662 0.000693057970300448
20.066666666666666 -0.16866073096291628 0.0006963588407426224
20.1 -0.17071055385434478 0.0006979787182462838
20.133333333333333 -0.1695212444426274 0.000697584178169619
20.166666666666668 -0.16342227301248627 0.000696536523526442
20.2 -0.15327867277855758 0.0006896050054609193
20.233333333333334 -0.14012707505991942 0.0006828124700504479
20.266666666666666 -0.12222825247696895 0.0006735695250255358
20.3 -0.10381529429391267 0.0006660909231828993
20.333333333333332 -0.07895332819009986 0.0006536486397975966
20.366666666666667 -0.054383502306750466 0.000636481476593731
20.4 -0.029319720018437436 0.0006211349970713237
20.433333333333334 -0.0036204633828534664 0.0006058903024293376
20.466666666666665 0.02080988117217659 0.0006159482409036424
20.5 0.046955651187169545 0.0006309823436131332
20.533333333333335 0.06936997982344606 0.00064465769750921
20.566666666666666 0.08982909910037429 0.0006545021044615518
20.6 0.10690308113526763 0.0006640786270293575
20.633333333333333 0.12221435557020474 0.0006734771262514178
20.666666666666668 0.1309339979325809 0.0006791390975868228
20.7 0.13771126769455758 0.0006810277011703725
20.733333333333334 0.14028274837322652 0.0006826233773797596
20.766666666666666 0.13792040479692946 0.0006819919045437106
20.8 0.1326269060282345 0.0006808593941240171
20.833333333333332 0.12159723749087609 0.0006743681165262277
20.866666666666667 0.10853029646733046 0.0006660913209911579
20.9 0.09110669004289422 0.0006567355466116781
20.933333333333334 0.07109581458971014 0.0006458687449428374
20.966666666666665 0.04815818530318526 0.0006329873603656
21.0 0.0240321201746467 0.0006185884441842933
21.033333333333335 -0.0006053229957178465 0.0006084581151148211
21.066666666666666 -0.026731706337721598 0.0006195703850711276
21.1 -0.05240496323625873 0.0006341452933820088
21.133333333333333 -0.07775166295051478 0.0006483394254637592
21.166666666666668 -0.10016101617669275 0.0006604615586990603
21.2 -0.12038897245067676 0.0006720163053127864
21.233333333333334 -0.13745091042773805 0.0006799282394477635
21.266666666666666 -0.15103316511017234 0.0006872481031629796
21.3 -0.1610126095727744 0.0006925363790994121
21.333333333333332 -0.16772886832227893 0.0006954685521717852
21.366666666666667 -0.1702435796968625 0.0006972836062189014
21.4 -0.16892362883847317 0.0006962383498727298
21.433333333333334 -0.16204104124523477 0.0006934996834596086
21.466666666666665 -0.15152081873615497 0.0006879518006046859
21.5 -0.13754650581663105 0.0006816282315243449
21.533333333333335 -0.1207468580038637 0.0006729040975345518
21.566666666666666 -0.10013780232555607 0.0006618294907821953
21.6 -0.07882602167184882 0.0006510694145141632
21.633333333333333 -0.05451369265098756 0.0006365402652076871
21.666666666666668 -0.028040331227068074 0.0006207264568215652
21.7 -0.002731223241633918 0.0006060340093747584
21.733333333333334 0.022851819804374403 0.0006166591182217573
21.766666666666666 0.04565951684854029 0.000630925838855767
21.8 0.06967550922183098 0.0006449996710562733
21.833333333333332 0.09056050640593609 0.0006560296508766328
21.866666666666667 0.10778598095796071 0.0006655563502587225
21.9 0.12102185566313872 0.0006732225633077765
21.933333333333334 0.13138505716819823 0.0006776450551204127
21.966666666666665 0.1364599669406297 0.0006826472624463231
22.0 0.13856411408342686 0.0006817759946040336
22.033333333333335 0.13658320319935222 0.0006816705504849863
22.066666666666666 0.13072408456175424 0.0006784061521435958
22.1 0.12051903389426138 0.0006731850531734723
22.133333333333333 0.10645908269440545 0.0006657187314759172
22.166666666666668 0.0889841962025021 0.000656197791137153
22.2 0.06863713927639017 0.0006480314163479495
22.233333333333334 0.04617217399743536 0.0006335056473829315
22.266666666666666 0.021038082075321672 0.0006175963177248306
22.3 -0.003585916644814863 0.0006064628292893714
22.333333333333332 -0.03021160048959199 0.00062232163470358
22.366666666666667 -0.054813555207334164 0.000638407694651677
22.4 -0.07924720868576023 0.0006499431364846014
22.433333333333334 -0.10093709863548742 0.0006612550304989778
22.466666666666665 -0.12116855864068389 0.0006717601524724032
22.5 -0.13891852677089866 0.0006811736553299363
22.533333333333335 -0.15159302290292223 0.0006871917478127598
22.566666666666666 -0.16163841070786103 0.0006931361207073439
22.6 -0.1675289769681677 0.0006963367199386561
22.633333333333333 -0.1697013234823514 0.000697268311990823
22.666666666666668 -0.1674882202607629 0.0006966851699952425
22.7 -0.1605864246170417 0.000693468335547065
22.733333333333334 -0.14940696669777448 0.0006875095036720236
22.766666666666666 -0.1357563925291661 0.000679867825448266
22.8 -0.11982780864265663 0.000671864847997139
22.833333333333332 -0.09829735465259036 0.0006602820952134186
22.866666666666667 -0.07527129612936478 0.0006469619308358265
22.9 -0.05101249052684945 0.0006335238008947155
22.933333333333334 -0.025807386218343 0.0006209816080617846
22.966666666666665 0.0004765821527874078 0.000605150327796947
23.0 0.025426584563552426 0.0006184349055748592
23.033333333333335 0.048417915800187075 0.0006313782763384124
23.066666666666666 0.07047466273465129 0.0006446641956803223
23.1 0.08996759343413571 0.0006557356672269171
23.133333333333333 0.10721580052015611 0.00066430173623587
23.166666666666668 0.12212297194251721 0.0006731609195346905
23.2 0.13093300712642067 0.0006776027297202558
23.233333333333334 0.1370735857638132 0.0006807725439910983
23.266666666666666 0.13880819720699358 0.0006816406997683933
23.3 0.13614368211310915 0.0006804227216298531
23.333333333333332 0.12896512751756942 0.0006776114742297612
23.366666666666667 0.11853635780389718 0.000671453946314543
23.4 0.10474801579953816 0.0006644589626177699
23.433333333333334 0.08776384583272369 0.0006552240215623867
23.466666666666665 0.06660083053325926 0.0006438584577767303
23.5 0.04319550206255833 0.0006297585460173782
23.533333333333335 0.019634643466645566 0.0006154516029365162
23.566666666666666 -0.00502401878066081 0.0006074527773356469
23.6 -0.030337132815248757 0.0006213395551324316
23.633333333333333 -0.055658881844158355 0.0006361190880046705
23.666666666666668 -0.0793619776523002 0.0006494351688918626
23.7 -0.10192471945475874 0.0006615964518811995
23.733333333333334 -0.12097527584137129 0.0006742656094256699
23.766666666666666 -0.13699451717727457 0.0006803555460297983
23.8 -0.1518523832375664 0.0006881635956421939
23.833333333333332 -0.1614396353858052 0.0006925573454028
23.866666666666667 -0.16650254185456675 0.0006956255527056365
23.9 -0.16849390175347778 0.000697158201298731
23.933333333333334 -0.165697280072076 0.000696124948027399
23.966666666666665 -0.15995227382276797 0.000692915337509592
24.0 -0.14865308763250687 0.0006875331965494336
24.033333333333335 -0.1353587058701872 0.0006802844205770486
24.066666666666666 -0.11759084447145182 0.0006710738128558741
24.1 -0.09725261177976764 0.0006610089821443565
24.133333333333333 -0.07325635769251014 0.00064652760817549
24.166666666666668 -0.04945099560391379 0.0006326932356587878
24.2 -0.023692086181896544 0.0006172408928457086
24.233333333333334 0.002119787366410685 0.0006046813332262844
24.266666666666666 0.026476316018621302 0.0006184491429841073
24.3 0.05043230271788639 0.0006329568568387428
24.333333333333332 0.07236127459752695 0.0006454130624498206
24.366666666666667 0.09216014078134245 0.0006561148643930287
24.4 0.10823645256402264 0.0006647268366106601
24.433333333333334 0.12186390204100486 0.0006728110390854108
24.466666666666665 0.1307052963483703 0.0006769253314301005
24.5 0.13624518630740715 0.0006806390671208473
24.533333333333335 0.13806726768953506 0.0006814748157289441
24.566666666666666 0.1349957702131798 0.0006805170715109277
24.6 0.12843333495373804 0.0006769278058150752
24.633333333333333 0.11746485401562082 0.0006720090168332443
24.666666666666668 0.10290691578975437 0.000663994159400827
24.7 0.08486568141909835 0.0006543519511062884
24.733333333333334 0.065591418252639 0.000642148475539589
24.766666666666666 0.041856128375301865 0.000628208093312009
24.8 0.01773395124304086 0.0006149490120944019
24.833333333333332 -0.00798394779325168 0.0006089306209361798
24.866666666666667 -0.03219472829496226 0.0006233958121899391
24.9 -0.057625023310110234 0.0006409340331950605
24.933333333333334 -0.08111259196980192 0.0006513430758579714
24.966666666666665 -0.10337313290673969 0.0006659846972571631
25.0 -0.1219329794195668 0.0006721693396988665
25.033333333333335 -0.13779604959756314 0.0006814405617576735
25.066666666666666 -0.15117132582692278 0.0006880040504416984
25.1 -0.16068388094837466 0.0006927001832241764
25.133333333333333 -0.16665202888144576 0.0006959380457225162
25.166666666666668 -0.16826346134420034 0.0006970308581485951
25.2 -0.16563146046683566 0.0006956738698956078
25.233333333333334 -0.15750524081840522 0.0006913717403288222
25.266666666666666 -0.14590877272148123 0.0006860076539575433
25.3 -0.13183332528687172 0.0006795235373753261
25.333333333333332 -0.11386313894548948 0.0006695024573014907
25.366666666666667 -0.0941419356955195 0.0006584734222059851
25.4 -0.07125366070682473 0.0006458543278624884
25.433333333333334 -0.04768146157968534 0.0006312564028179563
25.466666666666665 -0.022178455186576535 0.00061787450878098
25.5 0.001802068317246089 0.0006058167967931459
25.533333333333335 0.02846950946930725 0.0006200179874655577
25.566666666666666 0.05214813019001369 0.0006339441999253931
25.6 0.07225803917629985 0.0006456256191960941
25.633333333333333 0.09222669351952605 0.0006562259731274778
25.666666666666668 0.10949175902769892 0.0006663158408771186
25.7 0.12221209698147968 0.0006742281093198299
25.733333333333334 0.12973931356491125 0.0006797887453039997
25.766666666666666 0.13677839876449308 0.000682260230327747
25.8 0.13768026233817476 0.0006819888706290911
25.833333333333332 0.13320626783948225 0.0006828323934079672
25.866666666666667 0.1256359737377627 0.0006793360367261803
25.9 0.11608047984375872 0.0006714015412952329
25.933333333333334 0.09836611748740094 0.0006634593554334794
25.966666666666665 0.08293365380906294 0.0006529839221986744
26.0 0.06165734129506059 0.0006398897291059122
26.033333333333335 0.03961023657594229 0.0006274644537601418
26.066666666666666 0.01603759446590541 0.0006134940160188243
26.1 -0.008534883566500244 0.0006088713926085208
26.133333333333333 -0.03533500118385388 0.0006238875384800974
26.166666666666668 -0.05905681417962443 0.0006382238522599157
26.2 -0.0830520029204635 0.0006502410959602217
26.233333333333334 -0.10360599434029025 0.0006634200304455051
26.266666666666666 -0.12215416201871249 0.0006719245279607211
26.3 -0.13901877939138335 0.0006832046043384332
26.333333333333332 -0.1517065712479613 0.000687494991444132
26.366666666666667 -0.16027019356862243 0.0006927929204141869
26.4 -0.16593921552358126 0.0006953012350030818
26.433333333333334 -0.1658263203450179 0.0006968104237456141
26.466666666666665 -0.162613803209753 0.0006943087809486992
26.5 -0.15548144408721715 0.0006910666076386796
26.533333333333335 -0.1437787104456316 0.0006849222432646351
26.566666666666666 -0.1295195641811186 0.0006773268463531046
26.6 -0.11155590584579632 0.0006676899716543533
26.633333333333333 -0.09086960652141865 0.0006557790824537751
26.666666666666668 -0.06843057863537866 0.0006440170449195787
26.7 -0.04566022220961862 0.0006308487115202141
26.733333333333334 -0.020067676507353582 0.0006163490212705812
26.766666666666666 0.005155759441379595 0.0006067068135565184
26.8 0.030463682740376734 0.0006219143476427665
26.833333333333332 0.05293094141220966 0.0006341967418675779
26.866666666666667 0.07425222152277533 0.0006469072406306564
26.9 0.09351242310751152 0.0006575714202034233
26.933333333333334 0.11030574473969558 0.0006668867466946976
26.966666666666665 0.1183696888834344 0.0006741204950660995
27.0 0.1289391442992261 0.0006785260447862151
27.033333333333335 0.13467028976897988 0.0006807602234426835
27.066666666666666 0.1354359669604485 0.0006805246043409541
27.1 0.13285760691223727 0.0006792204193517004
27.133333333333333 0.1259817562414071 0.0006761283177599553
27.166666666666668 0.11407600885074802 0.0006700023051594561
27.2 0.09915130322588132 0.0006613214048119542
27.233333333333334 0.08190661918319281 0.0006527213334106274
27.266666666666666 0.06142751235338688 0.0006406979387244827
27.3 0.038916595810282055 0.0006268801161330995
27.333333333333332 0.014244751356452366 0.000611955560411135
27.366666666666667 -0.010069353919664525 0.0006099528753473367
27.4 -0.034471651520777226 0.0006239877172663638
27.433333333333334 -0.05914989157808349 0.0006384326137962304
27.466666666666665 -0.08381099088580923 0.0006518590541201713
27.5 -0.10560269038711963 0.0006636099513789157
27.533333333333335 -0.12404892867565682 0.0006732975978281236
27.566666666666666 -0.1393859521379271 0.0006815095977070196
27.6 -0.15206143747372167 0.0006884999938037983
27.633333333333333 -0.16045064108901583 0.0006924548629414495
27.666666666666668 -0.16460830243220434 0.000694901789419583
27.7 -0.16542466278212187 0.0006953610624867435
27.733333333333334 -0.1622205009879816 0.0006961150377323977
27.766666666666666 -0.15455876260874185 0.0006904359294720996
27.8 -0.1442585414687903 0.0006845436183471887
27.833333333333332 -0.12797517601181452 0.0006765461480431056
27.866666666666667 -0.1102002736146153 0.0006668875180179668
27.9 -0.08960141478876624 0.0006565831240926412
27.933333333333334 -0.06681244272227203 0.0006441792516698741
27.966666666666665 -0.04294317673567683 0.0006300147423763808
28.0 -0.018100146951041955 0.0006155320904159788
28.033333333333335 0.006956675708185728 0.0006074181197644182
28.066666666666666 0.031539260335881024 0.0006232644224666642
28.1 0.054340520891222065 0.0006362328976896384
28.133333333333333 0.07564608591249915 0.0006478057117473845
28.166666666666668 0.09419731512526786 0.0006580502689572387
28.2 0.10983717292790518 0.0006666425212121518
28.233333333333334 0.12161695061905178 0.0006726329431359229
28.266666666666666 0.12990869194698954 0.0006774332514952741
28.3 0.13406310587549866 0.0006794216077863624
28.333333333333332 0.1348934347736122 0.0006802624261532386
28.366666666666667 0.13065109468816066 0.000678037248246055
28.4 0.12434659156953626 0.0006750902798809688
28.433333333333334 0.11294055708383217 0.0006695136493944098
28.466666666666665 0.09826125160144261 0.0006617781920916221
28.5 0.07998865403845437 0.0006512091797199193
28.533333333333335 0.059270280302841316 0.0006388279864218346
28.566666666666666 0.03687931576822978 0.0006262565362223707
28.6 0.012118157456560091 0.0006112415032781954
28.633333333333333 -0.01194426912373111 0.0006110578583693582
28.666666666666668 -0.0360871133290983 0.0006246866675446647
28.7 -0.06164343899019902 0.0006397541064248405
28.733333333333334 -0.08462654814696666 0.0006524580958603005
28.766666666666666 -0.10563294510508145 0.0006642072577337232
28.8 -0.1240848548441873 0.00067410090806648
28.833333333333332 -0.1393106595039722 0.0006818016425307882
28.866666666666667 -0.15205695751756457 0.0006901885510184891
28.9 -0.16080249046197526 0.0006925707362797351
28.933333333333334 -0.16399964796830452 0.0006946389241916928
28.966666666666665 -0.16416466784634437 0.0006947823583757784
29.0 -0.1607738438005732 0.0006929948852038015
29.033333333333335 -0.15348178058306247 0.0006900391929089977
29.066666666666666 -0.14148390713853085 0.0006832976516853717
29.1 -0.1263144019108517 0.0006755685368757258
29.133333333333333 -0.10789628477636627 0.0006656574363853168
29.166666666666668 -0.08718135288874242 0.0006547734399171001
29.2 -0.06520539207896611 0.0006420302239786291
29.233333333333334 -0.040589030146831365 0.0006275884687318156
29.266666666666666 -0.016060761936592033 0.0006132771374242653
29.3 0.009408680933088522 0.0006093316097045363
29.333333333333332 0.032707080293694284 0.0006228512730214603
29.366666666666667 0.05612667333346122 0.0006368955853550198
29.4 0.07705438908251089 0.0006484103478643366
29.433333333333334 0.09572833564640337 0.0006583170615494238
29.466666666666665 0.11135392773506005 0.0006687505430835322
29.5 0.12268477895166302 0.0006741583892986153
29.533333333333335 0.12974996817758186 0.0006782592256013575
29.566666666666666 0.1342571950989943 0.0006794233190394461
29.6 0.13506091135652584 0.000679708769927595
29.633333333333333 0.13072197921456727 0.0006781058295380338
29.666666666666668 0.12298738208003815 0.0006752455222257259
29.7 0.11104333764661113 0.0006689807605634035
29.733333333333334 0.09691211112418907 0.0006608789370756984
29.766666666666666 0.07783846554943553 0.0006497532335652395
29.8 0.05685475910394812 0.0006383409031938125
29.833333333333332 0.0337367226502529 0.0006246884568700262
29.866666666666667 0.010757938308017972 0.0006104470061344559
29.9 -0.01431658935381114 0.0006127062630474061
29.933333333333334 -0.03842185273136883 0.0006259581222165037
29.966666666666665 -0.06367646289478403 0.0006408349429389976
30.0 -0.08589188732076529 0.0006532827924770335
30.033333333333335 -0.1059858073214061 0.0006641479979272724
30.066666666666666 -0.12417936873507529 0.0006736601539271275
30.1 -0.13951786681477157 0.0006827900705786982
30.133333333333333 -0.15521024625957167 0.000691203648592903
30.166666666666668 -0.15964202983437328 0.0006925186097644365
30.2 -0.16369417989650237 0.0006945167257806084
30.233333333333334 -0.16357186808841834 0.000694246800661602
30.266666666666666 -0.15945348603959783 0.0006919527256592506
30.3 -0.15194354679893884 0.0006889104973039351
30.333333333333332 -0.13895530609764709 0.0006823903559932953
30.366666666666667 -0.12414239083120805 0.0006754750538376791
30.4 -0.10581277602715526 0.0006646979699325012
30.433333333333334 -0.08620387251510958 0.0006531755776191528
30.466666666666665 -0.06251107878247178 0.0006412166179941281
30.5 -0.038546944824861956 0.0006271501122769169
30.533333333333335 -0.013304660951277941 0.0006112095086082004
30.566666666666666 0.01027998954578289 0.0006098919543557294
30.6 0.034061309497213255 0.0006239569729848127
30.633333333333333 0.05699407617303593 0.0006382706146323552
30.666666666666668 0.07821274746914754 0.0006493022595654846
30.7 0.09592869469130778 0.0006593408950447549
30.733333333333334 0.11017095022606861 0.0006665907698239215
30.766666666666666 0.12215326260499935 0.0006747642810107229
30.8 0.12910200060937257 0.000676468602573782
30.833333333333332 0.13349883453687492 0.0006787481498610748
30.866666666666667 0.1334837168894733 0.0006789252993569805
30.9 0.12833093783757335 0.0006772812577675869
30.933333333333334 0.11998832549878113 0.000672244391283966
30.966666666666665 0.10933834960626485 0.0006677007572849364
31.0 0.09325085644397973 0.0006592523920406351
31.033333333333335 0.0752723364755881 0.0006492787881259288
31.066666666666666 0.05467051002958784 0.0006375913690747775
31.1 0.033490740513011145 0.0006240003569920119
31.133333333333333 0.009457596625750794 0.0006094816171047842
31.166666666666668 -0.01803627230553221 0.0006138256673335757
31.2 -0.041393754702893026 0.000628071524120595
31.233333333333334 -0.06465224063940685 0.0006411049464277452
31.266666666666666 -0.08738726248838401 0.0006531732788964406
31.3 -0.10713516508641589 0.0006645671771047801
31.333333333333332 -0.12493390856214633 0.0006739569441557985
31.366666666666667 -0.13906321643778213 0.0006808072387240738
31.4 -0.150686667654609 0.0006874695971020861
31.433333333333334 -0.1583751478923414 0.0006912872589359131
31.466666666666665 -0.16242554194327047 0.0006940076532588879
31.5 -0.1628752318769374 0.0006950587329678237
31.533333333333335 -0.1584675471108903 0.0006925141453630601
31.566666666666666 -0.15066031095873203 0.0006886821709600754
31.6 -0.1379325658150614 0.0006817823658841204
31.633333333333333 -0.12212933393186652 0.0006730252309965767
31.666666666666668 -0.10386348416980158 0.0006638506878742095
31.7 -0.08315397591299181 0.0006519841968169876
31.733333333333334 -0.06075600863707684 0.0006404724625323419
31.766666666666666 -0.037567805154576354 0.0006249450189845657
31.8 -0.012160193566474351 0.0006107351589771694
31.833333333333332 0.012641945186253977 0.0006121807527716388
31.866666666666667 0.036760035813476866 0.0006253280607016812
31.9 0.05706493206595885 0.0006378256001367058
31.933333333333334 0.07769003886303166 0.0006485081593742142
31.966666666666665 0.09507518833942345 0.0006587630533162053
32.0 0.11041438012621332 0.000667835026187058
32.03333333333333 0.12169811759715828 0.0006748264102156565
32.06666666666667 0.12872157673489576 0.0006785412365815369
32.1 0.13362922378856557 0.0006801948171539784
32.13333333333333 0.13327293773109095 0.0006799492557128806
32.166666666666664 0.12885398858366395 0.0006774938839675115
32.2 0.12074643266590736 0.0006734309986495407
32.233333333333334 0.10835844150080402 0.0006660811463750499
32.266666666666666 0.09300308823655384 0.0006592966990602994
32.3 0.07372123503698041 0.0006471583906725864
32.333333333333336 0.05387253966688237 0.0006354650530352515
32.36666666666667 0.031113630489909345 0.000622548798425597
32.4 0.006902236460900646 0.0006062484700751327
32.43333333333333 -0.016849120206978346 0.000613000798555953
32.46666666666667 -0.042220010019931996 0.0006287816616708866
32.5 -0.06620105374585346 0.0006424586283936828
32.53333333333333 -0.08789926632041876 0.0006541053884461384
32.56666666666667 -0.10743575676416003 0.000665017685012606
32.6 -0.12493677821665047 0.0006745846009717782
32.63333333333333 -0.1398481569413571 0.0006824710619218466
32.666666666666664 -0.15103030285166358 0.0006874633850691148
32.7 -0.15880864173127693 0.000692341783594036
32.733333333333334 -0.16219064536871003 0.000693768613049095
32.766666666666666 -0.16152719216866035 0.0006934518703021753
32.8 -0.15651442419041714 0.0006911988709308314
32.833333333333336 -0.1484263755993678 0.0006869039989356729
32.86666666666667 -0.13718700116335364 0.0006805663190074251
32.9 -0.12115890248470716 0.0006729707819687347
32.93333333333333 -0.10265799700811967 0.0006632591977897284
32.96666666666667 -0.08125180474352618 0.0006525798102395147
33.0 -0.0588018597250975 0.0006388753348836942
33.03333333333333 -0.034969126230493586 0.0006246320328092206
33.06666666666667 -0.010816040485289882 0.0006103320268065898
33.1 0.012572336300576432 0.0006088204933203927
33.13333333333333 0.03731254982658225 0.0006256925816979161
33.166666666666664 0.05897112234971047 0.0006385827906573577
33.2 0.07811815673919728 0.0006490029167286332
33.233333333333334 0.09626580868263994 0.0006600214821175926
33.266666666666666 0.11070520407315716 0.0006668977469963394
33.3 0.1214866722347504 0.0006727242484372564
33.333333333333336 0.12897736868834786 0.0006770383385457657
33.36666666666667 0.1326543555419647 0.0006790613008116342
33.4 0.13228778484101314 0.00067905398608753
33.43333333333333 0.12766494203640957 0.0006755594381230301
33.46666666666667 0.11903881835979903 0.0006727352539948467
33.5 0.10705290941337631 0.0006655542382087293
33.53333333333333 0.0910877362839582 0.0006560465422244949
33.56666666666667 0.07235984222460916 0.0006454804502962347
33.6 0.05064802320493603 0.0006344958940297865
33.63333333333333 0.02851458907518659 0.0006209992707317605
33.666666666666664 0.005310509152139234 0.0006073567708979512
33.7 -0.01894409398779209 0.0006153664872404589
33.733333333333334 -0.04405430915315749 0.0006294651729965364
33.766666666666666 -0.0669477709250695 0.0006425688393073836
33.8 -0.08935047448202735 0.0006549040262356365
33.833333333333336 -0.10928827538134583 0.0006663846692708808
33.86666666666667 -0.12662606199713708 0.0006750526161059811
33.9 -0.14164739761302608 0.000683147891972935
33.93333333333333 -0.15192818993363547 0.0006881907960857303
33.96666666666667 -0.1584573935687065 0.0006926348978311125
34.0 -0.16222481681759962 0.0006971096500602292
34.03333333333333 -0.16136814434204286 0.0006946423195272888
34.06666666666667 -0.15573938235069953 0.0006911292186126683
34.1 -0.14736562734937111 0.0006877350835920448
34.13333333333333 -0.13476644433495127 0.0006819201005683617
34.166666666666664 -0.1176441173841028 0.0006720434068202275
34.2 -0.10031050669032497 0.0006620077128349916
34.233333333333334 -0.07976721117569739 0.0006499311323999446
34.266666666666666 -0.05810346986960874 0.0006386970870039255
34.3 -0.03475386419392051 0.0006250606993139993
34.333333333333336 -0.008475515156913421 0.0006089844613036011
34.36666666666667 0.016194731394181816 0.0006126111660402951
34.4 0.038877107633312084 0.000626852253566075
34.43333333333333 0.06053745903758041 0.0006399941993765618
34.46666666666667 0.08133646955761961 0.0006495335683878445
34.5 0.09777655894748619 0.0006596951722749322
34.53333333333333 0.11141323911007114 0.0006670115537155408
34.56666666666667 0.1226327281937358 0.0006732492237322973
34.6 0.1298025793768193 0.0006772444505148412
34.63333333333333 0.13250682501118458 0.0006781469408515262
34.666666666666664 0.13170968770850766 0.0006792542047942551
34.7 0.12548172076906108 0.0006763723821245071
34.733333333333334 0.11787274316140643 0.0006715586563492276
34.766666666666666 0.10595933876233467 0.0006644131174333295
34.8 0.08909339866331543 0.0006557613744883617
34.833333333333336 0.07007931816718135 0.0006451001294136283
34.86666666666667 0.04958438075221084 0.0006336271733199395
34.9 0.0273120346649739 0.0006201496544292057
34.93333333333333 0.00352688645320196 0.0006066628514227123
34.96666666666667 -0.021487069787878097 0.0006169437768625934
35.0 -0.045109812114585424 0.000630116697904394
35.03333333333333 -0.06801492758741916 0.0006419015530755301
35.06666666666667 -0.09055791599364844 0.0006554048760961384
35.1 -0.1095881855293005 0.00066584982578273
35.13333333333333 -0.12708820143583663 0.0006746471640099727
35.166666666666664 -0.14147993045970386 0.0006828019358949
35.2 -0.15252159842948132 0.0006893054177611602
35.233333333333334 -0.15866883722369463 0.0006934492728104258
35.266666666666666 -0.16143149092696762 0.0006950337656868588
35.3 -0.16046939195764293 0.0006937385546114672
35.333333333333336 -0.1549390492690201 0.0006904136198375987
35.36666666666667 -0.14594138125482214 0.0006857968825020877
35.4 -0.13288363120347935 0.0006796033347259145
35.43333333333333 -0.11708222830572641 0.0006707973507135145
35.46666666666667 -0.09816638234893822 0.0006602059525558646
35.5 -0.0768540446455499 0.0006487623846047896
35.53333333333333 -0.053558625248015294 0.0006350434487837758
35.56666666666667 -0.030068231425035532 0.0006214997548741052
35.6 -0.0067610876043556764 0.000608369378676722
35.63333333333333 0.017832158216366013 0.0006143304799711806
35.666666666666664 0.0402292156543103 0.0006275105540342676
35.7 0.06282153168178677 0.0006404519441432915
35.733333333333334 0.08132022843071961 0.0006512057983414227
35.766666666666666 0.09834442346975875 0.000660389822442986
35.8 0.1127539405947926 0.0006682201143500682
35.833333333333336 0.12255452060748166 0.0006731889426977306
35.86666666666667 0.1282399411092596 0.0006771789840499254
35.9 0.13144500178182772 0.0006790076358043629
35.93333333333333 0.1308145966436069 0.0006782588736787276
35.96666666666667 0.12494909479054356 0.0006753664478794941
36.0 0.11570073305240651 0.0006707955698559698
36.03333333333333 0.1033224363318032 0.0006635243182694511
36.06666666666667 0.08532004646628641 0.0006539901914636714
36.1 0.06860763872860665 0.0006442221544225718
36.13333333333333 0.04688200979246658 0.0006317338562523492
36.166666666666664 0.023573294776144702 0.0006180678423400032
36.2 0.0012313364579053662 0.0006047317226308311
36.233333333333334 -0.023395495672626762 0.0006179322998914188
36.266666666666666 -0.04635050186828618 0.0006294039004603874
36.3 -0.06970683797318356 0.000643740283020694
36.333333333333336 -0.09103895643855085 0.0006559910851778039
36.36666666666667 -0.10998229158931326 0.0006664092530611621
36.4 -0.12618970373062768 0.0006744621227859904
36.43333333333333 -0.13982516824790003 0.0006823093591188378
36.46666666666667 -0.1505714019856265 0.0006878596766921041
36.5 -0.1561487111539047 0.0006905707042690057
36.53333333333333 -0.15863214269079484 0.0006922912697222283
36.56666666666667 -0.1581117351214382 0.0006923159146842162
36.6 -0.15290562182156422 0.0006897565392717242
36.63333333333333 -0.14372264104541646 0.000684991251492878
36.666666666666664 -0.13065028070856394 0.0006778696571991261
36.7 -0.11507001875473039 0.0006700316500513059
36.733333333333334 -0.09688185227744026 0.0006602939411114311
36.766666666666666 -0.07492297628332881 0.0006479630412762616
36.8 -0.05256610038414338 0.0006342735253287643
36.833333333333336 -0.028137462768704866 0.000620841700771025
36.86666666666667 -0.0038912339023795895 0.0006062776668827969
36.9 0.019198970113863633 0.0006152547150182
36.93333333333333 0.04162062946619671 0.0006283701560752877
36.96666666666667 0.06411068781011507 0.000643267483016019
37.0 0.08210040357351264 0.0006509723282677182
37.03333333333333 0.09925826168185087 0.0006605431944568113
37.06666666666667 0.11213495492929045 0.0006674575076494188
37.1 0.12165767567955643 0.0006739229310238487
37.13333333333333 0.1282027638584862 0.000677659584417678
37.166666666666664 0.13059309470366479 0.000678384532571269
37.2 0.12905298429503861 0.0006779143372388219
37.233333333333334 0.12285634372567603 0.0006737785444419359
37.266666666666666 0.11450807893036204 0.0006699466618097921
37.3 0.10216792548856556 0.0006633333386980578
37.333333333333336 0.08539911217664559 0.0006534673171996325
37.36666666666667 0.06620822315405675 0.0006418423712910293
37.4 0.046378189913151596 0.0006297046134929318
37.43333333333333 0.021950669260238587 0.0006170126105180702
37.46666666666667 -0.0010436369673126845 0.0006037410547570005
37.5 -0.02524480493079139 0.0006192726506249191
37.53333333333333 -0.04825410164769053 0.0006318486491468586
37.56666666666667 -0.07171793952834651 0.0006441505641648082
37.6 -0.09231633909742727 0.0006560936363991382
37.63333333333333 -0.11081994889962095 0.0006662155264633429
37.666666666666664 -0.12778449392758381 0.0006748704402613492
37.7 -0.14095659412117786 0.00068262573754585
37.733333333333334 -0.15053990387706268 0.0006873277258133692
37.766666666666666 -0.1560951111464078 0.0006901745129868908
37.8 -0.1580339909350796 0.000691095889039206
37.833333333333336 -0.15669899989603178 0.0006911213168062924
37.86666666666667 -0.15143099957024125 0.000688765168345512
37.9 -0.14152146364145618 0.000684544159434225
37.93333333333333 -0.12944160463413404 0.0006778682190011764
37.96666666666667 -0.11380052279680082 0.000670472389214305
38.0 -0.09581572044563892 0.0006594303715339866
38.03333333333333 -0.07356895426431179 0.0006467087395045229
38.06666666666667 -0.0510195852113857 0.0006350438113655252
38.1 -0.02742499838810324 0.0006205775109405266
38.13333333333333 -0.0024151777918329192 0.0006054284237041918
38.166666666666664 0.02027154805188585 0.0006171609282265636
38.2 0.04507292314314976 0.0006305331994409524
38.233333333333334 0.06423357165760457 0.0006421749537787041
38.266666666666666 0.08332572306218193 0.0006520086152339982
38.3 0.09820617369033421 0.0006604198633241298
38.333333333333336 0.11161737035845369 0.0006682060074988255
38.36666666666667 0.12173108632850588 0.000673160099829262
38.4 0.12734007039148731 0.0006764728019795774
38.43333333333333 0.12983665821228157 0.0006783156240088017
38.46666666666667 0.1281613236545271 0.0006766938101140096
38.5 0.12286267411170038 0.0006739929710121301
38.53333333333333 0.11367071169783165 0.0006687047820170822
38.56666666666667 0.10120899376316997 0.0006622302039388656
38.6 0.08454303228111912 0.0006526557632509228
38.63333333333333 0.06540403589433957 0.0006426249404684753
38.666666666666664 0.044574213974579634 0.000630353274468122
38.7 0.021508409354841263 0.0006169262577801968
38.733333333333334 -0.002259883574705519 0.0006054168645309925
38.766666666666666 -0.02529835770256493 0.0006185536248078521
38.8 -0.04843264131887683 0.0006321025900481725
38.833333333333336 -0.07263442124794238 0.0006464507802698971
38.86666666666667 -0.09242252298252322 0.000656321712966243
38.9 -0.11186015842751088 0.0006669410936706172
38.93333333333333 -0.12830009356449876 0.0006757754916164038
38.96666666666667 -0.14128863758182852 0.0006826443952488992
39.0 -0.15136039486490668 0.000688887404426769
39.03333333333333 -0.1565859349555778 0.0006915170851205243
39.06666666666667 -0.15919575913742365 0.0006925886928864089
39.1 -0.15718005349550146 0.0006914524118150911
39.13333333333333 -0.15147676859420875 0.0006890528063654144
39.166666666666664 -0.14058935170872872 0.0006833619481896869
39.2 -0.12687736568105515 0.0006755933775876299
39.233333333333334 -0.11124042205268216 0.0006682397268888418
39.266666666666666 -0.09281386678115615 0.000658243886312665
39.3 -0.07085574919656473 0.0006459352734966284
39.333333333333336 -0.047500430350162895 0.0006314970097592576
39.36666666666667 -0.02570073684479256 0.0006190616602639934
39.4 -0.0016105400163051154 0.0006043097298555613
39.43333333333333 0.021704241498118403 0.0006166846211828232
39.46666666666667 0.04450821612246682 0.0006303363063897768
39.5 0.06519343753806982 0.0006441876513613165
39.53333333333333 0.0844003738193536 0.0006544405413126814
39.56666666666667 0.10102095664252816 0.0006622153771006362
39.6 0.11309941349265062 0.0006697951347166275
39.63333333333333 0.12245852482299152 0.0006731950430779038
39.666666666666664 0.1274653456174778 0.0006764214978163818
39.7 0.12964289414948119 0.0006783219133604801
39.733333333333334 0.12629379325825024 0.0006757656957173397
39.766666666666666 0.12068052346679704 0.0006729718115732197
39.8 0.11177967475375541 0.0006683885089008579
39.833333333333336 0.09903430066614627 0.0006608107007688435
39.86666666666667 0.08249757743144462 0.0006527899106527763
39.9 0.06360975296350099 0.0006406366037983169
39.93333333333333 0.04195469268184594 0.0006294042457075308
39.96666666666667 0.019565048073354824 0.000615453352227447
40.0 -0.00428723619131449 0.000606757200482152
40.03333333333333 -0.027785547073280344 0.0006202320123061406
40.06666666666667 -0.05085101834179456 0.0006325195579559711
40.1 -0.07330158094907234 0.0006456107784275633
40.13333333333333 -0.09361409713656452 0.0006570450561914076
40.166666666666664 -0.11257857427168917 0.00066803865098225
40.2 -0.12856020629476705 0.0006756737485278386
40.233333333333334 -0.14135010629369102 0.0006826442887339634
40.266666666666666 -0.15021369804940995 0.0006877863388785599
40.3 -0.15569250953698388 0.0006904212697054213
40.333333333333336 -0.15681138888909138 0.0006910670560104359
40.36666666666667 -0.15454008932048172 0.0006905624845170433
40.4 -0.14867287238098562 0.000687142138070751
40.43333333333333 -0.13926324344853472 0.0006826167664490401
40.46666666666667 -0.12548195727762068 0.0006753075960320709
40.5 -0.1087803008099921 0.0006661998485089221
40.53333333333333 -0.08874130040583504 0.0006553229987737857
40.56666666666667 -0.06919197417935763 0.0006443458366987148
40.6 -0.046419463101339695 0.0006308214252591024
40.63333333333333 -0.022345502502493782 0.0006165624845930438
40.666666666666664 0.001066266339916623 0.0006050122196192601
40.7 0.0242081318755395 0.000618558781923944
40.733333333333334 0.04678272477133042 0.0006311220658316505
40.766666666666666 0.06795192419291567 0.0006435283592615831
40.8 0.08557656798482316 0.000652078605829054
40.833333333333336 0.10155738366476078 0.0006617886819034052
40.86666666666667 0.11369103689834517 0.0006686098005910524
40.9 0.12283146979739001 0.0006746700567600572
40.93333333333333 0.12730480566541674 0.0006768462721237767
40.96666666666667 0.12947044245918252 0.0006778481262872671
41.0 0.12687402315898816 0.0006769861580813441
41.03333333333333 0.11967443321103514 0.000672941405977942
41.06666666666667 0.10953552184376789 0.0006666753714658913
41.1 0.09627859917585761 0.0006603906177800878
41.13333333333333 0.07925144356935566 0.0006509249111853604
41.166666666666664 0.05997201764660926 0.0006396766119561095
41.2 0.03889701871228611 0.0006269933288508139
41.233333333333334 0.018008545208615535 0.0006147911143229608
41.266666666666666 -0.006288960683553305 0.0006086878790892303
41.3 -0.03018962036505341 0.0006221007793462754
41.333333333333336 -0.053367912779067155 0.0006345992235519266
41.36666666666667 -0.07576508376283256 0.0006455332866010244
41.4 -0.09543783917333673 0.000658092544383912
41.43333333333333 -0.11339898184432401 0.0006685311406829514
41.46666666666667 -0.12847972982322725 0.000676065639930945
41.5 -0.14157603646410818 0.0006830732126550665
41.53333333333333 -0.15087283074061472 0.0006870714746850248
41.56666666666667 -0.1566471836776857 0.0006914096642041956
41.6 -0.15692629944647266 0.0006911269441793877
41.63333333333333 -0.15442127084253326 0.0006901563299075986
41.666666666666664 -0.14778913489602571 0.0006866112661598478
41.7 -0.13685235818866204 0.0006806723806144777
41.733333333333334 -0.12341727246227478 0.000675181901060723
41.766666666666666 -0.10633711076740454 0.0006643455317823371
41.8 -0.08748552056389551 0.0006542566078039797
41.833333333333336 -0.0668141708147531 0.0006430216265713579
41.86666666666667 -0.042879127504983676 0.000628858822559003
41.9 -0.019088344776348895 0.0006152944362874807
41.93333333333333 0.002415464139615975 0.0006048940559879013
41.96666666666667 0.026519484681346555 0.0006190863655966723
42.0 0.04714442011400467 0.0006322868337199986
