0.0 -0.8310260203871948 0.0008478198890752298
0.03333333333333333 -0.6657839960276458 0.0008344168926255335
0.06666666666666667 -0.47413932727363906 0.000796512394112936
0.1 -0.2783557463706235 0.00073319082620521
0.13333333333333333 -0.08301370136170984 0.0006384414886072831
0.16666666666666666 0.11346133622009762 0.0006571268056173862
0.2 0.3085961131807311 0.0007468573866090678
0.23333333333333334 0.4898235811934127 0.0008129370248429746
0.26666666666666666 0.6531875412293874 0.0008443498531337523
0.3 0.8113657756112604 0.0008572265687081249
0.3333333333333333 0.9430775099977342 0.0008476468993734443
0.36666666666666664 1.0537266343912892 0.0008310477504551717
0.4 1.149171523664946 0.0008064591050076508
0.43333333333333335 1.2188589591165486 0.0007927090537580561
0.4666666666666667 1.264135337255446 0.0007725201589388053
0.5 1.2807984031924762 0.0007639718430161313
0.5333333333333333 1.273080577974821 0.0007706069978985486
0.5666666666666667 1.2337903639498742 0.000788957906710408
0.6 1.169002962664329 0.0008129636499658588
0.6333333333333333 1.0766421526538652 0.0008376518543049549
0.6666666666666666 0.9604972919774499 0.0008577907574528476
0.7 0.8202953580595107 0.0008670107650035064
0.7333333333333333 0.6539266717518073 0.0008552002657130631
0.7666666666666667 0.4775625003911698 0.0008191002734174169
0.8 0.2869548736104169 0.000746469049723586
0.8333333333333334 0.08550664920697913 0.000646103145770377
0.8666666666666667 -0.10908757884850351 0.0006543563186087176
0.9 -0.296824264871122 0.0007380787455331661
0.9333333333333333 -0.47858648411125193 0.0007929918183070539
0.9666666666666667 -0.6457805328093291 0.0008258560446734453
1.0 -0.7996597216535075 0.0008405382663643213
1.0333333333333334 -0.937199946795184 0.0008307797007633955
1.0666666666666667 -1.051487006110009 0.0008089819483392269
1.1 -1.1487595913625341 0.0007831095502948138
1.1333333333333333 -1.2183019111419704 0.0007597705379414066
1.1666666666666667 -1.2644240013224597 0.000743170066047627
1.2 -1.2849269750290944 0.0007375180403983439
1.2333333333333334 -1.2796389086156728 0.0007401640671536036
1.2666666666666666 -1.2457375256913064 0.0007539866628665237
1.3 -1.1863828119277313 0.0007806910322352145
1.3333333333333333 -1.095244625011561 0.0008067142274845729
1.3666666666666667 -0.9837587323564848 0.0008309451802746004
1.4 -0.8425873217575979 0.0008490112556414076
1.4333333333333333 -0.6783499570439556 0.0008410537847874933
1.4666666666666666 -0.5040732125153807 0.0008142121952973147
1.5 -0.3209005404605303 0.0007514808584240251
1.5333333333333334 -0.12255869106671795 0.0006626112188676536
1.5666666666666667 0.0700624475163783 0.0006334298239216857
1.6 0.262430334407178 0.000727118112662517
1.6333333333333333 0.44151470316224634 0.0007982716165973458
1.6666666666666667 0.6120883108439434 0.0008392524772566912
1.7 0.7639170892311791 0.0008515999603109226
1.7333333333333334 0.8990789328619717 0.0008499113750523035
1.7666666666666666 1.013545242265315 0.0008377734781988
1.8 1.1073987984389695 0.000817240669104935
1.8333333333333333 1.1792176897849085 0.0007976690379329909
1.8666666666666667 1.2260131783820751 0.0007824549003603298
1.9 1.246024334694848 0.00077579321973964
1.9333333333333333 1.2427588038466708 0.0007787396076315289
1.9666666666666666 1.2103281470505782 0.0007917052942036928
2.0 1.1499989146806349 0.0008131940006241845
2.033333333333333 1.0639412269459727 0.0008381931180978519
2.066666666666667 0.9478604264248467 0.0008587443914566117
2.1 0.8137998984581432 0.0008663849780845556
2.1333333333333333 0.6529560244323369 0.0008574338813475135
2.1666666666666665 0.4803509542551923 0.0008155794201437083
2.2 0.2955437966071413 0.0007494138004243145
2.2333333333333334 0.10294883716488773 0.0006555210249744176
2.2666666666666666 -0.08676092833943891 0.0006423055086083318
2.3 -0.27337383250297054 0.0007309864229725349
2.3333333333333335 -0.4524166110904009 0.0007905110482128164
2.3666666666666667 -0.6182861985570016 0.0008241562438421335
2.4 -0.7709348475716016 0.0008373140801394285
2.433333333333333 -0.9088241517981768 0.000832797360415527
2.466666666666667 -1.0227007009343732 0.0008159776482612457
2.5 -1.1141053234371503 0.0007956064705521015
2.533333333333333 -1.1855291579633762 0.0007728365655699232
2.566666666666667 -1.232010758861347 0.0007542295784623843
2.6 -1.2523393213250946 0.0007480993803363756
2.6333333333333333 -1.2478515410059423 0.0007500267145448269
2.6666666666666665 -1.2162491150073869 0.0007625105070407923
2.7 -1.156642986574444 0.0007857318737285457
2.7333333333333334 -1.0687257616402015 0.0008098971450594128
2.7666666666666666 -0.9558304812905329 0.0008310319886768447
2.8 -0.8191264153480764 0.000843060060470191
2.8333333333333335 -0.6596387228123612 0.0008393708124581067
2.8666666666666667 -0.4879251187476235 0.0008019321167014315
2.9 -0.30389849443517863 0.0007436438419340385
2.933333333333333 -0.11915243638572251 0.0006636912202923201
2.966666666666667 0.07481817322544575 0.0006458393371508581
3.0 0.257484643574379 0.0007272010330191536
3.033333333333333 0.432273030350661 0.0007955568869273955
3.066666666666667 0.6009433968981653 0.0008396232692817751
3.1 0.7497399423610377 0.0008597593359360722
3.1333333333333333 0.8846754547144016 0.0008539130521559857
3.1666666666666665 0.9965362953157751 0.0008399837680939104
3.2 1.0867736447419765 0.0008238711530925702
3.2333333333333334 1.1536542016316262 0.0008055143345482296
3.2666666666666666 1.1976381091121173 0.000793268557695237
3.3 1.2168190281960207 0.0007887831906714382
3.3333333333333335 1.2100518210908924 0.0007925956432046632
3.3666666666666667 1.1762798809750326 0.0008026086395804821
3.4 1.1164041181290172 0.0008203931512624774
3.433333333333333 1.0242476007381094 0.000842200703265128
3.466666666666667 0.9123170262298014 0.0008576337759242936
3.5 0.7773127014563664 0.0008647863512825094
3.533333333333333 0.6202170943941446 0.0008456408932806525
3.566666666666667 0.4463723963622758 0.0008033043024424646
3.6 0.2599135797958159 0.000731593406897324
3.6333333333333333 0.07461358785039529 0.000642239741227818
3.6666666666666665 -0.11169025133581474 0.0006568248687902761
3.7 -0.2929215172021829 0.0007382143231038918
3.7333333333333334 -0.47008702222549537 0.0007915033608930644
3.7666666666666666 -0.6277334307862654 0.000826435529681202
3.8 -0.7741309770390417 0.0008387770671915984
3.8333333333333335 -0.9048811037432734 0.0008349521529189552
3.8666666666666667 -1.0144250240149841 0.0008177274195040329
3.9 -1.1021011252437896 0.0007989906508714117
3.933333333333333 -1.167083602789739 0.0007766141304907936
3.966666666666667 -1.20803147116293 0.0007647394744756397
4.0 -1.2246505753994776 0.0007588666154345614
4.033333333333333 -1.2142621695872788 0.0007603773042663686
4.066666666666666 -1.177381365439998 0.0007725137189411591
4.1 -1.1117040944733898 0.0007944054743846962
4.133333333333334 -1.022363448814324 0.0008157404314195205
4.166666666666667 -0.9094066195438406 0.0008363168381118058
4.2 -0.7656127543956841 0.000841924125320137
4.233333333333333 -0.6098142036434057 0.0008223763582744237
4.266666666666667 -0.43967590792048716 0.0007890353584057985
4.3 -0.25603653691959977 0.0007272555871895015
4.333333333333333 -0.07347242865699528 0.0006364814316988515
4.366666666666666 0.10797803132790232 0.0006563205566176428
4.4 0.29450859622565545 0.0007444720441492358
4.433333333333334 0.46801448344971497 0.0008053956821033603
4.466666666666667 0.6247277660782594 0.0008436401080951228
4.5 0.7686362503597352 0.0008592688259975167
4.533333333333333 0.8908148494736771 0.0008549597755569405
4.566666666666666 0.9952040268362401 0.0008411438230562229
4.6 1.078624236140491 0.000825467965848814
4.633333333333334 1.139057196577074 0.0008112139356613035
4.666666666666667 1.1765849428617332 0.0007993399462951079
4.7 1.1872757560979281 0.0007960086355547347
4.733333333333333 1.1747943631981228 0.0008005463816136427
4.766666666666667 1.1317224649130122 0.0008096490048141725
4.8 1.06431628258584 0.0008307027204357276
4.833333333333333 0.971990383084666 0.0008470109120444214
4.866666666666666 0.8549584795591578 0.0008593684762693288
4.9 0.7134427932018842 0.0008575230643644849
4.933333333333334 0.5544619975796675 0.0008358969180475295
4.966666666666667 0.3856060880414884 0.0007852612367729161
5.0 0.20176539672701455 0.0007040351663173128
5.033333333333333 0.015927767785736846 0.0006051532523483998
5.066666666666666 -0.1664167032543858 0.0006837800961576879
5.1 -0.3430918869544259 0.0007592095785195485
5.133333333333334 -0.5113707613726257 0.0008083906166344024
5.166666666666667 -0.6646113190102145 0.0008315241940340945
5.2 -0.8035671355534237 0.0008375544035225113
5.233333333333333 -0.9188366016970088 0.0008325505595385696
5.266666666666667 -1.021327600629098 0.0008151962315867678
5.3 -1.1003696759607202 0.0007990973451406091
5.333333333333333 -1.1548837381051476 0.0007849365973575662
5.366666666666666 -1.1860065470718721 0.0007730450383889309
5.4 -1.1924735582986923 0.000772343621391558
5.433333333333334 -1.173246409599839 0.0007801424541757918
5.466666666666667 -1.1260520485225125 0.0007977852282763376
5.5 -1.0531584688472204 0.0008148766170179567
5.533333333333333 -0.9542873341393088 0.0008310323805594821
5.566666666666666 -0.833610892124115 0.000845449084469263
5.6 -0.6888097080783774 0.0008437446372269175
5.633333333333334 -0.5288348884564962 0.0008160466776684361
5.666666666666667 -0.3556140240813044 0.000765169585901837
5.7 -0.17861653525363025 0.0006915759365969387
5.733333333333333 0.007802208615267606 0.0006000586537139169
5.766666666666667 0.18844101678211364 0.0007001975471510324
5.8 0.3605755197007266 0.000777657048042002
5.833333333333333 0.5248203871008846 0.0008235372962449583
5.866666666666666 0.6726071500953537 0.0008522402905043469
5.9 0.8073810746424492 0.0008568750027050376
5.933333333333334 0.9189782986009526 0.0008530276500468004
5.966666666666667 1.0128080217912092 0.0008376325381831418
6.0 1.0830026521851819 0.000823670593176784
6.033333333333333 1.1320981331814677 0.000814252305154195
6.066666666666666 1.1566523521064944 0.0008053331226249849
6.1 1.1551117137992577 0.0008075205411370856
6.133333333333334 1.1272013607168503 0.0008148811105002096
6.166666666666667 1.0747493061677722 0.0008319015081543757
6.2 0.9963324042322408 0.000846301530044169
6.233333333333333 0.8900951463175701 0.0008597442726401283
6.266666666666667 0.7658137150592738 0.0008638290397418036
6.3 0.6193269197588795 0.0008503825061558778
6.333333333333333 0.4548175539468975 0.0008073138063688923
6.366666666666666 0.2783464788561161 0.0007455960708964149
6.4 0.09661466890876347 0.0006519318582821898
6.433333333333334 -0.08119301746750042 0.0006400226754392224
6.466666666666667 -0.2565054335319246 0.0007250380402482048
6.5 -0.4231622016966907 0.0007854712648253659
6.533333333333333 -0.5821762714487054 0.0008224046757961956
6.566666666666666 -0.7234472957411111 0.0008387821092789016
6.6 -0.8515379128310325 0.000840295815693004
6.633333333333334 -0.9572093560786569 0.0008276003813253441
6.666666666666667 -1.0450018260085143 0.0008126380833368696
6.7 -1.1088868442411417 0.0007967837951898815
6.733333333333333 -1.1497358293342894 0.0007837070545988478
6.766666666666667 -1.1665295045934447 0.0007788205389638314
6.8 -1.157731892130906 0.000781834499329781
6.833333333333333 -1.1235590446115096 0.0007932036825137878
6.866666666666666 -1.061734361666088 0.0008105117849301902
6.9 -0.9741505806946685 0.0008273784787007354
6.933333333333334 -0.8630499198142492 0.0008422640288615613
6.966666666666667 -0.7277715978354448 0.0008451218053100451
7.0 -0.5782300794916032 0.0008267904483357791
7.033333333333333 -0.4141938832542776 0.0007834759203927399
7.066666666666666 -0.2371996563540318 0.0007191603095397792
7.1 -0.06071963556425627 0.0006356106801166383
7.133333333333334 0.1183524469254288 0.0006659265973395778
7.166666666666667 0.2929051362417047 0.0007449617492676364
7.2 0.45838292009605336 0.0008062052139453657
7.233333333333333 0.6072193633438261 0.0008408267500484845
7.266666666666667 0.7444633901391755 0.0008589212441244554
7.3 0.8629358054300854 0.0008553170789313835
7.333333333333333 0.9612458180551069 0.0008463873860821147
7.366666666666666 1.0360956102928103 0.0008340092902050511
7.4 1.0925170793390773 0.0008225398699266417
7.433333333333334 1.1241891712833956 0.0008146563963722375
7.466666666666667 1.130606959827815 0.0008138561687758283
7.5 1.1138853123103674 0.0008192507110056368
7.533333333333333 1.0695191022473902 0.0008292830831486686
7.566666666666666 1.001204138824728 0.0008457531046470734
7.6 0.9055411705789461 0.000857950693901044
7.633333333333334 0.7899200458722029 0.0008603633352287643
7.666666666666667 0.6503317381791822 0.0008525197177549071
7.7 0.49376044811846875 0.000819388581488556
7.733333333333333 0.32239493955228316 0.0007589352252617143
7.766666666666667 0.1451879939227605 0.0006791343473072087
7.8 -0.029693421004317096 0.000614504977423859
7.833333333333333 -0.20275335548818058 0.0007026832882733591
7.866666666666666 -0.3708318826221054 0.0007722159359163094
7.9 -0.5294545478869622 0.0008187561875263594
7.933333333333334 -0.6739415004463852 0.0008405038946392995
7.966666666666667 -0.8000194924042364 0.0008444442364147209
8.0 -0.9121500450334081 0.000834403726159394
8.033333333333333 -1.0044766832166647 0.0008177441131824725
8.066666666666666 -1.071966657714545 0.0008070443459502474
8.1 -1.118221760257478 0.0007931804275254084
8.133333333333333 -1.140772529452166 0.0007876878335288939
8.166666666666666 -1.137721575661812 0.0007876369606414357
8.2 -1.1092836303180544 0.0007957669729952155
8.233333333333333 -1.0543608193801879 0.0008105469757380135
8.266666666666667 -0.9763345198064783 0.0008255453491938791
8.3 -0.8718481183518146 0.0008391635487599025
8.333333333333334 -0.7436037846045113 0.0008415274166388986
8.366666666666667 -0.5970290060095166 0.0008309001660348203
8.4 -0.43885371646108534 0.0007946642248883307
8.433333333333334 -0.26609612852617737 0.000739376667905578
8.466666666666667 -0.09744113959464604 0.0006535353664718635
8.5 0.07881447604568656 0.0006414152455221922
8.533333333333333 0.2505234220882513 0.0007318787920156389
8.566666666666666 0.41251530334083425 0.0007928608651810998
8.6 0.5645943885042022 0.0008404292178101347
8.633333333333333 0.6984363942370851 0.0008602184643964339
8.666666666666666 0.8177920170609062 0.0008605223553168617
8.7 0.9192034026452665 0.0008537619347548375
8.733333333333333 1.0002358387030206 0.0008442829363191073
8.766666666666667 1.062213819583822 0.0008308476999496772
8.8 1.096902565962383 0.000823599346925441
8.833333333333334 1.1069186415290184 0.0008194010386295414
8.866666666666667 1.093757401263526 0.0008243926774125221
8.9 1.0555085916019227 0.000832740828844214
8.933333333333334 0.9930583773760534 0.0008425023938337661
8.966666666666667 0.9013504408296986 0.0008555777349944504
9.0 0.7919083712093102 0.0008609742018258482
9.033333333333333 0.6610903016289384 0.0008576632825840758
9.066666666666666 0.5067047548666431 0.0008240657493163717
9.1 0.3403010501493451 0.0007671409418358865
9.133333333333333 0.16529331707099185 0.0006876013688485172
9.166666666666666 -0.006247734670694407 0.0006028728669447469
9.2 -0.17392533127838145 0.0006954963491839217
9.233333333333333 -0.34030625839482653 0.0007589810337751968
9.266666666666667 -0.49818677009764595 0.0008115347452265498
9.3 -0.6399399530130244 0.0008327423005874968
9.333333333333334 -0.7678989105910602 0.0008423775703020331
9.366666666666667 -0.8788316650552803 0.0008378575223761953
9.4 -0.9727837354038882 0.000825898830192906
9.433333333333334 -1.042172993878577 0.0008131272501452624
9.466666666666667 -1.0908913209241937 0.0008015310318425506
9.5 -1.1137455154141245 0.0007981728805119825
9.533333333333333 -1.1134763847071245 0.0007984371213987096
9.566666666666666 -1.088637077536835 0.000805011525990551
9.6 -1.0394221423514192 0.0008144252505448701
9.633333333333333 -0.9622855256414767 0.0008300482083988259
9.666666666666666 -0.8621810481880494 0.0008402129528779501
9.7 -0.7414912489319733 0.0008427537384962935
9.733333333333333 -0.5995892258090112 0.0008316510530721466
9.766666666666667 -0.4391273726330792 0.0007954546014721786
9.8 -0.2745512913499595 0.0007388407667943686
9.833333333333334 -0.10443886445236904 0.0006552784857326577
9.866666666666667 0.06797883175074736 0.0006402381455339334
9.9 0.2357723787478502 0.0007296057271847234
9.933333333333334 0.397919796413076 0.0007888753145988137
9.966666666666667 0.5462562684850686 0.0008329127303677852
10.0 0.6811140346499008 0.0008553153243963107
10.033333333333333 0.7986330252069599 0.0008623160320632151
10.066666666666666 0.9008544430864827 0.0008538892538636489
10.1 0.9817384966104926 0.0008449272114301465
10.133333333333333 1.0388232313726642 0.0008346586467780082
10.166666666666666 1.0727673337253998 0.0008307097996107515
10.2 1.083280502643798 0.0008268602953380721
10.233333333333333 1.070500036553038 0.0008324099828289633
10.266666666666667 1.032378469820617 0.0008404369740948603
10.3 0.9698449263403859 0.0008550377159349809
10.333333333333334 0.8815695051599536 0.0008644190239552874
10.366666666666667 0.7719899294608406 0.0008649637552315959
10.4 0.6382120181657672 0.0008540473059357456
10.433333333333334 0.4916514439668696 0.000825037024566988
10.466666666666667 0.32768388520289826 0.0007633679039942831
10.5 0.16274792861524306 0.0006888916786959853
10.533333333333333 -0.005097660167945937 0.0006023903262960635
10.566666666666666 -0.17559569231779867 0.0006882867476245835
10.6 -0.3387065018974847 0.0007599162190180531
10.633333333333333 -0.49324140092211316 0.0008044665148188024
10.666666666666666 -0.6326995492099984 0.0008306980138119702
10.7 -0.7570765159922503 0.0008392372886980581
10.733333333333333 -0.8689607201386093 0.0008378816621338325
10.766666666666667 -0.9585478399098161 0.0008272887034895815
10.8 -1.0263750365350035 0.0008138954595415804
10.833333333333334 -1.0709151819780398 0.0008054532435481931
10.866666666666667 -1.091949093644469 0.0008006015239117037
10.9 -1.0903163828340838 0.0008018257289106323
10.933333333333334 -1.0636902972437596 0.0008091968803758398
10.966666666666667 -1.009636179404193 0.0008204941847713698
11.0 -0.9367279551663835 0.0008352575902180748
11.033333333333333 -0.8336467269089006 0.0008469140769139516
11.066666666666666 -0.711811269534953 0.000844881474492909
11.1 -0.5696454791660314 0.0008272997401909121
11.133333333333333 -0.4159195735622093 0.0007909393420321154
11.166666666666666 -0.25313506136650255 0.0007294484627129449
11.2 -0.08357801904329573 0.0006456235972617241
11.233333333333333 0.08118600526914622 0.0006462028245790979
11.266666666666667 0.24566017110659868 0.0007278565805122483
11.3 0.4060022625317138 0.0007905142508675134
11.333333333333334 0.5499324659211163 0.0008330694323376298
11.366666666666667 0.6797221287212081 0.0008517755868714394
11.4 0.7975774220047023 0.0008574779285713818
11.433333333333334 0.8958707036740584 0.0008521416490119282
11.466666666666667 0.9699709014477794 0.0008445999961887996
11.5 1.0241153095528541 0.0008367881381474707
11.533333333333333 1.0538676984855635 0.000831831737228006
11.566666666666666 1.0608138399772185 0.0008317734977523195
11.6 1.0438647413681903 0.0008395824184079803
11.633333333333333 1.0056817887168374 0.0008453870465860991
11.666666666666666 0.9378443055027477 0.0008548837205352156
11.7 0.8466076709611169 0.0008622597025518264
11.733333333333333 0.7358282397117087 0.0008638406680425703
11.766666666666667 0.6032870143091913 0.0008454650374478678
11.8 0.4557207113160055 0.0008103391457546794
11.833333333333334 0.29650963955892845 0.0007552131206972068
11.866666666666667 0.12974606770243674 0.0006764957394881921
11.9 -0.036439407301803124 0.0006181471773211364
11.933333333333334 -0.20125122079650984 0.0007063522362300567
11.966666666666667 -0.35821179149287385 0.0007694622182767286
12.0 -0.5066580000861451 0.0008136727605653205
12.033333333333333 -0.6422234698489464 0.0008329299611571361
12.066666666666666 -0.764943507819102 0.0008415896668584333
12.1 -0.8687714451036613 0.0008375725074483142
12.133333333333333 -0.9526400180829337 0.0008284611983985224
12.166666666666666 -1.0160584595607967 0.0008210465341891293
12.2 -1.0550194553211247 0.0008108380699027862
12.233333333333333 -1.0714489264845473 0.0008063175883676887
12.266666666666667 -1.0641679872755274 0.0008088136585102657
12.3 -1.03228850316492 0.0008164841418156765
12.333333333333334 -0.9769381348170247 0.0008288834769681896
12.366666666666667 -0.896708023921937 0.0008439639020454415
12.4 -0.7898863368096077 0.0008476769272720563
12.433333333333334 -0.6671975685226259 0.0008431411228471131
12.466666666666667 -0.5275374121091471 0.0008214212866344273
12.5 -0.3707749093721176 0.0007759273043697612
12.533333333333333 -0.2127096805891139 0.0007144406337045439
12.566666666666666 -0.043742711493860935 0.0006257269810918537
12.6 0.11975223746712768 0.0006670329357184174
12.633333333333333 0.28151118544116055 0.0007433203480221584
12.666666666666666 0.43181990226832356 0.0008038630401204783
12.7 0.5706529521028058 0.0008365134585556211
12.733333333333333 0.697269138959778 0.0008530620564917157
12.766666666666667 0.8049848893938645 0.0008609738552268764
12.8 0.898199975190964 0.000856443056741929
12.833333333333334 0.9649619273556709 0.0008438450100348716
12.866666666666667 1.0119929042830391 0.0008367654268142122
12.9 1.0363829063797518 0.0008350127947949204
12.933333333333334 1.0368864809038616 0.0008364186378202465
12.966666666666667 1.0148887267547322 0.0008404121143856802
13.0 0.9680482293938184 0.0008485693620561285
13.033333333333333 0.8962497899346049 0.0008591995119681117
13.066666666666666 0.799133283816976 0.000864656590709556
13.1 0.682419642544424 0.0008599141453032866
13.133333333333333 0.549719739894948 0.0008348419139436736
13.166666666666666 0.4019808116270478 0.0007958687971433842
13.2 0.2438125800581883 0.000732306090516277
13.233333333333333 0.07927722705461357 0.0006468285600901152
13.266666666666667 -0.08188261548627629 0.0006477185071972341
13.3 -0.2421437987671124 0.0007231373111524775
13.333333333333334 -0.3952885434348419 0.0007808286623748328
13.366666666666667 -0.535381773936811 0.0008178600850733408
13.4 -0.667430121464055 0.0008376858760633654
13.433333333333334 -0.7835975607148261 0.0008405238987754249
13.466666666666667 -0.8802370526838361 0.000835819913732383
13.5 -0.9558818098926928 0.0008289909156263819
13.533333333333333 -1.009152758727801 0.0008185176503781033
13.566666666666666 -1.0415402220515124 0.000810653191927635
13.6 -1.04970533170398 0.0008101478530879724
13.633333333333333 -1.0347601914305522 0.0008150349489983721
13.666666666666666 -0.9969702495814897 0.0008217324336559084
13.7 -0.9327368623322138 0.0008314659052990336
13.733333333333333 -0.8434529268133567 0.0008402826998686885
13.766666666666667 -0.7348417081369845 0.0008436964190153828
13.8 -0.6046478902002261 0.0008308304616193585
13.833333333333334 -0.4616672850833806 0.000798530511694151
13.866666666666667 -0.31038328101991 0.0007563927059193731
13.9 -0.15052115095579396 0.000684816962652296
13.933333333333334 0.010326140790660078 0.0006078509400091921
13.966666666666667 0.17195463933319605 0.0006944600119513367
14.0 0.3276238029927066 0.0007635941508263855
14.033333333333333 0.4714696904627787 0.0008124745431719038
14.066666666666666 0.6064783661128703 0.0008433710800017646
14.1 0.7243716020403794 0.0008569173811332487
14.133333333333333 0.8268141587153379 0.0008579803842458933
14.166666666666666 0.9062374798587686 0.0008540719075312841
14.2 0.9649401983976207 0.0008484798193538756
14.233333333333333 1.0028930594098828 0.000841611759035521
14.266666666666667 1.0178250282904513 0.0008400836331907691
14.3 1.0108051251003956 0.0008410454685248148
14.333333333333334 0.9801032678390353 0.0008456843537655301
14.366666666666667 0.9242857661715019 0.000852295221226762
14.4 0.8426899076805954 0.000859491221887887
14.433333333333334 0.7395735653261098 0.0008597415562461297
14.466666666666667 0.6194473429911032 0.0008460510917246422
14.5 0.48390010100863023 0.0008179213537424235
14.533333333333333 0.33202532812222807 0.0007705838726546066
14.566666666666666 0.17226224446453073 0.0006946924709691493
14.6 0.012845907894774036 0.0006070725124496315
14.633333333333333 -0.14629017940565864 0.0006781479788300904
14.666666666666666 -0.2989159530215526 0.0007465544341795916
14.7 -0.4450482095914359 0.0008062889616768931
14.733333333333333 -0.5847101766900842 0.0008286346396336741
14.766666666666667 -0.7039417297823718 0.0008468998235767744
14.8 -0.8088411910818283 0.0008421559807338941
14.833333333333334 -0.8973893145610787 0.0008360935853396478
14.866666666666667 -0.9611909577860462 0.0008289467180090382
14.9 -1.0060539884513227 0.0008216157242357802
14.933333333333334 -1.0269404961741344 0.0008180360659628683
14.966666666666667 -1.0258063373991997 0.0008182512581758061
15.0 -1.0014998141572422 0.0008218649505018494
15.033333333333333 -0.9534032960960824 0.0008298909761407236
15.066666666666666 -0.8812314837594676 0.0008379899732291474
15.1 -0.7825373920920118 0.0008449922349275107
15.133333333333333 -0.6652693885807341 0.000839817655310493
15.166666666666666 -0.5316068016139915 0.0008183119290414709
15.2 -0.3870343140926964 0.0007840859893468721
15.233333333333333 -0.23317127223390915 0.0007182747347901919
15.266666666666667 -0.07885506474593867 0.0006460361100952133
15.3 0.0831723770050307 0.0006463070403338184
15.333333333333334 0.23596060066008065 0.0007260524570197047
15.366666666666667 0.38500413013289814 0.0007894989859442147
15.4 0.5237859688416258 0.000826933920349604
15.433333333333334 0.6483955218831154 0.0008495148946557896
15.466666666666667 0.7560499693895691 0.0008600874680674275
15.5 0.8466302421674216 0.0008628553791475424
15.533333333333333 0.9134760413948688 0.0008601189980307344
15.566666666666666 0.9659729878231954 0.0008482427009016691
15.6 0.9920077669160013 0.0008465510207660287
15.633333333333333 0.9961875633435436 0.000844953885812183
15.666666666666666 0.9792332109076326 0.0008484893437905594
15.7 0.938247186928922 0.0008542492207761487
15.733333333333333 0.8697565887844517 0.0008589727736804109
15.766666666666667 0.7797418342495448 0.0008598892421903814
15.8 0.6711310684734821 0.0008559861523546042
15.833333333333334 0.5422936953943318 0.0008333251426768662
15.866666666666667 0.4049033502548124 0.0007933198036998435
15.9 0.24810283598461097 0.0007355890241573237
15.933333333333334 0.09139234156747163 0.0006537298688961829
15.966666666666667 -0.06440475498950529 0.0006383149844211983
16.0 -0.2203214551611577 0.000715886294024054
16.033333333333335 -0.36805648656753737 0.0007714304991520149
16.066666666666666 -0.5085779351502988 0.0008134555895016327
16.1 -0.6369848482888306 0.0008319480492777753
16.133333333333333 -0.7484890038812534 0.000841666612393932
16.166666666666668 -0.840105451220441 0.0008410914545250447
16.2 -0.914593683811746 0.0008334759258892266
16.233333333333334 -0.968519782999143 0.0008249929703241232
16.266666666666666 -1.000562723808654 0.0008219613309329299
16.3 -1.0098120023410933 0.0008212604876070007
16.333333333333332 -0.9970030539183969 0.000822883451400247
16.366666666666667 -0.9591752117409413 0.000828298806950567
16.4 -0.896805569954577 0.0008357253677004906
16.433333333333334 -0.8122078698180177 0.0008445794592849554
16.466666666666665 -0.7064671674240758 0.0008432272687852738
16.5 -0.5811376221323544 0.0008299222504084547
16.533333333333335 -0.44548686890540296 0.0007981598136833634
16.566666666666666 -0.2945600419856776 0.0007458661922740695
16.6 -0.1450121342205936 0.0006841684481646848
16.633333333333333 0.016017442353174247 0.0006128425904592498
16.666666666666668 0.16721767381928024 0.0006951385690187606
16.7 0.31881869268144464 0.0007625958988540793
16.733333333333334 0.4614325276058719 0.0008097145150343654
16.766666666666666 0.5897343869733636 0.000841013428055537
16.8 0.7010268662923109 0.0008557604281008713
16.833333333333332 0.7967393794177993 0.0008594209632767358
16.866666666666667 0.8729448329243227 0.0008559543583683826
16.9 0.9310112171454888 0.0008559757720817407
16.933333333333334 0.9651757646818441 0.0008511237066883837
16.966666666666665 0.9765628620966 0.0008480724496511272
17.0 0.9681124409135372 0.000851983200965245
17.033333333333335 0.935783502628325 0.0008539030660635882
17.066666666666666 0.8766124341045599 0.000858773580020511
17.1 0.799243597059665 0.0008635721854987066
17.133333333333333 0.6988594907955278 0.0008610852877258823
17.166666666666668 0.5813024830627794 0.0008433803591623157
17.2 0.44619994683649716 0.0008093390051082672
17.233333333333334 0.30200869311844025 0.0007592643716018421
17.266666666666666 0.14414386240717433 0.0006848040470835703
17.3 -0.008305146096040337 0.0006071659864761263
17.333333333333332 -0.16259292390250493 0.0006906518300631159
17.366666666666667 -0.30976164754030083 0.000752958833875661
17.4 -0.45183755935260367 0.0008009850399495755
17.433333333333334 -0.5833921076958318 0.0008281383578446766
17.466666666666665 -0.6963566426976224 0.0008402856348788124
17.5 -0.7960224232966848 0.0008421953992768794
17.533333333333335 -0.8749505006107449 0.0008402047361136811
17.566666666666666 -0.9351705223619979 0.0008330381438996781
17.6 -0.9733333737591094 0.0008262573615925861
17.633333333333333 -0.9901648588797126 0.000824776485389922
17.666666666666668 -0.9836332915873482 0.0008255474479044178
17.7 -0.9557258336215964 0.0008354225054451048
17.733333333333334 -0.9004450572388842 0.0008420322909660216
17.766666666666666 -0.8256557268273819 0.0008435263425259354
17.8 -0.7267821513753062 0.0008422681968937029
17.833333333333332 -0.6111174578065112 0.0008331333593732948
17.866666666666667 -0.47780862134440516 0.0008083189962411197
17.9 -0.3361638803199226 0.0007644870468157539
17.933333333333334 -0.18463173433801147 0.0006991345196323828
17.966666666666665 -0.033269044341384724 0.0006214962972686394
18.0 0.11886337381646687 0.0006688305481722806
18.033333333333335 0.2700698111209684 0.0007429297444405125
18.066666666666666 0.4128829114361545 0.0007997650922814126
18.1 0.5421403616355098 0.0008363778598392546
18.133333333333333 0.6575582304145633 0.0008510859175739904
18.166666666666668 0.7576327562310741 0.0008586500954329557
18.2 0.8382206175365997 0.0008578899841478194
18.233333333333334 0.9011942064014179 0.0008545373115155241
18.266666666666666 0.9402752710879466 0.0008497499289192856
18.3 0.9588472360959784 0.0008492826264555609
18.333333333333332 0.9558337412871187 0.0008490206610611839
18.366666666666667 0.9285730844945809 0.0008531938636602288
18.4 0.8803661347229447 0.000857920755662378
18.433333333333334 0.8061089932832968 0.0008622818073981131
18.466666666666665 0.7109928889674824 0.0008579046549305192
18.5 0.6019792846450538 0.000845437787270531
18.533333333333335 0.47540463562732155 0.0008188558741087926
18.566666666666666 0.33357934849010623 0.0007689676572613657
18.6 0.1826100699509377 0.0007023487983849885
18.633333333333333 0.032039053451758046 0.0006204976187930214
18.666666666666668 -0.11808763655901089 0.0006692192159233473
18.7 -0.2679719020708754 0.0007371483322041739
18.733333333333334 -0.40594405961565755 0.000790303431594197
18.766666666666666 -0.5415276471674175 0.000816638700470329
18.8 -0.6584291816667277 0.0008358818442442129
18.833333333333332 -0.7562039159785421 0.0008418330168596944
18.866666666666667 -0.8418337516322034 0.0008384245138501889
18.9 -0.9052999663861993 0.0008360345910523037
18.933333333333334 -0.948899245208465 0.0008316664220778813
18.966666666666665 -0.9688609991339663 0.0008308919650672486
19.0 -0.9692953517400932 0.0008301701922538429
19.033333333333335 -0.9448371527744213 0.0008324520418694359
19.066666666666666 -0.8967623541285606 0.0008373751752688285
19.1 -0.8272440448077624 0.0008428259666627413
19.133333333333333 -0.7357625500093069 0.0008477550134684542
19.166666666666668 -0.6248418393449253 0.0008405198549158444
19.2 -0.4989864903504369 0.0008170312276846725
19.233333333333334 -0.3594270956694006 0.0007727394273065458
19.266666666666666 -0.21510546343799272 0.0007140586910355518
19.3 -0.06416432278732803 0.0006390493952474763
19.333333333333332 0.08609070347677147 0.0006513419132018888
19.366666666666667 0.23526048677302092 0.0007267818458686348
19.4 0.3770774406771921 0.000786317173786355
19.433333333333334 0.5066942400799889 0.0008231251975222564
19.466666666666665 0.6235070382068153 0.0008477594713045544
19.5 0.7251315879138761 0.0008566823495170794
19.533333333333335 0.8080577825400529 0.000858950414963422
19.566666666666666 0.8724168215997314 0.0008588133726114
19.6 0.9155894018995743 0.0008557751374275169
19.633333333333333 0.9390976426808764 0.0008516620324748869
19.666666666666668 0.939198869314427 0.0008514269230851523
19.7 0.9185553109593264 0.0008538952870909
19.733333333333334 0.8730336066549225 0.0008578083262830161
19.766666666666666 0.8056514827863284 0.0008613535509190973
19.8 0.7189569276604502 0.0008572739252067363
19.833333333333332 0.6091186314443459 0.0008484117875826591
19.866666666666667 0.48643617521049937 0.0008198552817980098
19.9 0.35019319353053213 0.0007802303896045082
19.933333333333334 0.2039764627130068 0.0007200296416061125
19.966666666666665 0.054826391432364244 0.000634953557953663
20.0 -0.0943688574482955 0.0006560821711319165
20.033333333333335 -0.24157789451804954 0.0007263959998527192
20.066666666666666 -0.3820092706179094 0.0007780819396955851
20.1 -0.5112090808446225 0.000816632267851003
20.133333333333333 -0.6276312743938516 0.0008334555553753953
20.166666666666668 -0.7315700026345372 0.0008410032474074347
20.2 -0.8154195829737585 0.0008415454769963304
20.233333333333334 -0.8820395047458118 0.0008362942277941876
20.266666666666666 -0.9272698084195908 0.0008310327862329769
20.3 -0.9517063684167136 0.0008284726131608799
20.333333333333332 -0.9537421536388158 0.0008283118910775711
20.366666666666667 -0.9341317548596975 0.0008298831344363267
20.4 -0.8901653080993971 0.0008350768696232524
20.433333333333334 -0.8244781472111335 0.0008399340840256064
20.466666666666665 -0.7353358281616836 0.0008419839591815581
20.5 -0.6300970252023881 0.000832984991996355
20.533333333333335 -0.5091221534672788 0.0008138950635341313
20.566666666666666 -0.37220354378139875 0.0007755554484102367
20.6 -0.23106825955976165 0.0007196553762502667
20.633333333333333 -0.08211303726318388 0.0006473575064305515
20.666666666666668 0.06663566549120979 0.0006416397553658804
20.7 0.21282337486450464 0.0007173899172089326
20.733333333333334 0.35309346862095004 0.0007785296696659616
20.766666666666666 0.4805263981597793 0.000820049205157769
20.8 0.5981355483553975 0.0008440747366211809
20.833333333333332 0.6973390897626118 0.0008551815147265218
20.866666666666667 0.785326551629444 0.0008622882492888007
20.9 0.8509469356629075 0.0008584953352926972
20.933333333333334 0.8970814894896303 0.0008571764879293786
20.966666666666665 0.9211853927549838 0.0008571846057612298
21.0 0.9238496501601284 0.0008554851923946449
21.033333333333335 0.9057507841222598 0.0008553824530193044
21.066666666666666 0.8630846790598102 0.0008584042528523295
21.1 0.7992322170387596 0.0008587363785892421
21.133333333333333 0.7130938918341445 0.0008581724521986578
21.166666666666668 0.6090196435013446 0.0008470748417908069
21.2 0.48903720074044266 0.0008193962805948529
21.233333333333334 0.35724996682057913 0.0007781421703637603
21.266666666666666 0.2153383863884445 0.0007187506685027434
21.3 0.06610400814364982 0.0006414432080448507
21.333333333333332 -0.08112860172349705 0.0006491741010334062
21.366666666666667 -0.22687704773446185 0.000720125283047407
21.4 -0.3621626714393006 0.0007726360295947088
21.433333333333334 -0.49393515640786273 0.0008109955747185871
21.466666666666665 -0.608553976745783 0.0008312297002751601
21.5 -0.7102197246820972 0.0008416659540680937
21.533333333333335 -0.7945549778068799 0.0008405825522439514
21.566666666666666 -0.8601425393543268 0.0008379168353778166
21.6 -0.9070426852098011 0.0008337190043055109
21.633333333333333 -0.9298971926434495 0.0008343191103550307
21.666666666666668 -0.9333688532202328 0.0008340997065698907
21.7 -0.9157677093553575 0.0008363574771051985
21.733333333333334 -0.8731847107459935 0.0008410895650913242
21.766666666666666 -0.8088540846991891 0.0008459091727779366
21.8 -0.7248692567574568 0.0008415465027254987
21.833333333333332 -0.6191654283014064 0.0008344206385422215
21.866666666666667 -0.5035396148517424 0.0008136206272867375
21.9 -0.3742070253758839 0.000776621718404813
21.933333333333334 -0.23283346220289086 0.0007192961603542103
21.966666666666665 -0.08563632898870084 0.0006514565999355681
22.0 0.05847947478914438 0.0006391889561654651
22.033333333333335 0.206575484469346 0.0007134410832448645
22.066666666666666 0.34254911877557986 0.0007734870542571715
22.1 0.47106935572841535 0.0008206570477870545
22.133333333333333 0.5859197376489204 0.0008430897575174567
22.166666666666668 0.6832556059436817 0.0008609419774339155
22.2 0.7697461079706163 0.0008662884839363283
22.233333333333334 0.8329266582390372 0.000859513259423017
22.266666666666666 0.8774083894405492 0.0008579325169079111
22.3 0.9023356742839503 0.0008559166769689375
22.333333333333332 0.9054335654181344 0.0008561997486636885
22.366666666666667 0.8866352402711773 0.0008588170133200235
22.4 0.8441260023978019 0.0008629143687931551
22.433333333333334 0.7806874084000678 0.000865111537198815
22.466666666666665 0.6983211999771699 0.0008589802420606585
22.5 0.5955922972543086 0.000846193493710401
22.533333333333335 0.4786260871638233 0.0008192874602060973
22.566666666666666 0.3476001420026985 0.0007766377957329484
22.6 0.20957929320779045 0.0007196420557219474
22.633333333333333 0.0623908860764939 0.0006413223354693465
22.666666666666668 -0.08112846623182016 0.0006458425213424351
22.7 -0.22190376939538276 0.0007175378100609531
22.733333333333334 -0.35922918042125557 0.0007733239259602454
22.766666666666666 -0.4869652908707969 0.0008069661571060149
22.8 -0.6023737325052371 0.0008286097845654483
22.833333333333332 -0.6993488786191917 0.0008416861361978389
22.866666666666667 -0.7814779336941613 0.0008414406555983245
22.9 -0.8471671173589074 0.0008381282380399702
22.933333333333334 -0.8915082033294391 0.000836276041174755
22.966666666666665 -0.9156457385987301 0.0008356852704530793
23.0 -0.9182152193772717 0.0008345114192609415
23.033333333333335 -0.8991338220560453 0.0008379293321914005
23.066666666666666 -0.8572067304584668 0.000841819846412184
23.1 -0.7905493819226562 0.0008443517001570644
23.133333333333333 -0.7062963254791965 0.0008418612916956114
23.166666666666668 -0.6051792145454403 0.0008317793278262986
23.2 -0.48650084606129057 0.0008115059594533958
23.233333333333334 -0.35556511735223745 0.0007734027126307663
23.266666666666666 -0.21993852401210345 0.0007205674763443859
23.3 -0.07430956802146062 0.0006455701969069194
23.333333333333332 0.06611533108997668 0.0006417990048320776
23.366666666666667 0.20795813533159035 0.0007162804184841498
23.4 0.3446445998804829 0.0007730030733211213
23.433333333333334 0.47231149653887894 0.0008131845263837922
23.466666666666665 0.5845511989688389 0.0008419138214666999
23.5 0.6792089619352352 0.0008521359063046186
23.533333333333335 0.7611530693470938 0.0008584971986401735
23.566666666666666 0.8252738372211897 0.0008594863921363993
23.6 0.8655450755740058 0.0008596951624643134
23.633333333333333 0.8880575925552086 0.0008643148620864904
23.666666666666668 0.8885466533982963 0.0008613953373269867
23.7 0.8676040766956613 0.000862117771957549
23.733333333333334 0.8275899250680739 0.0008634838908415654
23.766666666666666 0.7617689134126033 0.0008664843964542035
23.8 0.6785063124202584 0.0008622166037776102
23.833333333333332 0.5768085226447633 0.0008416056176104858
23.866666666666667 0.4589823395435859 0.0008146275334529052
23.9 0.3300635614510733 0.0007701113539211324
23.933333333333334 0.19104483092258834 0.0007091981047248619
23.966666666666665 0.04915854294253501 0.0006337569611052779
24.0 -0.09310160854922785 0.000653578250591022
24.033333333333335 -0.2313441869323708 0.0007244458280034616
24.066666666666666 -0.3668898989706283 0.000778087565345642
24.1 -0.4912175272467408 0.0008128694901734512
24.133333333333333 -0.5999640803213319 0.0008283452625785781
24.166666666666668 -0.6965276015385533 0.0008399151640713365
24.2 -0.7787550403512717 0.0008434901033864683
24.233333333333334 -0.8391810260703711 0.0008398636593595077
24.266666666666666 -0.8811481437282247 0.0008405808029922079
24.3 -0.9019384480363162 0.0008375163937496266
24.333333333333332 -0.9016175455482647 0.0008359634842101116
24.366666666666667 -0.8792691360485194 0.0008396758498365742
24.4 -0.8360448035861847 0.0008433662609514947
24.433333333333334 -0.7693151993890166 0.0008435905381909414
24.466666666666665 -0.684630809766374 0.0008388488079699163
24.5 -0.5802481657717778 0.0008293334071390879
24.533333333333335 -0.4631132072879287 0.0008036622455089293
24.566666666666666 -0.33486738750080874 0.0007641592602344871
24.6 -0.19656727031272264 0.000708005201304901
24.633333333333333 -0.05806808357214804 0.0006366018346897692
24.666666666666668 0.08349435647292625 0.0006545392647288595
24.7 0.22148713366975134 0.0007217881961422701
24.733333333333334 0.35426812221332266 0.000779405467987937
24.766666666666666 0.47803113239692613 0.0008155694210705278
24.8 0.5853499032756964 0.0008394723974253226
24.833333333333332 0.6807452351605014 0.0008550355835186263
24.866666666666667 0.7573600142875088 0.0008600197485211236
24.9 0.8156824542475145 0.0008570806366203776
24.933333333333334 0.8553827709007396 0.0008588164841319967
24.966666666666665 0.8745610687261067 0.0008569785747207792
25.0 0.8736056211856269 0.00086000874743275
25.033333333333335 0.8505405461126342 0.0008606730923458317
25.066666666666666 0.8048271175396206 0.0008601274391811797
25.1 0.7373811863766624 0.0008569915590999067
25.133333333333333 0.6534515635980462 0.0008519513191654893
25.166666666666668 0.5501922250519924 0.0008335626800672902
25.2 0.4328518376816838 0.00080511664130406
25.233333333333334 0.3033316706758789 0.0007577902415555893
25.266666666666666 0.16398713501629006 0.0006932339085243544
25.3 0.023118624954094506 0.0006167235960851392
25.333333333333332 -0.11376315339032927 0.0006657249636601997
25.366666666666667 -0.24721317135193338 0.0007281445726316227
25.4 -0.37872181746009526 0.0007809971008185257
25.433333333333334 -0.5025065868722529 0.0008116150767376595
25.466666666666665 -0.6057892935872556 0.0008312815342934599
25.5 -0.6993833006662207 0.0008398844607254707
25.533333333333335 -0.773775504549793 0.0008425983530893077
25.566666666666666 -0.8324151497655802 0.0008483393828729868
25.6 -0.8707602563824488 0.0008412910155561892
25.633333333333333 -0.8875387467061561 0.0008393216189069852
25.666666666666668 -0.8836715323563245 0.0008375325285780999
25.7 -0.8579876233654053 0.000838980780029086
25.733333333333334 -0.8129087343172391 0.0008423190881589049
25.766666666666666 -0.7440577408419002 0.0008419746080610135
25.8 -0.6563411923368189 0.0008360003511769243
25.833333333333332 -0.5520244422390665 0.0008219688452549834
25.866666666666667 -0.43442227112851184 0.0007955538371409165
25.9 -0.30351558172346194 0.0007542003418626875
25.933333333333334 -0.1694790763632394 0.0006943236139377862
25.966666666666665 -0.02919332247413589 0.0006213457606740087
26.0 0.10755123041660614 0.0006636093022778788
26.033333333333335 0.2438626994592658 0.0007335820255579273
26.066666666666666 0.370463659983396 0.0007808933183832689
26.1 0.49008684057756524 0.0008203688579413448
26.133333333333333 0.5954618620553499 0.0008438338151735003
26.166666666666668 0.6846038726198059 0.0008534068772468872
26.2 0.7567158369557212 0.0008609029347492747
26.233333333333334 0.8104995846582118 0.0008622187895817035
26.266666666666666 0.8444471615768642 0.0008595516450051743
26.3 0.8585954886459259 0.0008617204540443124
26.333333333333332 0.8524919114265512 0.0008618345717086306
26.366666666666667 0.8261542139812723 0.0008601069331627409
26.4 0.777306254224585 0.0008631167871984147
26.433333333333334 0.7077329744382321 0.0008561670398341548
26.466666666666665 0.6181428567174659 0.0008476899932731152
26.5 0.5137197268736977 0.0008308952894930943
26.533333333333335 0.3984289385748518 0.0007936856737506548
26.566666666666666 0.2663681875727845 0.000742595241732591
26.6 0.13098326348930345 0.0006777062455806393
26.633333333333333 -0.008081191913316183 0.0006082872695885068
26.666666666666668 -0.1430287368959227 0.000681619642668746
26.7 -0.27625697069100463 0.0007429317449796913
26.733333333333334 -0.40354075129819966 0.0007872087240978765
26.766666666666666 -0.5198990257578221 0.0008148920223680634
26.8 -0.6214169915752915 0.0008334358948605125
26.833333333333332 -0.7071722674706378 0.000839806127544751
26.866666666666667 -0.7777932873444238 0.0008411111139409178
26.9 -0.8306428667574975 0.0008420720564639161
26.933333333333334 -0.8614733638028624 0.0008417762528252215
26.966666666666665 -0.8726501607985686 0.0008402915410485878
27.0 -0.863580229548519 0.0008411785597831622
27.033333333333335 -0.833257220876717 0.0008428464300133109
27.066666666666666 -0.7820343662056252 0.0008433572952638579
27.1 -0.7087999633617275 0.0008444932814484218
27.133333333333333 -0.6174291217375895 0.000837922837075511
27.166666666666668 -0.5116529917914373 0.0008165190404711975
27.2 -0.3932045165195997 0.0007868656164066734
27.233333333333334 -0.26407022118566975 0.0007389203412543899
27.266666666666666 -0.12849071970168705 0.0006736568578676883
27.3 0.0073539701823530125 0.0006069440743450855
27.333333333333332 0.14465052175694637 0.0006846425017140445
27.366666666666667 0.27502807977103855 0.0007460480755077104
27.4 0.39970178488446617 0.0007936901755344894
27.433333333333334 0.5149615353196215 0.0008247715619307261
27.466666666666665 0.6137979281688424 0.0008417035729099132
27.5 0.6963903345514744 0.0008528186719082287
27.533333333333335 0.7634869035077774 0.0008578333482743838
27.566666666666666 0.8110458129517072 0.0008577694539606551
27.6 0.8394082127980195 0.0008586250903646064
27.633333333333333 0.8461798714766046 0.0008601434126640495
27.666666666666668 0.8339229216081682 0.0008590412012394744
27.7 0.8002484011836135 0.0008620024332708365
27.733333333333334 0.7453903570037649 0.0008608205657669732
27.766666666666666 0.6702472127565706 0.0008565868493271012
27.8 0.5790378726647524 0.0008449360062391387
27.833333333333332 0.47174652548449225 0.0008188058976822399
27.866666666666667 0.34989899758148874 0.0007801410396334196
27.9 0.21993057430538343 0.000724249375535696
27.933333333333334 0.08689161088625715 0.0006552065902002135
27.966666666666665 -0.04760147716160111 0.0006327305080845794
28.0 -0.18361545480170247 0.0007018954664819166
28.033333333333335 -0.3114283746184813 0.0007569509521030415
28.066666666666666 -0.43225905468530523 0.0007950685788770673
28.1 -0.5435501032961768 0.0008212297154713832
28.133333333333333 -0.6395481050890338 0.0008341524402494249
28.166666666666668 -0.7214092282035345 0.0008395883807665872
28.2 -0.7864673226961942 0.0008399513677368464
28.233333333333334 -0.8306492792392299 0.0008408055016271287
28.266666666666666 -0.855859835929749 0.0008384717154484855
28.3 -0.8601324672861113 0.0008391404925046642
28.333333333333332 -0.8442900072235402 0.0008403780771364389
28.366666666666667 -0.8068853134470177 0.0008416286773551551
28.4 -0.7482172794119035 0.0008439740789230044
28.433333333333334 -0.6692244931161813 0.0008410872229533961
28.466666666666665 -0.572305860951821 0.0008282049202710251
28.5 -0.4644691268894119 0.0008062710945653806
28.533333333333335 -0.3429219394251317 0.0007701781401386332
28.566666666666666 -0.21318374834913675 0.0007163067668754242
28.6 -0.07995737536895316 0.0006505622577850506
28.633333333333333 0.05581690422402568 0.0006383571281619316
28.666666666666668 0.18529646799586078 0.0007062993579355081
28.7 0.3128766972454823 0.0007626832384272642
28.733333333333334 0.43410614704514094 0.0008067377846823764
28.766666666666666 0.5420951356899565 0.0008302803100281864
28.8 0.6351145500516719 0.0008480326334393551
28.833333333333332 0.7115736003740237 0.0008583489663455124
28.866666666666667 0.7704880826459021 0.0008623287721825079
28.9 0.8107620287084251 0.0008586793773268653
28.933333333333334 0.8317167671339314 0.0008567156119211328
28.966666666666665 0.8319607702156255 0.0008575739933112114
29.0 0.8132168727901323 0.0008598026617967491
29.033333333333335 0.7729643044380115 0.0008589356418857719
29.066666666666666 0.7104887912503502 0.000858871635745273
29.1 0.6282894391616255 0.0008494105598131352
29.133333333333333 0.5318923726605554 0.0008326059675251019
29.166666666666668 0.4225766714664613 0.0008017977110257868
29.2 0.29865815357557635 0.0007594033900953367
29.233333333333334 0.1693121147787968 0.0006994044730915805
29.266666666666666 0.032955973459363186 0.0006247551196132059
29.3 -0.09965323886870056 0.0006616707974714531
29.333333333333332 -0.22770435826538502 0.0007238078814933435
29.366666666666667 -0.3517656419739026 0.0007697270653116428
29.4 -0.46898873147703235 0.0008081803042807589
29.433333333333334 -0.5733097498081868 0.0008248891897080224
29.466666666666665 -0.6625739246913039 0.0008387147570585451
29.5 -0.7373549214303855 0.0008424483755787859
29.533333333333335 -0.7923553415518206 0.000842093037575542
29.566666666666666 -0.8286289957908898 0.0008446084993249947
29.6 -0.8467344299361111 0.0008412343971727632
29.633333333333333 -0.8439778482396082 0.0008425103312921234
29.666666666666668 -0.8190487513003384 0.0008409221119569654
29.7 -0.7737927745471701 0.0008419884623295237
29.733333333333334 -0.70818006197857 0.0008404931339146549
29.766666666666666 -0.6231986500679167 0.000832022425502732
29.8 -0.524870299316987 0.0008187007110321831
29.833333333333332 -0.41053004175197166 0.0007905970183550437
29.866666666666667 -0.28805147257688446 0.0007468524160330059
29.9 -0.1583086487639867 0.0006916682613215264
29.933333333333334 -0.02663552345306059 0.0006186813319010963
29.966666666666665 0.1065798400877437 0.0006652206031507873
30.0 0.23470834123974288 0.0007320262813551026
30.033333333333335 0.3565719588517593 0.0007797612372298923
30.066666666666666 0.47039443322354785 0.0008162255628848536
30.1 0.5704713592136385 0.0008381825657897135
30.133333333333333 0.6547938599720337 0.0008529689830748532
30.166666666666668 0.7249620348162554 0.0008557499496166798
30.2 0.7751133843222311 0.0008597071652223232
30.233333333333334 0.8067782382923471 0.0008582125580188782
30.266666666666666 0.8184843933763265 0.0008602127351957645
30.3 0.8115471467227067 0.0008606099106610587
30.333333333333332 0.7831654840081461 0.0008589748879469505
30.366666666666667 0.7340373651667427 0.0008588866714688281
30.4 0.6673349114309863 0.0008513613652584295
30.433333333333334 0.5793112333026059 0.0008393611829199399
30.466666666666665 0.47853080962613814 0.0008182471351721454
30.5 0.3667911694006328 0.0007820225017408089
30.533333333333335 0.239011772261858 0.0007325103696954882
30.566666666666666 0.11045212722531338 0.0006669145846050634
30.6 -0.02325834269487625 0.0006176932965066585
30.633333333333333 -0.1536879384188249 0.0006844953067061954
30.666666666666668 -0.279961563450963 0.0007445681104145119
30.7 -0.39690116430525096 0.0007856978641727075
30.733333333333334 -0.508012436600245 0.0008148043856062159
30.766666666666666 -0.6032142000650821 0.0008307880319385896
30.8 -0.685260015111896 0.0008413235134410169
30.833333333333332 -0.7495062106730339 0.0008439680317721132
30.866666666666667 -0.7959298787493879 0.0008442406175137585
30.9 -0.8237489224081616 0.0008463555887042729
30.933333333333334 -0.8315056752322239 0.0008445219425469164
30.966666666666665 -0.8200813402339303 0.000845844594618339
31.0 -0.7873286222895038 0.0008423806216951712
31.033333333333335 -0.7335629156370479 0.0008434587360691692
31.066666666666666 -0.661213083513427 0.0008389498151847308
31.1 -0.5703488538846417 0.0008264293423355662
31.133333333333333 -0.46724963090256355 0.0008046187889596546
31.166666666666668 -0.3484101540341729 0.0007679895770979495
31.2 -0.22617625370854422 0.0007215724094921105
31.233333333333334 -0.09561778295046379 0.0006548139515666351
31.266666666666666 0.03392345107200591 0.0006250378411025298
31.3 0.1649461681277221 0.0006932101900421761
31.333333333333332 0.28816121394768046 0.0007505640866736218
31.366666666666667 0.4032131994034303 0.0007962248937890548
31.4 0.5087599978775962 0.0008299758837342353
31.433333333333334 0.6027565531983117 0.0008472734851187047
31.466666666666665 0.6779852783067943 0.0008535084344482025
31.5 0.7381766213284441 0.0008588896196451978
31.533333333333335 0.7790830195653351 0.0008599953655832326
31.566666666666666 0.7999411607897426 0.0008609054099499858
31.6 0.802965829787771 0.0008615178072900465
31.633333333333333 0.7860560235574031 0.0008610300496235679
31.666666666666668 0.7484914540320434 0.0008598386132879776
31.7 0.6920257266905393 0.0008557179557476813
31.733333333333334 0.6181293479450852 0.0008452436710596478
31.766666666666666 0.5224799750053245 0.0008299659860493414
31.8 0.41724935039222855 0.0008010601741640921
31.833333333333332 0.3012521156359626 0.0007602893146230194
31.866666666666667 0.17435671017963605 0.0006994781309498932
31.9 0.0457614914532598 0.0006321920130908168
31.933333333333334 -0.08529113385463713 0.0006521594280892301
31.966666666666665 -0.21039066028431125 0.0007134538020888426
32.0 -0.3339824792338471 0.0007626671403643814
32.03333333333333 -0.4456746190927855 0.0007964546843268194
32.06666666666667 -0.547669003880139 0.0008216014674305994
32.1 -0.636912708964781 0.000838476891864004
32.13333333333333 -0.7076065457724331 0.0008418929035834966
32.166666666666664 -0.7644537421464698 0.0008423787177295194
32.2 -0.8009300324970939 0.0008409866523673148
32.233333333333334 -0.8178713206175305 0.0008420131660692443
32.266666666666666 -0.8158121225698076 0.000841480196856037
32.3 -0.7942363755512606 0.0008419465951263749
32.333333333333336 -0.7521408421769238 0.0008416959419562664
32.36666666666667 -0.6888374261969606 0.0008401134377412633
32.4 -0.6077686366898883 0.0008330996033419913
32.43333333333333 -0.5106764419365332 0.0008146947186576936
32.46666666666667 -0.4015698673228429 0.0007863034465541707
32.5 -0.284661208474139 0.0007446962715402239
32.53333333333333 -0.15684691540271176 0.0006881221021287909
32.56666666666667 -0.027223684562693088 0.0006199935282592654
32.6 0.09673391503349527 0.000661944189717309
32.63333333333333 0.22645062645156483 0.0007273215421670365
32.666666666666664 0.3417061747975545 0.0007739904459813651
32.7 0.4524282837738866 0.0008096628898159319
32.733333333333334 0.5496394380769464 0.0008346547752523525
32.766666666666666 0.6346815790931084 0.0008501471508728375
32.8 0.7003730878328424 0.0008560648709521335
32.833333333333336 0.7506057193864054 0.0008625804316425567
32.86666666666667 0.7805261832882653 0.0008612358750933469
32.9 0.7922094698092088 0.000860493227338166
32.93333333333333 0.7845139201047345 0.0008604372058732546
32.96666666666667 0.7584699767832616 0.0008607023301095973
33.0 0.7094589650976783 0.0008565314592239304
33.03333333333333 0.644588144571518 0.0008509904560434212
33.06666666666667 0.5613006671162811 0.0008366099909091762
33.1 0.45973763164244646 0.0008141065496638511
33.13333333333333 0.34962609726848937 0.0007784599074164844
33.166666666666664 0.2290405917375051 0.0007265218023647102
33.2 0.10133837810315831 0.0006618619250539082
33.233333333333334 -0.024706127212185357 0.0006174836644756397
33.266666666666666 -0.15293339225855943 0.0006859959451978592
33.3 -0.27189276532722706 0.0007411777814715359
33.333333333333336 -0.38952199284459726 0.0007843224889799716
33.36666666666667 -0.4939776136558181 0.000809209012938239
33.4 -0.5884852149269443 0.0008287248916237777
33.43333333333333 -0.6687287734546493 0.0008399575589975727
33.46666666666667 -0.7309108844353283 0.0008420807508167094
33.5 -0.7740572661144293 0.0008427012834754111
33.53333333333333 -0.8003834118000038 0.0008408774610485503
33.56666666666667 -0.8063283678392181 0.0008436824303722501
33.6 -0.7928298041582382 0.0008430641490422275
33.63333333333333 -0.7603560848534163 0.000844862133487001
33.666666666666664 -0.7076347250765087 0.000841888139527236
33.7 -0.636760790546672 0.0008362005967531561
33.733333333333334 -0.5466206003126898 0.0008214485590756215
33.766666666666666 -0.4434731028561421 0.0007972791533182311
33.8 -0.3318049588982389 0.0007645753035878666
33.833333333333336 -0.20839164516375439 0.0007132814326122339
33.86666666666667 -0.08301990568677114 0.0006500755678772174
33.9 0.0427541461778472 0.0006280160274930169
33.93333333333333 0.16783593679223247 0.0006948668840563166
33.96666666666667 0.2878749855207095 0.0007503964882945025
34.0 0.39907755721656263 0.0007947404222428678
34.03333333333333 0.49983644426876533 0.0008184380338258079
34.06666666666667 0.5890076231140713 0.0008399492452660917
34.1 0.661539005026704 0.0008519678526497376
34.13333333333333 0.7195395830632755 0.0008555839118884467
34.166666666666664 0.7571149905640553 0.0008596344549177681
34.2 0.7758959030305118 0.000860292128362472
34.233333333333334 0.7764484370311244 0.0008607829662244937
34.266666666666666 0.7585963078992518 0.0008608764832601645
34.3 0.7208247498846015 0.0008592102234026289
34.333333333333336 0.6622753432685324 0.0008532628666342301
34.36666666666667 0.5882236490431688 0.0008405703660325781
34.4 0.4965056117965209 0.0008238457358760165
34.43333333333333 0.3912514015602952 0.0007907685946062504
34.46666666666667 0.27916217919593656 0.0007488218662012325
34.5 0.15270780133890058 0.0006891159366906874
34.53333333333333 0.02698086070814168 0.0006154775657796208
34.56666666666667 -0.0993102510613652 0.0006591389697310768
34.6 -0.22049218744355792 0.0007179798462251252
34.63333333333333 -0.3369491542657949 0.0007652436559830722
34.666666666666664 -0.44557705985198737 0.0007993017465258156
34.7 -0.5401952570560279 0.0008194763933345728
34.733333333333334 -0.6254152311570466 0.0008343730159795504
34.766666666666666 -0.695134235008992 0.0008400411020234033
34.8 -0.7472407945587609 0.0008429051609460947
34.833333333333336 -0.778045090913088 0.00084433955335117
34.86666666666667 -0.7921561309011417 0.0008439868113065963
34.9 -0.7867719793950462 0.0008443207668505925
34.93333333333333 -0.7623503447905017 0.000842980440537211
34.96666666666667 -0.7175781258275301 0.0008424115883447492
35.0 -0.655815039703487 0.0008393524198235802
35.03333333333333 -0.576444320995235 0.0008277138337356993
35.06666666666667 -0.47795577175446663 0.000808580642933654
35.1 -0.3690553233584311 0.0007764446092817789
35.13333333333333 -0.2540235383251139 0.0007351655378894373
35.166666666666664 -0.1306287610512439 0.0006754626369372407
35.2 -0.00402219464918377 0.0006060742077966608
35.233333333333334 0.11820776364671624 0.0006728584983655694
35.266666666666666 0.2415133449024962 0.0007303403401752173
35.3 0.3542422302920533 0.0007788259654031848
35.333333333333336 0.4575795400772801 0.0008107743626579178
35.36666666666667 0.5503688316298343 0.0008333066689308888
35.4 0.6290237829901761 0.0008466494154670823
35.43333333333333 0.6898583235571444 0.0008542146536433259
35.46666666666667 0.7344227460271131 0.0008594527113612305
35.5 0.7601828292823118 0.0008605395788271464
35.53333333333333 0.7662170199020738 0.0008614262788464444
35.56666666666667 0.7552537969321279 0.000860334096510873
35.6 0.7241315894888003 0.0008588098912860609
35.63333333333333 0.6740357645073753 0.0008566088460074672
35.666666666666664 0.6067750247061331 0.000846923172252656
35.7 0.5215256703397658 0.0008304115744781626
35.733333333333334 0.4226363310402709 0.0008045530815435353
35.766666666666666 0.3126268774676982 0.000764694586955772
35.8 0.19289626112559233 0.0007087372621492616
35.833333333333336 0.06979875849520603 0.0006436982363055566
35.86666666666667 -0.053542089496489975 0.000634665535782529
35.9 -0.17591709144692927 0.0006985915250631025
35.93333333333333 -0.2926907624844083 0.00074906963527549
35.96666666666667 -0.40193330751302725 0.0007873632026320632
36.0 -0.5024424020432743 0.0008125536394796296
36.03333333333333 -0.5898099345365998 0.0008308621459084398
36.06666666666667 -0.6644530713647044 0.0008394872363941541
36.1 -0.7194935183113693 0.0008399559522074274
36.13333333333333 -0.7590317278192412 0.0008431142290947768
36.166666666666664 -0.7783667775313907 0.000841984574549759
36.2 -0.7796203871738129 0.0008463380812278043
36.233333333333334 -0.7611832146943187 0.0008456969635250999
36.266666666666666 -0.7231393858054742 0.000843084645172465
36.3 -0.6667229373652248 0.0008403583164326989
36.333333333333336 -0.591824067126971 0.0008312641040310043
36.36666666666667 -0.5048545152815697 0.0008175209616912982
36.4 -0.400696479663906 0.0007883996648762603
36.43333333333333 -0.2874531454493548 0.0007479214492543962
36.46666666666667 -0.16896220753661811 0.0006962330967995589
36.5 -0.042894976570723144 0.0006314190637854433
36.53333333333333 0.07800991726857831 0.0006537197352757818
36.56666666666667 0.19769516665645 0.0007162963917944909
36.6 0.3131377246392218 0.0007622523183249963
36.63333333333333 0.4172312938454236 0.0007975405681758252
36.666666666666664 0.513622877425051 0.0008254573317258984
36.7 0.5931735348991758 0.0008429012923797385
36.733333333333334 0.6630890142452692 0.0008515980239519605
36.766666666666666 0.712706282270357 0.0008552699817085951
36.8 0.7421981717848174 0.0008568803934102531
36.833333333333336 0.7562986552035745 0.0008585231686156769
36.86666666666667 0.7513756415192749 0.0008589404343408713
36.9 0.7262955616599666 0.000863572889822195
36.93333333333333 0.6827907253680345 0.000854616027502364
36.96666666666667 0.6190535432481608 0.0008456362243691729
37.0 0.5417046553686383 0.000835345267943266
37.03333333333333 0.44507012722290207 0.0008129180622410415
37.06666666666667 0.34174647331780206 0.0007778386215063215
37.1 0.22738850442153385 0.0007293886119814352
37.13333333333333 0.10272690705111022 0.0006670594038745564
37.166666666666664 -0.01706450457222139 0.0006158426107377227
37.2 -0.1362285813674584 0.0006811430110442995
37.233333333333334 -0.255885664260153 0.000734772482445023
37.266666666666666 -0.3645058479260674 0.0007778507740805463
37.3 -0.4677605101793867 0.0008035789143054917
37.333333333333336 -0.5564371882377487 0.0008248941133637278
37.36666666666667 -0.6337662054970756 0.0008406820300776996
37.4 -0.6950932912201396 0.0008439433028228915
37.43333333333333 -0.7386957412152552 0.0008428409240233137
37.46666666666667 -0.7634609235811772 0.0008429456205922836
37.5 -0.7694083971265226 0.0008427535857500335
37.53333333333333 -0.7573527841058767 0.0008442970655268001
37.56666666666667 -0.7253274512906943 0.000841779791081132
37.6 -0.6742561118817167 0.0008389859080050188
37.63333333333333 -0.6072424684481691 0.00083240975889598
37.666666666666664 -0.5228511509607715 0.0008177451846616002
37.7 -0.42652689749206846 0.0007960545656447993
37.733333333333334 -0.31767016665592357 0.0007608227225323061
37.766666666666666 -0.19772405471614768 0.0007119893077632
37.8 -0.07811480969654362 0.0006506869175599006
37.833333333333336 0.04343905468996281 0.0006309556457944551
37.86666666666667 0.16164511069089738 0.0006960979777218546
37.9 0.2795190842074099 0.0007485171721415829
37.93333333333333 0.3836271464630085 0.0007881841971005277
37.96666666666667 0.483585438781481 0.0008209897457825965
38.0 0.5658097306754575 0.0008373893724868964
38.03333333333333 0.6360702341452669 0.0008498191021729662
38.06666666666667 0.6892239210147211 0.0008549048072878929
38.1 0.7257575039716171 0.0008606753164640546
38.13333333333333 0.7426777059406582 0.0008595487842593119
38.166666666666664 0.7427017874140998 0.0008607325702874036
38.2 0.7232483345871928 0.000857967119634484
38.233333333333334 0.6854116335996479 0.000855520106373131
38.266666666666666 0.6281936300588984 0.0008455827523625725
38.3 0.5568561845090072 0.0008352564714538824
38.333333333333336 0.46544782538336926 0.0008130914022889124
38.36666666666667 0.36124761969973435 0.000782626169327505
38.4 0.25124890234623104 0.0007383853902542259
38.43333333333333 0.1300344602883165 0.0006779865127600759
38.46666666666667 0.011702419108490252 0.0006128272147332223
38.5 -0.10997431425960479 0.0006655139405171706
38.53333333333333 -0.22526532806500502 0.0007200560041100701
38.56666666666667 -0.3362559682834866 0.0007650592850086957
38.6 -0.43674282024708155 0.0007974459102206288
38.63333333333333 -0.5296165732860237 0.0008192856748571176
38.666666666666664 -0.6071945992604251 0.0008304678935102672
38.7 -0.6715378222169309 0.0008377751775553444
38.733333333333334 -0.7165125852648969 0.0008430858147358
38.766666666666666 -0.7469154717050932 0.0008431592203657079
38.8 -0.7569253783369946 0.0008444013622194158
38.833333333333336 -0.7507553256879832 0.0008453611980517861
38.86666666666667 -0.7225834592040693 0.0008418161175860472
38.9 -0.6776594661826324 0.0008381990574497511
38.93333333333333 -0.614833343540183 0.0008328516464293223
38.96666666666667 -0.5336192287992574 0.0008191608202074985
39.0 -0.4419754187189818 0.0008007603308311517
39.03333333333333 -0.33991358330290344 0.0007682463114018212
39.06666666666667 -0.2239689334782817 0.0007213506961418481
39.1 -0.10415894292072471 0.0006616512085589887
39.13333333333333 0.01351438786461404 0.0006140549217389362
39.166666666666664 0.13498478698476596 0.0006820278554163783
39.2 0.24786074221872634 0.0007360605668948472
39.233333333333334 0.35547934549554383 0.0007771852794027923
39.266666666666666 0.45298555020041414 0.0008123268755496627
39.3 0.538286996603186 0.000833095675237483
39.333333333333336 0.61085748816421 0.0008456023819982672
39.36666666666667 0.6659352551661614 0.0008552554127075895
39.4 0.7075767521545696 0.0008574623845043483
39.43333333333333 0.7292561205859872 0.000856078840797525
39.46666666666667 0.7323095310760099 0.0008591942942699493
39.5 0.7170770917356327 0.0008604755004386622
39.53333333333333 0.6832702292080297 0.0008572652906990719
39.56666666666667 0.631765198472364 0.0008523658685448687
39.6 0.5639748541539373 0.000837976403713192
39.63333333333333 0.4794747732912741 0.0008179162026020204
39.666666666666664 0.3839657619140698 0.0007882198679688424
39.7 0.27419430785330373 0.0007447565686926616
39.733333333333334 0.1574200402067892 0.0006925043439326151
39.766666666666666 0.03665104208162622 0.0006267167879947591
39.8 -0.08022240100319383 0.0006503330376887717
39.833333333333336 -0.1957006882085382 0.0007068060732498549
39.86666666666667 -0.3062447256429515 0.0007542604557809196
39.9 -0.41052014532760833 0.0007952138097703787
39.93333333333333 -0.5054690789751713 0.000819018155084672
39.96666666666667 -0.5849552763388242 0.0008334545493879908
40.0 -0.648959754956439 0.0008366869674671928
40.03333333333333 -0.6985263620877079 0.0008423568437967432
40.06666666666667 -0.730983897726033 0.000843014383769991
40.1 -0.7454279167873592 0.0008452120056530177
40.13333333333333 -0.7420251084273748 0.0008448348416485452
40.166666666666664 -0.7184971847929981 0.0008425437950368986
40.2 -0.6779700135223006 0.0008395284366309319
40.233333333333334 -0.6197933206044189 0.0008330485276963895
40.266666666666666 -0.543947539346066 0.0008208776421644304
40.3 -0.453654004160739 0.0008011498966925545
40.333333333333336 -0.3540926919761899 0.000769123980902453
40.36666666666667 -0.2445419752681276 0.0007290939147448217
40.4 -0.12662220265091575 0.0006725250387388526
40.43333333333333 -0.008213462338580491 0.000608500952273364
40.46666666666667 0.10913958863901468 0.0006637984058957547
40.5 0.22384472731090604 0.0007217461604463737
40.53333333333333 0.32896934321190774 0.0007698016141348685
40.56666666666667 0.4292448976311085 0.0008027050644982547
40.6 0.515049984828335 0.000828228902735928
40.63333333333333 0.589679050585785 0.0008399573957325046
40.666666666666664 0.6468380252926411 0.0008499375615103055
40.7 0.6902772540095737 0.0008561231250001633
40.733333333333334 0.7153494623961698 0.0008581736704965648
40.766666666666666 0.7220846912667309 0.0008577119835100344
40.8 0.7109610283785363 0.0008596768102924202
40.833333333333336 0.6811411128602041 0.0008556403703749993
40.86666666666667 0.6318382383980555 0.0008511461217500793
40.9 0.5689787480309029 0.0008382212015419777
40.93333333333333 0.4893761603921024 0.0008185470801407857
40.96666666666667 0.3968058449163608 0.0007928719029074993
41.0 0.29079905043193793 0.0007639164893175621
41.03333333333333 0.17790394238573481 0.0007042768396738897
41.06666666666667 0.06101548197235662 0.0006404843031594873
41.1 -0.05693281487203688 0.0006382780454636389
41.13333333333333 -0.17354224162142654 0.0006978294891651082
41.166666666666664 -0.28228800772441104 0.0007448503034051535
41.2 -0.3854163511177118 0.000781907243024571
41.233333333333334 -0.47930393785204006 0.0008068937775880802
41.266666666666666 -0.5611409316972026 0.000823677880697149
41.3 -0.628327725614759 0.0008352033567524675
41.333333333333336 -0.6808524046539132 0.0008400246305068082
41.36666666666667 -0.7163445093492279 0.000842317841028728
41.4 -0.7353855628665091 0.0008433597197894382
41.43333333333333 -0.7348050707247039 0.0008430053834518336
41.46666666666667 -0.7143412913555146 0.0008433481369281015
41.5 -0.6779108124735174 0.0008408086560890426
41.53333333333333 -0.6224358230499343 0.0008370297303856855
41.56666666666667 -0.5522838342687525 0.0008224450555488483
41.6 -0.4647048400514922 0.0008045078151247553
41.63333333333333 -0.36713488864807753 0.0007754892932397284
41.666666666666664 -0.26028000817391045 0.0007344001100491604
41.7 -0.14660370182634264 0.0006846368088915811
41.733333333333334 -0.03147426754694407 0.0006228604526930873
41.766666666666666 0.088857896660797 0.0006545085492127289
41.8 0.20428540144738816 0.0007137595196171631
41.833333333333336 0.3086741068383382 0.0007619288558167736
41.86666666666667 0.40762801781198393 0.0007962766692986567
41.9 0.49548920199697166 0.000822172739688376
41.93333333333333 0.570441990235064 0.0008370300742711612
41.96666666666667 0.6298094751507398 0.000847549929126834
42.0 0.6744866919525391 0.0008540969726846814
