0.0 0.607769799841116 0.0008447432904682417
0.03333333333333333 0.6354236487694389 0.0008474242522223951
0.06666666666666667 0.6467402196524137 0.0008503526015165574
0.1 0.6426340928779813 0.0008499943988973246
0.13333333333333333 0.6207310753319363 0.0008473242758861854
0.16666666666666666 0.5835302358443871 0.0008425066876983633
0.2 0.5279589215681305 0.0008315536351625186
0.23333333333333334 0.45981315046763926 0.0008113359132472797
0.26666666666666666 0.377610774581744 0.0007901539822843251
0.3 0.2875666842790171 0.0007535308741121738
0.3333333333333333 0.1891700760637467 0.0007116924465029872
0.36666666666666664 0.0854468972623487 0.0006564939726411839
0.4 -0.019484251871043044 0.0006194523958380355
0.43333333333333335 -0.12312993238347111 0.0006784667590272464
0.4666666666666667 -0.22479481800706289 0.000725823349022936
0.5 -0.31851196557491096 0.0007667940444496257
0.5333333333333333 -0.4063584440493638 0.0007964793182496654
0.5666666666666667 -0.4847650539086248 0.0008164703280313934
0.6 -0.5488516723241558 0.0008314495138248557
0.6333333333333333 -0.5969958940722706 0.0008404026705052248
0.6666666666666666 -0.6322357719134801 0.0008475835841548207
0.7 -0.6507023432169248 0.0008476080998222058
0.7333333333333333 -0.6536247258695125 0.000848435858218366
0.7666666666666667 -0.6388795404885854 0.0008472591033126253
0.8 -0.608497010665025 0.0008420005364832006
0.8333333333333334 -0.5615070466487684 0.0008339408173220209
0.8666666666666667 -0.49796235391852306 0.000821969157280722
0.9 -0.4229574399365299 0.0008020295603435867
0.9333333333333333 -0.3375698979833673 0.0007728046011019618
0.9666666666666667 -0.24334921255462677 0.000735490820525847
1.0 -0.1412291637498922 0.0006869861478690786
1.0333333333333334 -0.03703394414088478 0.0006310602025024897
1.0666666666666667 0.06361706024363771 0.0006454854828664008
1.1 0.1677287264299529 0.0007024608794176657
1.1333333333333333 0.2652107095927311 0.0007446476428430437
1.1666666666666667 0.3552586247369241 0.0007817966153511047
1.2 0.4375769559764264 0.0008073322247941217
1.2333333333333334 0.5081628545759704 0.0008257478860452805
1.2666666666666666 0.5617840459702719 0.0008365849498268574
1.3 0.6011878007488969 0.0008436257888824183
1.3333333333333333 0.6289623216309206 0.0008488155116982421
1.3666666666666667 0.6386077077048163 0.0008501586782269088
1.4 0.6310365423612937 0.0008499541063776705
1.4333333333333333 0.6077225681622385 0.0008466402220054237
1.4666666666666666 0.5675717745013552 0.0008413835816342141
1.5 0.5116144976666203 0.0008272921615906093
1.5333333333333334 0.4448361578995039 0.0008058909788645208
1.5666666666666667 0.363273946993027 0.000783674153960523
1.6 0.269244898991271 0.0007486081921511678
1.6333333333333333 0.17209124519597682 0.0007015504034094955
1.6666666666666667 0.06877491840909507 0.0006493259409900975
1.7 -0.033815602543854836 0.000629130664889517
1.7333333333333334 -0.13877396781587883 0.0006826515297902458
1.7666666666666666 -0.23551869498966835 0.0007305762657083548
1.8 -0.32842327628766615 0.0007678135376566475
1.8333333333333333 -0.4116261038465457 0.0007990201652826601
1.8666666666666667 -0.4849627534085206 0.0008159981332231392
1.9 -0.5460874090737549 0.0008299067134986959
1.9333333333333333 -0.5946779083084633 0.0008392031360114904
1.9666666666666666 -0.6267883810280089 0.0008443046421441336
2.0 -0.6435548758922621 0.000847855618664517
2.033333333333333 -0.6437177247233541 0.0008481674875575607
2.066666666666667 -0.6285156927463054 0.0008481298176171714
2.1 -0.5960289756708697 0.000843277285466848
2.1333333333333333 -0.5478858179619738 0.0008320997836661626
2.1666666666666665 -0.48477363166908444 0.0008206689412569856
2.2 -0.4094844172530051 0.0007977478007201722
2.2333333333333334 -0.31978010775549 0.0007653497946941146
2.2666666666666666 -0.22649844909058192 0.0007281403085122873
2.3 -0.12798705279217665 0.0006795386529973024
2.3333333333333335 -0.022924131341518078 0.0006208707113291509
2.3666666666666667 0.07826245527640824 0.0006523497494729941
2.4 0.17951500597546843 0.0007052925944054655
2.433333333333333 0.27466786821789435 0.0007477642438699639
2.466666666666667 0.36202026408531635 0.0007810502436373379
2.5 0.43892863048552455 0.0008063366878779399
2.533333333333333 0.5051476751411257 0.0008243641318945727
2.566666666666667 0.5606502968216395 0.0008350383569574182
2.6 0.598253355005252 0.0008417181544869701
2.6333333333333333 0.6214877790424471 0.0008453717335602517
2.6666666666666665 0.6282195762732996 0.0008482106891682939
2.7 0.6198677893076796 0.0008482832541339969
2.7333333333333334 0.5941554332036815 0.0008449189636370313
2.7666666666666666 0.5535485517165254 0.0008370076902672885
2.8 0.4959472358441678 0.0008247985318560747
2.8333333333333335 0.42630055569578684 0.0008026500410587833
2.8666666666666667 0.34713776930254847 0.000773798283188798
2.9 0.2555689331247954 0.0007424749191045632
2.933333333333333 0.1566693885043507 0.0006948091408578994
2.966666666666667 0.05287304224937196 0.0006399746120216432
3.0 -0.048740021570798375 0.0006367176063640512
3.033333333333333 -0.1504026470226197 0.0006899539461339421
3.066666666666667 -0.24640702050950933 0.0007355203274971578
3.1 -0.33507127205254156 0.0007714988568223169
3.1333333333333333 -0.4204231318953275 0.0008014311216171799
3.1666666666666665 -0.4892963779141874 0.0008176323287965581
3.2 -0.5491186689823714 0.0008312809806765298
3.2333333333333334 -0.5936233086924746 0.0008393298273117189
3.2666666666666666 -0.6235933519616852 0.0008445356727793119
3.3 -0.6369614002683194 0.0008462107276396846
3.3333333333333335 -0.6347121204395133 0.0008454378046303113
3.3666666666666667 -0.6152218891480808 0.0008441616284016185
3.4 -0.5797476097176408 0.0008368616493507064
3.433333333333333 -0.5312372456559171 0.0008267500999554755
3.466666666666667 -0.46776072096576005 0.0008122250117282293
3.5 -0.39013005326459804 0.0007916643860061412
3.533333333333333 -0.30238590745579313 0.0007602029417895229
3.566666666666667 -0.2089646397540553 0.0007194216889617744
3.6 -0.10796553712836712 0.000667804432945715
3.6333333333333333 -0.006316267930517915 0.000610592055058156
3.6666666666666665 0.09452928164314413 0.00066337113653539
3.7 0.1940888936680237 0.0007118743449795184
3.7333333333333334 0.2890787017342048 0.0007566732705514001
3.7666666666666666 0.3728571970252885 0.0007858636660776908
3.8 0.4469835954311792 0.0008120515425995567
3.8333333333333335 0.512064677138582 0.0008266110012007388
3.8666666666666667 0.5606466168548635 0.0008374657232286253
3.9 0.5946051182362052 0.0008444502894457973
3.933333333333333 0.6161446688468982 0.0008461276617891533
3.966666666666667 0.6188653768689302 0.0008475425066188924
4.0 0.6071038615988514 0.0008513264129650366
4.033333333333333 0.5792361815514715 0.0008437477414631189
4.066666666666666 0.5381248561526074 0.0008338310886077949
4.1 0.4788863674510701 0.0008181582514790731
4.133333333333334 0.40812321469505997 0.0008007762883257552
4.166666666666667 0.32541969670972665 0.0007692879180472567
4.2 0.23299464273743578 0.0007334383049548421
4.233333333333333 0.13375601991741176 0.000680711609330864
4.266666666666667 0.03347125836057331 0.0006245412726946925
4.3 -0.06508127898493395 0.0006469475895098387
4.333333333333333 -0.16580108166245414 0.0006975321604021922
4.366666666666666 -0.2603478655033012 0.000739790203942936
4.4 -0.3463821753775185 0.0007784907701122723
4.433333333333334 -0.42639862774454435 0.0008011011291144121
4.466666666666667 -0.4935730111721029 0.0008192966251122091
4.5 -0.5488857209381854 0.0008332006330704633
4.533333333333333 -0.5912271647467617 0.0008395380171083433
4.566666666666666 -0.6179581331527291 0.0008428634830751625
4.6 -0.6286521479867894 0.0008446029960156309
4.633333333333334 -0.6232757626343122 0.000843807436392785
4.666666666666667 -0.6009428175398916 0.0008402604885816567
4.7 -0.5629153405847207 0.0008342731659937153
4.733333333333333 -0.5128283610781167 0.0008228413857725991
4.766666666666667 -0.44440822206931446 0.0008076054128809962
4.8 -0.36870523093236945 0.0007844148347508906
4.833333333333333 -0.2801953697956408 0.0007513439583758941
4.866666666666666 -0.18630660695677884 0.000708559753896193
4.9 -0.08542227411332204 0.000656853133317134
4.933333333333334 0.015070218493579049 0.0006174141629122394
4.966666666666667 0.1141861416626205 0.0006710576187721473
5.0 0.2138043021442065 0.000723400216597947
5.033333333333333 0.3014038860581954 0.0007604304234337667
5.066666666666666 0.38433392891668194 0.0007896381616374071
5.1 0.4545997764212401 0.0008099101367692874
5.133333333333334 0.5168474188752231 0.0008259423003055266
5.166666666666667 0.5626375418352939 0.0008353910944144394
5.2 0.5941981132298335 0.0008398722698008676
5.233333333333333 0.6105294927811658 0.000843812851084591
5.266666666666667 0.6108774536528782 0.0008437137753595225
5.3 0.5958830299174387 0.0008430408413124812
5.333333333333333 0.5649871277674444 0.0008372515030239391
5.366666666666666 0.518720561552365 0.0008278502682536049
5.4 0.4570504044091435 0.0008139970624643222
5.433333333333334 0.3858893160830465 0.0007936774947239211
5.466666666666667 0.3013056729578032 0.0007606454679813246
5.5 0.21114489165003658 0.0007222400874042356
5.533333333333333 0.11132711493814215 0.0006702319183463645
5.566666666666666 0.011799691480901526 0.0006148040276255547
5.6 -0.08733381518748161 0.0006576896790130293
5.633333333333334 -0.18537970010372712 0.0007069061923034303
5.666666666666667 -0.277539993469447 0.0007491156170800761
5.7 -0.36103425770637715 0.0007790122466909133
5.733333333333333 -0.43586595618219254 0.0008028206333664523
5.766666666666667 -0.5000966394593703 0.0008185410567240758
5.8 -0.5515722190842257 0.0008309549713875208
5.833333333333333 -0.5890771778733626 0.0008372225105528486
5.866666666666666 -0.6129762442143303 0.0008437693918302847
5.9 -0.6191538540860281 0.000844240145221109
5.933333333333334 -0.6104097804792563 0.0008429632118869268
5.966666666666667 -0.5854685836227866 0.0008407002079585668
6.0 -0.544668859475125 0.0008323992952397052
6.033333333333333 -0.48949278219350195 0.0008194729221078223
6.066666666666666 -0.42093401820155807 0.0007989178424679944
6.1 -0.3437200522330261 0.0007732518556013424
6.133333333333334 -0.25648987327698647 0.0007382687253588704
6.166666666666667 -0.16431230101555444 0.0006999782349258188
6.2 -0.06674948613530717 0.0006471503200548012
6.233333333333333 0.03815052115850453 0.0006306361996935364
6.266666666666667 0.13554756333249346 0.0006831936669284
6.3 0.22956163807807897 0.0007286754959331954
6.333333333333333 0.3170074997491575 0.0007653285812463384
6.366666666666666 0.3957377956854542 0.0007977967611557668
6.4 0.4627933513116607 0.0008200853680674913
6.433333333333334 0.5193929150587805 0.0008283720698400998
6.466666666666667 0.5626759554203167 0.0008374644138813281
6.5 0.590476086157419 0.0008424300016818265
6.533333333333333 0.6032414795203168 0.000844370883875567
6.566666666666666 0.5999864591046082 0.0008440752989381517
6.6 0.579715032816088 0.0008409049296357329
6.633333333333334 0.5458014323933671 0.0008349583667510707
6.666666666666667 0.49769616663465654 0.0008245078610364942
6.7 0.435051036216093 0.0008095976036913699
6.733333333333333 0.360608274734763 0.0007816913320143892
6.766666666666667 0.2735498629806854 0.0007475554702896514
6.8 0.18468247560171488 0.0007084982569460774
6.833333333333333 0.08984329799535246 0.0006592356727030124
6.866666666666666 -0.010052102588705779 0.0006119455295555791
6.9 -0.11023849395289344 0.0006696707098635263
6.933333333333334 -0.2053623470917541 0.0007160187837626231
6.966666666666667 -0.2936621767532566 0.0007586917641437818
7.0 -0.37587983221147175 0.0007893959312197385
7.033333333333333 -0.44647322091305086 0.0008081399979224524
7.066666666666666 -0.5057624268220512 0.0008260531422522588
7.1 -0.5550298991815042 0.0008319011927959696
7.133333333333334 -0.5871499608668159 0.000838611882123308
7.166666666666667 -0.6063861090489914 0.000842681638042353
7.2 -0.609490104910966 0.000843371892711664
7.233333333333333 -0.5964697481694705 0.0008424737279175698
7.266666666666667 -0.5687686056955545 0.0008371176722496987
7.3 -0.524977065659383 0.0008279386927010357
7.333333333333333 -0.4685801350927559 0.0008152844663787406
7.366666666666666 -0.3987135270511542 0.0007944416670638832
7.4 -0.31927376169540483 0.0007671160689520784
7.433333333333334 -0.22952868554349334 0.0007291974945941027
7.466666666666667 -0.13655492681620485 0.0006843258603311253
7.5 -0.03844758347325337 0.0006298322713189294
7.533333333333333 0.05844329924824451 0.0006430382153768885
7.566666666666666 0.15942397620069326 0.0006944432223103814
7.6 0.24918759233734006 0.0007383190515355131
7.633333333333334 0.333690567120957 0.0007723817803124144
7.666666666666667 0.40956965158811093 0.0007989635356505653
7.7 0.474556048580831 0.0008162290119491655
7.733333333333333 0.525537185913369 0.0008313101002751511
7.766666666666667 0.5651685178791458 0.0008373309338722823
7.8 0.5882824305142446 0.0008420191580512659
7.833333333333333 0.5958542771308184 0.0008434441366408363
7.866666666666666 0.5885716764584914 0.0008427143752812727
7.9 0.566024907436012 0.0008378426790904836
7.933333333333334 0.5275143107034364 0.0008316882036197848
7.966666666666667 0.4773198036145508 0.0008202076056866847
8.0 0.41005985915515736 0.0008005971499153719
8.033333333333333 0.33578964014347246 0.0007731400143681788
8.066666666666666 0.24868331369012478 0.0007411282459395818
8.1 0.1580015784308573 0.0006947677001152286
8.133333333333333 0.061608951186608106 0.0006465269499381782
8.166666666666666 -0.03541853991295693 0.000628651087993426
8.2 -0.1343222760613085 0.0006816096414964945
8.233333333333333 -0.22592133596075725 0.000725959231181017
8.266666666666667 -0.3128680338528753 0.000760977435117105
8.3 -0.39257628503341485 0.0007910466738711985
8.333333333333334 -0.4604653083065362 0.0008088699621633388
8.366666666666667 -0.5153828428058197 0.000823181912243065
8.4 -0.5584906396578728 0.0008327037002678894
8.433333333333334 -0.5884931036502213 0.0008379394763730064
8.466666666666667 -0.6021197798059904 0.0008403939749438427
8.5 -0.6006240984426723 0.0008409135173627069
8.533333333333333 -0.5833615178775516 0.0008383249047209107
8.566666666666666 -0.5513801914434849 0.0008325350809204046
8.6 -0.5038651199981657 0.000821994991169972
8.633333333333333 -0.44399897582854675 0.0008064482086251878
8.666666666666666 -0.37104580854570784 0.0007846676098193783
8.7 -0.2890781710991622 0.0007556488992725985
8.733333333333333 -0.19869831240504374 0.0007159981611395416
8.766666666666667 -0.1063864029403156 0.0006701986406109223
8.8 -0.008779573935399415 0.000614129849894493
8.833333333333334 0.087131065933497 0.0006604317964458428
8.866666666666667 0.1821196506150352 0.0007108790370536355
8.9 0.2690356955292072 0.0007483934738766185
8.933333333333334 0.3513417155359325 0.0007842323770680948
8.966666666666667 0.42451116873945516 0.000805683805198687
9.0 0.48443459566179203 0.0008179239211639766
9.033333333333333 0.5319719477049203 0.0008305418696338274
9.066666666666666 0.5645655688016048 0.0008383475273475716
9.1 0.5848561924719414 0.0008403762812603244
9.133333333333333 0.5881000911448213 0.0008412827202913808
9.166666666666666 0.5770778600508811 0.0008389116463853874
9.2 0.5512223267659763 0.0008348694704801707
9.233333333333333 0.5082578602667241 0.0008237658628920119
9.266666666666667 0.45165754289509985 0.0008109205861594471
9.3 0.3855076105838047 0.0007905385286332001
9.333333333333334 0.3063931530047915 0.0007616903243699014
9.366666666666667 0.21926948038561084 0.0007267484754875098
9.4 0.12691036624769345 0.0006795387625994631
9.433333333333334 0.030905450245055924 0.0006261292821248717
9.466666666666667 -0.06476252047486572 0.0006463708830628107
9.5 -0.15988973023023645 0.0006965235735141018
9.533333333333333 -0.2508064456640643 0.0007362858569627262
9.566666666666666 -0.3364167440163508 0.0007725637580450195
9.6 -0.4086139424843315 0.0007958729449307755
9.633333333333333 -0.47100196178422093 0.0008147845468929882
9.666666666666666 -0.5249632468084028 0.0008285774089344944
9.7 -0.564140847457924 0.0008358425435347483
9.733333333333333 -0.5878322097305054 0.0008393137494296932
9.766666666666667 -0.5971523355970019 0.0008413228186945343
9.8 -0.5911716578202985 0.0008400330015958524
9.833333333333334 -0.5704628438117724 0.0008369094514996123
9.866666666666667 -0.5325340503807532 0.0008287428893308801
9.9 -0.4811258842395014 0.0008164561809251847
9.933333333333334 -0.4181449408583637 0.0007983702468028486
9.966666666666667 -0.3443168168750627 0.0007757511687933039
10.0 -0.26089439421015054 0.0007417673105707956
10.033333333333333 -0.1725907772507838 0.0007017758993934919
10.066666666666666 -0.07710988490738199 0.0006504175965350439
10.1 0.019560393321854743 0.0006200907272910679
10.133333333333333 0.11569219372340704 0.0006738736688256947
10.166666666666666 0.20676428788328627 0.0007210487631406082
10.2 0.29126614126892125 0.0007599221744087337
10.233333333333333 0.37116641623204316 0.000789143853955232
10.266666666666667 0.43778333815667075 0.0008155485916486183
10.3 0.49436914639313 0.0008232398169141786
10.333333333333334 0.5366587404304115 0.0008343760827187463
10.366666666666667 0.5651201418291097 0.0008387774510713042
10.4 0.5789453841650009 0.0008410327531813699
10.433333333333334 0.5781436583553935 0.000841006697819946
10.466666666666667 0.5633179282097153 0.0008373337404709025
10.5 0.5322523037145076 0.0008315664209491702
10.533333333333333 0.48503163877432903 0.0008201606114584536
10.566666666666666 0.42525179641823024 0.0008062408674137655
10.6 0.3570233825306248 0.0007799498078505662
10.633333333333333 0.27629676675106446 0.0007491727978151674
10.666666666666666 0.18947274880877712 0.0007130877619398457
10.7 0.09418694354217766 0.0006621295784996623
10.733333333333333 -0.0002990040205225883 0.0006072032832928772
10.766666666666667 -0.09546418548879321 0.0006607436428055641
10.8 -0.18707064016573963 0.0007082979784965582
10.833333333333334 -0.2719692535019176 0.0007452855544589077
10.866666666666667 -0.35744507213911125 0.0007790432696527239
10.9 -0.4270383962683024 0.0008021293047596467
10.933333333333334 -0.486369625473947 0.0008180765880609342
10.966666666666667 -0.5337034689386732 0.0008279760026818073
11.0 -0.5663716105916672 0.0008350845387403716
11.033333333333333 -0.5854463789308441 0.000838851429676879
11.066666666666666 -0.58946670550082 0.0008402228326342964
11.1 -0.5785320537276296 0.0008384363587762289
11.133333333333333 -0.5527517451785287 0.00083273775908832
11.166666666666666 -0.512885849105729 0.0008254449547288045
11.2 -0.45660392546058615 0.0008111841607977288
11.233333333333333 -0.3888274296246452 0.0007906478696138586
11.266666666666667 -0.31310026630115906 0.0007641611950783278
11.3 -0.23040791225245222 0.000729246960122415
11.333333333333334 -0.13816075207895226 0.0006843463584663145
11.366666666666667 -0.0456364447512008 0.0006337399495376511
11.4 0.04985039715120392 0.0006377434864193246
11.433333333333334 0.14197880905917942 0.0006878827281223687
11.466666666666667 0.23026290043972134 0.0007321559120898602
11.5 0.3134164925470357 0.0007675876527423742
11.533333333333333 0.3873381669483843 0.0007895753048758336
11.566666666666666 0.45127260780862705 0.0008097956731549227
11.6 0.5045180700567469 0.0008237926555011432
11.633333333333333 0.5409484171439877 0.0008331135916203047
11.666666666666666 0.564610410140448 0.0008364562974472189
11.7 0.5736210987354579 0.0008391296719296726
11.733333333333333 0.5682119932020606 0.0008370274219282603
11.766666666666667 0.5456426912163241 0.0008352410492407092
11.8 0.5113936079513487 0.0008266781618693209
11.833333333333334 0.46390571373788014 0.0008132864613414337
11.866666666666667 0.39902262203334804 0.0007942623882757349
11.9 0.32577620560499876 0.0007701783539514895
11.933333333333334 0.2457963209791691 0.0007373821831564153
11.966666666666667 0.15513174337640137 0.0006926542439203154
12.0 0.06080988758066886 0.000642573523438654
12.033333333333333 -0.030352054917493085 0.000625141200700275
12.066666666666666 -0.12504545273502884 0.0006778108859871457
12.1 -0.21458360958036005 0.000721278286818422
12.133333333333333 -0.29631461085657407 0.0007567865969121956
12.166666666666666 -0.373463851267023 0.0007847153359840098
12.2 -0.4394082332088028 0.0008049958245864852
12.233333333333333 -0.49573415524280395 0.0008219741576497852
12.266666666666667 -0.5364103287674764 0.0008311641564228145
12.3 -0.5664157672590261 0.0008359581046181175
12.333333333333334 -0.5818354463207446 0.000838134736557361
12.366666666666667 -0.5804515419064323 0.0008392442765909891
12.4 -0.565164468604948 0.0008397295065247778
12.433333333333334 -0.5342589586897244 0.0008333508455354854
12.466666666666667 -0.4892509422015635 0.0008192037574816791
12.5 -0.4324086434477586 0.0008040885921270502
12.533333333333333 -0.3617603594000136 0.0007794567770224581
12.566666666666666 -0.2838022655857177 0.0007507225570681508
12.6 -0.19816722494491548 0.000714222603187209
12.633333333333333 -0.10606942856074175 0.0006665828508661958
12.666666666666666 -0.01594210287338795 0.0006169332065590893
12.7 0.08063512694380141 0.0006554311080995967
12.733333333333333 0.16961509457048898 0.0007041001444473005
12.766666666666667 0.25462056291022866 0.0007419283895445661
12.8 0.3342643694173809 0.0007740140468751044
12.833333333333334 0.4032670191536962 0.0007968677671799096
12.866666666666667 0.46319267739206704 0.0008141403755663745
12.9 0.5103678051801384 0.0008262911689274066
12.933333333333334 0.5435979739856533 0.0008332775912086587
12.966666666666667 0.5614754541752298 0.0008367572143718194
13.0 0.565523903502747 0.0008392645923123165
13.033333333333333 0.5555266121742267 0.0008368692004271372
13.066666666666666 0.5299767289684227 0.0008330140284048548
13.1 0.49020436229833575 0.0008226794875617616
13.133333333333333 0.4385127033616496 0.0008088884969255639
13.166666666666666 0.37421251432749214 0.0007874636176433691
13.2 0.29603959243091665 0.000759041076040301
13.233333333333333 0.21338343930001724 0.0007230769161901685
13.266666666666667 0.12149694682258719 0.0006762699556041307
13.3 0.030764484350721887 0.0006239636126583008
13.333333333333334 -0.06367904204410267 0.0006441478201860973
13.366666666666667 -0.15346738390501066 0.0006892926482435224
13.4 -0.23925234484906283 0.0007321136038957454
13.433333333333334 -0.3203633483953165 0.0007628281599731945
13.466666666666667 -0.39269582984121704 0.0007913950559299554
13.5 -0.454252532967317 0.0008077427136216619
13.533333333333333 -0.5052984078168958 0.0008211626766682079
13.566666666666666 -0.5429517888565685 0.0008300372902669828
13.6 -0.5660874999696581 0.0008358520828960492
13.633333333333333 -0.5751512067905667 0.0008375005736640517
13.666666666666666 -0.5697462925049526 0.0008352752261000518
13.7 -0.5486972783130406 0.0008332719348789208
13.733333333333333 -0.5133533196956811 0.0008240543936440803
13.766666666666667 -0.4636780930544732 0.0008131603700035073
13.8 -0.4038719712248495 0.0007957212572977657
13.833333333333334 -0.3320262642298156 0.000771785232036748
13.866666666666667 -0.25070852811259864 0.0007380950111537388
13.9 -0.16443182035089052 0.0006987755684709773
13.933333333333334 -0.07482401270053457 0.0006503783102699279
13.966666666666667 0.019850981590478285 0.00061990681380273
14.0 0.11172847197644468 0.0006703089120781575
14.033333333333333 0.1976555400650866 0.0007136139361938743
14.066666666666666 0.2826531940803752 0.0007520645256082759
14.1 0.3574778551597973 0.0007806587232743745
14.133333333333333 0.4221223470293317 0.0008008607727074679
14.166666666666666 0.47502359124314236 0.0008162222961662913
14.2 0.5170580585425151 0.0008273279055674987
14.233333333333333 0.5458390205983966 0.0008345074596274316
14.266666666666667 0.5573989240522675 0.000835624243929578
14.3 0.5578984376050693 0.0008361073690479337
14.333333333333334 0.5425878003229462 0.0008329097073761504
14.366666666666667 0.5127672459338978 0.0008273326961087957
14.4 0.46698875343545504 0.0008160402871782435
14.433333333333334 0.411245870802096 0.0007985750533059943
14.466666666666667 0.34155785946222145 0.0007773732272708389
14.5 0.2649057070633819 0.0007456114844288098
14.533333333333333 0.17881061593785488 0.0007056728586655736
14.566666666666666 0.08959569691385198 0.00066012925167791
14.6 -0.0012134289797357547 0.0006089517297473872
14.633333333333333 -0.09496790000923569 0.0006618283172488137
14.666666666666666 -0.18530853401123906 0.0007088698031165186
14.7 -0.26704128132907345 0.0007441926984138592
14.733333333333333 -0.3462243853819219 0.0007757817640426379
14.766666666666667 -0.4114375487487881 0.0007956928030579125
14.8 -0.4682030691532017 0.0008139852005475956
14.833333333333334 -0.5140374335574588 0.0008255939104454546
14.866666666666667 -0.5471459232473881 0.0008322731807455241
14.9 -0.5649755188849517 0.0008367957223629485
14.933333333333334 -0.5684160275472566 0.0008377934966925515
14.966666666666667 -0.5569367787436846 0.0008344346192852292
15.0 -0.5316961365690278 0.0008294870153158218
15.033333333333333 -0.4913363919184011 0.0008203135667196881
15.066666666666666 -0.4388559999990167 0.0008034207146196959
15.1 -0.3751989913513353 0.000782421864125582
15.133333333333333 -0.30185710478134414 0.0007559414320087443
15.166666666666666 -0.2177742696882612 0.0007219060727718107
15.2 -0.13171696187711449 0.0006819971740106012
15.233333333333333 -0.039104680247216805 0.0006292952797343973
15.266666666666667 0.051600056329264975 0.0006377502655965442
15.3 0.14120245057484915 0.0006851317196786277
15.333333333333334 0.22538228201227434 0.0007285640712217101
15.366666666666667 0.30775435790920747 0.0007637650835859988
15.4 0.3763594682161259 0.0007893618742954023
15.433333333333334 0.437954961846434 0.0008082017323445267
15.466666666666667 0.4862264215184764 0.0008232904663281193
15.5 0.5238067322519332 0.0008307547503209056
15.533333333333333 0.5460245072714456 0.0008357692056756294
15.566666666666666 0.5535877123483348 0.000836147497507711
15.6 0.5475543769566722 0.0008365293074166225
15.633333333333333 0.5266784235140044 0.0008305032461838335
15.666666666666666 0.49270523624578005 0.0008229001745518882
15.7 0.4429289444324454 0.0008106086614811936
15.733333333333333 0.3826116126792284 0.0007899520687557615
15.766666666666667 0.3123391947717608 0.0007645791205148633
15.8 0.23391726850241643 0.0007294732899588985
15.833333333333334 0.145900103413861 0.0006884506506793509
15.866666666666667 0.05336662990256587 0.0006391482373754448
15.9 -0.037794557657710115 0.0006283402757552986
15.933333333333334 -0.12724664922405177 0.0006773752392477128
15.966666666666667 -0.21136195284006917 0.0007193079749566456
16.0 -0.2949337694773332 0.0007589305755456022
16.033333333333335 -0.3676409137136057 0.0007834886503753635
16.066666666666666 -0.42826894272339366 0.0008024543633485814
16.1 -0.48056527701447616 0.0008175985912092232
16.133333333333333 -0.5224568276237466 0.0008282629564322352
16.166666666666668 -0.5495596535511191 0.0008351116610306741
16.2 -0.5621478562411285 0.0008400439116786895
16.233333333333334 -0.5601302233411775 0.0008376422528300065
16.266666666666666 -0.5445718813658421 0.0008341427254933143
16.3 -0.512736462668244 0.0008262136944254816
16.333333333333332 -0.4684020001269652 0.0008151399266238535
16.366666666666667 -0.41186562797885967 0.0007989321870657817
16.4 -0.3443463638748477 0.000776331718078116
16.433333333333334 -0.2673201718653128 0.0007457418458688969
16.466666666666665 -0.18463272125022184 0.000707233994144546
16.5 -0.0965881525576339 0.0006634435002705052
16.533333333333335 -0.003930418951160567 0.0006104323148157752
16.566666666666666 0.08733851656255787 0.0006571452437173914
16.6 0.17480721573041308 0.0007032903402799939
16.633333333333333 0.2549647690014636 0.0007414530161479749
16.666666666666668 0.3321717310276052 0.0007714519037840817
16.7 0.3991336742118694 0.0007957680147274715
16.733333333333334 0.45448778028506615 0.0008110833677241747
16.766666666666666 0.4981943962367927 0.0008284360404386959
16.8 0.5277858279707888 0.0008372214339281703
16.833333333333332 0.5442196466267752 0.000833485113869159
16.866666666666667 0.5463309907705552 0.0008350051110744827
16.9 0.5346756353443702 0.0008328468884755136
16.933333333333334 0.5092080157437817 0.0008275060311332405
16.966666666666665 0.46862568132717536 0.0008180518326237896
17.0 0.41373009657236226 0.0008028079955053058
17.033333333333335 0.34926875580308603 0.0007804628970232153
17.066666666666666 0.27610313576320716 0.0007514103253783988
17.1 0.19285259337814323 0.0007158378399383658
17.133333333333333 0.10754591936304282 0.0006722272905774901
17.166666666666668 0.01912142313867321 0.0006194222774713425
17.2 -0.07117297587377105 0.0006498940821676458
17.233333333333334 -0.16020004861137985 0.0006955571312386166
17.266666666666666 -0.24334239247077952 0.0007340249976045266
17.3 -0.31974633455283075 0.0007651648192570359
17.333333333333332 -0.3867416539229831 0.0007902521448588384
17.366666666666667 -0.44657325273756393 0.0008066632860354028
17.4 -0.49368539982150494 0.0008195826599494693
17.433333333333334 -0.5276074192731613 0.0008271803419231949
17.466666666666665 -0.5491221748774654 0.0008320886919408466
17.5 -0.5554951280067946 0.0008331613308172336
17.533333333333335 -0.5486032999345314 0.0008316022491792197
17.566666666666666 -0.5266589352937471 0.0008284294688706284
17.6 -0.49030393374669373 0.0008202123622517155
17.633333333333333 -0.440125126612134 0.0008079947400800314
17.666666666666668 -0.3832708070882885 0.0007913063438709789
17.7 -0.3091853465741932 0.0007633427603467302
17.733333333333334 -0.23053438525641579 0.0007288035031842999
17.766666666666666 -0.1491509023047981 0.0006922813690912466
17.8 -0.057313222320599766 0.0006435897194217929
17.833333333333332 0.02791672316317811 0.0006248592147947499
17.866666666666667 0.12106201697594238 0.0006761220116967559
17.9 0.20474893677941078 0.0007188995293593292
17.933333333333334 0.28529805586861184 0.0007535336338111431
17.966666666666665 0.35463922816051263 0.0007808098252788387
18.0 0.4174242088178598 0.0008009922104397216
18.033333333333335 0.4688123890938644 0.0008154924907362027
18.066666666666666 0.5058968262260859 0.0008233121151257627
18.1 0.5293496461796149 0.0008302475368320295
18.133333333333333 0.5395121452066695 0.0008331499571505585
18.166666666666668 0.5361249918583373 0.0008337602408428069
18.2 0.5187509064187652 0.0008289686738008895
18.233333333333334 0.4839657457201252 0.0008213360197871222
18.266666666666666 0.44109786597445605 0.0008082421054908528
18.3 0.38183626105688695 0.0007907427290282376
18.333333333333332 0.31595176477873466 0.0007672683046533457
18.366666666666667 0.2394326222496094 0.0007351887945117319
18.4 0.15552912117060919 0.0006956703993071245
18.433333333333334 0.06726866725215568 0.0006456335771056476
18.466666666666665 -0.018955619824479054 0.0006183813549645277
18.5 -0.10623924861984393 0.0006686531297023929
18.533333333333335 -0.1946470826806711 0.0007117716387794737
18.566666666666666 -0.27509032943131306 0.0007488563882735999
18.6 -0.34846692412678537 0.0007767229795779818
18.633333333333333 -0.4115506399791821 0.0007986374593214052
18.666666666666668 -0.46425369951123635 0.0008118279808992379
18.7 -0.5057132215063597 0.000822652284129255
18.733333333333334 -0.5336139985490513 0.0008296626177093369
18.766666666666666 -0.5477513844451215 0.0008324338180905055
18.8 -0.5482788957039141 0.000832324902200865
18.833333333333332 -0.5350441278950077 0.0008300443539106528
18.866666666666667 -0.507774770025294 0.0008243353261641051
18.9 -0.4642843004055051 0.0008125911286213094
18.933333333333334 -0.4101716686447242 0.0008000826220395663
18.966666666666665 -0.3468334078923537 0.0007781453868769272
19.0 -0.2745784850255326 0.0007507278656554983
19.033333333333335 -0.19056875581610389 0.0007147069211158597
19.066666666666666 -0.10619688785915285 0.0006701228892565247
19.1 -0.018054094375939665 0.0006188582878431485
19.133333333333333 0.06897547339761691 0.0006477286931217824
19.166666666666668 0.155407763219133 0.000694642136840673
19.2 0.23634695505244868 0.0007350091187179053
19.233333333333334 0.31278406200444 0.0007668868975224119
19.266666666666666 0.37685046824273144 0.0007873955258868581
19.3 0.43625259331794364 0.0008066504941957597
19.333333333333332 0.48146328350728906 0.0008202104892467421
19.366666666666667 0.5117174859000907 0.000827101422837262
19.4 0.5315227125523502 0.0008323408609721694
19.433333333333334 0.5338753054314922 0.0008325639453998779
19.466666666666665 0.5248866016717383 0.0008299297101500569
19.5 0.5018559699872185 0.0008238031206744267
19.533333333333335 0.4653426102601455 0.0008169084735971666
19.566666666666666 0.41067467290368037 0.0007979477778641275
19.6 0.3512908733881101 0.0007803076666393349
19.633333333333333 0.27918032464584563 0.0007515856786688979
19.666666666666668 0.2013288493377543 0.0007164000911199231
19.7 0.12014674043126768 0.0006767675308816112
19.733333333333334 0.02819041677411956 0.0006246110119130337
19.766666666666666 -0.05892484971023873 0.0006417690009493243
19.8 -0.1460168819504507 0.0006889498739050259
19.833333333333332 -0.22595203199716773 0.0007271901294767236
19.866666666666667 -0.3038860304569995 0.0007608561774958833
19.9 -0.37278200592573574 0.0007865491307213479
19.933333333333334 -0.43083613766121115 0.000803473725055126
19.966666666666665 -0.47703998887332966 0.0008170374997196195
20.0 -0.5131534160243048 0.0008237703263827001
20.033333333333335 -0.5352667929408547 0.0008307310920405708
20.066666666666666 -0.5437449069478101 0.0008314108663109998
20.1 -0.5377044980266485 0.0008318908347337839
20.133333333333333 -0.517957753277946 0.0008273818617787754
20.166666666666668 -0.4854359521395901 0.0008185660534771877
20.2 -0.4384683603398908 0.0008057862379255432
20.233333333333334 -0.3801686513799532 0.0007895971607926877
20.266666666666666 -0.3121063951890748 0.0007640934471586092
20.3 -0.23531696391631476 0.0007308054860226676
20.333333333333332 -0.15165172647343012 0.0006943304759553515
20.366666666666667 -0.0673977309692785 0.0006478277815857719
20.4 0.020390263994182253 0.0006200863300141989
20.433333333333334 0.10615788742098291 0.0006676818917183275
20.466666666666665 0.1908673999354303 0.0007135474992212287
20.5 0.26685314421475637 0.0007452873778897584
20.533333333333335 0.3392554191160404 0.0007776278717542273
20.566666666666666 0.4024850207182762 0.0007968639576856895
20.6 0.4503310514675044 0.0008116298280552714
20.633333333333333 0.4906982122723995 0.0008218474669722253
20.666666666666668 0.5145813046654665 0.0008274035844851868
20.7 0.5273272402380128 0.0008292045935491821
20.733333333333334 0.5246802315540996 0.0008298368962674774
20.766666666666666 0.509432030741593 0.0008267251559443967
20.8 0.47940072580323445 0.0008207820192577819
20.833333333333332 0.43628451709216837 0.0008084848452206694
20.866666666666667 0.3806563166603629 0.0007904027123514235
20.9 0.31614959600783143 0.0007665036870188047
20.933333333333334 0.2433100513974276 0.0007337031163986707
20.966666666666665 0.16211852508744853 0.0006945116115915639
21.0 0.07582391513569228 0.0006526959436721214
21.033333333333335 -0.008932814049104303 0.0006128346058024634
21.066666666666666 -0.09576900356430894 0.0006620135254749998
21.1 -0.1786395151768633 0.0007042568444603214
21.133333333333333 -0.2584380285170156 0.0007398996414124115
21.166666666666668 -0.33084212893052595 0.0007679918125321206
21.2 -0.39485058050453725 0.0007915335653841948
21.233333333333334 -0.44891500847921056 0.0008065506503935893
21.266666666666666 -0.48974335647393724 0.0008176423725151372
21.3 -0.5184075878357034 0.0008250722319601556
21.333333333333332 -0.534444894848832 0.0008283418433631118
21.366666666666667 -0.5360776094386981 0.0008292335616635338
21.4 -0.5238481449950253 0.0008287750525830528
21.433333333333334 -0.4980928597130637 0.0008218160375553785
21.466666666666665 -0.4574771691272835 0.0008122939375719285
21.5 -0.40827690784876414 0.0007986794290966714
21.533333333333335 -0.344641669933444 0.000774681636728558
21.566666666666666 -0.2731481164396652 0.0007483389026692877
21.6 -0.1947216061880842 0.0007154716636175729
21.633333333333333 -0.11070020254665733 0.0006728799175451938
21.666666666666668 -0.02426883005040802 0.0006225676740627475
21.7 0.0601493016051598 0.0006417064267360065
21.733333333333334 0.14308054839231849 0.0006874606861184407
21.766666666666666 0.22644043233303554 0.0007276054587230518
21.8 0.2986788663144295 0.0007594608744655451
21.833333333333332 0.362626921470168 0.0007836664053667564
21.866666666666667 0.42104696194275476 0.0008028971893626058
21.9 0.46593873885890413 0.0008165363868113396
21.933333333333334 0.49772636668899894 0.0008243652403292501
21.966666666666665 0.5157928834522907 0.0008277251408330688
22.0 0.5202382583069675 0.0008282416005485072
22.033333333333335 0.5111161144566274 0.0008284338310088346
22.066666666666666 0.49150559492891877 0.0008250915676609183
22.1 0.45617674135974734 0.0008125574054440032
22.133333333333333 0.4077544279760466 0.0007991905056842219
22.166666666666668 0.34723279068754176 0.0007803063842585778
22.2 0.280582169059732 0.0007538136726727984
22.233333333333334 0.2016506925929774 0.0007162417933974652
22.266666666666666 0.11893838224470557 0.0006737409636865949
22.3 0.03466091310745142 0.0006288127256074208
22.333333333333332 -0.051144729323670944 0.0006419407937817492
22.366666666666667 -0.13486347735181375 0.0006881479835988413
22.4 -0.21591400294436294 0.0007248669719137346
22.433333333333334 -0.2911267173611996 0.0007562650845429064
22.466666666666665 -0.3562009571576007 0.0007816765974567041
22.5 -0.4167582113749354 0.0008000587129730063
22.533333333333335 -0.4642693776326216 0.0008127499827061402
22.566666666666666 -0.500346962852865 0.0008224092396726945
22.6 -0.5218031048276259 0.0008291765294013986
22.633333333333333 -0.5309866224959349 0.0008319194622480319
22.666666666666668 -0.5259812447200577 0.0008281432713369563
22.7 -0.5078670393939624 0.0008236262154922569
22.733333333333334 -0.47616839253007637 0.00081607362191638
22.766666666666666 -0.4309859545335268 0.0008032873999782031
22.8 -0.37570540268497793 0.0007859168891141688
22.833333333333332 -0.3090584795115272 0.0007620854986601922
22.866666666666667 -0.23479708179759745 0.0007327049836661492
22.9 -0.15217864115002952 0.00069211709865305
22.933333333333334 -0.07041754882564383 0.0006483387370600918
22.966666666666665 0.015687690732608776 0.0006163274219701809
23.0 0.10155267200260411 0.0006676207730817035
23.033333333333335 0.18030890676514422 0.000706965038481222
23.066666666666666 0.25767683658149076 0.0007425555286892926
23.1 0.3274975500809604 0.0007707722410014717
23.133333333333333 0.3876150173263555 0.000790976811053945
23.166666666666668 0.4380737308943791 0.0008061910927052995
23.2 0.47622994513779654 0.0008186460691883557
23.233333333333334 0.5017862098339088 0.0008239023423786129
23.266666666666666 0.5146388024898376 0.0008286357296516389
23.3 0.5135219599923543 0.000828482617794668
23.333333333333332 0.49883808401607443 0.0008221705326197926
23.366666666666667 0.47056167959527456 0.00081647178736588
23.4 0.4283512158528752 0.0008049866029468111
23.433333333333334 0.37546287004425727 0.0007875630452368054
23.466666666666665 0.3121942967282284 0.00076284115880354
23.5 0.23979286382592271 0.0007361028894138089
23.533333333333335 0.16055734318481976 0.0006974158151997756
23.566666666666666 0.07690263374426164 0.0006534669389478831
23.6 -0.007574443422449236 0.0006140787762224176
23.633333333333333 -0.09207992178450042 0.0006632509717931223
23.666666666666668 -0.17399840398846922 0.0007013759871006275
23.7 -0.25039351166083 0.0007373553458348003
23.733333333333334 -0.32116539082263407 0.0007665803532593274
23.766666666666666 -0.38248423302192536 0.0007880399158450846
23.8 -0.4352649762508617 0.0008033790415851727
23.833333333333332 -0.47641846547978606 0.0008159150957019468
23.866666666666667 -0.5057387888707179 0.0008235273223589079
23.9 -0.5231514886067316 0.0008261078312068459
23.933333333333334 -0.5257374384540868 0.000826200392830545
23.966666666666665 -0.5141942716954899 0.0008238234289139612
24.0 -0.48792806618126117 0.0008188872811146775
24.033333333333335 -0.44858351453002254 0.0008091580288084321
24.066666666666666 -0.39839742929150695 0.0007922693448219609
24.1 -0.33914369124145904 0.0007720686571260904
24.133333333333333 -0.27205214345941525 0.000745757875105113
24.166666666666668 -0.19381979049294237 0.0007133772544447026
24.2 -0.11093175168211546 0.0006704374543396452
24.233333333333334 -0.025567227087460963 0.0006234632310835875
24.266666666666666 0.05508576626255352 0.0006395537722709219
24.3 0.14124432621072588 0.0006866486194617993
24.333333333333332 0.2184471365411629 0.0007243447332180575
24.366666666666667 0.289586481699902 0.0007556311684213668
24.4 0.35593990271852 0.0007812698880886315
24.433333333333334 0.4084726504210288 0.0007989168175951411
24.466666666666665 0.4539153299710163 0.0008141306587916564
24.5 0.4858386443978005 0.0008202910727398427
24.533333333333335 0.5049698259723174 0.000825471098761299
24.566666666666666 0.5101775992788792 0.0008269346234048847
24.6 0.5032320539319505 0.0008245441441337986
24.633333333333333 0.48276746303008433 0.0008195142636274189
24.666666666666668 0.44698739626269574 0.0008099660212491644
24.7 0.4009155962913623 0.0007955242166826637
24.733333333333334 0.34011907277409287 0.0007748338881905514
24.766666666666666 0.27571772049248255 0.0007480025734801776
24.8 0.2000092063934948 0.0007174993665345353
24.833333333333332 0.12157456465294367 0.0006766542751804466
24.866666666666667 0.038194638749045724 0.000630678096295044
24.9 -0.04851361868532806 0.0006340829637163717
24.933333333333334 -0.1329690260165069 0.0006831744957526142
24.966666666666665 -0.21018083354529876 0.0007199906118031951
25.0 -0.2823423515477312 0.0007508621881163191
25.033333333333335 -0.3496400018309361 0.0007769338919819679
25.066666666666666 -0.406704589332847 0.0007969974079326536
25.1 -0.4534515427448193 0.0008110459895899758
25.133333333333333 -0.4880571033775368 0.0008189134338523196
25.166666666666668 -0.5104318007843154 0.0008243721643057533
25.2 -0.5199444064529853 0.0008274360420242877
25.233333333333334 -0.5147221771869063 0.0008250237566072016
25.266666666666666 -0.49666075563273154 0.0008211735990241165
25.3 -0.466344584453277 0.0008144062115603146
25.333333333333332 -0.4213957708455477 0.0008009766602843915
25.366666666666667 -0.3692522918281031 0.0007831678319485391
25.4 -0.3035639696488104 0.0007583736323579227
25.433333333333334 -0.22963448472786743 0.0007278487551880541
25.466666666666665 -0.15202404754529378 0.0006920147937096999
25.5 -0.07257710278428672 0.0006491339393698142
25.533333333333335 0.015004784777553683 0.0006162356626981044
25.566666666666666 0.09814759833443629 0.0006628879399847298
25.6 0.1788750430202709 0.0007062200400455021
25.633333333333333 0.25371231483398726 0.000740424277406504
25.666666666666668 0.3195471653512845 0.0007673694318562907
25.7 0.3806365794374836 0.0007917030285714555
25.733333333333334 0.42882703498372504 0.0008081258536400404
25.766666666666666 0.4658666914283562 0.0008167227515547548
25.8 0.49152422386323846 0.0008216452580366851
25.833333333333332 0.5029633600760676 0.000824843682950549
25.866666666666667 0.5023755102105872 0.0008247154812452973
25.9 0.4868643793458338 0.0008225306924975473
25.933333333333334 0.45977173263629706 0.0008139602027001369
25.966666666666665 0.4182985996622599 0.0008014741589114083
26.0 0.3666552316686814 0.0007845795184834303
26.033333333333335 0.3042861809697416 0.0007635977334165545
26.066666666666666 0.23405894448561707 0.0007322528136330664
26.1 0.156592368166833 0.0006941698205660818
26.133333333333333 0.07703503149625557 0.0006525030539944743
26.166666666666668 -0.0070940441593168035 0.0006118385136833736
26.2 -0.09120658950985268 0.0006578609991245016
26.233333333333334 -0.17184198411412047 0.0007001967812619858
26.266666666666666 -0.24750888169027743 0.0007359526703211994
26.3 -0.3169539995354355 0.000763922753882873
26.333333333333332 -0.37930214323847994 0.0007848814445493013
26.366666666666667 -0.42966271051673555 0.0008018221609977227
26.4 -0.469734184437433 0.0008133172338714023
26.433333333333334 -0.4974184285684095 0.0008193359521101451
26.466666666666665 -0.5123921204219827 0.0008244771683783014
26.5 -0.514429200198653 0.0008248167445632504
26.533333333333335 -0.5031045163434774 0.0008242933532307539
26.566666666666666 -0.4785156286563857 0.000817783484758472
26.6 -0.4406213731550182 0.0008061377502891487
26.633333333333333 -0.39058520139293007 0.0007916841028015043
26.666666666666668 -0.33061050822129967 0.0007702158062705688
26.7 -0.26352492585652676 0.0007426108939666554
26.733333333333334 -0.1899554593318351 0.0007105654193633737
26.766666666666666 -0.10958297954786393 0.000669795589099853
26.8 -0.027689838219052385 0.0006264970387194063
26.833333333333332 0.056816239419408256 0.0006410651148637259
26.866666666666667 0.13787180487695117 0.0006864537866962117
26.9 0.2150101374583698 0.0007226882700240023
26.933333333333334 0.2861319600514278 0.0007549201494467805
26.966666666666665 0.34851350869196995 0.0007786708584616164
27.0 0.40281847588170855 0.0007959610064774969
27.033333333333335 0.44387195329225326 0.0008075695555137541
27.066666666666666 0.47561172475371216 0.0008164973640561457
27.1 0.4939667854942199 0.0008232926590010514
27.133333333333333 0.49872638907063543 0.0008230263454707676
27.166666666666668 0.4912636156667973 0.0008228920666740747
27.2 0.46981604330088456 0.0008167755425126932
27.233333333333334 0.4342233828598349 0.0008042203224774003
27.266666666666666 0.3885796188154885 0.0007919983785139584
27.3 0.3299343161634115 0.0007712900587837912
27.333333333333332 0.2649698433128477 0.0007452802776384271
27.366666666666667 0.19178831589153958 0.0007110978635706811
27.4 0.1138567540453971 0.0006730574052212918
27.433333333333334 0.030912003965252895 0.0006249102294892221
27.466666666666665 -0.04869899201087826 0.0006367165153014082
27.5 -0.1316404460491243 0.0006808398765135726
27.533333333333335 -0.2106681244120124 0.000721301571691535
27.566666666666666 -0.28099095476263425 0.0007513833661781377
27.6 -0.34531157733023604 0.0007753704537863393
27.633333333333333 -0.4004331343731231 0.0007959319742957272
27.666666666666668 -0.4465584081780844 0.0008080167304874708
27.7 -0.4792210457937475 0.0008172435225640706
27.733333333333334 -0.5007964602863823 0.0008225619876819357
27.766666666666666 -0.5086335619305866 0.0008243116571966524
27.8 -0.5041288478233353 0.000823351796314209
27.833333333333332 -0.4854256301890448 0.0008210450520118595
27.866666666666667 -0.45328658658944815 0.0008091227361718412
27.9 -0.4108977173664441 0.0007986883559192859
27.933333333333334 -0.3554675948281171 0.0007789174867209869
27.966666666666665 -0.2938227872571717 0.0007583865724506977
28.0 -0.22136287431361995 0.0007253889228353017
28.033333333333335 -0.14436483661947258 0.0006904735631638181
28.066666666666666 -0.06356687532290096 0.0006445353110727248
28.1 0.01858291801863562 0.0006186292712509582
28.133333333333333 0.09841834312267765 0.0006652459676498995
28.166666666666668 0.1765185965165472 0.000704809969775344
28.2 0.25053546638622654 0.0007399440968620663
28.233333333333334 0.3178430145998874 0.0007666966074749149
28.266666666666666 0.37331125166449086 0.0007874845164430044
28.3 0.42274781581247006 0.0008042886529810445
28.333333333333332 0.45807941968287885 0.0008149280388683455
28.366666666666667 0.48128976869620343 0.0008225356373295356
28.4 0.492748959877037 0.0008251213725431472
28.433333333333334 0.49124066167063707 0.0008230774763877124
28.466666666666665 0.47574204077149046 0.0008190916747922161
28.5 0.4483465431477756 0.0008118992759465482
28.533333333333335 0.4076933852604199 0.0007985769062536785
28.566666666666666 0.35459248335627563 0.0007832491499205063
28.6 0.2951450080502461 0.0007588266131212107
28.633333333333333 0.22676300678023975 0.0007291502187858345
28.666666666666668 0.14912712667230366 0.0006898837109207412
28.7 0.0697298509425137 0.0006478673727508683
28.733333333333334 -0.011092250267698807 0.0006131022830821002
28.766666666666666 -0.09163995270627519 0.0006582353117155076
28.8 -0.17243689810711155 0.0007013857684623481
28.833333333333332 -0.24603102687138065 0.00073362777996136
28.866666666666667 -0.3132846649964324 0.0007619407167070991
28.9 -0.374220694312454 0.0007858849726593564
28.933333333333334 -0.42307549644711395 0.0008006132725434933
28.966666666666665 -0.4610051743077467 0.000813184907079767
29.0 -0.48780808626914185 0.0008195771133898688
29.033333333333335 -0.5016149959556722 0.0008229311796049688
29.066666666666666 -0.5029734781070457 0.0008236093198104033
29.1 -0.491769762872694 0.0008204357682115027
29.133333333333333 -0.4668721655341181 0.00081413142361908
29.166666666666668 -0.43071227826357944 0.0008052282913863507
29.2 -0.38135281695758766 0.0007881618497851961
29.233333333333334 -0.3208013890483947 0.0007669908405439907
29.266666666666666 -0.25299352538715175 0.0007397715184894182
29.3 -0.18029527988262037 0.0007059972177435314
29.333333333333332 -0.10258800338061437 0.0006655935331970619
29.366666666666667 -0.020393447248512442 0.000619343672898634
29.4 0.057756965358985085 0.0006417393618589617
29.433333333333334 0.13905841175892705 0.0006849361793740405
29.466666666666665 0.21536456023079223 0.0007235962178785416
29.5 0.28232298381596116 0.0007517451807889097
29.533333333333335 0.3453075307559439 0.000774759052218521
29.566666666666666 0.39669429882960067 0.0007923481598274829
29.6 0.43723213166837827 0.0008124378902510387
29.633333333333333 0.46591663515109516 0.0008191435937665581
29.666666666666668 0.4835149442471195 0.0008205904393295271
29.7 0.48772449298667064 0.0008212795934320338
29.733333333333334 0.47899375225962443 0.0008203196302432048
29.766666666666666 0.45739716857795193 0.0008141645361736671
29.8 0.4217654360082972 0.0008028662974755574
29.833333333333332 0.37671447835919253 0.000789263533856166
29.866666666666667 0.321314326663052 0.0007705656672125638
29.9 0.25411321090920574 0.000739997634092382
29.933333333333334 0.17945045753936148 0.0007089365355663624
29.966666666666665 0.10550149062854902 0.0006688052696790514
30.0 0.023814535047599054 0.0006221181660736215
30.033333333333335 -0.055621325780878014 0.0006431255650388643
30.066666666666666 -0.13416956495017102 0.000683110515156099
30.1 -0.20923271770195911 0.0007206013258717059
30.133333333333333 -0.2808341873364949 0.0007508708115439577
30.166666666666668 -0.3402777322379532 0.0007718252639304368
30.2 -0.3954893008592002 0.0007928099029883007
30.233333333333334 -0.43869789519596186 0.0008054135123888306
30.266666666666666 -0.47119777070182395 0.0008161298458742028
30.3 -0.49172391528383136 0.000820750558232719
30.333333333333332 -0.4988378250423047 0.0008231556061709666
30.366666666666667 -0.49291521228258517 0.0008214648125872137
30.4 -0.4742394129307303 0.0008198552135522674
30.433333333333334 -0.44222997439143524 0.0008081290705089228
30.466666666666665 -0.3994289143065315 0.0007944648952326605
30.5 -0.3451631923893684 0.0007756306624381315
30.533333333333335 -0.2817484325319662 0.0007508229762622776
30.566666666666666 -0.2104601217405106 0.0007183515642484872
30.6 -0.1347789706979227 0.0006829502450580727
30.633333333333333 -0.054916378546238265 0.0006392317490797397
30.666666666666668 0.02329158752509487 0.0006221880093386679
30.7 0.10371052384164721 0.0006672102199636182
30.733333333333334 0.17962022685951928 0.000704693626245978
30.766666666666666 0.25027252911324577 0.0007381629593207206
30.8 0.31427154439428223 0.0007646918552010606
30.833333333333332 0.37042277592804274 0.0007859788399838252
30.866666666666667 0.4148027747720479 0.0008010194208590837
30.9 0.44915057103042266 0.0008121939009775314
30.933333333333334 0.47203159103629294 0.0008180988979996084
30.966666666666665 0.4823834096864972 0.0008204168985923022
31.0 0.47878682446661613 0.0008190909378295586
31.033333333333335 0.46325019913549104 0.0008156175192517434
31.066666666666666 0.43250851161413606 0.0008067644820484721
31.1 0.39262965491403606 0.0007935875717879348
31.133333333333333 0.3422134663582169 0.000776716811796252
31.166666666666668 0.28346894898206787 0.0007532180305336866
31.2 0.21149593159282906 0.0007200085956192981
31.233333333333334 0.13642727591775755 0.0006838961098992735
31.266666666666666 0.05700471605230155 0.0006403861430614513
31.3 -0.02103014211085376 0.0006194673084500939
31.333333333333332 -0.10093837464679344 0.0006642740709268957
31.366666666666667 -0.1761461447454305 0.0007024405986106597
31.4 -0.25019001447620653 0.0007349859148275684
31.433333333333334 -0.3136782422651129 0.000762478188545801
31.466666666666665 -0.37054680753737657 0.0007824434620443688
31.5 -0.41862564336307395 0.0007983001135075107
31.533333333333335 -0.4547227589757526 0.0008095872901747181
31.566666666666666 -0.47993559156213805 0.0008162516558544164
31.6 -0.49109413345574676 0.0008198645646423919
31.633333333333333 -0.49144047319113626 0.000819751872948582
31.666666666666668 -0.4774874689712445 0.0008175078433628191
31.7 -0.45148430968609876 0.0008099790288778608
31.733333333333334 -0.4148871402835393 0.0007993911778891305
31.766666666666666 -0.3652358107343193 0.0007828870066578508
31.8 -0.30625167378203566 0.0007617889385134746
31.833333333333332 -0.23889412230788254 0.0007349528036550979
31.866666666666667 -0.16639516797333506 0.0007010531041750645
31.9 -0.08858768268626448 0.0006582614722841912
31.933333333333334 -0.010353316126414193 0.0006118674290031389
31.966666666666665 0.06800984113150516 0.0006487933912470989
32.0 0.14663475373302554 0.0006896053127125601
32.03333333333333 0.217586344809901 0.0007223457673458111
32.06666666666667 0.28409358236739846 0.0007552658926360256
32.1 0.3442023219747049 0.0007762048938045885
32.13333333333333 0.39373426567781467 0.0007930688225499249
32.166666666666664 0.43167047610695236 0.0008049100933663067
32.2 0.45977030577444433 0.0008145438077920009
32.233333333333334 0.474460247011441 0.0008192295998239452
32.266666666666666 0.477046762935336 0.0008179300504849163
32.3 0.4663934417298222 0.0008147633831314116
32.333333333333336 0.4433227152880742 0.0008093726177642036
32.36666666666667 0.4054233721056749 0.0007982218787732642
32.4 0.35979314766446335 0.0007828768691403587
32.43333333333333 0.304298310304251 0.000761791928026001
32.46666666666667 0.2401682191285182 0.0007372214243432096
32.5 0.16813397310718917 0.0007003234337334685
32.53333333333333 0.09152038060505775 0.0006604403504328199
32.56666666666667 0.012966001140205751 0.0006154557794098882
32.6 -0.06569745631937865 0.0006462120346493599
32.63333333333333 -0.14367766539414 0.0006899834394947513
32.666666666666664 -0.21701733474843335 0.000722782335080302
32.7 -0.28450763068152873 0.0007522993292736202
32.733333333333334 -0.3435004552261193 0.0007758265354685379
32.766666666666666 -0.3959770887235758 0.0007928107946705842
32.8 -0.436153237738011 0.0008045448269998201
32.833333333333336 -0.46537341808672666 0.0008130286598444503
32.86666666666667 -0.48263589373229454 0.000817194390234699
32.9 -0.48735335325260887 0.0008185598416534101
32.93333333333333 -0.4799512272131312 0.0008178431171124712
32.96666666666667 -0.45971051739981145 0.0008110874455874439
33.0 -0.4275866332633501 0.0008016931412376249
33.03333333333333 -0.3814197738330592 0.000787645873950471
33.06666666666667 -0.3268677828084504 0.0007695698617385394
33.1 -0.26487333802818386 0.0007451829395461185
33.13333333333333 -0.19494021122107108 0.0007141043106401734
33.166666666666664 -0.12158076152349871 0.0006768255598709055
33.2 -0.039954858678988854 0.0006322107084109699
33.233333333333334 0.036856003107879835 0.0006326569993326536
33.266666666666666 0.11525722110990458 0.0006745214914599812
33.3 0.18667728344487203 0.0007089362193400672
33.333333333333336 0.2549744753049907 0.0007427392273940958
33.36666666666667 0.316429329206841 0.000766053962980906
33.4 0.3697680275201436 0.0007864448280126002
33.43333333333333 0.4126468957277211 0.0007995188057988711
33.46666666666667 0.4449911771351758 0.0008086895528946481
33.5 0.46449812603741114 0.0008137482772772597
33.53333333333333 0.47063368699846414 0.0008145807605488553
33.56666666666667 0.4657233013618276 0.0008137504415258179
33.6 0.4485407852300215 0.0008090371319349754
33.63333333333333 0.4197002532602186 0.000800715042560296
33.666666666666664 0.37673604534541943 0.0007883357874734487
33.7 0.32472191781282594 0.0007684659352669709
33.733333333333334 0.26457433721302936 0.0007443706484402401
33.766666666666666 0.19720725559603422 0.0007138156798731921
33.8 0.11904185740339956 0.0006747227184769333
33.833333333333336 0.04582875732687661 0.0006360059188272593
33.86666666666667 -0.031931458002482656 0.0006265374955331596
33.9 -0.11123879050512007 0.000670808420081187
33.93333333333333 -0.18750950033924366 0.0007087066818373955
33.96666666666667 -0.2572078880568274 0.0007415691102445332
34.0 -0.31617452805043317 0.0007651079201988487
34.03333333333333 -0.3701865645739693 0.0007847946597122624
34.06666666666667 -0.4152392606204199 0.0008001970833139693
34.1 -0.4496469096261837 0.0008104302144139042
34.13333333333333 -0.47183359597633434 0.0008156368033644945
34.166666666666664 -0.48094234849899875 0.0008179755741638539
34.2 -0.4783229238875436 0.0008170208221961461
34.233333333333334 -0.4629875167852799 0.0008126176493976067
34.266666666666666 -0.4356698571069163 0.000805592865539495
34.3 -0.39624501084032027 0.0007925876365730278
34.333333333333336 -0.3461567702910024 0.0007755929206668677
34.36666666666667 -0.2870554329742705 0.000753379542839161
34.4 -0.21964131570645418 0.0007247335737639582
34.43333333333333 -0.14836248271659072 0.0006910943278693737
34.46666666666667 -0.07034722662415561 0.000649267612677612
34.5 0.00406860866074384 0.0006104924866452283
34.53333333333333 0.08316175459961807 0.0006558567704905427
34.56666666666667 0.15654290131718063 0.0006939095267449735
34.6 0.2273592258049562 0.0007302891219718166
34.63333333333333 0.2909537957072129 0.000756037817498334
34.666666666666664 0.3463927706188025 0.000777539734116317
34.7 0.3935485671623701 0.0007928247193047522
34.733333333333334 0.4285413644617572 0.0008052250826295904
34.766666666666666 0.4517436188933416 0.0008119110328939083
34.8 0.4650139980326254 0.0008182703413303072
34.833333333333336 0.4656065986088925 0.0008143833222566399
34.86666666666667 0.4520631717410399 0.0008108885699303348
34.9 0.42522874945680866 0.0008026677522878223
34.93333333333333 0.3894269627758715 0.0007921632856197625
34.96666666666667 0.3420404640110464 0.0007760201926624299
35.0 0.2834619056498396 0.0007528130024805346
35.03333333333333 0.22169132583514445 0.0007272880910079438
35.06666666666667 0.15002383054539906 0.0006900568188706879
35.1 0.07601777001920973 0.0006503109850880123
35.13333333333333 -0.001591277943003132 0.0006098353441481232
35.166666666666664 -0.07819907336378754 0.0006548280131762618
35.2 -0.15370987089073898 0.0006925798703608099
35.233333333333334 -0.2258902096471678 0.0007279323533770643
35.266666666666666 -0.29103171515970067 0.0007540442261301239
35.3 -0.3473117022012872 0.0007763849587721916
35.333333333333336 -0.3953496451165617 0.0007923548120793433
35.36666666666667 -0.43308452587978963 0.0008033642756226644
35.4 -0.4595917046795395 0.0008124333856890376
35.43333333333333 -0.474034004582069 0.0008148898020710615
35.46666666666667 -0.4760050888403585 0.0008148739850953879
35.5 -0.466073056548549 0.0008120000028511432
35.53333333333333 -0.44295513116651875 0.000805837830250955
35.56666666666667 -0.40828158053878716 0.0007952700388952905
35.6 -0.36215603669090735 0.0007788559055582067
35.63333333333333 -0.3090134700115105 0.0007585394742969931
35.666666666666664 -0.2465986619721122 0.0007345401002842589
35.7 -0.1760810074706418 0.0007021611674591921
35.733333333333334 -0.10171235959468004 0.0006650279060676223
35.766666666666666 -0.026078923708272556 0.0006224482475520529
35.8 0.05136491314394212 0.0006356366790127646
35.833333333333336 0.12626624826895333 0.000677684028489528
35.86666666666667 0.1958365624303266 0.0007139459225453115
35.9 0.2640826828543967 0.0007452768748979488
35.93333333333333 0.3222997321019035 0.0007670541332144842
35.96666666666667 0.37211061493121694 0.0007857119320935912
36.0 0.4123129788729976 0.0007994479590764381
36.03333333333333 0.44044032221600116 0.0008079678572915916
36.06666666666667 0.4563648574136672 0.0008145975472860223
36.1 0.4624601495901954 0.0008145865044998368
36.13333333333333 0.4543976999710319 0.0008121455412082312
36.166666666666664 0.4345085421139442 0.0008072852246353013
36.2 0.4025123283437975 0.000796883360175582
36.233333333333334 0.3593095394291627 0.0007815769943027573
36.266666666666666 0.30668926980984706 0.0007608904517684145
36.3 0.24393251148017425 0.0007347761708755285
36.333333333333336 0.1753667981108563 0.0007026153472694252
36.36666666666667 0.10420486664602965 0.0006640132627724754
36.4 0.02676006666297009 0.0006216794359959164
36.43333333333333 -0.04689857970361838 0.0006345276352578491
36.46666666666667 -0.12306768600698353 0.0006750390086073393
36.5 -0.19529482778697285 0.0007120383089568305
36.53333333333333 -0.2638163327556023 0.0007431308078585386
36.56666666666667 -0.32374799941916005 0.0007670974136730901
36.6 -0.3743970832461833 0.0007849503646526479
36.63333333333333 -0.4161001869248145 0.0007978617119020481
36.666666666666664 -0.44743866566311646 0.0008070579471414208
36.7 -0.4667559435459402 0.0008135071552945461
36.733333333333334 -0.47415231330318586 0.0008147255312803137
36.766666666666666 -0.4683323178834996 0.0008138240680239939
36.8 -0.45113795773876364 0.0008107426805648021
36.833333333333336 -0.4217798417593056 0.00080201073326025
36.86666666666667 -0.3815663976430873 0.0007880311300732523
36.9 -0.3296381565343198 0.0007707930659990869
36.93333333333333 -0.270579809053945 0.0007449075128107552
36.96666666666667 -0.20290752254107305 0.0007142958401866184
37.0 -0.13095977829025887 0.0006811889178543196
37.03333333333333 -0.05577128101380802 0.0006393815121627788
37.06666666666667 0.018638957737461364 0.0006160615178886913
37.1 0.09380926912271377 0.0006603944954400448
37.13333333333333 0.1663505314998613 0.0006961225549498296
37.166666666666664 0.23575780189251327 0.0007313297864760815
37.2 0.2950539529809336 0.0007572873707563099
37.233333333333334 0.34951012757535893 0.0007810960559878621
37.266666666666666 0.39242557732149663 0.0007916019383362172
37.3 0.4254016558892405 0.0008033437941507016
37.333333333333336 0.44725498835055094 0.0008099756358382892
37.36666666666667 0.4565806400094468 0.0008128517944027691
37.4 0.4524997659328612 0.0008121737764715253
37.43333333333333 0.43965949268898313 0.0008086938542369304
37.46666666666667 0.4125963710728729 0.0007992119541535558
37.5 0.3761001484315505 0.0007872813727434202
37.53333333333333 0.3260065756399975 0.0007715354218880699
37.56666666666667 0.2679767313705839 0.0007458022112169505
37.6 0.20341629594487498 0.0007185636629490066
37.63333333333333 0.1324093132118981 0.0006841936429037021
37.666666666666664 0.05664625797121298 0.0006407482504956208
37.7 -0.01756380410765416 0.0006189777269271293
37.733333333333334 -0.09460939912270684 0.0006623710345341066
37.766666666666666 -0.1655624416713287 0.0006982086292942613
37.8 -0.233994522543745 0.0007310784240881774
37.833333333333336 -0.29612347229693337 0.0007563107954562942
37.86666666666667 -0.35048952561129293 0.0007750974264099098
37.9 -0.3978621091442427 0.0007912695539294967
37.93333333333333 -0.431515821342028 0.0008015963424556904
37.96666666666667 -0.4543544805861096 0.0008091598781872489
38.0 -0.46579543746146984 0.0008137097007502869
38.03333333333333 -0.46557295544123 0.0008128272487139543
38.06666666666667 -0.4533375626409071 0.0008091149092788186
38.1 -0.42835176186734936 0.0008018248362821612
38.13333333333333 -0.3932138104777212 0.0007921591089480873
38.166666666666664 -0.3451521312035395 0.0007750790646184336
38.2 -0.2914767282723376 0.0007558595234011811
38.233333333333334 -0.22742677857771024 0.0007290271206359666
38.266666666666666 -0.1573982969399692 0.0006961210573193932
38.3 -0.08639116886820895 0.000659905805776892
38.333333333333336 -0.008729576249843747 0.0006138463817606295
38.36666666666667 0.06675242608849037 0.0006491962832203824
38.4 0.13861460982348403 0.0006865852691482766
38.43333333333333 0.20877181407914822 0.0007214175872257977
38.46666666666667 0.2695826404908241 0.0007477760171769599
38.5 0.3267465242673866 0.0007676983523620673
38.53333333333333 0.373984998165163 0.000787665971848428
38.56666666666667 0.4115913580942957 0.000799096173632996
38.6 0.43585402404200646 0.0008066210250756156
38.63333333333333 0.4499068795954345 0.000809095786743097
38.666666666666664 0.4512701384529105 0.0008101399034304846
38.7 0.43983958836459125 0.0008065648869566844
38.733333333333334 0.418769587005249 0.00080102314065017
38.766666666666666 0.38565254191813764 0.0007889192139664547
38.8 0.34047354694589693 0.0007759181048218045
38.833333333333336 0.28817747905675956 0.0007584902728326459
38.86666666666667 0.2238386924724021 0.0007272912173233448
38.9 0.15475019471145401 0.0006961950879710577
38.93333333333333 0.08383929069292777 0.0006561148549534129
38.96666666666667 0.01054046028443883 0.0006136374796091755
39.0 -0.0635999109776547 0.0006433242647748971
39.03333333333333 -0.1362362070001702 0.0006838452019413688
39.06666666666667 -0.20646290640396453 0.0007174393574438387
39.1 -0.26965397903777877 0.0007456335339896536
39.13333333333333 -0.32795935263429954 0.0007699654510446852
39.166666666666664 -0.37632407359467773 0.000784788664993874
39.2 -0.4152842883018708 0.0007988989378088784
39.233333333333334 -0.4419393151021556 0.0008075873390768762
39.266666666666666 -0.4588002119334977 0.0008115777904874055
39.3 -0.46226486129590066 0.0008135215407211183
39.333333333333336 -0.45361035997995536 0.000812209746551773
39.36666666666667 -0.4337392964183637 0.0008056169955354964
39.4 -0.4021409644800405 0.0007943503788207518
39.43333333333333 -0.3589906713965924 0.0007797176912407999
39.46666666666667 -0.30778948982282206 0.0007608696645012847
39.5 -0.2486037057126819 0.0007373747998152269
39.53333333333333 -0.18112710626523823 0.0007067241600645924
39.56666666666667 -0.10942170056845033 0.0006706336033812238
39.6 -0.03404861010922761 0.0006272134605133858
39.63333333333333 0.038789385136947775 0.0006289868667708129
39.666666666666664 0.11117731051900447 0.0006693059262727896
39.7 0.1814354048935697 0.0007071264622053597
39.733333333333334 0.24600471047513855 0.000736072230874768
39.766666666666666 0.3055556382680402 0.0007609934348712932
39.8 0.35398258036628333 0.000780018864704024
39.833333333333336 0.3946671783772898 0.0007936463201579369
39.86666666666667 0.4250058228134526 0.0008030364327251682
39.9 0.4426157581899102 0.0008082999468822516
39.93333333333333 0.4486522833875952 0.0008110706884030816
39.96666666666667 0.4422173737431558 0.0008095795703189079
40.0 0.4243086826289088 0.0008028264374762006
40.03333333333333 0.3950412198358749 0.0007942010622820073
40.06666666666667 0.3556855137001334 0.0007823421830964183
40.1 0.3047115823236722 0.0007617248590380266
40.13333333333333 0.24489312357068216 0.0007371638065487851
40.166666666666664 0.1802853470878836 0.0007077677140973904
40.2 0.11147216358789282 0.0006711892585050672
40.233333333333334 0.03622354000922648 0.0006283166679192306
40.266666666666666 -0.03769927765861219 0.0006295045850700579
40.3 -0.1110305505865289 0.000671619386343858
40.333333333333336 -0.18049759783942834 0.000705559736178446
40.36666666666667 -0.24732910776249356 0.0007363111523265853
40.4 -0.30626885933389564 0.0007609549095397572
40.43333333333333 -0.3550157108126944 0.0007784667686625002
40.46666666666667 -0.39932510658741865 0.0007931949976002217
40.5 -0.42970486947446473 0.0008050652294034899
40.53333333333333 -0.45112931702294706 0.0008087577501739163
40.56666666666667 -0.458712146919452 0.0008113065754416504
40.6 -0.45533872313031737 0.0008105154730493336
40.63333333333333 -0.43966306189206655 0.0008061898487964347
40.666666666666664 -0.41252442968729647 0.0007993124078015112
40.7 -0.37273842786892447 0.0007853833811856115
40.733333333333334 -0.32487324944006946 0.0007688641453050815
40.766666666666666 -0.26812301749543316 0.0007457995043454457
40.8 -0.20454489646603002 0.0007185561168523424
40.833333333333336 -0.13579492402048574 0.0006843953211848053
40.86666666666667 -0.06180408112892713 0.000643027127208956
40.9 0.011731196584106034 0.0006118089067300159
40.93333333333333 0.08662041710661518 0.0006570669894381126
40.96666666666667 0.1566186604734552 0.0006939276547579254
41.0 0.22388078790487317 0.0007256207511475432
41.03333333333333 0.27898967074437625 0.000755476819618961
41.06666666666667 0.3347681542603771 0.0007717183474487688
41.1 0.37814078178369137 0.0007869685801881743
41.13333333333333 0.4106278449980092 0.0007967440701737161
41.166666666666664 0.4328225891511478 0.0008035850686679558
41.2 0.44169826218992064 0.0008073759518374413
41.233333333333334 0.4407848041627245 0.0008072000574335658
41.266666666666666 0.4273421379961628 0.0008038747807271873
41.3 0.4017154016498146 0.0007976518673844524
41.333333333333336 0.36638580784693947 0.0007851178001520576
41.36666666666667 0.31887872657588706 0.0007679886039565487
41.4 0.2625461586635368 0.0007439607836597917
41.43333333333333 0.2017836053987913 0.0007161026516951663
41.46666666666667 0.13224808103216223 0.0006820658265727086
41.5 0.06149446973694121 0.0006447428830291813
41.53333333333333 -0.010293352155640416 0.0006151230246106126
41.56666666666667 -0.08574439388525253 0.0006569605134074258
41.6 -0.15595257485708322 0.0006942614641004818
41.63333333333333 -0.222463408929365 0.0007250326129278062
41.666666666666664 -0.283026910586368 0.0007517563868184585
41.7 -0.3372576560791172 0.0007731271761468594
41.733333333333334 -0.3822089651434821 0.0007884306874048064
41.766666666666666 -0.41557093904523995 0.0007985422091683625
41.8 -0.4385472404784067 0.0008059325725881528
41.833333333333336 -0.45186801118695114 0.0008098079336296138
41.86666666666667 -0.4520614862384947 0.0008103540366360407
41.9 -0.44097828680103995 0.0008080522495246267
41.93333333333333 -0.41693648787334026 0.0008000342490300238
41.96666666666667 -0.38222527712272764 0.0007890494179764729
42.0 -0.33831816088092515 0.0007744521333118426
