0.0 0.08388550588193569 0.0006529844835880122
0.03333333333333333 0.058768739921860436 0.0006401139722996413
0.06666666666666667 0.030213252500273242 0.0006247545347456661
0.1 0.0019828940290383505 0.0006068382164887151
0.13333333333333333 -0.02685977347099204 0.0006213850060552834
0.16666666666666666 -0.05570208992515366 0.0006389775819375179
0.2 -0.08230701968150021 0.000651642977212763
0.23333333333333334 -0.10645125171225765 0.0006655030966436354
0.26666666666666666 -0.13098079961017187 0.000678720369500091
0.3 -0.14973252100241205 0.0006876502600195178
0.3333333333333333 -0.16539035204230879 0.0006965475657462472
0.36666666666666664 -0.1768728869326553 0.0007020783529892716
0.4 -0.18419461032351353 0.0007055079331251823
0.43333333333333335 -0.18628433668693858 0.0007066903026161919
0.4666666666666667 -0.18323423301954334 0.0007067019145204911
0.5 -0.17606645033696652 0.0007018381914141725
0.5333333333333333 -0.16389765567262496 0.0006952874415235288
0.5666666666666667 -0.14829076838791233 0.0006879449490306555
0.6 -0.12755419971689674 0.0006771113625629877
0.6333333333333333 -0.10475843686766499 0.0006652399587646352
0.6666666666666666 -0.07928659053436232 0.0006510465864141002
0.7 -0.05271184598917766 0.0006366688316452734
0.7333333333333333 -0.02484705176859202 0.0006201226515635226
0.7666666666666667 0.005864852968328504 0.0006088707577734803
0.8 0.033868244490419405 0.0006256662080051378
0.8333333333333334 0.06053813004342137 0.0006409462722984302
0.8666666666666667 0.0848438947714825 0.0006555102585711348
0.9 0.10721481244302913 0.0006680557918248703
0.9333333333333333 0.12593399820116968 0.0006749745321841805
0.9666666666666667 0.14129174887160129 0.0006842593411253706
1.0 0.15275602074115702 0.0006901696709118998
1.0333333333333334 0.15920425276403005 0.0006925577496081081
1.0666666666666667 0.1609591459486783 0.0006924147407344206
1.1 0.15929074371469132 0.0006926263649506825
1.1333333333333333 0.15071438650325272 0.0006884685342989916
1.1666666666666667 0.14099323127874958 0.0006832935847251032
1.2 0.12496129593138251 0.0006746164416511352
1.2333333333333334 0.10505053471089974 0.0006651541540903388
1.2666666666666666 0.08150725872508366 0.0006550718811248191
1.3 0.057027813380285446 0.0006382705034835706
1.3333333333333333 0.030017178887046678 0.0006233285053977196
1.3666666666666667 0.0001671339426210135 0.0006061905629715784
1.4 -0.02829937693293183 0.0006220475536905731
1.4333333333333333 -0.05886422335073482 0.0006391426958482008
1.4666666666666666 -0.08372343969775327 0.0006543134552139118
1.5 -0.10988610032903243 0.0006677658078589888
1.5333333333333334 -0.13126716198455957 0.0006789517747859131
1.5666666666666667 -0.1496182684632018 0.0006888748435293912
1.6 -0.16489384109833297 0.0006966420742994528
1.6333333333333333 -0.17641053073909335 0.0007012745178125168
1.6666666666666667 -0.18191977747681273 0.0007033700567561085
1.7 -0.18418992376792045 0.0007049301796862861
1.7333333333333334 -0.1818953390708038 0.0007033489624947431
1.7666666666666666 -0.17347913565026427 0.0007000036739646387
1.8 -0.16108181956238157 0.0006941180177060247
1.8333333333333333 -0.14596589502557836 0.0006869904969329377
1.8666666666666667 -0.12556236579255953 0.000675649598404382
1.9 -0.10283224396645142 0.0006641116129340457
1.9333333333333333 -0.07728669013529427 0.0006514912195333122
1.9666666666666666 -0.05063885155152083 0.0006392354239740314
2.0 -0.022513307538932444 0.0006193733508471737
2.033333333333333 0.0069298889878656395 0.0006092859082308111
2.066666666666667 0.03489822744083163 0.0006255675498348032
2.1 0.06099844055552398 0.0006400663238471521
2.1333333333333333 0.08707304752376417 0.000655543412636031
2.1666666666666665 0.10907396038217883 0.0006669834904700633
2.2 0.12706411395237913 0.0006770768688888207
2.2333333333333334 0.1409996731441183 0.0006838142445521056
2.2666666666666666 0.15258834981397074 0.0006900043910754716
2.3 0.15888111818238504 0.0006926919843340262
2.3333333333333335 0.1615780140711174 0.0006950735346330505
2.3666666666666667 0.15930236937124173 0.0006924179624918925
2.4 0.15137219032458044 0.0006884606958141026
2.433333333333333 0.13900176824046942 0.00068423872195994
2.466666666666667 0.121543767744347 0.0006744892509553957
2.5 0.10212320780376828 0.0006636723813509132
2.533333333333333 0.07981072290516882 0.0006509177778853126
2.566666666666667 0.054299002041541984 0.0006372367672748611
2.6 0.02733725183832168 0.000621563779312509
2.6333333333333333 -0.001380255500357769 0.000606102019288653
2.6666666666666665 -0.030442536553161984 0.0006237541541418493
2.7 -0.05931785266837271 0.0006404430718747883
2.7333333333333334 -0.08659309164214618 0.0006546294756419047
2.7666666666666666 -0.11141492173857684 0.0006686173087848413
2.8 -0.13274001230815818 0.0006797335589466547
2.8333333333333335 -0.15126707994519886 0.0006888368690822488
2.8666666666666667 -0.16590827043618545 0.0006962396669698556
2.9 -0.1773987556886416 0.0007028366813048026
2.933333333333333 -0.1826778343176339 0.0007046676647280148
2.966666666666667 -0.1842624770754092 0.0007056117063108103
3.0 -0.18029305048069935 0.0007030786116929699
3.033333333333333 -0.172598403112989 0.0007012791239750515
3.066666666666667 -0.16063490912341316 0.0006954325196258104
3.1 -0.14363699838916014 0.0006850293595647983
3.1333333333333333 -0.12458547312021936 0.0006756166116105022
3.1666666666666665 -0.10068847328490083 0.0006628547140007657
3.2 -0.0764037368898114 0.0006489414975749258
3.2333333333333334 -0.04903411959505665 0.000633843245448594
3.2666666666666666 -0.02016530781802129 0.0006171275116695317
3.3 0.007939145740212348 0.0006110333685444159
3.3333333333333335 0.03715608199986078 0.0006253851357800669
3.3666666666666667 0.06370039026476441 0.0006419432759155602
3.4 0.08889900162066648 0.0006561116674013018
3.433333333333333 0.11004701366572105 0.0006685122572600427
3.466666666666667 0.12717024405445793 0.0006766196760385756
3.5 0.14086961003529308 0.000685682590003317
3.533333333333333 0.15327451660472627 0.0006895502771579465
3.566666666666667 0.15826879355096393 0.0006930021364850714
3.6 0.15981111077319318 0.0006936419295266172
3.6333333333333333 0.1565500628781842 0.0006923095012372482
3.6666666666666665 0.15019304192538882 0.0006888051774745496
3.7 0.13610504117403863 0.0006817327144270358
3.7333333333333334 0.12011863281002383 0.0006738280955452397
3.7666666666666666 0.09911144350523823 0.0006651289889103296
3.8 0.07673121350250574 0.0006529729471026063
3.8333333333333335 0.05156775407645705 0.0006377698819493849
3.8666666666666667 0.024714681505559083 0.0006200606482155736
3.9 -0.003749741684455492 0.0006078579958356859
3.933333333333333 -0.03234030131345577 0.0006252821739659159
3.966666666666667 -0.05883103697919454 0.0006403424228705254
4.0 -0.0854548074727831 0.0006554527644834496
4.033333333333333 -0.10995068389991887 0.0006684471019840765
4.066666666666666 -0.13217576604872872 0.0006797282433485541
4.1 -0.14947218088675662 0.0006876078105294836
4.133333333333334 -0.16426642289963012 0.0006963025933393874
4.166666666666667 -0.17501980308065446 0.0007008401181408663
4.2 -0.1808146756769645 0.0007039136525064937
4.233333333333333 -0.18227992250990038 0.000704861378978322
4.266666666666667 -0.17997386263215712 0.0007049119586338415
4.3 -0.17108674314330272 0.0007002801628131494
4.333333333333333 -0.1607579721594605 0.0006969693232527496
4.366666666666666 -0.14260481016378526 0.0006855044715246561
4.4 -0.12289346251319022 0.0006752151631854025
4.433333333333334 -0.09947938633147733 0.0006621750526001197
4.466666666666667 -0.07427872707608439 0.000649493650374422
4.5 -0.04700688555411739 0.0006333624786582434
4.533333333333333 -0.01888498293975936 0.0006162984955039516
4.566666666666666 0.009116932955042857 0.0006108492055661406
4.6 0.03757020914408569 0.0006266842381878121
4.633333333333334 0.062422798597575394 0.000641779399340528
4.666666666666667 0.08524862612552508 0.0006562194482556544
4.7 0.10969650287706119 0.0006674892463578164
4.733333333333333 0.12653655033388778 0.0006772474146469198
4.766666666666667 0.1403618741499627 0.0006836822975392343
4.8 0.15051275552277588 0.0006911123823828969
4.833333333333333 0.1569804495022784 0.000694594671397375
4.866666666666666 0.1576192940600335 0.0006925301123809624
4.9 0.15460074713222216 0.0006918381655720007
4.933333333333334 0.14564476872707793 0.0006867227533493281
4.966666666666667 0.13473168723786294 0.0006816706370139092
5.0 0.11795546394807259 0.000672893799287852
5.033333333333333 0.09841679689832705 0.0006630291237583047
5.066666666666666 0.07592173770007388 0.000650127825340574
5.1 0.05097928129301503 0.0006360348841201249
5.133333333333334 0.02440843092031973 0.0006201826182920325
5.166666666666667 -0.002811511881387802 0.000607307182371251
5.2 -0.031812915474340765 0.0006254610791767978
5.233333333333333 -0.05937970915612478 0.0006392477685200001
5.266666666666667 -0.08515062382659375 0.000653551043184708
5.3 -0.11028460999955812 0.0006672558885776614
5.333333333333333 -0.13190811828667023 0.0006787855854906988
5.366666666666666 -0.14976164918484414 0.0006875497309412892
5.4 -0.16512921944634246 0.0006960721012618243
5.433333333333334 -0.1750100463798363 0.0007012857606574496
5.466666666666667 -0.18100415551694224 0.0007046493786338759
5.5 -0.18113316483359512 0.0007048211696668305
5.533333333333333 -0.17735403701266444 0.0007026058601331819
5.566666666666666 -0.16957404217128041 0.0006986016532679051
5.6 -0.156567717701859 0.0006914971866415209
5.633333333333334 -0.14067452614753115 0.0006833899189606918
5.666666666666667 -0.12043840889768562 0.00067333911621556
5.7 -0.0977899273052333 0.0006610988620029123
5.733333333333333 -0.07181814970076641 0.0006467492217795828
5.766666666666667 -0.04386402092972175 0.0006308071151879119
5.8 -0.017693022665368534 0.0006156405082148216
5.833333333333333 0.010450445114737111 0.0006118856390593397
5.866666666666666 0.03881242704421006 0.0006278878021047304
5.9 0.06376407022670366 0.0006423428116615754
5.933333333333334 0.08780037492690657 0.0006566705736198442
5.966666666666667 0.10945703903205858 0.0006678076442270531
6.0 0.1280471424604897 0.0006783694335189827
6.033333333333333 0.14162732911500026 0.0006846737827857774
6.066666666666666 0.15243777102488898 0.0006901871905632129
6.1 0.1564673912580706 0.0006911831941019686
6.133333333333334 0.15732260864970773 0.0006919766529112359
6.166666666666667 0.1539276849493101 0.0006906761238494041
6.2 0.14466609564805502 0.0006862675297396037
6.233333333333333 0.13383760677064702 0.0006805311956297466
6.266666666666667 0.11763087559329412 0.0006716976208182707
6.3 0.09684360326800442 0.0006606133591526842
6.333333333333333 0.07324493584145005 0.0006480062828250754
6.366666666666666 0.04854280560149984 0.0006348574977593571
6.4 0.022178179015310818 0.0006180551770408049
6.433333333333334 -0.00648703750113126 0.0006106905298678203
6.466666666666667 -0.03542128871431684 0.0006273841102627242
6.5 -0.062308900471530336 0.0006419555567135152
6.533333333333333 -0.0887577355455049 0.0006553835471144326
6.566666666666666 -0.1127802975335931 0.000668993308898233
6.6 -0.13382507447340555 0.00067996634506165
6.633333333333334 -0.15195663245764598 0.0006891952149913616
6.666666666666667 -0.1648516430700154 0.0006954446833464523
6.7 -0.17474286995726215 0.0006999293193274414
6.733333333333333 -0.18021957297403549 0.0007027787161049126
6.766666666666667 -0.18082946275144288 0.0007034580115619082
6.8 -0.17723380065728891 0.000702115794412983
6.833333333333333 -0.17006659710793046 0.0006982527054867627
6.866666666666666 -0.15613661279382232 0.0006918119090943975
6.9 -0.14021033503798036 0.0006835723821592143
6.933333333333334 -0.11904417196352467 0.000673082809239875
6.966666666666667 -0.09686438283598264 0.0006610072153699076
7.0 -0.07092623682302032 0.0006466217759558968
7.033333333333333 -0.043223355071563926 0.000632041535895557
7.066666666666666 -0.015006113970905136 0.0006153076672553038
7.1 0.013351856810304602 0.0006137355466863219
7.133333333333334 0.041396357473557195 0.0006305255547390601
7.166666666666667 0.06656658375671315 0.000642974133994903
7.2 0.09004851813204906 0.0006572528228076663
7.233333333333333 0.1096586229700307 0.000666835240780983
7.266666666666667 0.1276549007628524 0.000676433082092337
7.3 0.1421754996612265 0.0006855166264648493
7.333333333333333 0.15214222281353734 0.0006897634737528524
7.366666666666666 0.15791238751156186 0.0006919928266345687
7.4 0.15814486739987527 0.0006922815400940419
7.433333333333334 0.15307584884599928 0.0006904650318094452
7.466666666666667 0.1439702341340729 0.0006864584267493035
7.5 0.13280939833341107 0.0006801260605230064
7.533333333333333 0.11532650747722262 0.0006719221798960617
7.566666666666666 0.09481214805778995 0.0006642162827128067
7.6 0.07299819874801992 0.0006470116416969068
7.633333333333334 0.04725062817811081 0.0006327684275866524
7.666666666666667 0.021286595606383903 0.0006178973904048986
7.7 -0.009062080305930639 0.0006095101967722259
7.733333333333333 -0.035127995092721236 0.0006259983313932488
7.766666666666667 -0.0618042630868069 0.000641604722443484
7.8 -0.08885944842536019 0.0006565913112867305
7.833333333333333 -0.11248577431238665 0.0006687694996748428
7.866666666666666 -0.13296126413877962 0.0006794574479832838
7.9 -0.1524725176193086 0.0006900713641422029
7.933333333333334 -0.16419512769084302 0.0006955750717023146
7.966666666666667 -0.17426840735424165 0.0007005141811430027
8.0 -0.17991710457860527 0.0007030157399199322
8.033333333333333 -0.178394972763287 0.0007017242327289619
8.066666666666666 -0.17368769963803385 0.0007003643776111734
8.1 -0.16607742504884646 0.0006968241911098072
8.133333333333333 -0.15345065014958736 0.0006906285934588641
8.166666666666666 -0.1361151463148326 0.0006809991901914891
8.2 -0.11561230461919542 0.0006707310204148581
8.233333333333333 -0.0933752715908957 0.0006594129355916023
8.266666666666667 -0.06933733162238609 0.0006468371582001864
8.3 -0.04029214785116363 0.0006291335552891589
8.333333333333334 -0.013354516282405726 0.0006148790218331729
8.366666666666667 0.014178693991503162 0.0006131827969759543
8.4 0.04078535438097096 0.0006296422892993134
8.433333333333334 0.06763029987948592 0.0006445532711581436
8.466666666666667 0.0918216714762865 0.0006593882472070295
8.5 0.11138781533114522 0.0006680151094748121
8.533333333333333 0.12887764941795063 0.0006794207866218926
8.566666666666666 0.14298640946286947 0.0006852105639574557
8.6 0.15279070618459736 0.0006901151740270617
8.633333333333333 0.15626355445254364 0.0006916044466075411
8.666666666666666 0.15556608689923865 0.0006917385520660013
8.7 0.15147507849227884 0.0006896128424242753
8.733333333333333 0.14380726119749376 0.0006861175833814959
8.766666666666667 0.12992570926217148 0.000677865141892442
8.8 0.11317458929949778 0.0006698001165870437
8.833333333333334 0.0934102293831881 0.0006589347560397446
8.866666666666667 0.06939669691646648 0.0006458383926216532
8.9 0.04445311236831416 0.0006332243746964838
8.933333333333334 0.017669032853840756 0.0006153430987412174
8.966666666666667 -0.011134632709521683 0.0006117278948539456
9.0 -0.03797662501332707 0.0006274790163784613
9.033333333333333 -0.06469065813832961 0.0006431977921745741
9.066666666666666 -0.09112406401984198 0.0006574885285999671
9.1 -0.11471448637110458 0.0006738785936012265
9.133333333333333 -0.13560482701792478 0.000683449094441041
9.166666666666666 -0.15151885002043355 0.0006897978497126533
9.2 -0.16440589001487949 0.0006952112077928674
9.233333333333333 -0.17379075060754776 0.0007000265446583387
9.266666666666667 -0.17848071644834065 0.0007026764510163763
9.3 -0.17860633749248686 0.0007032178648837817
9.333333333333334 -0.17371431755205072 0.0007000924009682719
9.366666666666667 -0.16485874348448473 0.0006961854258980549
9.4 -0.15321051868245097 0.0006919178049173136
9.433333333333334 -0.13553482829219718 0.000682248295194976
9.466666666666667 -0.11518196375934227 0.0006726014535353153
9.5 -0.09146405053290735 0.0006582856094226042
9.533333333333333 -0.06556021129542855 0.0006436543829575897
9.566666666666666 -0.039061328768039916 0.0006278997625769889
9.6 -0.010664500187097845 0.0006120469453758277
9.633333333333333 0.015400708501473627 0.000614337372237676
9.666666666666666 0.04339234110855174 0.0006301257987641196
9.7 0.0676605009252724 0.0006446097848564758
9.733333333333333 0.09055981636509394 0.0006572674068627132
9.766666666666667 0.1134702564888236 0.0006692830188034377
9.8 0.12734043395791503 0.0006775483150668338
9.833333333333334 0.13885186506384498 0.0006824728319820561
9.866666666666667 0.1501469801564111 0.000687679333633423
9.9 0.1545936637468664 0.0006896438102539093
9.933333333333334 0.15516212744971755 0.0006900862476201253
9.966666666666667 0.1523969993453204 0.0006889860262404846
10.0 0.14219263220450748 0.0006847260871519489
10.033333333333333 0.1288761940910146 0.0006770597481954299
10.066666666666666 0.11270165182594362 0.0006696546692117056
10.1 0.09032114232814446 0.0006583572278319877
10.133333333333333 0.06822204362392482 0.0006452280541602989
10.166666666666666 0.0432509632772051 0.0006305245415650293
10.2 0.015538666272069405 0.0006144902595533325
10.233333333333333 -0.011991061984250146 0.0006121176801337797
10.266666666666667 -0.039217254356442376 0.0006296836054690558
10.3 -0.06639492143276207 0.0006446035928129451
10.333333333333334 -0.09097244121575858 0.0006574400217610743
10.366666666666667 -0.1136041358411389 0.0006695753269180538
10.4 -0.1345400091298052 0.000680684311288482
10.433333333333334 -0.15157759365322598 0.0006887107737546527
10.466666666666667 -0.1645604506665628 0.0006951779145575598
10.5 -0.17222227449207694 0.0006985412352988607
10.533333333333333 -0.1771332519504817 0.000703178205517907
10.566666666666666 -0.1766435209102889 0.0007032080709946931
10.6 -0.17194446656827814 0.0006991122507024883
10.633333333333333 -0.1632666051035627 0.0006945077563862145
10.666666666666666 -0.1505878862806662 0.0006882332822606418
10.7 -0.1334664609976244 0.0006799013638218165
10.733333333333333 -0.11273091392541588 0.0006686962746464131
10.766666666666667 -0.08917225438256232 0.0006579340074021611
10.8 -0.06311403092678977 0.000642484601967544
10.833333333333334 -0.036863204929160356 0.0006267192146288611
10.866666666666667 -0.010792784423799641 0.0006125504396651896
10.9 0.016560011990873136 0.000616077187157893
10.933333333333334 0.04364778451243103 0.0006315905380299761
10.966666666666667 0.06869066506037363 0.000645271765682312
11.0 0.09303641893038903 0.0006591033019457404
11.033333333333333 0.1126831651904383 0.0006694100779622569
11.066666666666666 0.12923100386928985 0.0006778646209977812
11.1 0.14097215447045408 0.0006842892446219107
11.133333333333333 0.14905972463846862 0.0006883819482265963
11.166666666666666 0.1530150166079896 0.0006903760038675377
11.2 0.15464237402314762 0.0006913577669587223
11.233333333333333 0.15006147153222937 0.0006892632316391201
11.266666666666667 0.14048329925617056 0.0006853573514494227
11.3 0.12691342545645606 0.0006782762701045275
11.333333333333334 0.10998812477347318 0.0006692413158331662
11.366666666666667 0.08876078933989512 0.0006559030205714189
11.4 0.06494544273751085 0.0006430716341487147
11.433333333333334 0.03907694810090568 0.0006283844894631879
11.466666666666667 0.013684010456143113 0.0006150102356697346
11.5 -0.013738743570619317 0.0006137442391369978
11.533333333333333 -0.04062520523597524 0.0006332567503522513
11.566666666666666 -0.06661632066297338 0.0006445940395595068
11.6 -0.09331129802861922 0.000659465068409068
11.633333333333333 -0.11405733812032019 0.0006719434373371747
11.666666666666666 -0.13502776913991774 0.0006814294815186972
11.7 -0.1521037349029345 0.0006934299769478791
11.733333333333333 -0.1644598469021224 0.0006950019142151487
11.766666666666667 -0.17217828838772506 0.0006986830720125681
11.8 -0.17637686915565406 0.0007011282149468057
11.833333333333334 -0.1760620391702521 0.0007009618653159577
11.866666666666667 -0.17083964238347596 0.0006986777667027377
11.9 -0.1608855892539275 0.0006941908430188326
11.933333333333334 -0.14829904299001664 0.0006876298600451136
11.966666666666667 -0.1315620378875352 0.0006784022460521455
12.0 -0.1094820497609127 0.000667847675238753
12.033333333333333 -0.08778335334883623 0.0006558287942991653
12.066666666666666 -0.060960892611873735 0.0006410189356269025
12.1 -0.0345541138396149 0.0006255765894238874
12.133333333333333 -0.00691411045361127 0.000608769417106244
12.166666666666666 0.019508558850009163 0.0006166853764606323
12.2 0.04540066218164651 0.000631282038841656
12.233333333333333 0.06952979866464927 0.000645607644393531
12.266666666666667 0.09199123028988368 0.0006574703460786591
12.3 0.11161360709992449 0.0006681079012166857
12.333333333333334 0.12723287420609608 0.0006776939162538576
12.366666666666667 0.1400375908722909 0.0006834334106321227
12.4 0.14866116311566321 0.000688995803325293
12.433333333333334 0.15271303780233966 0.000689755017009297
12.466666666666667 0.15204711162841444 0.0006905253890779617
12.5 0.14792178018101 0.0006886775812263435
12.533333333333333 0.13909539080370115 0.0006837169388983488
12.566666666666666 0.12378059315584976 0.000676335305928838
12.6 0.10630200224046576 0.0006675187038451408
12.633333333333333 0.08778149790693202 0.0006574281470043547
12.666666666666666 0.06398095228533555 0.0006436197592417786
12.7 0.03892821088897983 0.0006277796142516098
12.733333333333333 0.011603133217719913 0.0006128399322107188
12.766666666666667 -0.015366518191410784 0.0006145645985062408
12.8 -0.04246615743460211 0.0006297666383110745
12.833333333333334 -0.06972233054060306 0.0006457787338146198
12.866666666666667 -0.09492051177509153 0.000659008377743478
12.9 -0.11684973638822603 0.0006713272465793119
12.933333333333334 -0.1346320619411042 0.0006804658240928685
12.966666666666667 -0.150815925919764 0.0006886788664532129
13.0 -0.16565457091359187 0.0006969972402834923
13.033333333333333 -0.17250777263970055 0.0006994845231718672
13.066666666666666 -0.17660660049229263 0.000702715931850395
13.1 -0.1761794056387653 0.0007012692758924244
13.133333333333333 -0.17031526538565073 0.0006985688871016527
13.166666666666666 -0.16162462858407287 0.0006937507675429944
13.2 -0.1478029413626654 0.0006875162876844865
13.233333333333333 -0.12953016607117435 0.0006777748123117933
13.266666666666667 -0.10926967531556771 0.0006677193559159883
13.3 -0.0861324844146224 0.0006549338423298412
13.333333333333334 -0.06069275309498009 0.0006407610278139561
13.366666666666667 -0.0355972742276708 0.0006269407090171292
13.4 -0.007523994098510429 0.0006087929143448042
13.433333333333334 0.019298971086006315 0.0006172641460983966
13.466666666666667 0.04828232551418936 0.0006342151955644956
13.5 0.07163069096257105 0.000646621381597795
13.533333333333333 0.09310349286008819 0.0006597860236663977
13.566666666666666 0.11300714987296097 0.0006695416366145485
13.6 0.12881514517154 0.0006767578494191184
13.633333333333333 0.1409176533410543 0.0006833006750304182
13.666666666666666 0.1500353233276703 0.0006889339828939078
13.7 0.15318233446159552 0.0006919113453976167
13.733333333333333 0.15209459207241313 0.0006905593748469108
13.766666666666667 0.14697028371605111 0.0006870449280476365
13.8 0.13849754554036642 0.0006826623183491809
13.833333333333334 0.1238701000720896 0.0006749854147503342
13.866666666666667 0.1055182791194585 0.0006651410842011957
13.9 0.0871312771081814 0.0006559618882901186
13.933333333333334 0.06269087855569469 0.0006424298907845433
13.966666666666667 0.0377294769142326 0.0006275473413687796
14.0 0.010954120410398465 0.0006117207290647925
14.033333333333333 -0.016300274330217312 0.0006151582855497308
14.066666666666666 -0.04395076794713797 0.0006315076477029363
14.1 -0.06958276354868922 0.0006457609699739991
14.133333333333333 -0.09545342830550056 0.0006593836227854338
14.166666666666666 -0.11833756020292119 0.0006712833365099119
14.2 -0.13667080030667358 0.0006812954401919091
14.233333333333333 -0.15196412560565528 0.0006890670123637921
14.266666666666667 -0.1643810566391682 0.0006951935025837352
14.3 -0.17272763460893376 0.0006991869520844296
14.333333333333334 -0.1764110070031662 0.0007011650375279288
14.366666666666667 -0.17498046549177648 0.0006999566593620943
14.4 -0.16961153845450816 0.0006982745519331646
14.433333333333334 -0.1592425558595562 0.0006930885518170726
14.466666666666667 -0.1455718458922707 0.0006862788850337254
14.5 -0.1282622633601418 0.0006784499183952464
14.533333333333333 -0.10770196358221513 0.0006694948376301524
14.566666666666666 -0.08360334506163887 0.000655042662665764
14.6 -0.057324591189418024 0.000638732636114879
14.633333333333333 -0.030986020461786567 0.0006256035163865643
14.666666666666666 -0.004250985413546523 0.0006120196819019916
14.7 0.022592515407469368 0.0006202408081554395
14.733333333333333 0.04841372929143406 0.0006350350214458164
14.766666666666667 0.07407541038212216 0.0006487348688945377
14.8 0.09535649469365612 0.000659557192409066
14.833333333333334 0.1139570003705824 0.0006689229153431508
14.866666666666667 0.12914010773472925 0.000678561894720181
14.9 0.14207861884942785 0.0006842925394942578
14.933333333333334 0.14943118758293394 0.0006877550675620792
14.966666666666667 0.15200149136241467 0.0006899164122658452
15.0 0.1503864600010658 0.0006886698318059881
15.033333333333333 0.14626640713051525 0.0006864897875237808
15.066666666666666 0.1346283460797474 0.000681255825296323
15.1 0.12180814109642284 0.000674508296532289
15.133333333333333 0.1034674491160441 0.0006650140006321387
15.166666666666666 0.08356466904215469 0.000653125915563782
15.2 0.06083304525313851 0.0006404206973954288
15.233333333333333 0.035372547260183185 0.0006259344117413301
15.266666666666667 0.009662513848918742 0.0006103137176622989
15.3 -0.016893009004273853 0.0006157493745812433
15.333333333333334 -0.043767341265797205 0.0006304836664953253
15.366666666666667 -0.0711240844228006 0.0006461738444856757
15.4 -0.09531099062721765 0.0006592682153325757
15.433333333333334 -0.11739555157871358 0.0006725012872395159
15.466666666666667 -0.1364091911197024 0.0006825310339996782
15.5 -0.15323045344129363 0.0006905368368096965
15.533333333333333 -0.16434069522543845 0.0006958481563057173
15.566666666666666 -0.17169281305294123 0.0006995511628507811
15.6 -0.17462843192276808 0.0007009792604853737
15.633333333333333 -0.17293402632578755 0.000699403759318401
15.666666666666666 -0.1671959073779319 0.0006963886311132927
15.7 -0.15774419853604293 0.0006934923913571867
15.733333333333333 -0.14326946376510355 0.0006845715864721713
15.766666666666667 -0.12517586823750135 0.0006768741727865291
15.8 -0.10420742652465312 0.0006651914356477218
15.833333333333334 -0.08299568958399384 0.0006538562970104106
15.866666666666667 -0.05667381856601466 0.0006404400113971115
15.9 -0.029877159980955977 0.0006249358149606858
15.933333333333334 -0.0013897566047390492 0.0006071535243649658
15.966666666666667 0.024632641485079043 0.0006201358693133374
16.0 0.0503824337059946 0.0006347176934207721
16.033333333333335 0.07476533514622268 0.0006482490350403908
16.066666666666666 0.09570591032849869 0.0006587444515709501
16.1 0.11577845140845952 0.00066866532852633
16.133333333333333 0.13053132900727818 0.0006771865512391062
16.166666666666668 0.14212281915952135 0.0006835000792892731
16.2 0.14930246705622927 0.000687191415057492
16.233333333333334 0.15244898015900013 0.0006890995503759656
16.266666666666666 0.15138548234982718 0.0006886835370569222
16.3 0.14450658081928616 0.0006849434988877023
16.333333333333332 0.13408777234469277 0.0006808735176306313
16.366666666666667 0.12043797093325607 0.0006744347244606042
16.4 0.10299818286699529 0.0006641572984452809
16.433333333333334 0.08139218512957344 0.0006527575078836556
16.466666666666665 0.057728143175678606 0.0006398733159176384
16.5 0.0321512389033909 0.0006245987907034997
16.533333333333335 0.005502657268733036 0.0006088257069422932
16.566666666666666 -0.020098330502826892 0.000617218711658235
16.6 -0.04749925365910364 0.0006330915547507754
16.633333333333333 -0.07230980043513204 0.0006458907738898373
16.666666666666668 -0.09640014332069864 0.0006632384349608833
16.7 -0.11789580815948288 0.0006713822326056273
16.733333333333334 -0.13625488746296296 0.0006803524674101891
16.766666666666666 -0.1520879576429818 0.0006907174340516076
16.8 -0.1628694770850536 0.000696934283113404
16.833333333333332 -0.1699004114516627 0.0007001077897457464
16.866666666666667 -0.1736626843978464 0.0007011481521032037
16.9 -0.17121762021810935 0.0006988084937567252
16.933333333333334 -0.1660008449139862 0.0006965335198594047
16.966666666666665 -0.1548293709328496 0.0006915862389686445
17.0 -0.14124184370050047 0.0006843656444751323
17.033333333333335 -0.12454632403209917 0.0006746899109864313
17.066666666666666 -0.10349632722155712 0.0006647476358157683
17.1 -0.07950039278777583 0.0006521638793751811
17.133333333333333 -0.05399077376270687 0.0006380691110269704
17.166666666666668 -0.027704939311386477 0.0006229804016537298
17.2 -0.0007341507804461706 0.0006056069503251839
17.233333333333334 0.025856711400243933 0.0006200262881718953
17.266666666666666 0.049900040920871795 0.0006345949220452618
17.3 0.07365663804001496 0.0006479911282138984
17.333333333333332 0.09687172544514838 0.0006592665953292082
17.366666666666667 0.11485247600481903 0.0006705151136402604
17.4 0.13024605911510692 0.0006770298357144655
17.433333333333334 0.1406047945695968 0.0006832743474651792
17.466666666666665 0.14868611261484505 0.0006873964792098175
17.5 0.15095801017672664 0.0006893421931672139
17.533333333333335 0.14879619691101056 0.0006876173396843932
17.566666666666666 0.1427359391146373 0.0006845765379250857
17.6 0.1326194332449489 0.0006802563601926992
17.633333333333333 0.11901731332774232 0.000673028347066465
17.666666666666668 0.09895750753250011 0.0006624438155278106
17.7 0.07911908069982 0.0006511841372468935
17.733333333333334 0.053644924110244116 0.0006374416340842876
17.766666666666666 0.029250423273346038 0.0006232561554373461
17.8 0.003024028841010486 0.0006061631710740857
17.833333333333332 -0.022466449446251487 0.0006191385654299997
17.866666666666667 -0.04878546179211755 0.0006331630886638809
17.9 -0.07464632102075099 0.0006481918436489487
17.933333333333334 -0.09810236902830782 0.0006614437761052472
17.966666666666665 -0.119868396708166 0.0006726487643640283
18.0 -0.13725008349134832 0.0006811599966460025
18.033333333333335 -0.15084183293535872 0.0006880138485972354
18.066666666666666 -0.1621734110379929 0.0006935413529749468
18.1 -0.16970677189710842 0.0006988555757040105
18.133333333333333 -0.17235202805252728 0.0006997358250792618
18.166666666666668 -0.17074419894075943 0.0007009532901634252
18.2 -0.16465038087598144 0.0006960248910108102
18.233333333333334 -0.15322539750438025 0.0006912975521819464
18.266666666666666 -0.1385959710299086 0.0006838460749916397
18.3 -0.12120820768607947 0.0006752546474242116
18.333333333333332 -0.10018136214802277 0.0006631077880560471
18.366666666666667 -0.07658817929405448 0.0006504941815121817
18.4 -0.051653655968356006 0.0006346473305363434
18.433333333333334 -0.025020370265484485 0.0006208273075174915
18.466666666666665 0.0005036600579750847 0.0006068662725449346
18.5 0.02733226513258562 0.00062239159380598
18.533333333333335 0.051934768344673025 0.0006366390468482974
18.566666666666666 0.07574252225085859 0.0006495797426441796
18.6 0.09793720376611384 0.00066180711676328
18.633333333333333 0.11612610673455162 0.0006714255057307522
18.666666666666668 0.13002786174281905 0.0006798736747881395
18.7 0.14122509311089415 0.0006838829793597845
18.733333333333334 0.14771188898128962 0.0006867046633319274
18.766666666666666 0.14989286133039567 0.0006889569412352192
18.8 0.14739514435931977 0.0006871753742209163
18.833333333333332 0.14087534466056986 0.0006842546472649036
18.866666666666667 0.13053736577622158 0.0006795697801486311
18.9 0.11549917429679117 0.0006711569987893629
18.933333333333334 0.09768572993339761 0.0006607671015569916
18.966666666666665 0.07478657449283894 0.0006493624737491099
19.0 0.053488665965908955 0.0006376818773172199
19.033333333333335 0.02879641273371342 0.0006223245513854829
19.066666666666666 0.002075658201343315 0.0006064695276250197
19.1 -0.025206832602523637 0.0006199877404979778
19.133333333333333 -0.051752568127888775 0.0006368864001030927
19.166666666666668 -0.07512003852603537 0.0006486821827520195
19.2 -0.09811845095506944 0.0006612321003834354
19.233333333333334 -0.12017396539369626 0.000672928515693838
19.266666666666666 -0.1387353099910329 0.0006851263749288738
19.3 -0.1533428505669342 0.0006891175906432734
19.333333333333332 -0.16352128354329973 0.000694985806508952
19.366666666666667 -0.16933672522679735 0.0006970934761956482
19.4 -0.17142399944542888 0.0006997051738882321
19.433333333333334 -0.1694035318600418 0.0006980894832446238
19.466666666666665 -0.16343309969094322 0.000696041519300139
19.5 -0.15249880997841653 0.0006890530319826893
19.533333333333335 -0.13915843676430376 0.0006826472857187904
19.566666666666666 -0.1193612173832142 0.000672837968984194
19.6 -0.09795212108649058 0.0006610627807393521
19.633333333333333 -0.07420121331162971 0.0006484816064299403
19.666666666666668 -0.04910197375932205 0.0006339270798097763
19.7 -0.02413515454634244 0.000620096587877126
19.733333333333334 0.0029408676337048067 0.0006064490718961217
19.766666666666666 0.02885290334690303 0.0006219140477038074
19.8 0.054273541872242335 0.0006366188922594454
19.833333333333332 0.07748699521203328 0.0006497503445682673
19.866666666666667 0.09823229907882569 0.0006614351894463355
19.9 0.11649530909222013 0.0006722991963732244
19.933333333333334 0.12964617061353853 0.0006779680908003405
19.966666666666665 0.14037343400740285 0.0006834381313551297
20.0 0.14751241284669814 0.0006895354745556082
20.033333333333335 0.1483415051290672 0.0006866913048484413
20.066666666666666 0.14617161626215333 0.0006868720608485812
20.1 0.13974199579462032 0.0006833120891346356
20.133333333333333 0.127530848025838 0.0006770008120842441
20.166666666666668 0.1144978968353772 0.0006698086979659984
20.2 0.09640913102284805 0.0006600736385495576
20.233333333333334 0.07581425494605422 0.0006492704681443362
20.266666666666666 0.052576355199578144 0.0006357013679598802
20.3 0.027593266781239415 0.0006218417870331137
20.333333333333332 0.0005733074236487517 0.0006055876272243857
20.366666666666667 -0.024977137725215176 0.0006207357634968706
20.4 -0.0515030386415394 0.0006357829291408004
20.433333333333334 -0.07494287433688827 0.0006488434428017081
20.466666666666665 -0.09906778237118592 0.0006618411897009319
20.5 -0.1196919033303446 0.0006727858088694527
20.533333333333335 -0.13743876142348982 0.0006807880747723427
20.566666666666666 -0.15174488444534445 0.0006877899858478975
20.6 -0.16234423143213328 0.0006940240367498962
20.633333333333333 -0.1681969852899016 0.0006964705131590476
20.666666666666668 -0.17101513554849496 0.0006983722188470542
20.7 -0.16703254427103711 0.0006962552169478553
20.733333333333334 -0.160383155261637 0.0006930335665112086
20.766666666666666 -0.15076256971741644 0.0006884511275367933
20.8 -0.1355658249941961 0.0006817857788253279
20.833333333333332 -0.1172917800551665 0.0006724925234641299
20.866666666666667 -0.09637544807134005 0.0006613231560032157
20.9 -0.07368403039019772 0.0006485716639735989
20.933333333333334 -0.04752411148346774 0.0006341956783870381
20.966666666666665 -0.02245335179030676 0.0006205283202269478
21.0 0.005215500349386041 0.0006094641493726285
21.033333333333335 0.0313103927964771 0.0006232443974889396
21.066666666666666 0.05538621627934805 0.0006380102140686045
21.1 0.07886736504339983 0.0006509013848033235
21.133333333333333 0.1000829469591487 0.0006625179206648929
21.166666666666668 0.11602452805159671 0.0006717310091415296
21.2 0.131007224112285 0.0006806410248579309
21.233333333333334 0.1408064959624661 0.000683620983843447
21.266666666666666 0.14654035161176268 0.0006871000964671081
21.3 0.14837250368195343 0.0006877203531027165
21.333333333333332 0.14601334402364563 0.0006868833076845438
21.366666666666667 0.13944786175097162 0.000683143261494823
21.4 0.12791802790434126 0.0006773924967681255
21.433333333333334 0.11299987781471771 0.0006696280009718253
21.466666666666665 0.09419402154925181 0.0006594839824439896
21.5 0.07360289100929635 0.0006485406869418536
21.533333333333335 0.04996707379943669 0.0006358531689447527
21.566666666666666 0.025371491089575225 0.0006199460582743607
21.6 -0.00031404852424427216 0.000605560018599543
21.633333333333333 -0.02726380098586581 0.0006219632711379798
21.666666666666668 -0.052327111417181896 0.0006357726339383044
21.7 -0.07718737726986899 0.0006506108629410201
21.733333333333334 -0.10068502727065072 0.0006632611858583132
21.766666666666666 -0.12088337832180475 0.0006737928961154105
21.8 -0.13883851673067363 0.0006825428084106799
21.833333333333332 -0.15167715770960016 0.000689634080024315
21.866666666666667 -0.16351759996367624 0.0006971555132121443
21.9 -0.16871727716696147 0.0006972911777043955
21.933333333333334 -0.16917773410504197 0.0006981491263700346
21.966666666666665 -0.16715889169086703 0.0006965446968334454
22.0 -0.1605463358588225 0.0006953105763143619
22.033333333333335 -0.14988797129004983 0.0006874292035136953
22.066666666666666 -0.1348910476412136 0.0006805516422844771
22.1 -0.11627651047000485 0.0006709737145935285
22.133333333333333 -0.09477515835433158 0.000659684263086005
22.166666666666668 -0.07099525342718516 0.0006470179274511989
22.2 -0.04516441124646085 0.0006316367085345276
22.233333333333334 -0.018557670991345507 0.0006182701027478317
22.266666666666666 0.008021223696312927 0.000613272434427773
22.3 0.03329085708191879 0.0006241677037192792
22.333333333333332 0.05829158213298659 0.0006382622340878608
22.366666666666667 0.07938585006839619 0.0006509409728088084
22.4 0.10124714448253029 0.0006625926944940491
22.433333333333334 0.11727964233447968 0.0006703383772329319
22.466666666666665 0.13103113566408506 0.0006791683569005447
22.5 0.1411273459537856 0.0006836880507737897
22.533333333333335 0.14455675994590106 0.0006841021325010577
22.566666666666666 0.14753924827430148 0.0006865041842535335
22.6 0.1449024593401849 0.0006854723799003537
22.633333333333333 0.137355586648113 0.0006840151640920555
22.666666666666668 0.12510187383962054 0.0006782330983058082
22.7 0.11232998053558502 0.000670345281385043
22.733333333333334 0.09313690565890845 0.0006582429552654395
22.766666666666666 0.07269098045842493 0.0006479138995145045
22.8 0.048696567937835014 0.0006335719684247912
22.833333333333332 0.02260192165838072 0.0006179167828318892
22.866666666666667 -0.0021595285503026047 0.000605666364094913
22.9 -0.027866773262632157 0.0006210915352034968
22.933333333333334 -0.05443147123628809 0.0006361780525953944
22.966666666666665 -0.07939136306114014 0.0006515671984938104
23.0 -0.10124404709581762 0.0006625003645977651
23.033333333333335 -0.12119632030353124 0.0006733301039228562
23.066666666666666 -0.13841092582678244 0.0006833574884516358
23.1 -0.1527051092273353 0.0006894419502669058
23.133333333333333 -0.1612535220116674 0.0006933128411733547
23.166666666666668 -0.16726255948951926 0.000696679085740004
23.2 -0.16836809348844423 0.0006971039292072712
23.233333333333334 -0.1659037081476406 0.0006962769336846808
23.266666666666666 -0.15813919452852276 0.000692663585068809
23.3 -0.1493005451068446 0.0006892076384049095
23.333333333333332 -0.13152348781542297 0.0006814862540063804
23.366666666666667 -0.11253325712244154 0.0006700971915201831
23.4 -0.09191208423257978 0.0006581458651822025
23.433333333333334 -0.06807312642959347 0.0006445997687049149
23.466666666666665 -0.04278745382716952 0.0006315038871737358
23.5 -0.01694720481785754 0.0006161048757934648
23.533333333333335 0.00827262999096958 0.000609982736518808
23.566666666666666 0.03433511837307806 0.0006246763544498837
23.6 0.056489945517435275 0.0006378834027002608
23.633333333333333 0.08084458030636149 0.00065154066105573
23.666666666666668 0.09980692557108056 0.0006635540977409649
23.7 0.11805240607454937 0.0006710139910317409
23.733333333333334 0.13038413567066526 0.0006780584339012574
23.766666666666666 0.1405906210817692 0.000683850370881034
23.8 0.14530726853218634 0.0006859035701326233
23.833333333333332 0.14694729682803082 0.0006877064168715752
23.866666666666667 0.14267676785870162 0.0006850209693927967
23.9 0.13587657919402882 0.0006809005682546776
23.933333333333334 0.12439504395586104 0.0006753894038502573
23.966666666666665 0.10845394166501102 0.000667069107027532
24.0 0.09052268626866106 0.0006568134993367447
24.033333333333335 0.07044056258496559 0.0006458110931278904
24.066666666666666 0.048103727756131136 0.0006326776638361717
24.1 0.02145369812256277 0.0006180552559177967
24.133333333333333 -0.005403986800584458 0.0006084591025395398
24.166666666666668 -0.031367977662011624 0.0006233836625209391
24.2 -0.056101399486547354 0.000637498361509628
24.233333333333334 -0.08093187521555882 0.0006529398812496479
24.266666666666666 -0.10331119587668829 0.000666847910381449
24.3 -0.12225232959445746 0.0006741429121320114
24.333333333333332 -0.14019791139188498 0.0006846943503984737
24.366666666666667 -0.15280874526724592 0.0006906979306503525
24.4 -0.16248990968489505 0.0006950253019342434
24.433333333333334 -0.16729939546008915 0.0006976381058523273
24.466666666666665 -0.16718972558312056 0.000697648307193377
24.5 -0.1630519964666502 0.0006959965327377471
24.533333333333335 -0.15673575337292384 0.0006921729188593684
24.566666666666666 -0.14474094767283405 0.0006877127560317164
24.6 -0.13020446708206349 0.0006796299050798593
24.633333333333333 -0.11052431615983468 0.0006683856596945981
24.666666666666668 -0.08952063064435219 0.0006565983203170866
24.7 -0.06546971867535348 0.000642611512223043
24.733333333333334 -0.041096779493999445 0.0006289413838515556
24.766666666666666 -0.016210331991566674 0.0006145277981779128
24.8 0.01041500244489205 0.0006098616507677346
24.833333333333332 0.033695588571020146 0.0006253064777643549
24.866666666666667 0.058349204435716055 0.0006401861988136262
24.9 0.08094966138409172 0.0006531935000225891
24.933333333333334 0.10149224676192853 0.0006637222710284135
24.966666666666665 0.11724027188951014 0.0006725976529591698
25.0 0.13013490419104812 0.0006809544356170816
25.033333333333335 0.1392772399186372 0.00068612629979517
25.066666666666666 0.14271949812808377 0.0006855171260074788
25.1 0.1436371732401213 0.0006859007672236628
25.133333333333333 0.14009785749616893 0.0006828590962454084
25.166666666666668 0.13361503471882313 0.000680217223616858
25.2 0.12242253700538254 0.0006750178820802699
25.233333333333334 0.10761039266628913 0.0006663406958135332
25.266666666666666 0.08744592597821384 0.0006561088130925818
25.3 0.06754397362071123 0.000644856449638409
25.333333333333332 0.04391183063085881 0.0006322939530015032
25.366666666666667 0.018375195595808955 0.0006162131415667765
25.4 -0.007553059742234238 0.0006079968407471546
25.433333333333334 -0.03262244272977018 0.0006239949537104258
25.466666666666665 -0.0572650976454241 0.000637455157004925
25.5 -0.08147681434114176 0.0006513061949583315
25.533333333333335 -0.10296098103884112 0.0006629602716071437
25.566666666666666 -0.12295632453014514 0.0006736689361403203
25.6 -0.13998544002771343 0.0006837084629324197
25.633333333333333 -0.15194125062100433 0.0006903635083158333
25.666666666666668 -0.16098027863839798 0.0006949705407344187
25.7 -0.16598144797100461 0.0006957420776056988
25.733333333333334 -0.1662255616574279 0.0006974312382408976
25.766666666666666 -0.1627015298805302 0.0006955728804421135
25.8 -0.1554257698695277 0.0006910745624488235
25.833333333333332 -0.14286317797646508 0.0006846745877994997
25.866666666666667 -0.1274636113983411 0.0006770733811406193
25.9 -0.11002460522750228 0.0006680927965631717
25.933333333333334 -0.08791782693846859 0.0006559487000286079
25.966666666666665 -0.06404544690814717 0.0006422569071691531
26.0 -0.04121914674140876 0.0006298395642388016
26.033333333333335 -0.015996970694591727 0.0006143891459415747
26.066666666666666 0.01015506293204329 0.0006109434431023925
26.1 0.03618734141085053 0.0006271833636023946
26.133333333333333 0.06041852757423304 0.0006406587201849209
26.166666666666668 0.08266213782389199 0.0006525562825670239
26.2 0.1026209914733634 0.000663897520658957
26.233333333333334 0.11764475726259176 0.0006714433014548826
26.266666666666666 0.1304992953381322 0.0006793999779569349
26.3 0.14014692084733688 0.0006851642278943582
26.333333333333332 0.1435674847281638 0.0006858498877463648
26.366666666666667 0.14368977005963252 0.0006857445995580858
26.4 0.14045291722235467 0.0006846096560964021
26.433333333333334 0.131650756759274 0.000680005113327109
26.466666666666665 0.1215115030912685 0.00067423205448576
26.5 0.10594393273489733 0.0006667520186196402
26.533333333333335 0.08626144395108032 0.0006561234439846353
26.566666666666666 0.06554852459117162 0.0006439680968865907
26.6 0.04248489962022464 0.0006318644718817934
26.633333333333333 0.01850863590247263 0.0006154262548679588
26.666666666666668 -0.007560695867422579 0.0006108051689998496
26.7 -0.03373157907017154 0.0006301371259438693
26.733333333333334 -0.05736278265827371 0.0006392454475998219
26.766666666666666 -0.08177112026167196 0.0006513578367023654
26.8 -0.10351652273058265 0.0006638733129249452
26.833333333333332 -0.12357979258524551 0.0006742274468302667
26.866666666666667 -0.13922080608622808 0.000683228542425196
26.9 -0.1518955650602725 0.0006883983598334753
26.933333333333334 -0.16028223318935717 0.0006939883142122183
26.966666666666665 -0.1652339667295655 0.0006953063728928621
27.0 -0.16567354163885042 0.0006960870792202811
27.033333333333335 -0.16222519715134284 0.0006943024402765174
27.066666666666666 -0.15371491255877748 0.0006905188705183529
27.1 -0.14172735395701982 0.0006846278609785317
27.133333333333333 -0.1272120889804559 0.0006778923565700645
27.166666666666668 -0.10776949167898074 0.0006671541284152677
27.2 -0.0868051100590404 0.0006558441959812339
27.233333333333334 -0.06380573558313431 0.0006420816105662114
27.266666666666666 -0.038668842593938435 0.0006288172600131675
27.3 -0.012219376272151857 0.0006121172381993115
27.333333333333332 0.013069598447186758 0.0006131277964266345
27.366666666666667 0.03854200626886107 0.0006285223046772759
27.4 0.06024222487432558 0.0006387274734060561
27.433333333333334 0.08468720716160597 0.0006534273648989009
27.466666666666665 0.10188633866594271 0.0006641803372687272
27.5 0.11827262447049443 0.0006721575443845301
27.533333333333335 0.1315849835487428 0.0006789441922314399
27.566666666666666 0.13991166197553645 0.0006833480723447694
27.6 0.14380345495528762 0.0006845317635595372
27.633333333333333 0.14344274668119675 0.00068487296238251
27.666666666666668 0.1401238620089868 0.0006842060037412501
27.7 0.13157858844865722 0.0006788988058012146
27.733333333333334 0.11930843064945107 0.0006726428305397075
27.766666666666666 0.1043785578094046 0.0006636960515805784
27.8 0.08404458366466956 0.0006552541400758755
27.833333333333332 0.06339341114844389 0.000642831187845333
27.866666666666667 0.04000882582882662 0.0006293402874060494
27.9 0.015058046564131419 0.0006147619972971339
27.933333333333334 -0.011214082934949939 0.0006128155960793847
27.966666666666665 -0.0361579560784433 0.0006255039076019028
28.0 -0.061099828307184766 0.0006396718341523874
28.033333333333335 -0.08415096756430056 0.0006533202218879236
28.066666666666666 -0.10629915297258892 0.0006625086365616567
28.1 -0.12566460599404855 0.000674839439911229
28.133333333333333 -0.139931146993955 0.0006829463426725191
28.166666666666668 -0.15270968676943558 0.0006901215770297175
28.2 -0.16024970684664286 0.0006940604042658116
28.233333333333334 -0.164113521832796 0.0006962357616617787
28.266666666666666 -0.16441311563673525 0.0006960360529036924
28.3 -0.15979576028511136 0.0006930876475290115
28.333333333333332 -0.1524050823240749 0.0006905292343617753
28.366666666666667 -0.140520836713937 0.0006838998413345454
28.4 -0.12376562050743245 0.0006752475210573261
28.433333333333334 -0.10569310698652251 0.000665922069017541
28.466666666666665 -0.08322356099420349 0.0006527410320369825
28.5 -0.059225784641806424 0.0006404060541509854
28.533333333333335 -0.03646518475577824 0.0006272508630538257
28.566666666666666 -0.010064013285875804 0.0006115339459483674
28.6 0.015022470785664354 0.0006140675911106858
28.633333333333333 0.04027870403067305 0.0006294288401008097
28.666666666666668 0.06349172637200319 0.0006418416313388048
28.7 0.08475077208913853 0.0006535490169493757
28.733333333333334 0.10354508163879929 0.0006635086050261751
28.766666666666666 0.11858850672360542 0.0006718104815060799
28.8 0.12950550806044236 0.0006774736390068314
28.833333333333332 0.1378109701923166 0.0006813093688013971
28.866666666666667 0.14286755620422137 0.000684388992437418
28.9 0.14332832570789933 0.0006835937459515051
28.933333333333334 0.13834040765666217 0.0006816624440127705
28.966666666666665 0.1304898180574839 0.0006772874912213678
29.0 0.1183015034779427 0.0006719746359131473
29.033333333333335 0.10328808988209888 0.0006647026600481581
29.066666666666666 0.08297440094532975 0.0006525006039264925
29.1 0.059346397612290845 0.0006405675899883237
29.133333333333333 0.03747546663755246 0.0006270599129227991
29.166666666666668 0.013281968127622534 0.0006126810122565208
29.2 -0.012065515534584454 0.0006128226554534127
29.233333333333334 -0.037183852502350435 0.0006273423293747943
29.266666666666666 -0.06194565452320389 0.0006415009174903855
29.3 -0.0863861103988871 0.0006545955723291225
29.333333333333332 -0.10748751474439806 0.0006658973772807192
29.366666666666667 -0.12545623489888313 0.0006755614094954843
29.4 -0.1407072459972459 0.0006833175808492742
29.433333333333334 -0.15309867812110814 0.0006891934942951372
29.466666666666665 -0.16098629898863595 0.0006937518197031867
29.5 -0.16469815335685192 0.0006955322259806496
29.533333333333335 -0.16417751291858293 0.0006963454580972417
29.566666666666666 -0.15971100541790162 0.0006936909107299882
29.6 -0.15139227128287924 0.0006887044741398785
29.633333333333333 -0.139628184608576 0.0006838456239740831
29.666666666666668 -0.12381388266678395 0.0006746818404614607
29.7 -0.10422249286464219 0.0006652459389134419
29.733333333333334 -0.08194726316599546 0.0006523520906960706
29.766666666666666 -0.05816950567771617 0.0006392538031908881
29.8 -0.03331019889780097 0.0006250314384815617
29.833333333333332 -0.008417470607604078 0.0006095919522151588
29.866666666666667 0.016105653154210677 0.0006145882501946177
29.9 0.041277977687646863 0.0006292032276093845
29.933333333333334 0.06499637766950282 0.0006424625006668794
29.966666666666665 0.08539060941200535 0.000653148128594988
30.0 0.10361415023610789 0.0006638062563200237
30.033333333333335 0.11848730659046983 0.0006744344060376772
30.066666666666666 0.13001699080298512 0.0006781322467155626
30.1 0.1369685922059043 0.0006819991046237983
30.133333333333333 0.14023860828870663 0.0006839117128938921
30.166666666666668 0.140081497427363 0.0006839644138691148
30.2 0.13621959876207448 0.0006820625372453148
30.233333333333334 0.1269242541286597 0.0006797691809318496
30.266666666666666 0.11483294451936996 0.0006739964372548951
30.3 0.09794760569077685 0.0006615632880819788
30.333333333333332 0.0796931349519272 0.0006527594061921799
30.366666666666667 0.056785360355941346 0.0006411954805679715
30.4 0.03451400246103925 0.0006261403072577859
30.433333333333334 0.009802138865807601 0.000610520329967959
30.466666666666665 -0.014030348500245246 0.0006137542432136153
30.5 -0.039407084887359285 0.0006297473789862382
30.533333333333335 -0.064213453358398 0.0006425141012711411
30.566666666666666 -0.0870723365646907 0.0006552878278980462
30.6 -0.10708126679166087 0.0006655962953572153
30.633333333333333 -0.12556493380792835 0.0006758178361672418
30.666666666666668 -0.14094877557303903 0.0006835289186642446
30.7 -0.15103770304923778 0.0006886796203547652
30.733333333333334 -0.159616912248319 0.0006926680297300869
30.766666666666666 -0.16346623311081615 0.0006945804200990391
30.8 -0.1625605349460607 0.0006948903782185711
30.833333333333332 -0.15830624622235037 0.0006926572015036048
30.866666666666667 -0.1502001275314325 0.0006894066674620336
30.9 -0.1365718435251056 0.0006818388972437694
30.933333333333334 -0.1204745102129729 0.0006731290008687302
30.966666666666665 -0.10195447442796765 0.0006642855457867775
31.0 -0.08237890030697319 0.0006533621352776825
31.033333333333335 -0.057179325978991356 0.0006381983451111406
31.066666666666666 -0.031651497462961996 0.0006242225405624843
31.1 -0.006229138260413856 0.0006094062914179911
31.133333333333333 0.018953786623469922 0.0006167781874101552
31.166666666666668 0.04235025778085933 0.000630590554465224
31.2 0.06509802077551559 0.0006431953210902369
31.233333333333334 0.08540978117011538 0.0006548846879067816
31.266666666666666 0.10434288879569732 0.0006666402008663752
31.3 0.11822985249332262 0.0006736762164014642
31.333333333333332 0.13066916288912117 0.0006790743150096867
31.366666666666667 0.13832261000262502 0.000683455237188435
31.4 0.14088575617636723 0.0006842526986233222
31.433333333333334 0.14039227974118607 0.0006851944464194848
31.466666666666665 0.1350624314157131 0.0006814984629698873
31.5 0.1261064054830029 0.0006765445741541976
31.533333333333335 0.11331046615929775 0.0006690927412547759
31.566666666666666 0.09659643379273111 0.0006621187677832013
31.6 0.07831810667985653 0.0006521237980278011
31.633333333333333 0.055703108135380625 0.0006387007456781293
31.666666666666668 0.03303557168264604 0.0006252136148193962
31.7 0.008048604481806498 0.0006101766993810362
31.733333333333334 -0.017473583491880672 0.0006167000869080931
31.766666666666666 -0.04148475682829806 0.0006296088766820293
31.8 -0.06570329673946568 0.0006426350275245407
31.833333333333332 -0.08844046936849383 0.0006550230145251634
31.866666666666667 -0.10837772787302898 0.0006657747049780838
31.9 -0.1263167705249773 0.0006755437925943797
31.933333333333334 -0.14132126832158556 0.0006831326380903613
31.966666666666665 -0.15277246536268388 0.0006900371700987729
32.0 -0.1603125343356899 0.0006925051481165012
32.03333333333333 -0.16372789644029334 0.0006949985317549479
32.06666666666667 -0.1628378662520959 0.0006951372676737566
32.1 -0.1579695290520406 0.0006919020041041835
32.13333333333333 -0.14851151653405023 0.0006878725982870648
32.166666666666664 -0.13474246628314068 0.0006811412738143008
32.2 -0.11891532131329126 0.0006726475460077097
32.233333333333334 -0.10010604017738255 0.0006618470489827555
32.266666666666666 -0.078907964726007 0.0006517314531417073
32.3 -0.055633998370153835 0.0006380517621005638
32.333333333333336 -0.031195464670477218 0.0006234836634004294
32.36666666666667 -0.005254528197872624 0.0006085393610914761
32.4 0.020311063255926826 0.0006169062480345273
32.43333333333333 0.04535732595911773 0.0006319304474768223
32.46666666666667 0.06728706521447196 0.0006445498582013653
32.5 0.08609420741643656 0.0006523969642482919
32.53333333333333 0.10518766190280403 0.0006648132073614615
32.56666666666667 0.11869170109138323 0.0006717985162653373
32.6 0.1300251961961245 0.0006779571869059975
32.63333333333333 0.1378058212783157 0.0006821594134583109
32.666666666666664 0.1400152585585154 0.0006846340939374307
32.7 0.13857315449315194 0.0006834205541989269
32.733333333333334 0.13446256074354376 0.0006801174198772519
32.766666666666666 0.1251486885955114 0.000677114374631832
32.8 0.11328288523233362 0.0006703560297555144
32.833333333333336 0.09684510540625953 0.0006613947049871616
32.86666666666667 0.07742061891132368 0.0006504803797377501
32.9 0.055842492184674 0.000638225461406329
32.93333333333333 0.03343743954289891 0.0006255234543088434
32.96666666666667 0.006964756546176698 0.0006103762821823367
33.0 -0.0168190525687569 0.0006154030487372716
33.03333333333333 -0.04186525254344483 0.0006289553652666716
33.06666666666667 -0.06615835833714033 0.0006430327703703942
33.1 -0.08886654890422045 0.0006564183959345549
33.13333333333333 -0.1094355858152481 0.0006659894604604533
33.166666666666664 -0.12661380653581616 0.0006761228784338824
33.2 -0.1410274693599556 0.0006835209302559486
33.233333333333334 -0.15208260587367006 0.0006889318805544109
33.266666666666666 -0.1590408681560124 0.0006926616454558387
33.3 -0.16112209552114037 0.0006942073778689883
33.333333333333336 -0.16023964087792286 0.000693168544898648
33.36666666666667 -0.15591725142005455 0.0006910698958307593
33.4 -0.14557574730218503 0.0006868671123163306
33.43333333333333 -0.13391714940552424 0.0006800938679438207
33.46666666666667 -0.11755200742551077 0.0006721993413814215
33.5 -0.0976616528167196 0.0006608389574273704
33.53333333333333 -0.07615877319627215 0.000649237726901411
33.56666666666667 -0.0510266967147363 0.0006373287569691743
33.6 -0.027503246538595226 0.0006216114018914171
33.63333333333333 -0.0016355283268428022 0.0006068595501072288
33.666666666666664 0.022324940935022578 0.0006202660399800587
33.7 0.04560456169136738 0.0006321973629000166
33.733333333333334 0.06851440746895121 0.0006443804650951568
33.766666666666666 0.08883827318521263 0.0006558099211362162
33.8 0.10691846851091691 0.0006653748116250691
33.833333333333336 0.11913140106021865 0.0006741113848408031
33.86666666666667 0.13065922129243937 0.0006782489034570793
33.9 0.1371182803640922 0.0006847967411107991
33.93333333333333 0.13949029598635282 0.0006831711501605886
33.96666666666667 0.13895793086677402 0.000682972687400335
34.0 0.13285785100650985 0.000680318725718998
34.03333333333333 0.1244405162071494 0.0006763924642192026
34.06666666666667 0.11095008809507366 0.0006694186093045285
34.1 0.09448529466453864 0.0006595279333009713
34.13333333333333 0.07570993500437607 0.0006490320830680324
34.166666666666664 0.05213421988082165 0.0006361585767330688
34.2 0.029920512598344377 0.0006229048169767541
34.233333333333334 0.00523854074623365 0.0006079249974833929
34.266666666666666 -0.0188615249021577 0.0006165617426911428
34.3 -0.0434290467585538 0.0006314699091700959
34.333333333333336 -0.06687662299224596 0.0006442700618606023
34.36666666666667 -0.09005479785743738 0.0006566861511657363
34.4 -0.11083335349870096 0.0006683141920930252
34.43333333333333 -0.12690518671692363 0.0006754579551798423
34.46666666666667 -0.14057085226504729 0.0006824562116083399
34.5 -0.15191425170852507 0.0006887759803818061
34.53333333333333 -0.15856467844627675 0.0006915481214246899
34.56666666666667 -0.1601844846527246 0.0006924912129307736
34.6 -0.15928335609436484 0.0006921161269213272
34.63333333333333 -0.15326091688380905 0.0006887049456818228
34.666666666666664 -0.1435837470543078 0.0006847897905855049
34.7 -0.13006422497511833 0.0006781341918898065
34.733333333333334 -0.11406028685254492 0.0006702594501804132
34.766666666666666 -0.09465946554284994 0.0006593356517557852
34.8 -0.07303312801336158 0.0006480076354754283
34.833333333333336 -0.050265723322920425 0.0006351931533192454
34.86666666666667 -0.025593017346553944 0.0006201034200618988
34.9 -0.0010351389195535435 0.0006059311151884554
34.93333333333333 0.02447391905472881 0.0006199903945427222
34.96666666666667 0.04728175338688947 0.0006330116126848639
35.0 0.069348834330028 0.0006439796376160462
35.03333333333333 0.08956327674828807 0.0006566350707716551
35.06666666666667 0.10646946477382264 0.0006653524470940086
35.1 0.1215048836262098 0.000675404703568569
35.13333333333333 0.13131480952808955 0.000678539892988661
35.166666666666664 0.13726339909932567 0.0006827830140390123
35.2 0.13952209263400808 0.0006832017568775828
35.233333333333334 0.1369249499683232 0.0006815583362851096
35.266666666666666 0.1314927887831875 0.000679716314227613
35.3 0.12132996069201696 0.0006744589518349053
35.333333333333336 0.10797497433117477 0.0006666237869381586
35.36666666666667 0.09152127693563761 0.0006584531825863382
35.4 0.07233933820329666 0.0006467371411398304
35.43333333333333 0.05091404448466553 0.0006341353832424526
35.46666666666667 0.02693005380623894 0.0006208194081460013
35.5 0.002999199363890556 0.0006062926741799324
35.53333333333333 -0.02165829301750847 0.000618875342650347
35.56666666666667 -0.04572562632030377 0.0006328853739817966
35.6 -0.06980822631726316 0.000645238564674161
35.63333333333333 -0.09171709612021323 0.000658422217670776
35.666666666666664 -0.1107919679487174 0.0006681521898463383
35.7 -0.12766314811106608 0.0006769422595692687
35.733333333333334 -0.14165286587945777 0.0006843294857403759
35.766666666666666 -0.1543456259275823 0.0006914084477311344
35.8 -0.1594545052184114 0.0006931075914142493
35.833333333333336 -0.16124168600265315 0.0006940893989128283
35.86666666666667 -0.15924043792495787 0.0006933794839065754
35.9 -0.1540179240445521 0.0006903650105981596
35.93333333333333 -0.14381311888519677 0.0006863894492872835
35.96666666666667 -0.12910572419269897 0.0006778985665705783
36.0 -0.11333427623084902 0.0006694526654321409
36.03333333333333 -0.09433769820732454 0.0006602140077286989
36.06666666666667 -0.07061538627927534 0.0006457939394330647
36.1 -0.04695222972319738 0.000632497261477856
36.13333333333333 -0.022996534074111452 0.0006183040202731964
36.166666666666664 -5.72377248454352e-05 0.0006040259088081911
36.2 0.026025134440397397 0.0006197962212555648
36.233333333333334 0.048793884879890205 0.0006339792450882134
36.266666666666666 0.07111551120637652 0.0006462353592442405
36.3 0.09023782026077054 0.0006565974429979943
36.333333333333336 0.10712235611938076 0.0006660516631568775
36.36666666666667 0.12065599405003946 0.0006740094788634243
36.4 0.12994515170420542 0.0006774310753899782
36.43333333333333 0.13527400689548455 0.0006810367695768704
36.46666666666667 0.13716441497149953 0.000682410007381451
36.5 0.1346788837086712 0.0006803992195876518
36.53333333333333 0.12867597450446608 0.0006773801594283368
36.56666666666667 0.11923960538293735 0.0006728873007578878
36.6 0.10569915256213618 0.000665580945576727
36.63333333333333 0.08902358757167134 0.0006573643502618826
36.666666666666664 0.06934916530088076 0.0006470356957083284
36.7 0.048482113826189874 0.0006339725133715154
36.733333333333334 0.025498579892868113 0.0006202700635614365
36.766666666666666 0.0007661363747209287 0.0006056207767794778
36.8 -0.023739650439947833 0.0006193955511264448
36.833333333333336 -0.04824338387285717 0.000633085372153154
36.86666666666667 -0.07144245950405631 0.0006462296945745488
36.9 -0.09352482079223841 0.0006580514190224207
36.93333333333333 -0.11184722929358659 0.0006683410930059114
36.96666666666667 -0.1290140368511629 0.0006769488214476149
37.0 -0.14117943033406677 0.000683073938053419
37.03333333333333 -0.15082198222546248 0.0006875234419662368
37.06666666666667 -0.15713550488040812 0.0006913893573489704
37.1 -0.15947864515864446 0.000692718964249911
37.13333333333333 -0.15752849954545092 0.0006916353971691824
37.166666666666664 -0.15057067606120572 0.0006881714599545896
37.2 -0.14129803817032227 0.0006846159563802523
37.233333333333334 -0.12795034141327147 0.0006762660883070926
37.266666666666666 -0.11175681886546415 0.0006687795835818161
37.3 -0.09133836332416233 0.0006567841595911672
37.333333333333336 -0.06938083534625131 0.0006452169940802804
37.36666666666667 -0.04606763350121275 0.0006327146279166279
37.4 -0.02101868251608382 0.0006177467295540584
37.43333333333333 0.003296395403405889 0.0006080634631416577
37.46666666666667 0.025930651575838258 0.000620707187509336
37.5 0.05088162579682534 0.0006349566960331815
37.53333333333333 0.07217875335657077 0.0006468446694813251
37.56666666666667 0.09119283059985568 0.0006563220103344425
37.6 0.10790358646991591 0.0006659794543247832
37.63333333333333 0.12208514931788884 0.0006737093213173562
37.666666666666664 0.13005451713718347 0.0006787823438533513
37.7 0.13428243513210858 0.0006802328131718938
37.733333333333334 0.137810435902721 0.0006831449625994968
37.766666666666666 0.13528999446621928 0.0006813334285034334
37.8 0.1287730289480842 0.000677550750629724
37.833333333333336 0.11965869567221475 0.0006733714010385972
37.86666666666667 0.10513750596404077 0.0006652099095126457
37.9 0.08799211175250661 0.0006570781104421469
37.93333333333333 0.06792684930578935 0.000646212920136377
37.96666666666667 0.046413265193119904 0.0006336722468115105
38.0 0.023170819291099085 0.0006188306340506877
38.03333333333333 -0.001225789012928043 0.0006057303810872885
38.06666666666667 -0.026236573478415 0.0006201818018214712
38.1 -0.05061946335661049 0.0006347841573327434
38.13333333333333 -0.07433431904073715 0.0006479543586071779
38.166666666666664 -0.09397489552222547 0.0006592221759615796
38.2 -0.1123157518565705 0.0006685491209630773
38.233333333333334 -0.12953996336197157 0.0006773539682651541
38.266666666666666 -0.14118492921880632 0.0006845033796356592
38.3 -0.15113614280044632 0.0006897873262042276
38.333333333333336 -0.1573766760172485 0.0006921737805261063
38.36666666666667 -0.1583169316451002 0.0006925462195834509
38.4 -0.15785900586030832 0.0006929474427397608
38.43333333333333 -0.14930553020630247 0.0006889656135044275
38.46666666666667 -0.13931972198349857 0.0006838546429803471
38.5 -0.12511821307681936 0.0006757811701991467
38.53333333333333 -0.10810661787446027 0.000666720665197032
38.56666666666667 -0.09057480568735578 0.0006569843392344871
38.6 -0.0674403330146651 0.0006438053773444863
38.63333333333333 -0.04419862948083159 0.0006316682564774107
38.666666666666664 -0.019500395107990783 0.0006156696177259183
38.7 0.006414946932943218 0.0006084613316489932
38.733333333333334 0.02946165952267476 0.0006221948186309958
38.766666666666666 0.052702408067769206 0.0006360622657722512
38.8 0.07253878257894958 0.0006469897168034228
38.833333333333336 0.0918162885709462 0.0006578462335550816
38.86666666666667 0.10733400950498578 0.000666648749454532
38.9 0.12094923148754927 0.0006738926404131901
38.93333333333333 0.12980958090123745 0.0006781503323909088
38.96666666666667 0.13628037580812294 0.0006808742198841644
39.0 0.1378090732327127 0.0006817032843526027
39.03333333333333 0.13503633699977152 0.0006807613823981151
39.06666666666667 0.1285629604186023 0.000677672331498208
39.1 0.1178848126131517 0.0006722315806703266
39.13333333333333 0.10382415370663756 0.0006660386642867167
39.166666666666664 0.08639579675417605 0.0006547018472138899
39.2 0.06811617029677398 0.0006444529388119208
39.233333333333334 0.04623708667715747 0.0006322698402859844
39.266666666666666 0.02210028524742867 0.0006190142388619001
39.3 -0.001777458165315112 0.0006065882820589592
39.333333333333336 -0.026437655132541486 0.0006209841364495684
39.36666666666667 -0.05017656189752554 0.000634205804975016
39.4 -0.07443866348390611 0.0006478447778915652
39.43333333333333 -0.09605645407055854 0.000659647154724774
39.46666666666667 -0.11498848109355098 0.000670336460864937
39.5 -0.13012534424038852 0.0006770719089001231
39.53333333333333 -0.1434728151592918 0.0006851310559045087
39.56666666666667 -0.15359177875443839 0.0006893241191856248
39.6 -0.15664201503114705 0.0006928495068128371
39.63333333333333 -0.15807593967468841 0.0006939718941381123
39.666666666666664 -0.15637554010084992 0.0006928442674595525
39.7 -0.15006722650935667 0.0006889788223491955
39.733333333333334 -0.1388033052507537 0.0006827311641250389
39.766666666666666 -0.12445353659801918 0.0006757696068099422
39.8 -0.1076526250033401 0.000667050745147349
39.833333333333336 -0.08720977810731202 0.0006561310199223735
39.86666666666667 -0.06533665067802566 0.0006433295885918122
39.9 -0.04258921364585758 0.0006307046861889071
39.93333333333333 -0.016659757197679446 0.0006146365651105226
39.96666666666667 0.006474469556518413 0.000608778302744477
40.0 0.030637835337345768 0.0006235228953663415
40.03333333333333 0.053042103815436475 0.0006367582281161799
40.06666666666667 0.07448064768968365 0.000647885671986051
40.1 0.09131353069092102 0.000657823238920982
40.13333333333333 0.10924677861110595 0.0006699531067807518
40.166666666666664 0.11933162112309577 0.0006758530666402807
40.2 0.13014305787071076 0.00067845820795151
40.233333333333334 0.13389994758296006 0.0006803549197942071
40.266666666666666 0.13507448754387882 0.0006810663737948364
40.3 0.13306904816950996 0.000679961431548054
40.333333333333336 0.1268798529692652 0.0006770746702394193
40.36666666666667 0.11587784509252115 0.0006713127028864369
40.4 0.10239503116247481 0.000664691390457911
40.43333333333333 0.08403768671786195 0.0006544057229209144
40.46666666666667 0.0644488983975566 0.0006436675780231021
40.5 0.04358109737523918 0.0006316729692516926
40.53333333333333 0.018011246885324753 0.0006169035892793079
40.56666666666667 -0.004911694575379351 0.0006085460224383929
40.6 -0.028744719592798045 0.0006226379480183779
40.63333333333333 -0.05244837476130731 0.0006357698078560473
40.666666666666664 -0.07517116788491483 0.0006483491311183864
40.7 -0.09591620881993092 0.0006597368558333983
40.733333333333334 -0.11421647561871964 0.0006715661180579785
40.766666666666666 -0.13055172169085816 0.0006790631668887326
40.8 -0.14259529403942203 0.0006843121803972174
40.833333333333336 -0.1510033886147353 0.0006887026909330463
40.86666666666667 -0.15663594018809993 0.0006912576628926859
40.9 -0.1570983827505902 0.0006913814695692355
40.93333333333333 -0.15416418301906143 0.0006909106328603642
40.96666666666667 -0.14648536447103078 0.000686532888613256
41.0 -0.13666547730196432 0.0006843945508221427
41.03333333333333 -0.12311110453294645 0.0006751382843426107
41.06666666666667 -0.1047299231138832 0.000666401905731806
41.1 -0.08478659654595858 0.0006547640589996129
41.13333333333333 -0.06352633464908465 0.0006429457885664402
41.166666666666664 -0.0401689381058097 0.0006295267369611571
41.2 -0.01629142484065227 0.0006150310617070442
41.233333333333334 0.008440931850108383 0.0006098599508012077
41.266666666666666 0.030698153612499102 0.0006232535580102637
41.3 0.0548499787177112 0.0006374173099061159
41.333333333333336 0.07609125657041796 0.0006485503028901551
41.36666666666667 0.09183695325841032 0.0006563562463845624
41.4 0.10812897445971584 0.0006662153902278478
41.43333333333333 0.12188625225901621 0.0006750393477970712
41.46666666666667 0.12882208667439332 0.0006775650317219217
41.5 0.13500088718870243 0.0006801437501684493
41.53333333333333 0.1341371540995246 0.0006805383752638561
41.56666666666667 0.13110279225399002 0.0006792628139951351
41.6 0.12431094081311209 0.0006762765830681389
41.63333333333333 0.11456335952209133 0.0006704473884829448
41.666666666666664 0.09980015579031545 0.0006627682865368856
41.7 0.08282512594821098 0.0006532798980554144
41.733333333333334 0.0616814976294659 0.0006420443694018091
41.766666666666666 0.040381106845984435 0.0006294274032225891
41.8 0.016037284904703582 0.0006148147622792449
41.833333333333336 -0.00822245979728032 0.000610180465188943
41.86666666666667 -0.03167228731519998 0.0006250780225672825
41.9 -0.054656436759425095 0.0006368178514911255
41.93333333333333 -0.07739870026227191 0.0006496894251072916
41.96666666666667 -0.09663956344564882 0.0006598052492367973
42.0 -0.11637634048247213 0.0006702143542116346
