0.0 -0.2255022354529569 0.0007232628001131725
0.03333333333333333 -0.26387822502809155 0.0007395031824129483
0.06666666666666667 -0.2936013432592368 0.000751794129768002
0.1 -0.3168437398295646 0.0007608861975504921
0.13333333333333333 -0.33149301325949965 0.0007671662454415418
0.16666666666666666 -0.33663892187932276 0.0007694071626490606
0.2 -0.3328155732546121 0.0007683494360286036
0.23333333333333334 -0.32032868669404513 0.000766822179769644
0.26666666666666666 -0.3018385575970091 0.000763174490347962
0.3 -0.2736513019898378 0.0007479241206076459
0.3333333333333333 -0.23428166372729287 0.0007279774973051878
0.36666666666666664 -0.19312772074525922 0.0007097344180085619
0.4 -0.14573928312447249 0.0006872743212866239
0.43333333333333335 -0.09404605085083573 0.0006589974176244157
0.4666666666666667 -0.03998486815429702 0.0006287205462278816
0.5 0.014628501819160401 0.0006138542786756213
0.5333333333333333 0.0680039164512726 0.0006454196611986873
0.5666666666666667 0.12004430663244281 0.000673892123769268
0.6 0.1685413606137701 0.0006986489139256813
0.6333333333333333 0.21117768212895566 0.0007185864654526697
0.6666666666666666 0.25080476791153916 0.0007358398731479032
0.7 0.28122466926532425 0.0007491376362505076
0.7333333333333333 0.3046256107813378 0.0007579061234760376
0.7666666666666667 0.31965611021694146 0.0007645808815011645
0.8 0.3252511324820124 0.0007661305682784003
0.8333333333333334 0.3221693355798641 0.0007648978874843504
0.8666666666666667 0.3116754587429487 0.000762300679251593
0.9 0.2893195265441845 0.0007536157852897629
0.9333333333333333 0.2631686493790761 0.0007424987829430796
0.9666666666666667 0.22828165352881452 0.0007277257261679992
1.0 0.18578511755050234 0.0007080377030903307
1.0333333333333334 0.14125724598888653 0.0006854229387792121
1.0666666666666667 0.08885918384547527 0.0006573477949776418
1.1 0.03515340119415116 0.0006261197136866598
1.1333333333333333 -0.018532327798530583 0.0006168361477938006
1.1666666666666667 -0.0724774135328421 0.0006467726693926978
1.2 -0.1250727628688657 0.0006749883122361133
1.2333333333333334 -0.17279175838235297 0.0006990839284879424
1.2666666666666666 -0.21719900716076687 0.0007197467644318722
1.3 -0.2557319602485723 0.0007364051788993353
1.3333333333333333 -0.28756010441671026 0.0007502282032699203
1.3666666666666667 -0.31002976753385003 0.0007586985285914505
1.4 -0.326043640755986 0.000765529703569634
1.4333333333333333 -0.33295995850211185 0.0007682137213207985
1.4666666666666666 -0.33180481081898283 0.0007676279800691299
1.5 -0.3213304760005516 0.0007637129980412882
1.5333333333333334 -0.3016735486647698 0.0007579129981442057
1.5666666666666667 -0.27455923164262974 0.0007481634634000089
1.6 -0.23976215255152233 0.0007311712583472352
1.6333333333333333 -0.1991908525358932 0.0007126029726675087
1.6666666666666667 -0.15305172077623103 0.0006907417382971959
1.7 -0.10213391185179496 0.0006662571465330808
1.7333333333333334 -0.0485287641803705 0.0006342876453914736
1.7666666666666666 0.00640405647685117 0.000609281306802263
1.8 0.06001237317465196 0.0006401268087207687
1.8333333333333333 0.11100402480346325 0.0006690989894591187
1.8666666666666667 0.15853565944783693 0.0006932279386849816
1.9 0.20315152867261863 0.0007148972206324211
1.9333333333333333 0.24143900003949856 0.0007325965612753893
1.9666666666666666 0.27277716234887445 0.0007449413924350279
2.0 0.29626048684570255 0.0007554349730755638
2.033333333333333 0.3146794470173545 0.0007613515575412011
2.066666666666667 0.32127991181200477 0.0007658061474732358
2.1 0.32068566212164856 0.0007650017550263066
2.1333333333333333 0.3119058234773733 0.000761233991116439
2.1666666666666665 0.2927369404040341 0.0007555167728180989
2.2 0.2655181829287561 0.0007445134814728083
2.2333333333333334 0.2317106685846639 0.0007282479179311907
2.2666666666666666 0.19168228306155996 0.000709644038798668
2.3 0.1448911356165789 0.0006859749702164686
2.3333333333333335 0.09581442726438809 0.0006618923080270317
2.3666666666666667 0.043467026386383584 0.0006319213947294788
2.4 -0.011850443104995795 0.000612556203762802
2.433333333333333 -0.06609527488645106 0.0006429463647482231
2.466666666666667 -0.1176701702490141 0.0006718203533905565
2.5 -0.166104612183985 0.0006966724971003702
2.533333333333333 -0.2092957116412922 0.0007158894253993242
2.566666666666667 -0.24833454946795594 0.0007335242786697393
2.6 -0.2805361663064451 0.0007461658138526728
2.6333333333333333 -0.30489620306605497 0.0007569645781281831
2.6666666666666665 -0.32243570092545515 0.0007642112787809574
2.7 -0.33033005211379274 0.0007677722073979321
2.7333333333333334 -0.3299592247028286 0.0007675423753241706
2.7666666666666666 -0.3197252170225101 0.0007642400902426738
2.8 -0.3026067984847653 0.0007577333352961624
2.8333333333333335 -0.2751317880672293 0.0007470717531995463
2.8666666666666667 -0.24275717190771395 0.0007332969431447789
2.9 -0.20259723171638142 0.000715216445786232
2.933333333333333 -0.16000489823224187 0.0006948289189164791
2.966666666666667 -0.10988940218470984 0.0006687716887967821
3.0 -0.05730046473759458 0.0006409759222487516
3.033333333333333 -0.003900556156308238 0.0006099547936967314
3.066666666666667 0.05099525148484734 0.0006352933159826032
3.1 0.1038008598141709 0.000664917096086709
3.1333333333333333 0.15174174401468435 0.0006897654149958798
3.1666666666666665 0.19689635844988707 0.0007110507057216109
3.2 0.2360968066288897 0.0007282636853437885
3.2333333333333334 0.26865906893398545 0.0007434188322752999
3.2666666666666666 0.29224222656819304 0.0007521715255897621
3.3 0.3111927234199356 0.0007597733042767896
3.3333333333333335 0.31892221832022893 0.0007629634153669684
3.3666666666666667 0.3196662337538441 0.0007636447621630627
3.4 0.31131358626172356 0.000762245411955409
3.433333333333333 0.2936383163198476 0.0007541538319690844
3.466666666666667 0.26785102885875617 0.0007436444007327125
3.5 0.23557970507633993 0.0007295750344364638
3.533333333333333 0.19660442556875407 0.0007117734261117281
3.566666666666667 0.15177341178183937 0.000690901957129203
3.6 0.10336265963735085 0.0006650906121955236
3.6333333333333333 0.05126245443040225 0.0006358822059339825
3.6666666666666665 -0.0005717381257819431 0.0006060370488487633
3.7 -0.05394545980643394 0.0006371566823390393
3.7333333333333334 -0.10705970670596224 0.0006668706755042081
3.7666666666666666 -0.1567777664158488 0.0006923440711893436
3.8 -0.19987242420493456 0.0007125656182984663
3.8333333333333335 -0.23930888953756324 0.0007301181328890072
3.8666666666666667 -0.2734666827253423 0.0007447354018055297
3.9 -0.2998832601922416 0.0007552285973432271
3.933333333333333 -0.31729080470321613 0.0007629348679414893
3.966666666666667 -0.32805761901440356 0.0007672064665586453
4.0 -0.32742189429648055 0.0007661588142050535
4.033333333333333 -0.32022501891207306 0.0007640360426003356
4.066666666666666 -0.3031552214813401 0.0007571535061846602
4.1 -0.2785922895918235 0.0007483316893863168
4.133333333333334 -0.24660601870297869 0.0007359088962571314
4.166666666666667 -0.20825031706035238 0.000717268941486271
4.2 -0.16265749213646716 0.0006964245278845982
4.233333333333333 -0.11447803816397244 0.0006716614299250023
4.266666666666667 -0.06556106660491857 0.0006440860840211254
4.3 -0.012571392346995338 0.000614582546938372
4.333333333333333 0.042289390898232374 0.0006305607235497085
4.366666666666666 0.09248094165091629 0.0006591821063632181
4.4 0.13998548486300672 0.000684136723829859
4.433333333333334 0.18860839210257715 0.0007063324413544569
4.466666666666667 0.2278051652892285 0.0007253196337892731
4.5 0.26173369309907646 0.000740103140649373
4.533333333333333 0.2866598808665614 0.0007500727864915846
4.566666666666666 0.3028170809012918 0.0007559815188137309
4.6 0.3152747465289358 0.0007635982642547612
4.633333333333334 0.31608643592710356 0.0007625700893053589
4.666666666666667 0.3095688206191769 0.0007605399904773713
4.7 0.29432982326234386 0.0007557836878107627
4.733333333333333 0.269737884436556 0.0007453996421266651
4.766666666666667 0.23698906899548544 0.0007311340929309351
4.8 0.20140200117779405 0.000715750770480722
4.833333333333333 0.1558568070186614 0.00069298905359505
4.866666666666666 0.10716544221801866 0.0006673670237900275
4.9 0.05816942828367262 0.0006398912196381168
4.933333333333334 0.005990204486540995 0.0006102976688820202
4.966666666666667 -0.04825030106396035 0.0006341908441960253
5.0 -0.09916968714497225 0.000662937791399601
5.033333333333333 -0.1481503589657069 0.0006871273182808835
5.066666666666666 -0.19251650870708975 0.000708386576936143
5.1 -0.2330541730597734 0.0007277860262651925
5.133333333333334 -0.26661544868129494 0.0007420210469728517
5.166666666666667 -0.29406111966185633 0.0007531930259727093
5.2 -0.31190175621832217 0.0007600745072413595
5.233333333333333 -0.32343934502765137 0.0007648684426067587
5.266666666666667 -0.324887549403063 0.0007645968134243342
5.3 -0.3181721130139269 0.0007628200522817874
5.333333333333333 -0.30336823311671174 0.0007575062873044214
5.366666666666666 -0.2801533525814035 0.0007481315198523686
5.4 -0.24889762934070858 0.0007349653214323848
5.433333333333334 -0.21111066659725958 0.0007205856151277779
5.466666666666667 -0.16798193943918044 0.0006983165164667349
5.5 -0.12113737704227868 0.0006761307644176789
5.533333333333333 -0.07050433098110688 0.000646556821355268
5.566666666666666 -0.01811914482799962 0.0006160985284488288
5.6 0.0339257178616276 0.0006257054271505899
5.633333333333334 0.08673218244869127 0.0006565378997357846
5.666666666666667 0.13375192313208537 0.0006813943449017756
5.7 0.1792130347782578 0.0007030014007371743
5.733333333333333 0.22136584863102246 0.0007226811664139132
5.766666666666667 0.2551940858259673 0.0007377826527253384
5.8 0.2811972835684783 0.0007494478168973417
5.833333333333333 0.29880673735551305 0.0007554810694032632
5.866666666666666 0.31286564219881136 0.0007623095333970098
5.9 0.31286297603286556 0.0007611829415743454
5.933333333333334 0.3078543748433571 0.0007594515321107664
5.966666666666667 0.2931181364361935 0.0007555199741666185
6.0 0.27131472227746567 0.0007458955363585096
6.033333333333333 0.24140485179053114 0.0007334269631363299
6.066666666666666 0.20287692417507822 0.0007160459408145914
6.1 0.1601464806001863 0.000695041416275799
6.133333333333334 0.1139285406261187 0.0006697207179633263
6.166666666666667 0.06104580326736353 0.0006423315969177334
6.2 0.013554482637683251 0.0006152515389864447
6.233333333333333 -0.039928632911287454 0.0006299593119018648
6.266666666666667 -0.09139186376882057 0.0006573231090691717
6.3 -0.14047217733135187 0.0006833929729520571
6.333333333333333 -0.1857376108376729 0.0007052697371077721
6.366666666666666 -0.2256526171281341 0.0007235844434780592
6.4 -0.2609996689917161 0.0007390537759211502
6.433333333333334 -0.28916938531274833 0.0007506578097926098
6.466666666666667 -0.30725394219264834 0.0007590600320916407
6.5 -0.3198919334575083 0.0007635068036209169
6.533333333333333 -0.3229070136908423 0.0007645976628201101
6.566666666666666 -0.31678636224289597 0.0007626388734768286
6.6 -0.30316048285810493 0.0007581578460388316
6.633333333333334 -0.2816571250652327 0.0007492678965236865
6.666666666666667 -0.2530456718860338 0.0007374582854425826
6.7 -0.2168304176557901 0.0007218848428736935
6.733333333333333 -0.17450615835093117 0.0007027404558160311
6.766666666666667 -0.12754727846284175 0.0006786355826942092
6.8 -0.07611864600689848 0.0006498494839158736
6.833333333333333 -0.025077733420156567 0.0006202624582415731
6.866666666666666 0.02439809133560013 0.0006200992838918569
6.9 0.07754004551600374 0.0006508019808171978
6.933333333333334 0.12485358054329751 0.0006770292193361005
6.966666666666667 0.17206203972425607 0.0007003771530973424
7.0 0.21084501039138534 0.0007171965305425576
7.033333333333333 0.2471523097801381 0.0007354090246707023
7.066666666666666 0.27418117406969955 0.0007479249583495218
7.1 0.2950150505652263 0.0007551295711916706
7.133333333333334 0.30875533140280287 0.0007601062477990972
7.166666666666667 0.31067399624939396 0.0007612033753990888
7.2 0.30587742217905917 0.0007594775261251518
7.233333333333333 0.29316894598618926 0.000754322529363638
7.266666666666667 0.2713212885809131 0.000748002920052171
7.3 0.24420416597579706 0.0007341681404326728
7.333333333333333 0.20657654017230112 0.0007183664961308844
7.366666666666666 0.16636201045061844 0.0006992598463469724
7.4 0.1205393697508214 0.0006749802909356145
7.433333333333334 0.06943353251418671 0.000645638009143093
7.466666666666667 0.018279365580534127 0.0006154821299447534
7.5 -0.03157834355689038 0.0006234631119172371
7.533333333333333 -0.08314050769421347 0.0006533780792895433
7.566666666666666 -0.1334004367015976 0.0006794875912452536
7.6 -0.17809193061146525 0.000702115101921863
7.633333333333334 -0.21911782956002182 0.0007208933768304282
7.666666666666667 -0.25411166313834543 0.0007357173591279742
7.7 -0.2822230022936128 0.0007479113113142977
7.733333333333333 -0.3032350567080334 0.0007584932602419658
7.766666666666667 -0.3153330897638913 0.0007618057683247415
7.8 -0.32043643853235265 0.0007642712023893106
7.833333333333333 -0.3166527739343455 0.0007635271793867138
7.866666666666666 -0.3037232486790092 0.0007590157751588
7.9 -0.2815799966080279 0.0007501435149516178
7.933333333333334 -0.25495040967304894 0.0007383548425867192
7.966666666666667 -0.21896677979214396 0.0007224425181180938
8.0 -0.17824883560241261 0.0007036139028265553
8.033333333333333 -0.13286386114905724 0.0006809134817957196
8.066666666666666 -0.08334677033701916 0.0006533867956076828
8.1 -0.031232432497651313 0.0006252405491815813
8.133333333333333 0.021110505125594186 0.0006200255348272239
8.166666666666666 0.07016990651811922 0.0006465341090796384
8.2 0.12141716564393237 0.0006727567496513792
8.233333333333333 0.16650027722164024 0.0006959113037496301
8.266666666666667 0.20525195831143825 0.0007147468710131111
8.3 0.2399340459988089 0.00073054636714312
8.333333333333334 0.2697699141095393 0.0007429669378917203
8.366666666666667 0.2905202186507942 0.0007518661754173928
8.4 0.30324099103223073 0.0007579811837029604
8.433333333333334 0.3077314653647314 0.0007589803165239939
8.466666666666667 0.3050435007902875 0.0007589881188622694
8.5 0.2919085761738207 0.0007541210284465194
8.533333333333333 0.2730758426416922 0.0007472653537127782
8.566666666666666 0.24473906871766743 0.0007324292792850462
8.6 0.21003796797394136 0.0007199434382179903
8.633333333333333 0.1696452485802248 0.000699542373011619
8.666666666666666 0.12643664032122184 0.0006768084409186081
8.7 0.07614713514482334 0.0006530199630868372
8.733333333333333 0.025365826312269392 0.0006205574602201266
8.766666666666667 -0.02511531728701784 0.0006214522495646725
8.8 -0.07719617965241464 0.000651093089574159
8.833333333333334 -0.1250089818978816 0.0006758686843124084
8.866666666666667 -0.17131317739153784 0.0006978678103966851
8.9 -0.21191691906890534 0.0007169668735350632
8.933333333333334 -0.24914304423688716 0.0007338602967142949
8.966666666666667 -0.2760976497030932 0.0007465394309799089
9.0 -0.2978130930876995 0.0007544869953992617
9.033333333333333 -0.3122811980060081 0.0007606547619745663
9.066666666666666 -0.3171247292182179 0.0007628077114067433
9.1 -0.31361855607265016 0.000761624096644653
9.133333333333333 -0.3022329322070893 0.0007576934212759623
9.166666666666666 -0.28340792715828 0.0007501704314044066
9.2 -0.25538717835442787 0.0007385060843423941
9.233333333333333 -0.22269229576347646 0.000723843780571165
9.266666666666667 -0.18205863610274425 0.0007046969851851326
9.3 -0.138516218432716 0.0006834354673481424
9.333333333333334 -0.08924276854638441 0.0006564453718696656
9.366666666666667 -0.03848338976536461 0.0006293726919102266
9.4 0.012103243329492742 0.0006133797880477129
9.433333333333334 0.06246152809814027 0.0006429882653420857
9.466666666666667 0.11181726116218942 0.0006691536862714759
9.5 0.1590694732071324 0.0006937700713844641
9.533333333333333 0.1983898920461578 0.0007133998059343782
9.566666666666666 0.23469362947899183 0.0007281318593216901
9.6 0.26479669598220795 0.0007415016285911014
9.633333333333333 0.2846806347976612 0.0007492162542512282
9.666666666666666 0.29976171201904117 0.0007561646447247772
9.7 0.305606041135693 0.0007593333329042329
9.733333333333333 0.3005669470937687 0.0007583244402710188
9.766666666666667 0.292823277398425 0.000754177623156993
9.8 0.2729056225129189 0.0007460504598702511
9.833333333333334 0.2471447327924521 0.0007361342359408496
9.866666666666667 0.2143156524973519 0.0007213987771029495
9.9 0.17512158626266186 0.0007029488734374423
9.933333333333334 0.12963577323827905 0.000680589642688717
9.966666666666667 0.08423659410654182 0.0006546179945903785
10.0 0.033193660915752383 0.0006235494696820235
10.033333333333333 -0.017310724846708227 0.0006158513242396912
10.066666666666666 -0.06878740659446703 0.0006455098119649838
10.1 -0.11894819294238501 0.0006726136185161158
10.133333333333333 -0.1643525401698399 0.0006952144421308315
10.166666666666666 -0.2057565660459171 0.000714701553755831
10.2 -0.24160255106700187 0.0007297421393964443
10.233333333333333 -0.27100572445222637 0.0007425573784152761
10.266666666666667 -0.2940254716375615 0.0007530436338400448
10.3 -0.3080248512680089 0.0007585377214013866
10.333333333333334 -0.314240633303312 0.0007604642363915337
10.366666666666667 -0.3121650924524497 0.0007595133377136798
10.4 -0.3013012456817287 0.0007563145737770616
10.433333333333334 -0.283907340667956 0.0007498758330357069
10.466666666666667 -0.2575495794399768 0.0007397074032701179
10.5 -0.22617349156355815 0.00072526495314848
10.533333333333333 -0.1875554085822496 0.0007082264397274274
10.566666666666666 -0.14262451938367834 0.0006853595682305424
10.6 -0.09484958842384299 0.0006595668446555403
10.633333333333333 -0.045739952996897495 0.0006328356124980089
10.666666666666666 0.003956001660864336 0.0006082067384610302
10.7 0.05422542277611803 0.0006362796319136846
10.733333333333333 0.10531339274160241 0.0006651432981588518
10.766666666666667 0.15114969967397188 0.0006888528144977923
10.8 0.19235706010293674 0.0007078153717722524
10.833333333333334 0.22960256136287258 0.0007257071738385468
10.866666666666667 0.2588868483448859 0.0007381617981682687
10.9 0.2806566780022398 0.0007474128905376465
10.933333333333334 0.2936192354317797 0.0007564183648983147
10.966666666666667 0.3024247318093313 0.0007584017076813221
11.0 0.3013713796058258 0.0007581354538886975
11.033333333333333 0.29216979368210855 0.0007585180602186492
11.066666666666666 0.27305183505974606 0.0007457458637126768
11.1 0.24850140290437323 0.0007368990851784052
11.133333333333333 0.21769041504381773 0.0007235974615890373
11.166666666666666 0.17716648955977063 0.0007029638271829897
11.2 0.13456608817826637 0.000682041481482154
11.233333333333333 0.08917813141351026 0.0006562508466585459
11.266666666666667 0.03892688688001066 0.0006286792766415639
11.3 -0.010543203320806717 0.0006117769886561722
11.333333333333334 -0.062019276673565736 0.0006414867501438395
11.366666666666667 -0.10975422673376324 0.0006673769026322302
11.4 -0.15681442213279198 0.0006912022840837306
11.433333333333334 -0.1991989222098569 0.0007105112662557644
11.466666666666667 -0.23576744402524766 0.0007278060731949754
11.5 -0.2643130734110181 0.0007396810451223423
11.533333333333333 -0.2871541460760814 0.0007496744614128859
11.566666666666666 -0.3032776436778596 0.0007562438178869146
11.6 -0.3106277230562156 0.0007594068502885798
11.633333333333333 -0.31056294635459736 0.0007596529943315056
11.666666666666666 -0.3016719877968118 0.0007569554857886351
11.7 -0.28430276253774717 0.0007490626040768666
11.733333333333333 -0.25906653409723873 0.0007400827014505951
11.766666666666667 -0.22708516335665044 0.0007268667179821386
11.8 -0.18946637045720705 0.0007085417903614222
11.833333333333334 -0.1475189895632692 0.0006884350306466391
11.866666666666667 -0.09917479494406196 0.0006632115343858797
11.9 -0.051871929929282454 0.0006376354526798494
11.933333333333334 0.000389161857462499 0.0006059638081458243
11.966666666666667 0.05083295164775241 0.0006343893298759451
12.0 0.09723596608510972 0.0006606594302695085
12.033333333333333 0.14358379471183613 0.0006845426348500161
12.066666666666666 0.1856433553480133 0.0007058405351664521
12.1 0.22281498403174166 0.0007236577242945574
12.133333333333333 0.2538795450486003 0.0007365593751871291
12.166666666666666 0.2750288288441435 0.0007483811262843365
12.2 0.29250395962694775 0.0007533283224257503
12.233333333333333 0.2972152117915875 0.0007544564200857584
12.266666666666667 0.2983062973405688 0.0007559856574294033
12.3 0.29148897801635854 0.0007538705494920528
12.333333333333334 0.2741805574214815 0.0007467037211508765
12.366666666666667 0.25000619971983473 0.0007374605531174638
12.4 0.21919222476830255 0.0007244602974361969
12.433333333333334 0.1820828229475695 0.0007056179802332196
12.466666666666667 0.13952112719157042 0.0006852578351791427
12.5 0.09373287728680937 0.0006607912622923345
12.533333333333333 0.0439537346021277 0.0006316380941552638
12.566666666666666 -0.0070687877776312216 0.0006080918993958146
12.6 -0.05415955218476556 0.0006372058895801544
12.633333333333333 -0.10317020241135703 0.0006635977308551977
12.666666666666666 -0.1490686727180308 0.0006866669338069786
12.7 -0.1903351758126116 0.0007089438128758951
12.733333333333333 -0.2284652970916862 0.0007261451439024846
12.766666666666667 -0.2595151331816098 0.000738124970702192
12.8 -0.28347945187172036 0.0007474724410329037
12.833333333333334 -0.2995795503399751 0.0007549160770120023
12.866666666666667 -0.3082215949551597 0.0007587934091115578
12.9 -0.30826187576515807 0.0007590975065013827
12.933333333333334 -0.3006542974007513 0.0007569986365538739
12.966666666666667 -0.28463348386580883 0.0007498932990306906
13.0 -0.2601534867358271 0.0007407153906339725
13.033333333333333 -0.2287356199209849 0.0007271447970971512
13.066666666666666 -0.19276718144086888 0.0007100213008911227
13.1 -0.15140995014767095 0.0006931316979005286
13.133333333333333 -0.10468721970861965 0.000664920453776946
13.166666666666666 -0.055982088820934015 0.000637788246887476
13.2 -0.007638379894781451 0.0006101908000163726
13.233333333333333 0.04292988008328304 0.0006304171486323923
13.266666666666667 0.09136478562166056 0.0006585739202994989
13.3 0.13641093273623295 0.0006812746192280672
13.333333333333334 0.17935904017760174 0.0007022116929432942
13.366666666666667 0.21525659151397822 0.0007197704298700369
13.4 0.2459451700538253 0.0007335129206587354
13.433333333333334 0.2709265776348273 0.0007431573324127583
13.466666666666667 0.28530212011742134 0.0007494522344504428
13.5 0.2959519958447207 0.0007548228696027115
13.533333333333333 0.29616783984319534 0.0007554134518744093
13.566666666666666 0.2897380653943971 0.0007533477743165706
13.6 0.27278869912013076 0.0007482541386223396
13.633333333333333 0.24979230971848737 0.0007363154288299034
13.666666666666666 0.22189685736555595 0.0007245063750780933
13.7 0.18435606986318578 0.0007077549952695661
13.733333333333333 0.14547330491334262 0.0006869151852723354
13.766666666666667 0.09802563598842406 0.0006615650863942141
13.8 0.049196873403317895 0.0006342994517930176
13.833333333333334 0.0008221500750570174 0.0006056813823151348
13.866666666666667 -0.04837567829970146 0.000632651925274362
13.9 -0.09708255847173916 0.0006604374474534908
13.933333333333334 -0.1429913559461268 0.0006863376760935236
13.966666666666667 -0.18624110450864625 0.000706526558151066
14.0 -0.22412670096855009 0.0007235487437356747
14.033333333333333 -0.25402216081904055 0.0007362536551104859
14.066666666666666 -0.27897226547855497 0.0007459118148586685
14.1 -0.29617223954081123 0.0007537539287739148
14.133333333333333 -0.3051863369813264 0.0007584595909108649
14.166666666666666 -0.305529584283427 0.0007585949816124593
14.2 -0.298499635871955 0.0007562314880441567
14.233333333333333 -0.28360423481913033 0.0007496564137422501
14.266666666666667 -0.2605183412827055 0.0007405073812743468
14.3 -0.23235318165859017 0.0007292200504121216
14.333333333333334 -0.1961896085544978 0.0007114417093538883
14.366666666666667 -0.15609541742231603 0.0006928437142718902
14.4 -0.11004895463827906 0.0006681029712796993
14.433333333333334 -0.06162497028229629 0.0006416020782335982
14.466666666666667 -0.01296209440975771 0.0006133430992813112
14.5 0.03753822125562685 0.0006274104239517506
14.533333333333333 0.08442155900576978 0.0006544026467814323
14.566666666666666 0.13093635409633608 0.0006802817203808154
14.6 0.17298747762930836 0.0007009499472672709
14.633333333333333 0.21039272772655765 0.0007182162774824474
14.666666666666666 0.24145313097481982 0.0007299390778355286
14.7 0.26647489175062083 0.0007422825839658587
14.733333333333333 0.28458013321070247 0.0007499107876127176
14.766666666666667 0.2914844341635722 0.0007530630001550409
14.8 0.29302193382435676 0.0007547246012128972
14.833333333333334 0.28912704662704763 0.0007522080975903012
14.866666666666667 0.27343963015562944 0.0007461988442059586
14.9 0.25096350157053327 0.0007384428748234417
14.933333333333334 0.2240221717369052 0.0007252450988146086
14.966666666666667 0.18763754445709832 0.0007090387240679397
15.0 0.1475306683096298 0.0006876789117674365
15.033333333333333 0.10469332763970336 0.0006660492891747694
15.066666666666666 0.05523006364067734 0.0006396648875953495
15.1 0.005959454824179081 0.0006084003571071427
15.133333333333333 -0.04371275913391216 0.000629649586781085
15.166666666666666 -0.09038041095063279 0.0006571845518551223
15.2 -0.13690990444614745 0.0006807578322506891
15.233333333333333 -0.18035065793014127 0.0007030339022677801
15.266666666666667 -0.2163134986760522 0.0007193194530327462
15.3 -0.24889538140891035 0.0007331654391362075
15.333333333333334 -0.2737341733651478 0.0007443892752706516
15.366666666666667 -0.2916139576745232 0.0007524572555031028
15.4 -0.30213837466492827 0.0007576028541735891
15.433333333333334 -0.3042954996151579 0.0007579141493022079
15.466666666666667 -0.2984750771363793 0.0007562880651177939
15.5 -0.28396082334616024 0.0007493478993556013
15.533333333333333 -0.26238155129502294 0.0007413057393456657
15.566666666666666 -0.23440743301071584 0.00073001655469207
15.6 -0.19955197289304583 0.0007135299854718613
15.633333333333333 -0.15984141904779037 0.0006949797956965209
15.666666666666666 -0.11496000768680217 0.0006709594737250163
15.7 -0.06782924936751888 0.0006471497765282302
15.733333333333333 -0.020295551989472103 0.0006174598372317534
15.766666666666667 0.029541053981154135 0.0006236526938276227
15.8 0.07920302532494598 0.000651453637969146
15.833333333333334 0.12420222691601966 0.0006755911161823447
15.866666666666667 0.16769259722159574 0.0006967389909677824
15.9 0.2040055545951058 0.0007154110260634283
15.933333333333334 0.23629990951767374 0.0007295779015120407
15.966666666666667 0.25904318607248233 0.0007411150139234879
16.0 0.2798743371247632 0.0007469685853380148
16.033333333333335 0.28892072546995984 0.0007515129450029745
16.066666666666666 0.2920818338165868 0.0007532266818568445
16.1 0.28714699827591844 0.0007526632475314821
16.133333333333333 0.2721115447894711 0.000747066825193432
16.166666666666668 0.2520095728180543 0.0007384013290342994
16.2 0.224168558979638 0.0007266348798320443
16.233333333333334 0.19046533235784283 0.0007115139384294422
16.266666666666666 0.149599696036882 0.000689957529300872
16.3 0.10814659312257514 0.0006690138893933328
16.333333333333332 0.06147839728570988 0.0006409201299567152
16.366666666666667 0.013272906989848095 0.000612254961828233
16.4 -0.03629569852637148 0.0006260994123382588
16.433333333333334 -0.08588436372005645 0.0006534556272352748
16.466666666666665 -0.131675742609915 0.0006777750218938394
16.5 -0.17342619411269253 0.000699643323966076
16.533333333333335 -0.21169441470246478 0.0007170470905514537
16.566666666666666 -0.2435808452028611 0.0007319943173013099
16.6 -0.2688058997097969 0.0007426707343811123
16.633333333333333 -0.2876102756712585 0.0007503316840503094
16.666666666666668 -0.29849398881864836 0.0007551551186115169
16.7 -0.3021824727590982 0.0007566579284405406
16.733333333333334 -0.29711068248965233 0.0007543921985144197
16.766666666666666 -0.28325691820834853 0.0007497684564161666
16.8 -0.26229543730536464 0.0007416290982312224
16.833333333333332 -0.23517702621770661 0.0007292763485080289
16.866666666666667 -0.2019338826927663 0.0007143027324115481
16.9 -0.16240201862696577 0.000694794250701819
16.933333333333334 -0.11987713836231625 0.0006732511880290643
16.966666666666665 -0.07249695196798459 0.0006464779288229278
17.0 -0.02372500638555307 0.0006195523705424602
17.033333333333335 0.022611251038863876 0.0006197604441535824
17.066666666666666 0.07355135317981165 0.0006510249103993254
17.1 0.11910559307795827 0.0006717511329746989
17.133333333333333 0.16174320081881285 0.0006938410062572176
17.166666666666668 0.19732270342333993 0.0007119033730823288
17.2 0.23118890653864144 0.0007265983822306032
17.233333333333334 0.25697896952826627 0.0007382962613367017
17.266666666666666 0.2757094696787205 0.0007465217057890938
17.3 0.2868799971137669 0.0007513757368726726
17.333333333333332 0.29038823712798745 0.0007535270810787864
17.366666666666667 0.28520262308368394 0.0007521950436784053
17.4 0.2725656243173779 0.0007493852081157382
17.433333333333334 0.25328223470707284 0.0007386421335313087
17.466666666666665 0.22374410460031016 0.0007275426353734737
17.5 0.19300911061852344 0.000713254416942144
17.533333333333335 0.15504874443254038 0.0006931363126254086
17.566666666666666 0.11203856848804065 0.0006697663840654067
17.6 0.06459657148500839 0.0006432139194960107
17.633333333333333 0.01684164192768631 0.000614968046142847
17.666666666666668 -0.03275280091385405 0.0006227605046749615
17.7 -0.0798393771093854 0.0006502584444630505
17.733333333333334 -0.12611555442521832 0.0006755632112225574
17.766666666666666 -0.16764066921802873 0.0006961464483947744
17.8 -0.20765522804743078 0.0007153271890023016
17.833333333333332 -0.23877032213311394 0.0007310491592549817
17.866666666666667 -0.2643418411808326 0.0007415848611833642
17.9 -0.2836569891081088 0.0007490955740793726
17.933333333333334 -0.2959837198755013 0.0007544920376899023
17.966666666666665 -0.298577296023069 0.0007576024947090199
18.0 -0.29613969897366843 0.0007572678102487074
18.033333333333335 -0.28374865566143875 0.000751435556707758
18.066666666666666 -0.2635250352926452 0.0007422970436852805
18.1 -0.2367435684550759 0.0007307727071375059
18.133333333333333 -0.20410446267456278 0.000716201867526467
18.166666666666668 -0.1653574721755808 0.0006967550068014139
18.2 -0.1229560733207579 0.000675394406256774
18.233333333333334 -0.07720734898975293 0.0006496901154381118
18.266666666666666 -0.029447700985554028 0.0006226454171311992
18.3 0.0185395639948424 0.0006153505571370732
18.333333333333332 0.06673938635819199 0.0006427967162727227
18.366666666666667 0.11244899974297838 0.0006712700409124278
18.4 0.1550866183906447 0.0006904624200586851
18.433333333333334 0.19331869501445031 0.0007083380894758184
18.466666666666665 0.2262604814398533 0.0007246064057073176
18.5 0.25322432732913663 0.0007384487397882888
18.533333333333335 0.27173714239968416 0.000741579485371513
18.566666666666666 0.2836557717962646 0.0007499820226239406
18.6 0.2873979867437507 0.0007515040986967314
18.633333333333333 0.2840401018681293 0.000749882306320504
18.666666666666668 0.27273464627404065 0.0007464759201963322
18.7 0.25229865259139894 0.0007385176642840108
18.733333333333334 0.22869580646570573 0.0007275606144978575
18.766666666666666 0.19352340966177622 0.0007101770326854717
18.8 0.15630792991622208 0.000694689724457076
18.833333333333332 0.11541631561391176 0.0006739999524237594
18.866666666666667 0.06911741187539142 0.0006465152078674596
18.9 0.021967247090884892 0.0006183287659397296
18.933333333333334 -0.02699873473615109 0.0006229018848787141
18.966666666666665 -0.07237442019196638 0.000648662072517861
19.0 -0.11926748435737118 0.0006727260590368017
19.033333333333335 -0.16299969464859715 0.0006941871451486559
19.066666666666666 -0.1995072929876453 0.0007119943444797439
19.1 -0.23263785516793345 0.0007260640127185192
19.133333333333333 -0.258402105814627 0.0007371798184530598
19.166666666666668 -0.27972504817205185 0.0007468642183929841
19.2 -0.29246351860611336 0.0007521501061476532
19.233333333333334 -0.29690582574630164 0.0007551608514181907
19.266666666666666 -0.2946448801086285 0.0007543281796711931
19.3 -0.28228567996217 0.0007492976785109517
19.333333333333332 -0.26380529653441404 0.0007424356030433787
19.366666666666667 -0.23897844299478882 0.0007315796934762864
19.4 -0.20764527354652074 0.0007174765014910101
19.433333333333334 -0.16749047905951447 0.000697690727917949
19.466666666666665 -0.12620360902070646 0.0006775907478897003
19.5 -0.08173028155577 0.0006537266652751617
19.533333333333335 -0.03446581547579248 0.0006254899317288815
19.566666666666666 0.013902030190555987 0.0006130437507711473
19.6 0.06157078638338687 0.0006404952380133708
19.633333333333333 0.10467933372742516 0.0006658538236853501
19.666666666666668 0.14959400585292723 0.0006891521385828103
19.7 0.18767737180144412 0.0007053648243783295
19.733333333333334 0.22006520996481083 0.0007232973984175883
19.766666666666666 0.24717949111814333 0.0007329245026588271
19.8 0.26608949763392575 0.0007428933586022257
19.833333333333332 0.2800918544626659 0.0007508168306620822
19.866666666666667 0.2844141828998621 0.0007516108629542773
19.9 0.2820762293254327 0.0007496060507958813
19.933333333333334 0.27074247113326677 0.0007447425234350935
19.966666666666665 0.2535892569630719 0.0007376390850408754
20.0 0.22827673335908832 0.0007281789215789203
20.033333333333335 0.19627180887490817 0.000712449133322135
20.066666666666666 0.1584885982561328 0.0006944293777277899
20.1 0.11801398082072562 0.0006742217323601196
20.133333333333333 0.07421005972414807 0.000649447267340314
20.166666666666668 0.026443175608163446 0.0006215362047794805
20.2 -0.020896480035241142 0.0006176327719983679
20.233333333333334 -0.0692523387654427 0.0006465829757785896
20.266666666666666 -0.11436228914650269 0.0006714409527145693
20.3 -0.1557248259347864 0.0006928220615682046
20.333333333333332 -0.19444496669043698 0.0007101473245731682
20.366666666666667 -0.22839717686884756 0.0007262774168063646
20.4 -0.2555373849828494 0.0007366499786957692
20.433333333333334 -0.27520857813561467 0.0007478340035733666
20.466666666666665 -0.2883114184091471 0.0007517301072027527
20.5 -0.29561262876786376 0.0007545903984385594
20.533333333333335 -0.2914843742624409 0.0007523912862612558
20.566666666666666 -0.28197426968607314 0.0007490350111044597
20.6 -0.263038463502767 0.0007416224510184422
20.633333333333333 -0.24066371396711445 0.0007312161447521892
20.666666666666668 -0.20777702474914517 0.0007174350622140557
20.7 -0.17158703592031363 0.0007015071875444423
20.733333333333334 -0.12901068893173823 0.0006779072139104225
20.766666666666666 -0.0851049254861189 0.0006545786091724931
20.8 -0.03714813311730429 0.0006262030846202263
20.833333333333332 0.010922512315141023 0.0006111065973266865
20.866666666666667 0.05570873125439438 0.000638752092576883
20.9 0.10245838276245764 0.0006645995029583712
20.933333333333334 0.14462158955958918 0.0006850989685323883
20.966666666666665 0.182984923579269 0.0007045456282098461
21.0 0.21579586699097628 0.0007193493725264066
21.033333333333335 0.24309343874781042 0.0007314238751027768
21.066666666666666 0.26383234900840485 0.0007429355857689335
21.1 0.2769818127888608 0.0007484760811826141
21.133333333333333 0.2815476401285813 0.0007482182505426094
21.166666666666668 0.2800488713744187 0.0007491652187948672
21.2 0.27023796188056826 0.0007470793208379511
21.233333333333334 0.2522666643609236 0.0007386451390372084
21.266666666666666 0.22811109627687326 0.0007287349344182736
21.3 0.19858098731414475 0.0007118560361036308
21.333333333333332 0.16203260364541458 0.0006976715941905409
21.366666666666667 0.12178123140231871 0.0006756294195014168
21.4 0.07741023832037898 0.0006501468683140221
21.433333333333334 0.030203055032514605 0.0006222050179841426
21.466666666666665 -0.01587159568204361 0.0006151021484842624
21.5 -0.06439757883401658 0.0006424533588551551
21.533333333333335 -0.1103535230188703 0.0006665660951596653
21.566666666666666 -0.1517150473561699 0.0006887357985762843
21.6 -0.18945803313759887 0.0007067279962366113
21.633333333333333 -0.22330587102317617 0.0007226308040712281
21.666666666666668 -0.25046273013412995 0.000735456986552474
21.7 -0.2718637671548503 0.0007434662311737728
21.733333333333334 -0.28488539395046136 0.0007492813274889709
21.766666666666666 -0.29185388455267236 0.0007521417726382706
21.8 -0.2911665657294417 0.0007527829318547674
21.833333333333332 -0.28096706128285814 0.0007485909747346198
21.866666666666667 -0.26369512630240327 0.0007419460818400281
21.9 -0.240143573079986 0.00073201551277563
21.933333333333334 -0.21070877335133698 0.0007194240698000787
21.966666666666665 -0.17390209728550418 0.0007012933550243627
22.0 -0.1332559957874661 0.0006805755908237399
22.033333333333335 -0.0893379874160576 0.0006568441101010292
22.066666666666666 -0.04205189310018038 0.0006303553715658328
22.1 0.003717830058253979 0.0006070102303688514
22.133333333333333 0.05037003886212123 0.0006355464513694009
22.166666666666668 0.09603100763897132 0.0006605865302835995
22.2 0.13769602819201526 0.0006821051618295104
22.233333333333334 0.17758975953123848 0.000702050478735311
22.266666666666666 0.20946167028829624 0.0007165357558750751
22.3 0.2386232688676972 0.0007304740697321732
22.333333333333332 0.2579977141349134 0.0007384635701835895
22.366666666666667 0.2725132395622366 0.0007462766342264948
22.4 0.27811407967319596 0.0007486179923887337
22.433333333333334 0.27785415621223875 0.0007485616558190467
22.466666666666665 0.26751750695113136 0.0007452954939188849
22.5 0.2522209255556674 0.0007382267684981625
22.533333333333335 0.2299625248115692 0.0007285419712193264
22.566666666666666 0.20033818609140958 0.0007143702595341361
22.6 0.16495410604899366 0.0006962726063872438
22.633333333333333 0.12424858930668893 0.0006761306456241345
22.666666666666668 0.0814866443030355 0.0006539787657429408
22.7 0.036150709008813335 0.0006271853091181501
22.733333333333334 -0.011005985614378338 0.0006122752944242582
22.766666666666666 -0.05813041607432933 0.0006383454310493128
22.8 -0.10271957451730689 0.0006633010907340364
22.833333333333332 -0.14561741480464158 0.0006847790186058356
22.866666666666667 -0.18450252739054052 0.0007039012012444723
22.9 -0.21848354704884987 0.0007201571160794229
22.933333333333334 -0.24734714754188997 0.0007322932433611873
22.966666666666665 -0.2673297129506841 0.0007410147498024267
23.0 -0.2820652438747998 0.0007473462036695633
23.033333333333335 -0.28932661655258946 0.0007512868180598598
23.066666666666666 -0.28785920989116104 0.0007508155359318702
23.1 -0.280857443772355 0.0007489747393273904
23.133333333333333 -0.26400448105107693 0.00074304753284965
23.166666666666668 -0.24008769801031932 0.0007329625817958652
23.2 -0.21107733052936367 0.0007183185464182951
23.233333333333334 -0.1772771484917068 0.0007031595872980245
23.266666666666666 -0.13630377298544732 0.000682409661235478
23.3 -0.09320794383804736 0.0006591930566853671
23.333333333333332 -0.04876141930236382 0.0006348873208989331
23.366666666666667 -0.0001274406422638478 0.0006067238170604744
23.4 0.046150794568271744 0.0006329625261243671
23.433333333333334 0.09217321766848731 0.0006597932650535543
23.466666666666665 0.13447006016206475 0.0006795422269726958
23.5 0.17253725513434673 0.000698532173815769
23.533333333333335 0.2059251316207628 0.0007154838369244909
23.566666666666666 0.2332831034426817 0.0007268715503808698
23.6 0.25659775138288515 0.0007394456326357823
23.633333333333333 0.2695430359912042 0.000743870851836359
23.666666666666668 0.2763999725228504 0.0007464209862768079
23.7 0.2760966069763384 0.0007476367747009105
23.733333333333334 0.26785999850974174 0.000746153835272434
23.766666666666666 0.2532011877318914 0.0007377042225136798
23.8 0.22928982656393782 0.0007270069507860633
23.833333333333332 0.2006605481232858 0.0007159705307798747
23.866666666666667 0.16671523925118079 0.0007006723737741083
23.9 0.12660813665045245 0.0006791887064413193
23.933333333333334 0.0829109891704407 0.000653511755686384
23.966666666666665 0.03973158064191817 0.0006296215157485241
24.0 -0.006981325198201269 0.0006087761865938793
24.033333333333335 -0.05299300661384568 0.0006352619385602207
24.066666666666666 -0.09845306896227492 0.000660873551910246
24.1 -0.14153150782927068 0.0006830071993772224
24.133333333333333 -0.1799743953077361 0.0007016144654015677
24.166666666666668 -0.21351417826978303 0.0007172600235957893
24.2 -0.24266754104816127 0.0007313048474278383
24.233333333333334 -0.2639622206296193 0.0007406752678155715
24.266666666666666 -0.27869696472818917 0.0007478626685968326
24.3 -0.28707398689800095 0.0007515702393215418
24.333333333333332 -0.28648593547854134 0.0007518150177376892
24.366666666666667 -0.27789900482995966 0.000747944379353549
24.4 -0.26222474609969054 0.000741770658033658
24.433333333333334 -0.24006614687530775 0.0007324924092849405
24.466666666666665 -0.21152061449735543 0.0007198195448926692
24.5 -0.1788675322796515 0.0007042419201082062
24.533333333333335 -0.13907950242948944 0.0006847174154077929
24.566666666666666 -0.09564892230951373 0.0006612669822120693
24.6 -0.052090740885876334 0.0006355500508009801
24.633333333333333 -0.0047834429244021925 0.0006086685230270545
24.666666666666668 0.041573696684359764 0.0006290734784505439
24.7 0.08637955128293912 0.0006546416707518821
24.733333333333334 0.1281452102729053 0.0006779633091315573
24.766666666666666 0.1676130637035747 0.0006962251456120172
24.8 0.20152239950434736 0.0007132107881782368
24.833333333333332 0.22955308935404348 0.0007266039954311465
24.866666666666667 0.2515226288013414 0.0007343912672709285
24.9 0.2664170226742384 0.000740471822160027
24.933333333333334 0.2753410616858519 0.0007456159009591179
24.966666666666665 0.2746868173076536 0.0007464351900228205
25.0 0.2673349934967298 0.0007440530792413025
25.033333333333335 0.2521430273401074 0.0007404731422447908
25.066666666666666 0.23110683865835244 0.0007318729888635966
25.1 0.2025081531187945 0.0007151297568841197
25.133333333333333 0.17025182407729436 0.0006993939844814612
25.166666666666668 0.13002706125688746 0.0006794549230280389
25.2 0.08800563362652518 0.0006562707480444602
25.233333333333334 0.0445734184414322 0.000631886628089072
25.266666666666666 -0.00222125011986936 0.0006065489106880455
25.3 -0.04819006900958537 0.0006331720800540411
25.333333333333332 -0.09437595776233153 0.0006590903656597119
25.366666666666667 -0.13495629895570294 0.0006818019226270122
25.4 -0.1733974662998096 0.0006990868740952283
25.433333333333334 -0.20841547656858553 0.0007152210473305443
25.466666666666665 -0.23777380920763558 0.0007295791585150424
25.5 -0.25943930791483777 0.0007393021878054351
25.533333333333335 -0.2758730796302832 0.0007461663140077568
25.566666666666666 -0.2834518230027333 0.0007507483578720886
25.6 -0.2838372339700157 0.0007504100310972706
25.633333333333333 -0.27709108798259413 0.0007478715750827702
25.666666666666668 -0.26202077376703525 0.0007419441781059133
25.7 -0.2407248749350416 0.0007323794448556853
25.733333333333334 -0.21172028520912167 0.0007192921573875855
25.766666666666666 -0.17863009495276377 0.0007024955540619882
25.8 -0.13936811020599646 0.0006831346237865799
25.833333333333332 -0.09864762772930162 0.0006616105043746601
25.866666666666667 -0.05489278770205198 0.0006387431943794333
25.9 -0.009496244224712238 0.0006089039873114471
25.933333333333334 0.038719116149858575 0.0006254036536657709
25.966666666666665 0.08197653269582632 0.0006513880479231265
26.0 0.12392374272247662 0.0006745503151242976
26.033333333333335 0.16318818212201255 0.0006933548991535365
26.066666666666666 0.1963951282554278 0.0007101461691635114
26.1 0.22560816580043483 0.0007246190330064128
26.133333333333333 0.24485595671306515 0.0007328613682187068
26.166666666666668 0.2631731976541745 0.000741047733392064
26.2 0.27094291853175995 0.0007440063180163548
26.233333333333334 0.2723927108306143 0.0007461156548560499
26.266666666666666 0.2659911515577222 0.0007445384177369174
26.3 0.25126339971128575 0.000737658148358411
26.333333333333332 0.2280975957084819 0.0007253570729615078
26.366666666666667 0.2024813779658931 0.0007163310407881374
26.4 0.16871778884467326 0.0006995655632540676
26.433333333333334 0.1301195952572165 0.000681116827704803
26.466666666666665 0.0887814623958216 0.0006584742214013201
26.5 0.04666989004165908 0.0006327596830371929
26.533333333333335 -2.875641453602552e-05 0.0006066633709411455
26.566666666666666 -0.04580143049534663 0.0006320517445535592
26.6 -0.08904084720661053 0.0006557179716931427
26.633333333333333 -0.1293228843104746 0.0006772028017067999
26.666666666666668 -0.1689641737946011 0.0006971186908014404
26.7 -0.20421284268075288 0.0007135390528060226
26.733333333333334 -0.23388533497565708 0.0007265227296776866
26.766666666666666 -0.25646328172885374 0.0007384591561473974
26.8 -0.2721423257422324 0.0007450789755573672
26.833333333333332 -0.28126595996574444 0.0007486990216594158
26.866666666666667 -0.2811910402005805 0.000748862404293893
26.9 -0.2744339584217288 0.000748348247528341
26.933333333333334 -0.26052032634212235 0.0007404332394360114
26.966666666666665 -0.2403949958657546 0.0007317828848503738
27.0 -0.21348729867746757 0.0007197068525921502
27.033333333333335 -0.18132382488572185 0.0007060489461876429
27.066666666666666 -0.14230362432031918 0.0006851318450784571
27.1 -0.10105046996715387 0.000662532468710092
27.133333333333333 -0.05703148999109286 0.0006386863317299901
27.166666666666668 -0.011999947685271782 0.0006117219628378953
27.2 0.03327106276104613 0.0006246029015801943
27.233333333333334 0.07788849690868452 0.0006517364149767335
27.266666666666666 0.11986313527294742 0.0006742254409291687
27.3 0.15995081301019354 0.000694107314575837
27.333333333333332 0.19279418470772283 0.000711052641753529
27.366666666666667 0.22194392728145146 0.0007215901422477633
27.4 0.24421630258363106 0.0007322080065168546
27.433333333333334 0.2607688558367571 0.0007395580036867466
27.466666666666665 0.26844051109440614 0.0007451534033486862
27.5 0.2698518713100336 0.0007453847121974833
27.533333333333335 0.2640268201700265 0.0007434457912460779
27.566666666666666 0.2500030502869555 0.0007381260908803089
27.6 0.23039922844972918 0.0007301543968979696
27.633333333333333 0.20217086899493575 0.0007165723975480487
27.666666666666668 0.17114555143547874 0.0007011335614819647
27.7 0.13646530076418525 0.000683383349288802
27.733333333333334 0.0922693436367 0.0006611104909606813
27.766666666666666 0.049174347043470366 0.0006337288977471683
27.8 0.004257536902626452 0.0006088892712108763
27.833333333333332 -0.04151504781548363 0.0006301316906720672
27.866666666666667 -0.08551840257459763 0.0006540375771956625
27.9 -0.12734195775646237 0.0006761590259408423
27.933333333333334 -0.1655514291262338 0.0006951325156415444
27.966666666666665 -0.20031865066600466 0.0007120259257647477
28.0 -0.23011417449133886 0.0007265586247319211
28.033333333333335 -0.25237885778431285 0.0007351440632056283
28.066666666666666 -0.26882583506407354 0.0007432385305266576
28.1 -0.27814785531083497 0.0007499455243322184
28.133333333333333 -0.2790623184720165 0.0007481044193722863
28.166666666666668 -0.27479083105274366 0.0007448907741754995
28.2 -0.2608334766782795 0.0007412577913081253
28.233333333333334 -0.24063799315303894 0.0007330299640029014
28.266666666666666 -0.21373892536231945 0.000720674992792214
28.3 -0.18226860886271476 0.0007053814889750598
28.333333333333332 -0.1460843569036928 0.0006874916943363785
28.366666666666667 -0.10592033698523985 0.0006668976277554167
28.4 -0.06144145385160093 0.000643115888252159
28.433333333333334 -0.016887191165067383 0.0006142110292227422
28.466666666666665 0.030150657109617902 0.0006269983968294618
28.5 0.07294975301600962 0.0006467233803292699
28.533333333333335 0.1150861186508263 0.0006728105548489682
28.566666666666666 0.15397728804078842 0.000690140065390421
28.6 0.18787657205698186 0.0007056060177844103
28.633333333333333 0.21826934746477364 0.0007206013124287647
28.666666666666668 0.24082077674498334 0.0007306506971999638
28.7 0.25693484181902243 0.000738489838221168
28.733333333333334 0.2667967282847832 0.0007425180808806053
28.766666666666666 0.26858202574432705 0.0007442213236584783
28.8 0.2630961097230976 0.0007415233054419157
28.833333333333332 0.24969786449562917 0.0007359103991293747
28.866666666666667 0.2319410306514808 0.0007296130762091402
28.9 0.20509224496033196 0.0007175359120057956
28.933333333333334 0.17383768608724118 0.000701695521462431
28.966666666666665 0.1371897684532832 0.0006830945540056976
29.0 0.09601636672724517 0.000660945056992851
29.033333333333335 0.05301731795209784 0.0006380437554286827
29.066666666666666 0.008539805675786744 0.0006100046856150846
29.1 -0.036932093822361664 0.0006265827700275076
29.133333333333333 -0.08101127569504607 0.0006515085651749852
29.166666666666668 -0.12358102605621027 0.0006742199737290039
29.2 -0.16324529178954797 0.0006937862798861161
29.233333333333334 -0.19664144753585747 0.000706944270688209
29.266666666666666 -0.22684767749991788 0.0007234398706012779
29.3 -0.24898978517740214 0.0007346964635044362
29.333333333333332 -0.2656951584407371 0.0007414850086648328
29.366666666666667 -0.2758398123222609 0.0007466728127083488
29.4 -0.2779396109977652 0.0007473109850131276
29.433333333333334 -0.27333335048571006 0.0007457354798957039
29.466666666666665 -0.26089138228845166 0.0007408094105361696
29.5 -0.24189395482644677 0.000732719485845218
29.533333333333335 -0.2152808611762017 0.0007204126802140276
29.566666666666666 -0.18440598653759277 0.0007065588317033689
29.6 -0.1480712386701986 0.0006903141985254158
29.633333333333333 -0.10733117614726735 0.0006676123694007441
29.666666666666668 -0.06546470093371452 0.0006436078878486462
29.7 -0.021582103816952664 0.0006202976465578443
29.733333333333334 0.025073007490935672 0.000620804236762057
29.766666666666666 0.06984259793569697 0.0006450312388440599
29.8 0.11318666163663443 0.000669484036898288
29.833333333333332 0.1509052218076662 0.0006881863447446845
29.866666666666667 0.1846720362481039 0.0007056992975541798
29.9 0.21328794564160758 0.0007194818130183966
29.933333333333334 0.23755134997561597 0.0007296036415234408
29.966666666666665 0.25494021574285775 0.000737076224127664
30.0 0.2642760761691429 0.0007413817345579554
30.033333333333335 0.26659703008889524 0.0007428019432276778
30.066666666666666 0.2613544215442431 0.0007404756361893972
30.1 0.25007043369138793 0.0007379180695159526
30.133333333333333 0.22970128972896425 0.000728745870006875
30.166666666666668 0.20491481781889953 0.0007166923373699285
30.2 0.173453824242799 0.0007014792666108771
30.233333333333334 0.13821540305472307 0.0006843371849801494
30.266666666666666 0.0975452516174152 0.0006615410200238037
30.3 0.055135126261795016 0.000637997623112202
30.333333333333332 0.009552003562396166 0.0006129288995996105
30.366666666666667 -0.03314663929121103 0.0006243960992403791
30.4 -0.07789365211540712 0.0006489918415379936
30.433333333333334 -0.12008220061204043 0.0006718008340635961
30.466666666666665 -0.15739121432203948 0.0006917801802474588
30.5 -0.1919997556693472 0.0007083690893032457
30.533333333333335 -0.22219235177331492 0.0007233599810143598
30.566666666666666 -0.24672399749031199 0.000733382121371029
30.6 -0.2636321342069066 0.0007411785275353022
30.633333333333333 -0.2734786556905617 0.0007451011381651163
30.666666666666668 -0.2770787691903222 0.0007461403807717537
30.7 -0.27212100480141044 0.000745515540367947
30.733333333333334 -0.2601059736769116 0.0007405113046478617
30.766666666666666 -0.24195694359142778 0.0007313163768789821
30.8 -0.21617711840730727 0.0007208395218497587
30.833333333333332 -0.18507383939567734 0.000707101852464892
30.866666666666667 -0.1491629328690266 0.000689795267924842
30.9 -0.10989034131330926 0.0006676492577535331
30.933333333333334 -0.06789682264019754 0.0006450097942425348
30.966666666666665 -0.02361607683894623 0.0006197968825027364
31.0 0.021940046191090766 0.0006177664532348824
31.033333333333335 0.06605870033729311 0.0006438387608682511
31.066666666666666 0.10718212209671314 0.0006657579118673623
31.1 0.14556361018622999 0.0006860203767126705
31.133333333333333 0.18011322760355994 0.000702291445909442
31.166666666666668 0.21006414122368622 0.0007165504654768617
31.2 0.23269922097056772 0.0007282244655520131
31.233333333333334 0.25031575244684284 0.0007366047616707005
31.266666666666666 0.2598711082144455 0.0007406414545075846
31.3 0.26390755148772493 0.0007426017925182271
31.333333333333332 0.25935227124079047 0.0007417134453986951
31.366666666666667 0.24937338386888203 0.0007378606075766903
31.4 0.23150953842170124 0.0007300574868646381
31.433333333333334 0.20210566386891207 0.0007172101468835568
31.466666666666665 0.1750670152339301 0.0007027955795434748
31.5 0.1379780074464505 0.0006849046431271211
31.533333333333335 0.10012982657875735 0.0006633272045026423
31.566666666666666 0.05729940463012561 0.0006395468350094899
31.6 0.015256678881668996 0.0006159979563657141
31.633333333333333 -0.02964873223933185 0.0006222517643345304
31.666666666666668 -0.07272970516925413 0.0006468146545087067
31.7 -0.11637912699949499 0.0006700405956702044
31.733333333333334 -0.15406619114984807 0.0006897776949853496
31.766666666666666 -0.1897417106037393 0.0007072277153171991
31.8 -0.22143428007875712 0.0007242672811651474
31.833333333333332 -0.24273925803292395 0.0007313659373914538
31.866666666666667 -0.2603084775168551 0.0007396156074729321
31.9 -0.27042654310691877 0.0007436787684297896
31.933333333333334 -0.2744383831092725 0.0007462553346174738
31.966666666666665 -0.27020450577544025 0.0007448216703476729
32.0 -0.258904626706175 0.0007398892211104013
32.03333333333333 -0.24050956242905278 0.0007321807025140181
32.06666666666667 -0.21600231024269104 0.0007208781763935745
32.1 -0.18571451879361417 0.000706768848226319
32.13333333333333 -0.15151363940545023 0.0006890767743779891
32.166666666666664 -0.11246147859296667 0.0006694007814031788
32.2 -0.07014003798182826 0.0006467368658642919
32.233333333333334 -0.02489293286746464 0.0006213544040204327
32.266666666666666 0.018055575864282362 0.0006168031684297311
32.3 0.05911530623539001 0.0006405423922079476
32.333333333333336 0.10477271039756651 0.0006651813368487719
32.36666666666667 0.14231146355839905 0.0006834434010482004
32.4 0.1764038485584132 0.0007015189389008303
32.43333333333333 0.20635207126694285 0.0007150289562228851
32.46666666666667 0.23078758953079767 0.0007276486863505294
32.5 0.24688889449366386 0.0007330250574833497
32.53333333333333 0.25889295153356007 0.0007397958558499895
32.56666666666667 0.26137195172811034 0.0007424096000288039
32.6 0.2570130593563938 0.0007404510975870249
32.63333333333333 0.24663724745158755 0.0007349478388790076
32.666666666666664 0.22911708093444913 0.0007277423886464796
32.7 0.20418455148063874 0.0007152261564044027
32.733333333333334 0.17617751553073777 0.0007014836997121243
32.766666666666666 0.14056716713024495 0.000681170485727467
32.8 0.10156294710485318 0.0006660205722509444
32.833333333333336 0.06154616451824802 0.0006428245553352363
32.86666666666667 0.01726182117616911 0.0006153089119071628
32.9 -0.027234464157233594 0.0006202141644671769
32.93333333333333 -0.07160230286791097 0.0006469521275763307
32.96666666666667 -0.11122818428396442 0.0006672565765593885
33.0 -0.14978766218369646 0.0006876274225221801
33.03333333333333 -0.1856076105442927 0.000705017472893199
33.06666666666667 -0.2148530391012571 0.0007180556153579265
33.1 -0.2383458847945433 0.0007282759789085103
33.13333333333333 -0.25742466522371604 0.0007377090447917012
33.166666666666664 -0.26810431234065524 0.0007429787053936932
33.2 -0.2715263208324526 0.0007446300182659127
33.233333333333334 -0.26781900086154997 0.0007429943048911092
33.266666666666666 -0.2574218736714463 0.0007401216626041207
33.3 -0.24053908094444534 0.0007326963035650391
33.333333333333336 -0.21765805049511802 0.0007219602509666301
33.36666666666667 -0.18871567712399118 0.0007073936564472583
33.4 -0.15196515542796415 0.0006893342056794038
33.43333333333333 -0.11255791603581075 0.0006701554868860649
33.46666666666667 -0.07199282101091267 0.0006466230915491283
33.5 -0.02862885710992087 0.000621868331882651
33.53333333333333 0.014100780454399877 0.0006126053241814807
33.56666666666667 0.058887635137201126 0.0006390965198837112
33.6 0.09938623022024727 0.00066104028177906
33.63333333333333 0.13827316729466765 0.0006823962217806789
33.666666666666664 0.17358710958762377 0.0006994458714364715
33.7 0.20310352339791243 0.0007136409714477154
33.733333333333334 0.22727437799334183 0.0007257592173856575
33.766666666666666 0.24382683904745642 0.0007321618582927514
33.8 0.2543349222732072 0.000738128200044097
33.833333333333336 0.25938284532605904 0.0007395267301269492
33.86666666666667 0.2569081171836912 0.0007414264956343564
33.9 0.2466654878915515 0.0007366718858896892
33.93333333333333 0.22962381478789964 0.0007285082651831698
33.96666666666667 0.2053226087211078 0.0007187124982357684
34.0 0.17691276153061258 0.0007043300552573295
34.03333333333333 0.14294083290469992 0.0006864955974671405
34.06666666666667 0.1052574245065591 0.0006649728984289699
34.1 0.061634112614408015 0.0006404035627828389
34.13333333333333 0.018914473716172067 0.0006168778527676916
34.166666666666664 -0.023783232910004178 0.0006193928652375238
34.2 -0.06657728953122381 0.0006424780541514769
34.233333333333334 -0.10798776786635536 0.0006658373443697574
34.266666666666666 -0.14501854249283203 0.0006844149196922888
34.3 -0.1798705628503569 0.0007020121708406213
34.333333333333336 -0.21028037246172057 0.0007171344318123718
34.36666666666667 -0.23529167442215837 0.000728389712215255
34.4 -0.25488609483835645 0.0007375915493666452
34.43333333333333 -0.2656517297822329 0.0007422922489566663
34.46666666666667 -0.270196162429261 0.0007446383166697657
34.5 -0.26764838497678967 0.0007446096972769101
34.53333333333333 -0.2575555849898894 0.0007396846241697341
34.56666666666667 -0.24035464050809843 0.0007320478000384656
34.6 -0.21660715561843297 0.0007213978249091813
34.63333333333333 -0.188000358166203 0.0007086866029575589
34.666666666666664 -0.15498597399264488 0.0006927926426489595
34.7 -0.11671684231591341 0.0006725740581466771
34.733333333333334 -0.07493991616633812 0.0006490232372389354
34.766666666666666 -0.03038850780687509 0.0006229588001194566
34.8 0.01192634725513717 0.0006122656135630067
34.833333333333336 0.055359746345737065 0.0006373423750270987
34.86666666666667 0.09571516806042696 0.0006606701884781796
34.9 0.13450934696137476 0.0006792008389006343
34.93333333333333 0.16817228033668907 0.0006965761151179473
34.96666666666667 0.20000437440131844 0.0007122829348027715
35.0 0.2233922520558264 0.0007229405470052241
35.03333333333333 0.24435242485379186 0.0007342019813712519
35.06666666666667 0.25355367135790285 0.0007383121745301313
35.1 0.2574105053752113 0.0007399173007578419
35.13333333333333 0.2557863181004801 0.0007392848250745709
35.166666666666664 0.24549233579475965 0.0007347374553084707
35.2 0.22891083932542647 0.0007282382118047326
35.233333333333334 0.20647473000368924 0.0007197690023191539
35.266666666666666 0.1756708047852435 0.0007007749848432498
35.3 0.1429337010716303 0.0006883410149237934
35.333333333333336 0.10728716242677318 0.0006685507110324174
35.36666666666667 0.06697447516398265 0.0006448003695470883
35.4 0.022395694855228958 0.0006186173570406142
35.43333333333333 -0.02056545524150868 0.0006168032960314311
35.46666666666667 -0.06526297858728007 0.0006421998778400467
35.5 -0.10549747463558654 0.0006651714217625476
35.53333333333333 -0.1431192996103442 0.0006842953484604841
35.56666666666667 -0.17794358935490462 0.0007013130605027507
35.6 -0.20961621902264063 0.0007149879818889593
35.63333333333333 -0.23265447129577912 0.0007276603785095759
35.666666666666664 -0.25164078070773316 0.000735849462403626
35.7 -0.26238077717337654 0.0007410099132055814
35.733333333333334 -0.2680295016654391 0.0007432182537307486
35.766666666666666 -0.26491378558835926 0.0007426996603044356
35.8 -0.25553879023726556 0.0007377085198664868
35.833333333333336 -0.23922230996471686 0.0007319469596885619
35.86666666666667 -0.2164115496350395 0.0007211114323028289
35.9 -0.18868330125348576 0.0007073602719799565
35.93333333333333 -0.1544831747671546 0.0006922045154322543
35.96666666666667 -0.11649326669184693 0.0006728870032535056
36.0 -0.0764678809688429 0.0006501888769300662
36.03333333333333 -0.03501779314702447 0.0006266717878690431
36.06666666666667 0.010084496442345946 0.0006105703639675275
36.1 0.053581172875267334 0.0006356374178271632
36.13333333333333 0.09243010872143363 0.0006582981589984271
36.166666666666664 0.13019451166468857 0.0006791076238240601
36.2 0.16673586206479696 0.0006959222896517625
36.233333333333334 0.19549797503349695 0.0007102056461730788
36.266666666666666 0.2182998555389369 0.0007238537891319785
36.3 0.23747872851412272 0.0007306604751997348
36.333333333333336 0.2495496926680536 0.0007348235255408286
36.36666666666667 0.25402323500224705 0.0007369106322134833
36.4 0.2538205288714241 0.0007383908644019166
36.43333333333333 0.24373906828507017 0.0007374542258114236
36.46666666666667 0.22638741924401024 0.0007283625610380595
36.5 0.20568499145612074 0.0007192039187782773
36.53333333333333 0.17660476089284458 0.0007039714859819746
36.56666666666667 0.14381920074442747 0.0006874245401872481
36.6 0.1058102106480946 0.0006679637583239528
36.63333333333333 0.06752590124109574 0.0006455466283025874
36.666666666666664 0.025586643531138344 0.0006205071231406636
36.7 -0.017214008210464718 0.0006158782538632189
36.733333333333334 -0.060074240279434 0.0006395587640711103
36.766666666666666 -0.10155977950065131 0.0006621590331427063
36.8 -0.14060468091921882 0.0006823166880035869
36.833333333333336 -0.1744701491459643 0.00069959489136176
36.86666666666667 -0.2056306307392606 0.000714869363956705
36.9 -0.23102028256472215 0.0007268037354112855
36.93333333333333 -0.24855868273916423 0.0007344007225540683
36.96666666666667 -0.2597201333454589 0.0007386983037674377
37.0 -0.2649592038191417 0.0007419122667522982
37.03333333333333 -0.26311094661976003 0.0007410371220797352
37.06666666666667 -0.2541294175377113 0.0007374625641117238
37.1 -0.23843701010817903 0.000730607377480319
37.13333333333333 -0.21644026669117558 0.0007218939818151582
37.166666666666664 -0.18868437596254875 0.0007083457916542135
37.2 -0.15536921041574994 0.0006920083166560842
37.233333333333334 -0.11872201933522086 0.0006730726300512163
37.266666666666666 -0.08070640163066359 0.0006529138793894551
37.3 -0.03742474345451908 0.000627740466910838
37.333333333333336 0.007658171416493603 0.000609855412671916
37.36666666666667 0.04691712278679179 0.0006325925825674608
37.4 0.08966322512459668 0.0006563081092196832
37.43333333333333 0.1291588655043129 0.000678997780193813
37.46666666666667 0.16365582189411104 0.0006949544393984042
37.5 0.19263621053002503 0.000708471942647726
37.53333333333333 0.21808942437509946 0.0007204747742211859
37.56666666666667 0.2345830571902575 0.0007282149197714027
37.6 0.24826466963135976 0.0007347851236799707
37.63333333333333 0.2525919058212053 0.0007380425550832515
37.666666666666664 0.25183774222407934 0.0007383129051539705
37.7 0.24158978040840426 0.0007341820208681404
37.733333333333334 0.22681500278990652 0.0007270409133458278
37.766666666666666 0.20585186879331985 0.0007169260159489987
37.8 0.1787043146504937 0.0007034370721956673
37.833333333333336 0.1465545831182499 0.0006881258410194602
37.86666666666667 0.10885884764161853 0.0006691985138491813
37.9 0.06922410430168469 0.0006456576868946462
37.93333333333333 0.028921910680188807 0.0006224579984818908
37.96666666666667 -0.014051397885326174 0.000614044065676363
38.0 -0.056653378343192284 0.0006387498402821157
38.03333333333333 -0.09846131708588353 0.0006594830121865181
38.06666666666667 -0.13683451766609703 0.0006812061236028677
38.1 -0.17254633895689309 0.0006983596832861594
38.13333333333333 -0.20181835182243596 0.000712466949478352
38.166666666666664 -0.22720425962276838 0.0007252036166298104
38.2 -0.24563021396131832 0.0007333095489560348
38.233333333333334 -0.2576804169170582 0.0007389633851154209
38.266666666666666 -0.2632519283418034 0.0007422030839820959
38.3 -0.2621458531232787 0.0007415200377761111
38.333333333333336 -0.2540808507872444 0.0007381140064696701
38.36666666666667 -0.23904216444706902 0.0007312034450690785
38.4 -0.21671616788280326 0.0007216111392767677
38.43333333333333 -0.18919209857954178 0.0007086979146619099
38.46666666666667 -0.1577580939619014 0.0006937468216677845
38.5 -0.12043303079458305 0.0006739256293680773
38.53333333333333 -0.080278635105315 0.0006527210920069804
38.56666666666667 -0.03713341407600218 0.0006270764221260813
38.6 0.0033200628051420797 0.0006064261470144342
38.63333333333333 0.045680787092334696 0.0006315423237156642
38.666666666666664 0.08704599243642662 0.0006541087790861433
38.7 0.12370325518962627 0.0006737760934812376
38.733333333333334 0.15799736233552708 0.0006929558694006854
38.766666666666666 0.18864034330917862 0.0007068207660233528
38.8 0.21440719877255637 0.0007190395087778023
38.833333333333336 0.23399483721270442 0.0007302932587755773
38.86666666666667 0.2451706342850925 0.0007349159160673358
38.9 0.25075443913743994 0.0007366771455331045
38.93333333333333 0.250382676255618 0.0007365691370869731
38.96666666666667 0.24294608324732744 0.0007339750963314129
39.0 0.22636794833012674 0.0007285150847529398
39.03333333333333 0.2062368241713731 0.0007186870994671246
39.06666666666667 0.17844917693016313 0.0007044292390344653
39.1 0.14687151309154056 0.0006906430692804888
39.13333333333333 0.1101817235171818 0.000671621741710135
39.166666666666664 0.0707442616759707 0.0006481165361570534
39.2 0.02911635620955054 0.0006224059027082098
39.233333333333334 -0.012120840512801158 0.0006117173985552803
39.266666666666666 -0.0538077368125424 0.0006358854509753362
39.3 -0.0945492339961994 0.0006592724571715114
39.333333333333336 -0.1332006177909799 0.0006780247595504774
39.36666666666667 -0.16723637605497066 0.0006960202044946628
39.4 -0.19762064943274868 0.0007113883562358259
39.43333333333333 -0.22372248823829582 0.0007227961512542846
39.46666666666667 -0.24254365997829452 0.000733572935409682
39.5 -0.2552879705082762 0.0007379241687524019
39.53333333333333 -0.261115233987863 0.0007404909051015318
39.56666666666667 -0.2597997175347284 0.0007408611547007338
39.6 -0.25174098659780847 0.0007373319570208592
39.63333333333333 -0.23623864044101028 0.000730675740276604
39.666666666666664 -0.2153849435092 0.0007206209463454238
39.7 -0.18913517883442563 0.0007077664531569827
39.733333333333334 -0.15884663730750373 0.0006933954290308519
39.766666666666666 -0.12169143342876039 0.0006735703905965673
39.8 -0.08099863308333813 0.0006526080471969259
39.833333333333336 -0.04157222831318915 0.0006302340263948797
39.86666666666667 0.001197666892833154 0.0006055301990674439
39.9 0.04136866826147532 0.000630058799438997
39.93333333333333 0.08308481399152627 0.0006540605702661101
39.96666666666667 0.12067412739023702 0.0006719891781036685
40.0 0.15521704853304946 0.0006904910293478173
40.03333333333333 0.18659770707712048 0.0007055406604932479
40.06666666666667 0.2109974556082645 0.0007185835580093558
40.1 0.22997962121845153 0.0007270372553593862
40.13333333333333 0.2423874352522441 0.0007329879229248659
40.166666666666664 0.24838791815311584 0.000735334507356078
40.2 0.24839073617720436 0.0007356201797093509
40.233333333333334 0.24073556655792377 0.0007328371590794858
40.266666666666666 0.22732301150443954 0.0007279637485575752
40.3 0.2057138604977814 0.0007165108993506808
40.333333333333336 0.17907562698264703 0.0007039223533257533
40.36666666666667 0.1478880988460206 0.0006885088088628977
40.4 0.11112205094518493 0.0006693200115327341
40.43333333333333 0.071224922475742 0.000647131041592322
40.46666666666667 0.030839731867305677 0.0006238040413343825
40.5 -0.011741942465743404 0.0006134568988837279
40.53333333333333 -0.05206005600512632 0.0006356976942438267
40.56666666666667 -0.09322709176896919 0.0006579136071535596
40.6 -0.13051447868739463 0.000677818273208175
40.63333333333333 -0.16538580773758566 0.0006957648439005482
40.666666666666664 -0.19579950278959624 0.0007106165768098471
40.7 -0.22061303181542036 0.0007240080039948582
40.733333333333334 -0.24030851233201697 0.000730979072002369
40.766666666666666 -0.25310621796695837 0.0007361217182724755
40.8 -0.2603554379282678 0.0007399440501035248
40.833333333333336 -0.25948554853571737 0.0007399600521020844
40.86666666666667 -0.2517744336551352 0.0007386062246718117
40.9 -0.23711143686190359 0.0007318040119774771
40.93333333333333 -0.21657132159216008 0.0007222093385318151
40.96666666666667 -0.18999065496837236 0.000708971891573762
41.0 -0.1586076217678794 0.0006935243906969757
41.03333333333333 -0.12193088397233082 0.0006751605048296722
41.06666666666667 -0.08399260046769808 0.0006533479508825518
41.1 -0.04262626805637381 0.0006333631008452259
41.13333333333333 -0.001423151074458825 0.0006082143336405706
41.166666666666664 0.04249021812298913 0.0006299553889326237
41.2 0.08182879484453227 0.0006510984554207733
41.233333333333334 0.11939756947209774 0.0006731287746739173
41.266666666666666 0.15365381477701076 0.0006899468624183558
41.3 0.18437476838403785 0.000704923303376459
41.333333333333336 0.20802173909533045 0.0007171945946310709
41.36666666666667 0.22691683161196594 0.0007257474976189726
41.4 0.2423311862646154 0.0007360382904707252
41.43333333333333 0.24655962665276004 0.0007353753061772605
41.46666666666667 0.24652660703833745 0.0007351653274937364
41.5 0.2376304934726611 0.0007318791682452974
41.53333333333333 0.22471247360338148 0.0007262280580632718
41.56666666666667 0.20458715594736906 0.0007171899955202565
41.6 0.17817941778501664 0.0007049852097112674
41.63333333333333 0.14752279074910857 0.0006871504763679703
41.666666666666664 0.11138206276906225 0.0006703598337420846
41.7 0.0735047030201469 0.0006485316485525805
41.733333333333334 0.0330005127824803 0.000625779525627701
41.766666666666666 -0.00793927344271224 0.0006098944221411464
41.8 -0.05090005966343375 0.0006360058678177086
41.833333333333336 -0.0899286534076253 0.0006560631857332883
41.86666666666667 -0.12900233819091622 0.000676672426152658
41.9 -0.16315551921256075 0.000695116348419067
41.93333333333333 -0.19180161695895773 0.0007079276968907644
41.96666666666667 -0.2180071254302905 0.0007196233013886111
42.0 -0.23624306017428626 0.0007298701626926585
