0.0 -0.5541307794395339 0.0008289707838581295
0.03333333333333333 -0.48414621632122967 0.0008135688528814744
0.06666666666666667 -0.403384290104225 0.0007910314179204736
0.1 -0.3124705570556232 0.0007599432443605725
0.13333333333333333 -0.21227716881865583 0.0007161798019966747
0.16666666666666666 -0.10664609636070557 0.0006646386633841483
0.2 0.0012803596064588866 0.0006046182846321942
0.23333333333333334 0.10826370735350721 0.000665064340858279
0.26666666666666666 0.21316407213908437 0.0007181606328843793
0.3 0.3088902979896084 0.0007564729085569044
0.3333333333333333 0.39951977741701505 0.0007887187673763507
0.36666666666666664 0.4755822764966814 0.0008109265436691548
0.4 0.5403157948398696 0.0008259933921213047
0.43333333333333335 0.5923029062110688 0.0008357367069483645
0.4666666666666667 0.6280505881964235 0.0008445903697994472
0.5 0.646897676730145 0.0008443040689257719
0.5333333333333333 0.6497288965518747 0.000846084970436034
0.5666666666666667 0.6358982615621441 0.0008452485999070891
0.6 0.6058472291549419 0.0008411851784525526
0.6333333333333333 0.5585815714092446 0.000833027749645443
0.6666666666666666 0.49691288483056967 0.0008193371248529924
0.7 0.42136160423314845 0.0008008690065385293
0.7333333333333333 0.3308946270884696 0.0007696269774937758
0.7666666666666667 0.23675602782170785 0.0007320676127398618
0.8 0.13083920080083933 0.000674912831043345
0.8333333333333334 0.029220122894385202 0.0006201854763049561
0.8666666666666667 -0.07841108149031767 0.0006493323771597642
0.9 -0.1824269108167026 0.0007000445061489391
0.9333333333333333 -0.2826558588009706 0.0007471281195616242
0.9666666666666667 -0.3757914405902791 0.0007788721564296885
1.0 -0.4576106156373885 0.0008041543101044435
1.0333333333333334 -0.5278364461617471 0.0008215236413856575
1.0666666666666667 -0.5853429983890873 0.0008332553063299386
1.1 -0.6280525899293685 0.0008397199011445089
1.1333333333333333 -0.6558138044122811 0.000843764502237998
1.1666666666666667 -0.6665461511310804 0.0008460516097681392
1.2 -0.6611052904187535 0.0008452467050976686
1.2333333333333334 -0.6388437016398374 0.0008435713291288227
1.2666666666666666 -0.5982701196292473 0.0008372705284749316
1.3 -0.5429364954511585 0.00082814625178107
1.3333333333333333 -0.47546109227607564 0.0008127506532580875
1.3666666666666667 -0.39331019236461107 0.0007898400739972389
1.4 -0.303172322524207 0.0007570234246951357
1.4333333333333333 -0.2049824821826199 0.0007141773114299754
1.4666666666666666 -0.09680401207475563 0.0006595665483547924
1.5 0.007170417620133795 0.0006079454876270632
1.5333333333333334 0.10870339437610767 0.0006651140483388274
1.5666666666666667 0.21383818900120236 0.0007190957185788938
1.6 0.3117918401193364 0.0007605659492458949
1.6333333333333333 0.39748939174491 0.0007888738400191886
1.6666666666666667 0.47263621415707385 0.0008110783195079407
1.7 0.537315620129594 0.0008258957555634661
1.7333333333333334 0.5868198111912006 0.000835498439537008
1.7666666666666666 0.6204628009356465 0.0008416320634722085
1.8 0.6389679615163929 0.0008446343770261988
1.8333333333333333 0.6404525567582168 0.0008450474040648803
1.8666666666666667 0.6253481986648697 0.0008440649166576719
1.9 0.5950092341526458 0.00084248732739578
1.9333333333333333 0.5448283418343107 0.00083162301977735
1.9666666666666666 0.48409090575422004 0.0008191704630818863
2.0 0.40826740766707903 0.0007941460618140495
2.033333333333333 0.32101947762067545 0.0007647437305931537
2.066666666666667 0.22546239254377037 0.0007251642373327927
2.1 0.12410054655296236 0.0006748390506404606
2.1333333333333333 0.02016991302409622 0.0006150889705404707
2.1666666666666665 -0.08482701827396968 0.0006512275436899306
2.2 -0.1883164281725428 0.0007041588314750102
2.2333333333333334 -0.2848503686061384 0.0007472976239437656
2.2666666666666666 -0.3765614448037863 0.0007798018658974892
2.3 -0.4563116593028313 0.0008035904975671193
2.3333333333333335 -0.5249870640407841 0.0008208779968861268
2.3666666666666667 -0.582245095912266 0.0008325318882267396
2.4 -0.622548341878442 0.000839157117726308
2.433333333333333 -0.6487521266353424 0.0008420063895450136
2.466666666666667 -0.65803345182999 0.0008460843433520937
2.5 -0.6510714420931446 0.0008436079927204299
2.533333333333333 -0.6274785860772141 0.000840954290048157
2.566666666666667 -0.5870186233065761 0.0008374416118429595
2.6 -0.5313458288468301 0.0008281326357441054
2.6333333333333333 -0.463501946824101 0.0008113401324389424
2.6666666666666665 -0.3804867199563548 0.0007850241191747487
2.7 -0.2912339003791032 0.0007515875979764441
2.7333333333333334 -0.1933605645694542 0.0007079300669276256
2.7666666666666666 -0.08915290819385854 0.0006559117676996629
2.8 0.014630956250637622 0.0006124773444948339
2.8333333333333335 0.11604912698678989 0.0006691277077123942
2.8666666666666667 0.21749207915400817 0.0007193902695182275
2.9 0.3135749691073349 0.0007564839615997188
2.933333333333333 0.40059476804014404 0.0007879150290656112
2.966666666666667 0.47391988670862717 0.0008110285411938034
3.0 0.5351095696791262 0.0008248746603656265
3.033333333333333 0.5812959878819802 0.0008355017722772029
3.066666666666667 0.6143225422416805 0.0008405166283375065
3.1 0.6306254085569092 0.0008444467135761968
3.1333333333333333 0.6312194187929542 0.0008445741183797928
3.1666666666666665 0.6152926465896927 0.0008434963562601316
3.2 0.5823604928935895 0.0008378572056562117
3.2333333333333334 0.5344413645903815 0.0008285335163296104
3.2666666666666666 0.47116355793490267 0.0008153286674211779
3.3 0.39747381911390306 0.0007906962905106507
3.3333333333333335 0.309639986540379 0.0007613802637957967
3.3666666666666667 0.21472581582916422 0.0007201407808379579
3.4 0.11339497545110004 0.0006692167043181457
3.433333333333333 0.01026547774274042 0.0006108811317287778
3.466666666666667 -0.093875867751151 0.0006572280263123509
3.5 -0.19382517130260304 0.0007070607913318427
3.533333333333333 -0.2909284669546232 0.0007483230441464039
3.566666666666667 -0.3792313095195068 0.0007809889564878159
3.6 -0.45860280021874705 0.0008048059143735409
3.6333333333333333 -0.5254751910517301 0.0008202874443123953
3.6666666666666665 -0.5792204242111321 0.0008320347016497198
3.7 -0.6175687271244571 0.0008385450612161671
3.7333333333333334 -0.6417269742382634 0.0008437134658846324
3.7666666666666666 -0.6493536913608424 0.0008447917917837611
3.8 -0.64090955461237 0.0008425085085782547
3.8333333333333335 -0.6162893323411339 0.0008394296799166812
3.8666666666666667 -0.5754905415009687 0.000834129195010691
3.9 -0.5194671190362139 0.0008223920058108014
3.933333333333333 -0.4474956977739995 0.000804977610418256
3.966666666666667 -0.36553815930309574 0.0007778426554355122
4.0 -0.275651549898164 0.0007444652394976159
4.033333333333333 -0.17889816539648026 0.000701471262416542
4.066666666666666 -0.07549332566668397 0.000648523830179687
4.1 0.025841530929897487 0.0006186701133206844
4.133333333333334 0.12867551691252063 0.0006752989062998593
4.166666666666667 0.22507196793435016 0.0007229462977694778
4.2 0.3196731108016412 0.0007625161653126988
4.233333333333333 0.4007393468044767 0.0007898920171181545
4.266666666666667 0.47485514486965846 0.0008113216892021158
4.3 0.5332981809261135 0.0008253251093296443
4.333333333333333 0.5783495579418018 0.0008348230053670802
4.366666666666666 0.6089818303479694 0.000838019035940718
4.4 0.6229992160439818 0.0008418710505563309
4.433333333333334 0.6220553303830894 0.0008429639530839195
4.466666666666667 0.6033486290037732 0.0008396171463834756
4.5 0.5700204832869169 0.0008337927302660697
4.533333333333333 0.5220087653889167 0.000826593714986612
4.566666666666666 0.4552256011489168 0.0008099101005216713
4.6 0.37903933430436004 0.0007874632619982447
4.633333333333334 0.29493030525917613 0.0007553488530610553
4.666666666666667 0.2012399331766287 0.0007135027821412454
4.7 0.09518523075900538 0.0006600781234648717
4.733333333333333 -0.0038509641289247833 0.0006097626649257133
4.766666666666667 -0.10592333925450709 0.0006650566653898238
4.8 -0.20548559834302008 0.0007129902755303175
4.833333333333333 -0.2996423949086333 0.0007514646334767505
4.866666666666666 -0.3831741815236563 0.0007829378861196057
4.9 -0.46122525669234116 0.0008046840516204856
4.933333333333334 -0.525653077118615 0.0008217581908154248
4.966666666666667 -0.5774914893170423 0.0008325077547136628
5.0 -0.6140329059469408 0.0008373438955238122
5.033333333333333 -0.6348645460686334 0.0008410220183181494
5.066666666666666 -0.640631561073207 0.0008420423333818094
5.1 -0.6300223251282472 0.0008411793981460969
5.133333333333334 -0.603895517023181 0.0008383344191825737
5.166666666666667 -0.5609471122698187 0.0008311132179654734
5.2 -0.5050067835385826 0.0008195505942651948
5.233333333333333 -0.433487496243868 0.000799926099656123
5.266666666666667 -0.3515696178678326 0.0007744914486846888
5.3 -0.2605358915472701 0.0007387280844262656
5.333333333333333 -0.16344078550465715 0.000695195411819366
5.366666666666666 -0.06318288821143171 0.0006401975199864796
5.4 0.03966475486343005 0.0006268951682333046
5.433333333333334 0.14201238246488762 0.0006836476366738342
5.466666666666667 0.2374704141349919 0.0007252715593421277
5.5 0.32520232122884885 0.0007647192250481716
5.533333333333333 0.40494665112465833 0.0007921904669448421
5.566666666666666 0.4768955392905715 0.0008134303514891195
5.6 0.5345149908388925 0.0008262648998820232
5.633333333333334 0.5757906513621763 0.0008343088763475004
5.666666666666667 0.6033242837999101 0.0008384104706683493
5.7 0.6149042232142691 0.000841073334695408
5.733333333333333 0.6114117269099673 0.0008416930221348817
5.766666666666667 0.5914125774240528 0.0008382660907915174
5.8 0.556595925152404 0.0008334128272425856
5.833333333333333 0.503958345943691 0.0008241249646157023
5.866666666666666 0.4391292281429674 0.0008051887124604917
5.9 0.3634314912061706 0.0007815717686814327
5.933333333333334 0.2753064903399157 0.0007482260069527902
5.966666666666667 0.17951604781012578 0.0007024299531970812
6.0 0.08060331140510346 0.0006520228888521745
6.033333333333333 -0.018258449912396408 0.0006147561773916163
6.066666666666666 -0.1174179171230088 0.0006687830214843343
6.1 -0.21524608837386675 0.0007143509290244154
6.133333333333334 -0.3068197304327757 0.0007524413405880503
6.166666666666667 -0.39066406367311235 0.0007840947755046734
6.2 -0.4646088339619092 0.0008062425188589128
6.233333333333333 -0.5268582710800117 0.0008228879653567889
6.266666666666667 -0.5770258586814426 0.00083229139767238
6.3 -0.6103284920172695 0.0008372811296564198
6.333333333333333 -0.6292311856851778 0.0008425370703777357
6.366666666666666 -0.6320765410868279 0.000842260543423845
6.4 -0.6185789005699808 0.0008395362126081274
6.433333333333334 -0.5885294483892388 0.00083434466896537
6.466666666666667 -0.5458471311964768 0.0008281646366673501
6.5 -0.4862243135596469 0.0008137101526086155
6.533333333333333 -0.4167871894917082 0.0007969100526378781
6.566666666666666 -0.333470369523969 0.000766639520478618
6.6 -0.24161195646880768 0.0007311143779222262
6.633333333333334 -0.14604196864279642 0.0006853390295641915
6.666666666666667 -0.041709246359900747 0.000628873354518257
6.7 0.054033921154901444 0.0006357666897730194
6.733333333333333 0.1495655037806747 0.0006843815214959137
6.766666666666667 0.24788684209106454 0.0007321534706629662
6.8 0.33231670319824036 0.000769460300079905
6.833333333333333 0.411598883357044 0.0007943933681604509
6.866666666666666 0.479592900014184 0.0008108996673888424
6.9 0.5330981354845297 0.0008262214935609302
6.933333333333334 0.5735961049266373 0.0008360716457176398
6.966666666666667 0.5982695199666751 0.0008404794032803586
7.0 0.6066569155256621 0.0008389729838861326
7.033333333333333 0.6017361326266022 0.0008401682017233902
7.066666666666666 0.5789393317430729 0.0008379696594688069
7.1 0.5400458406629888 0.0008309181107325481
7.133333333333334 0.48873652934172096 0.0008180194705503796
7.166666666666667 0.4228403930081908 0.0008009565184882161
7.2 0.3439230828251019 0.000775136640515095
7.233333333333333 0.25853293709364367 0.0007400797719274155
7.266666666666667 0.1610218177281777 0.0006940352273006878
7.3 0.06520358941633259 0.0006426471798833544
7.333333333333333 -0.03398533444292792 0.0006243414794834812
7.366666666666666 -0.13560786701604519 0.000678667225338131
7.4 -0.23064904495731217 0.0007238005257692581
7.433333333333334 -0.31905486543675293 0.000761568373206345
7.466666666666667 -0.3997181272811871 0.0007886170966168171
7.5 -0.46922253280439447 0.0008104855124969612
7.533333333333333 -0.530559907098598 0.0008251311680504969
7.566666666666666 -0.5747366708632782 0.0008323325761078193
7.6 -0.6067080730933977 0.0008371030351483899
7.633333333333334 -0.6215918922822482 0.000841085175579348
7.666666666666667 -0.6222327491906647 0.0008410612005289586
7.7 -0.6069842947972816 0.0008393935343848913
7.733333333333333 -0.5735827725731667 0.0008348036162577621
7.766666666666667 -0.5301877296309049 0.0008267464421982673
7.8 -0.4679417032407248 0.0008114121540390706
7.833333333333333 -0.39623099478901486 0.0007878857882870349
7.866666666666666 -0.3128427547395098 0.0007603391639438017
7.9 -0.2223793715630597 0.0007211815145440892
7.933333333333334 -0.12365312132901998 0.0006739146917433964
7.966666666666667 -0.026792261039551884 0.0006221256297074054
8.0 0.07169418762972488 0.0006456913944833942
8.033333333333333 0.16949594749229188 0.0006982223538175014
8.066666666666666 0.2618433453554602 0.0007392937686243051
8.1 0.34654706221614384 0.0007722665683059793
8.133333333333333 0.42206786223194354 0.0008000317368642151
8.166666666666666 0.4843232865586484 0.0008180474637839996
8.2 0.533820614383394 0.0008272701713536446
8.233333333333333 0.5722082439501943 0.0008332512876149112
8.266666666666667 0.5943990411650082 0.0008398598754357778
8.3 0.600004549342019 0.000841078317199595
8.333333333333334 0.5894785007178648 0.000838165675130842
8.366666666666667 0.566087422821493 0.0008362542064747069
8.4 0.5252161199981922 0.0008265930055779691
8.433333333333334 0.4719766043784145 0.0008144763558904922
8.466666666666667 0.40258846110482704 0.0007934523485131906
8.5 0.32411566690683485 0.0007665626238992918
8.533333333333333 0.23655976443457588 0.0007307232979512912
8.566666666666666 0.1429679597064537 0.0006834078407817745
8.6 0.04235885564077043 0.0006290652602068958
8.633333333333333 -0.05376875214837637 0.0006363401326922313
8.666666666666666 -0.15359864241586516 0.0006892511332417806
8.7 -0.24593195825893083 0.000731337339319682
8.733333333333333 -0.33312166216842004 0.0007641060527989185
8.766666666666667 -0.4108962363917023 0.0007916775175296209
8.8 -0.47581113501666156 0.0008103486371746071
8.833333333333334 -0.531361899613441 0.0008232790054973904
8.866666666666667 -0.5746296077482144 0.0008309529650045722
8.9 -0.6031530110598547 0.0008364172762630462
8.933333333333334 -0.6161612995658737 0.0008390914607077082
8.966666666666667 -0.6125984890322513 0.0008389773860555394
9.0 -0.594180762800602 0.0008374392303410749
9.033333333333333 -0.5597518510639488 0.0008300895920796414
9.066666666666666 -0.5103919644805147 0.0008199990629420562
9.1 -0.4473605362708179 0.0008051095536242281
9.133333333333333 -0.3749536955907203 0.0007825112582974802
9.166666666666666 -0.29136993608486267 0.0007513500688692831
9.2 -0.1994823382087695 0.0007114205488968628
9.233333333333333 -0.10369358001909369 0.0006621155602850731
9.266666666666667 -0.004373339084088833 0.000606705610342752
9.3 0.0926219464751093 0.0006562136502796662
9.333333333333334 0.1872498308430909 0.0007053941237057104
9.366666666666667 0.2766877500552773 0.0007450252265753798
9.4 0.35590062338350104 0.0007763006017319496
9.433333333333334 0.43001261183674594 0.000798315928627169
9.466666666666667 0.4906502396861495 0.0008163631400917581
9.5 0.5365562725972883 0.0008258402316865254
9.533333333333333 0.570460643214422 0.0008332685347480773
9.566666666666666 0.5878574195967526 0.0008379566671408156
9.6 0.5902127684440516 0.000839596504192297
9.633333333333333 0.5774831071962168 0.0008359138322365789
9.666666666666666 0.5497665387169505 0.0008310656063815758
9.7 0.505272386792201 0.000824920129604334
9.733333333333333 0.4499897412685792 0.0008075131341772623
9.766666666666667 0.3797434986180969 0.0007862255027357712
9.8 0.3028713816081622 0.0007606249054396552
9.833333333333334 0.21297257085210938 0.0007210614344558275
9.866666666666667 0.12023922063096729 0.0006737916914545117
9.9 0.020801315112575797 0.0006179227905982951
9.933333333333334 -0.07551503215012823 0.0006473990793249423
9.966666666666667 -0.17160995390754197 0.0006966633670838218
10.0 -0.2636856905193373 0.0007382868109219176
10.033333333333333 -0.3468162598175677 0.0007698850508938704
10.066666666666666 -0.42131048822104433 0.0007951108921777084
10.1 -0.4871819416333741 0.0008117492624837852
10.133333333333333 -0.5374005968459015 0.0008244472615175358
10.166666666666666 -0.5752763677735452 0.0008321828635047268
10.2 -0.598829324896258 0.0008361555190342651
10.233333333333333 -0.6080977341641872 0.0008378315113298784
10.266666666666667 -0.6009153938133127 0.0008373679502632347
10.3 -0.5788552370142843 0.0008336653419406259
10.333333333333334 -0.5421384426624777 0.0008274503281914258
10.366666666666667 -0.4905438100775257 0.0008159375103813926
10.4 -0.42741327734959383 0.0007987317286983209
10.433333333333334 -0.35062463948045774 0.0007744254319675403
10.466666666666667 -0.2668034428994482 0.0007406737096620764
10.5 -0.17692177898176373 0.0007018115994228968
10.533333333333333 -0.08123754091914716 0.0006521456746363952
10.566666666666666 0.017871635714901954 0.0006147801148619625
10.6 0.11627008530122752 0.000670714011489465
10.633333333333333 0.20850066153663582 0.0007158903592122123
10.666666666666666 0.29330429175846684 0.0007513545852296799
10.7 0.3710761962680585 0.0007813136611003468
10.733333333333333 0.4384148850901388 0.000801402088182912
10.766666666666667 0.49573123197985836 0.0008156867913124977
10.8 0.5373657514452912 0.0008277302791834806
10.833333333333334 0.5677224580009641 0.0008347586474559687
10.866666666666667 0.5816746830541898 0.0008384426840802872
10.9 0.5815579066093393 0.0008382615153874617
10.933333333333334 0.5644567044619806 0.0008354497421684259
10.966666666666667 0.5317155953487596 0.0008300997254311326
11.0 0.48723518617362743 0.0008178603466449386
11.033333333333333 0.42743124771284025 0.0008007683683311506
11.066666666666666 0.35687319948225854 0.0007796302887260742
11.1 0.27618092806494093 0.0007483021005158519
11.133333333333333 0.18865862365986477 0.000707516126239649
11.166666666666666 0.09504631020740309 0.0006591535363539708
11.2 -0.0005136781678100171 0.0006042807438794432
11.233333333333333 -0.09959012980281558 0.0006601650825471539
11.266666666666667 -0.1934266925310777 0.000707139827364256
11.3 -0.28193081828390987 0.0007458222721586361
11.333333333333334 -0.36189233771229334 0.0007740272330073461
11.366666666666667 -0.4349416486787026 0.0008028736032527073
11.4 -0.49268592712116355 0.0008126469121954027
11.433333333333334 -0.543482048404678 0.0008322158668785384
11.466666666666667 -0.5765607908560427 0.0008343502851305695
11.5 -0.5963106837689763 0.0008391864784379477
11.533333333333333 -0.6007470995918787 0.0008380916090278134
11.566666666666666 -0.5904271486308778 0.0008357462633480361
11.6 -0.5641061947404998 0.000830215296297232
11.633333333333333 -0.5231169155908878 0.0008229478256954748
11.666666666666666 -0.46915674512335254 0.0008101631356453032
11.7 -0.40439309034568877 0.0007919040785960285
11.733333333333333 -0.3257791206146961 0.0007638123428631016
11.766666666666667 -0.24145592791468234 0.000729446034538922
11.8 -0.15010415834239108 0.0006879012959911668
11.833333333333334 -0.05499148520768134 0.0006368995085808682
11.866666666666667 0.04142198153704242 0.0006282296325076306
11.9 0.13704761208015662 0.0006801048747030469
11.933333333333334 0.22823112785571162 0.0007246073454885149
11.966666666666667 0.30951617397779874 0.0007595632137682995
12.0 0.3866310288246195 0.0007868334335182636
12.033333333333333 0.4500017188149466 0.000805699462792131
12.066666666666666 0.501818539575529 0.0008200595764794594
12.1 0.5416092895234504 0.0008284984759207026
12.133333333333333 0.5674307256421607 0.0008347138833328938
12.166666666666666 0.576710031316486 0.0008347491362756809
12.2 0.5713006470914646 0.0008357633300972722
12.233333333333333 0.5520229593782322 0.0008323842794653036
12.266666666666667 0.5163912666213406 0.0008243640841846256
12.3 0.4669970562573092 0.0008128600556724375
12.333333333333334 0.4056690233861633 0.0007949708824039892
12.366666666666667 0.3318037563489524 0.0007704087437557239
12.4 0.2508150529069824 0.0007371945113157641
12.433333333333334 0.16057125343298936 0.0006948136340927391
12.466666666666667 0.06799919154823894 0.0006441195096606872
12.5 -0.028849296158799945 0.0006247211608869027
12.533333333333333 -0.11835313703432764 0.0006700919197608624
12.566666666666666 -0.2133885006696319 0.0007176312866142842
12.6 -0.29791947200271596 0.0007509764934726104
12.633333333333333 -0.37812260811560905 0.0007806268145560402
12.666666666666666 -0.44439592058096306 0.0008016092726424451
12.7 -0.5020648350149723 0.0008162967014478939
12.733333333333333 -0.545366884634804 0.0008261018608455295
12.766666666666667 -0.5761668735747609 0.0008318498202369851
12.8 -0.5917272670269055 0.0008351999536162502
12.833333333333334 -0.5923591552463742 0.000835786665258742
12.866666666666667 -0.5784898505613975 0.0008333168687915116
12.9 -0.5485835527696749 0.0008281567611536644
12.933333333333334 -0.5041530751307935 0.0008198612033473163
12.966666666666667 -0.44721865903418134 0.0008037504548469854
13.0 -0.3778400963890146 0.000782322816399672
13.033333333333333 -0.2980260122455217 0.0007542335923781396
13.066666666666666 -0.21252634072458637 0.0007177056116025871
13.1 -0.12117723802824752 0.0006725313352563961
13.133333333333333 -0.02952909592019513 0.0006218237558541263
13.166666666666666 0.06721064209070592 0.0006430965817445788
13.2 0.15787117037682383 0.0006906739684940655
13.233333333333333 0.24373668697358716 0.0007304513987314298
13.266666666666667 0.3286089460099068 0.0007695680718359799
13.3 0.40010076608984246 0.0007889776705643503
13.333333333333334 0.45829809962119017 0.0008071023500181851
13.366666666666667 0.5085693199704133 0.0008202027610290097
13.4 0.5431549529680484 0.0008300679354757978
13.433333333333334 0.5615307630569034 0.0008333200597095969
13.466666666666667 0.5690131959127652 0.0008341042839281609
13.5 0.5597709901097773 0.0008345447123384586
13.533333333333333 0.5352937957001815 0.0008277139805757949
13.566666666666666 0.49634370786822213 0.0008190711720125199
13.6 0.44422307950704615 0.0008063580427609129
13.633333333333333 0.3795275857558601 0.0007896037713547299
13.666666666666666 0.30338185707907267 0.0007607893978356928
13.7 0.22277447356327484 0.0007247708103902961
13.733333333333333 0.1323230621142852 0.0006794225758358918
13.766666666666667 0.039529285175650464 0.0006283668002593154
13.8 -0.056339771441117584 0.0006367448302665377
13.833333333333334 -0.1471761360744875 0.000685716398527908
13.866666666666667 -0.23504708005621702 0.0007256329215677704
13.9 -0.3197512886170219 0.0007601683274668369
13.933333333333334 -0.39352118993000884 0.0007865963724403291
13.966666666666667 -0.45844884313439527 0.0008050769360370413
14.0 -0.5090475126310979 0.0008175903680742724
14.033333333333333 -0.5500030600161051 0.0008268445431833804
14.066666666666666 -0.5743522405330375 0.0008312135667822851
14.1 -0.5858069852194026 0.0008351513943933853
14.133333333333333 -0.5818630634101158 0.0008337558981517112
14.166666666666666 -0.5627613412832813 0.000831362334293706
14.2 -0.5296171443328705 0.000823370852373051
14.233333333333333 -0.4804530454136472 0.000813454067383701
14.266666666666667 -0.4213598467081492 0.0007964017202827245
14.3 -0.35209945227221634 0.0007729846462314893
14.333333333333334 -0.2688056499197384 0.000742269277947627
14.366666666666667 -0.18364957018419317 0.0007040847745972412
14.4 -0.092790842400382 0.0006580415122576511
14.433333333333334 0.002386377587440543 0.0006048055542933139
14.466666666666667 0.09332188126105759 0.0006581243966675837
14.5 0.18267740810559152 0.000701872788854585
14.533333333333333 0.26841805483203585 0.0007412613880039554
14.566666666666666 0.3462656349289178 0.0007728249929762065
14.6 0.4144588368234525 0.0007939208181225177
14.633333333333333 0.4707730739608104 0.0008106970874675046
14.666666666666666 0.512550670652797 0.0008208780917615677
14.7 0.5437509084508947 0.0008277636335101146
14.733333333333333 0.5598295530786173 0.0008323837421047031
14.766666666666667 0.5605826101896142 0.0008324622048888619
14.8 0.5476181195443932 0.0008302572897812555
14.833333333333334 0.5194756342354041 0.0008252525034898595
14.866666666666667 0.47723045640358863 0.0008146148024099631
14.9 0.42124445057618914 0.0007993673502136867
14.933333333333334 0.35220533906595874 0.0007764679900132965
14.966666666666667 0.2769090487214649 0.0007471983665499615
15.0 0.19119711174940088 0.0007052573758264125
15.033333333333333 0.10311887042013934 0.0006625086404726116
15.066666666666666 0.008421539131064222 0.000611338132996941
15.1 -0.08428487865230462 0.0006526240900613933
15.133333333333333 -0.17411007508632928 0.000697653680113014
15.166666666666666 -0.2605129572099188 0.0007359958878387363
15.2 -0.33797757310558185 0.0007671587620486919
15.233333333333333 -0.40958632805454526 0.0007910797782896273
15.266666666666667 -0.4698859228858878 0.0008082319090080281
15.3 -0.5181970350632223 0.0008197533555733827
15.333333333333334 -0.5519814237105714 0.0008285449911514808
15.366666666666667 -0.5732592803215443 0.0008320823671662536
15.4 -0.5791571453511811 0.0008335075559960936
15.433333333333334 -0.5704215717878005 0.0008320376760505566
15.466666666666667 -0.5473283549999466 0.0008280237346210972
15.5 -0.5094156720593518 0.0008199092279124187
15.533333333333333 -0.46033185186616693 0.0008077991864750556
15.566666666666666 -0.3953611605238549 0.0007893897712121234
15.6 -0.3218930274946388 0.0007636308506628331
15.633333333333333 -0.24025057277851508 0.0007305892959383053
15.666666666666666 -0.15003833899310295 0.0006873265493464176
15.7 -0.06076615971674593 0.0006391646493499811
15.733333333333333 0.03217754716977449 0.0006230421043231169
15.766666666666667 0.1223545682405751 0.0006729302133750004
15.8 0.2083716151577725 0.0007164662372310671
15.833333333333334 0.2920260293441613 0.000750484924826933
15.866666666666667 0.3651156918843815 0.0007793405558249589
15.9 0.42846605852562414 0.0007992644608679766
15.933333333333334 0.47785817556010185 0.0008149024212045219
15.966666666666667 0.5183980822885094 0.0008235424014433335
16.0 0.5418593098817569 0.0008287937117766875
16.033333333333335 0.5551588078989527 0.0008310225839697205
16.066666666666666 0.5497714800464205 0.0008315989755085518
16.1 0.5314122478779703 0.0008273474756512744
16.133333333333333 0.49951022292098946 0.0008216721730549548
16.166666666666668 0.4529235875275288 0.0008080829505762166
16.2 0.3963687111421502 0.0007935102790583848
16.233333333333334 0.3237958808740539 0.0007656203216728774
16.266666666666666 0.24475506886030932 0.0007366163385805202
16.3 0.15788248853315406 0.0006940281846664342
16.333333333333332 0.06963621543405053 0.0006442848090204845
16.366666666666667 -0.022730981791768672 0.0006185515363269015
16.4 -0.11208293733078353 0.000666618949136985
16.433333333333334 -0.19939708192087385 0.0007109007767122644
16.466666666666665 -0.28297938382432003 0.000745425876168937
16.5 -0.35790172228534517 0.000773307859290473
16.533333333333335 -0.424165249148335 0.000795306252758865
16.566666666666666 -0.481668074901521 0.0008111074106358918
16.6 -0.5250200198655536 0.0008224770578199037
16.633333333333333 -0.5544275728031293 0.0008277822013182945
16.666666666666668 -0.570036604920869 0.0008313849955573493
16.7 -0.5709195573581379 0.0008330101181797112
16.733333333333334 -0.5574043855462291 0.000831012568929701
16.766666666666666 -0.5301755925750852 0.0008242665513995551
16.8 -0.48835373869044973 0.0008149814117640042
16.833333333333332 -0.43405734749889635 0.0008002436289997195
16.866666666666667 -0.3684355677454909 0.0007810785186742053
16.9 -0.29183640672423755 0.0007521934598657132
16.933333333333334 -0.20747627025275323 0.0007150185471111736
16.966666666666665 -0.11946868200701802 0.0006716456325598918
17.0 -0.02894480130832657 0.0006203939010450757
17.033333333333335 0.062194705875378585 0.0006381455800199762
17.066666666666666 0.14985353095767606 0.0006878463090673193
17.1 0.23495072557117097 0.0007280183635677007
17.133333333333333 0.31210241709785225 0.0007581337340175631
17.166666666666668 0.382376605465942 0.0007836340781160467
17.2 0.44052162925827326 0.0008021601988104643
17.233333333333334 0.4869745992828224 0.0008175379459977594
17.266666666666666 0.5189154127067898 0.0008246286660326119
17.3 0.5408299137348405 0.0008290990332885384
17.333333333333332 0.547531063077523 0.0008293279968282219
17.366666666666667 0.5389750783545831 0.000828833793105721
17.4 0.5159688347426447 0.0008258385095071263
17.433333333333334 0.47920713896519634 0.0008165118664984483
17.466666666666665 0.42820573994304384 0.0008047922056402812
17.5 0.3652923873658945 0.0007793413673946592
17.533333333333335 0.29678763042194767 0.0007565592153975786
17.566666666666666 0.21436586064745136 0.0007193036534599018
17.6 0.1261977044533925 0.0006765294871965422
17.633333333333333 0.03830072349437685 0.0006264563248347746
17.666666666666668 -0.05558159467753606 0.0006369403891336722
17.7 -0.14616716450719325 0.0006828949771093273
17.733333333333334 -0.22882032459727566 0.0007224625009193963
17.766666666666666 -0.306689246508554 0.0007552149182525891
17.8 -0.3792526227750896 0.0007805462131480478
17.833333333333332 -0.44156292991769364 0.0007993963225880751
17.866666666666667 -0.48939267661104074 0.0008144000545668995
17.9 -0.5287522495814655 0.0008244222051451144
17.933333333333334 -0.5545532425467837 0.0008282055015462753
17.966666666666665 -0.5647491910136658 0.0008309714463416995
18.0 -0.5607433033784233 0.0008303089422564414
18.033333333333335 -0.5428645155072157 0.0008274096161915434
18.066666666666666 -0.5097492592124818 0.0008212059572704211
18.1 -0.4641665474658197 0.0008090807004150768
18.133333333333333 -0.4060373648732154 0.0007920657316388691
18.166666666666668 -0.33823723792412086 0.00076886310635077
18.2 -0.2591894041702205 0.0007398294926165838
18.233333333333334 -0.17536741718358004 0.000698095992982456
18.266666666666666 -0.08551764847050145 0.0006519979712277385
18.3 0.0030330073666807824 0.0006046382104617234
18.333333333333332 0.09375104766229675 0.0006586457147693958
18.366666666666667 0.17981288286300132 0.0006993708576339686
18.4 0.26228905000395425 0.0007391196609704553
18.433333333333334 0.33415987361159283 0.0007678281998513836
18.466666666666665 0.3988157013801646 0.0007883268848780656
18.5 0.4539380472141395 0.0008060886337540873
18.533333333333335 0.49680514331814496 0.0008175615456461061
18.566666666666666 0.5242915615687522 0.0008232888568511232
18.6 0.5401601781448172 0.0008298146634606596
18.633333333333333 0.539609047120236 0.0008292700164487243
18.666666666666668 0.5264256850069908 0.0008263616325253631
18.7 0.4986806262005107 0.0008215016539327435
18.733333333333334 0.45591123750423523 0.0008106002109991017
18.766666666666666 0.4016828429333233 0.0007931849192491791
18.8 0.33782650459572044 0.0007728984590089638
18.833333333333332 0.2603900673960973 0.0007399208467034901
18.866666666666667 0.17988601004704674 0.0007023192691505697
18.9 0.09189989469231814 0.0006571587799451273
18.933333333333334 0.0013604062302361036 0.000605932543630675
18.966666666666665 -0.08476806635775673 0.000652324097797613
19.0 -0.17442301644334549 0.0006983831462481771
19.033333333333335 -0.25444146713780114 0.0007343266348802113
19.066666666666666 -0.3321141045108231 0.0007648232839455593
19.1 -0.39899200903579674 0.0007870163703228017
19.133333333333333 -0.454364436771583 0.0008038679763766599
19.166666666666668 -0.5003474438766489 0.0008156473022975508
19.2 -0.5335625667913528 0.0008237732964198052
19.233333333333334 -0.5533694104904159 0.0008274615066120594
19.266666666666666 -0.5583279239165626 0.0008291608088457636
19.3 -0.5487518394704216 0.0008279213165152122
19.333333333333332 -0.5254103079330915 0.0008232239774913497
19.366666666666667 -0.4882994632202214 0.000815344437704979
19.4 -0.4370799257939945 0.0008014844265220589
19.433333333333334 -0.37658079747575063 0.0007818917437331097
19.466666666666665 -0.30472741428447764 0.0007577884129779666
19.5 -0.22616983052556996 0.0007239739259120581
19.533333333333335 -0.14235838704719214 0.0006843611443351216
19.566666666666666 -0.05196354627649762 0.0006339593948972572
19.6 0.03687544246285512 0.0006250838313264229
19.633333333333333 0.1255814683454633 0.0006748191272745452
19.666666666666668 0.2091751136508171 0.0007146551943711665
19.7 0.2865968609183257 0.0007493868672535653
19.733333333333334 0.35662386997466866 0.0007759372790384633
19.766666666666666 0.4175493478550291 0.0007936800083980788
19.8 0.4653917968895095 0.0008082711572101609
19.833333333333332 0.501165374980727 0.000819601403857062
19.866666666666667 0.5250893967617699 0.0008254716253086603
19.9 0.534087286273911 0.0008278570180874079
19.933333333333334 0.528634072389358 0.0008278225987995436
19.966666666666665 0.5106108463751162 0.0008229436091302667
20.0 0.47635459780146777 0.0008144299393487153
20.033333333333335 0.43087319558681114 0.000803774303503646
20.066666666666666 0.3724527726297548 0.0007871998127039204
20.1 0.3045467849454051 0.0007600868256598114
20.133333333333333 0.22892352567119606 0.0007257529612457181
20.166666666666668 0.14383612090592912 0.000685734514174613
20.2 0.05844538766099345 0.0006379285877939969
20.233333333333334 -0.031490445829940684 0.0006224375066946064
20.266666666666666 -0.12028462219383868 0.000672113046580422
20.3 -0.20442474789330073 0.000712337841302646
20.333333333333332 -0.2821575599099245 0.0007466140503937235
20.366666666666667 -0.3534749665256998 0.0007725557942326877
20.4 -0.41743389297467054 0.0007925057045674588
20.433333333333334 -0.47016946654562874 0.0008074008096823904
20.466666666666665 -0.5098464155752136 0.0008184664475743286
20.5 -0.5370789422538581 0.0008247589607193184
20.533333333333335 -0.5501756259321763 0.0008274397107002063
20.566666666666666 -0.5498740125292328 0.0008280364131572071
20.6 -0.5352353831917556 0.0008257145204925154
20.633333333333333 -0.5057872877945827 0.0008200100633221075
20.666666666666668 -0.46300033975251786 0.000808566878280681
20.7 -0.4090627018259519 0.0007945807100392943
20.733333333333334 -0.3452520657733545 0.0007724346095723811
20.766666666666666 -0.27092959293866625 0.0007446541089710101
20.8 -0.19000444945517725 0.0007076258870247765
20.833333333333332 -0.10580508297825106 0.0006648090672302653
20.866666666666667 -0.018731338967781577 0.0006150276713826064
20.9 0.07155243481844283 0.0006453869107957422
20.933333333333334 0.15806302995073762 0.0006920338094255907
20.966666666666665 0.23789574304559744 0.0007277994841481117
21.0 0.3106050973451076 0.0007589615349725132
21.033333333333335 0.37701867217020857 0.0007833042000131019
21.066666666666666 0.43285298394586785 0.0007984061862415515
21.1 0.47466463752838023 0.0008124460442930914
21.133333333333333 0.5054258403062716 0.0008199868600071714
21.166666666666668 0.5237395378424641 0.0008239563465521904
21.2 0.5270883186778687 0.0008258791155497658
21.233333333333334 0.5166323941885526 0.0008250220688638121
21.266666666666666 0.49271393069616365 0.0008190151130815226
21.3 0.45299980197483897 0.0008094836221445578
21.333333333333332 0.40416424165403275 0.0007951182067651441
21.366666666666667 0.34122342155047286 0.0007737241405882389
21.4 0.2726225896311686 0.0007473401510299515
21.433333333333334 0.19121594923091975 0.0007070465550349792
21.466666666666665 0.10788637095686775 0.0006665222391442072
21.5 0.020456581779281714 0.0006159263609371753
21.533333333333335 -0.06415276202105791 0.000639752398022761
21.566666666666666 -0.15371196093817965 0.000686920721290063
21.6 -0.23598057343327714 0.0007265482447522675
21.633333333333333 -0.3100879842561774 0.0007567021984856148
21.666666666666668 -0.37776055782006585 0.0007813843693157407
21.7 -0.4354212648096383 0.0007991297486580895
21.733333333333334 -0.4817467758261225 0.0008113854576529689
21.766666666666666 -0.516138092237032 0.0008201133071569222
21.8 -0.5376197882399115 0.000824541810360846
21.833333333333332 -0.5456720847895272 0.0008274584953544828
21.866666666666667 -0.5391684906178216 0.0008265670227266542
21.9 -0.5188067805489539 0.0008213745652776439
21.933333333333334 -0.4842729895932113 0.0008141942142876335
21.966666666666665 -0.4369673818379475 0.000801764829719942
22.0 -0.38023560225918884 0.0007850297079095014
22.033333333333335 -0.31187167550616296 0.0007621992596728577
22.066666666666666 -0.23703150387358066 0.0007275441259108062
22.1 -0.15341354151765782 0.0006885182762548236
22.133333333333333 -0.06840069720374413 0.0006435665995030287
22.166666666666668 0.017911645058406388 0.0006140920929454674
22.2 0.10482299391012898 0.0006619083289071265
22.233333333333334 0.1893049061616836 0.0007059566595302991
22.266666666666666 0.26596376388619575 0.000742031827714762
22.3 0.3372644703327236 0.0007668424208076008
22.333333333333332 0.39543509161037005 0.0007876157271720641
22.366666666666667 0.44675055660383495 0.0008042995627290939
22.4 0.48478720020056043 0.0008146988265789745
22.433333333333334 0.5094750036943414 0.0008209818521157652
22.466666666666665 0.5203408095385306 0.0008253809765156328
22.5 0.5186940159227728 0.0008243062685509006
22.533333333333335 0.5018419057440149 0.0008218581486918453
22.566666666666666 0.4724447143848962 0.0008143934665261199
22.6 0.42902122649781627 0.0008020712209318437
22.633333333333333 0.37394573826755073 0.0007862296079563236
22.666666666666668 0.30922359392788884 0.0007598876333557159
22.7 0.23635145250106693 0.0007303884459659848
22.733333333333334 0.15576706179633254 0.0006907399986305907
22.766666666666666 0.07095021810531286 0.0006432988014255236
22.8 -0.016365747682971814 0.0006139692703314818
22.833333333333332 -0.10081689460955157 0.0006602324604627341
22.866666666666667 -0.1844739444730257 0.0007030471657391568
22.9 -0.26314092546506485 0.0007386502788769289
22.933333333333334 -0.33683378266130487 0.0007641259213935214
22.966666666666665 -0.39824794195274865 0.0007870896871354782
23.0 -0.451224760471175 0.0008015953199930759
23.033333333333335 -0.49223530789994624 0.0008140195301662434
23.066666666666666 -0.5209963082928578 0.0008200666362387921
23.1 -0.5359942161135508 0.0008250838860595078
23.133333333333333 -0.5373184809595222 0.0008251552387681382
23.166666666666668 -0.525825423023517 0.0008226468967644784
23.2 -0.5001717660041309 0.0008181810533370859
23.233333333333334 -0.46024430452652815 0.0008078679625696528
23.266666666666666 -0.4092069323465168 0.0007928557872980413
23.3 -0.3460607381212814 0.0007723870299896629
23.333333333333332 -0.2748985040288162 0.0007445812722141065
23.366666666666667 -0.19784008278176757 0.0007105726789892741
23.4 -0.11454293582012416 0.0006709710860187124
23.433333333333334 -0.030423257859824047 0.000621275816568078
23.466666666666665 0.056475119184789146 0.0006372850063275162
23.5 0.14072109880676564 0.0006826557368858344
23.533333333333335 0.2196885167795482 0.000720107641060258
23.566666666666666 0.293776061490764 0.0007518695917864693
23.6 0.36095782579917873 0.0007757854452363766
23.633333333333333 0.4149050379209136 0.0007955366945541775
23.666666666666668 0.45989826947428686 0.0008087383443161622
23.7 0.4910562995503721 0.0008167988229650924
23.733333333333334 0.5092478582000936 0.0008232051481069647
23.766666666666666 0.5148758876568591 0.0008246728436125395
23.8 0.50684100815415 0.0008219825359006006
23.833333333333332 0.4851247529299542 0.0008190603387409623
23.866666666666667 0.4492875709366296 0.0008086280163644433
23.9 0.4009757663355795 0.0007960866754463392
23.933333333333334 0.34103503995795303 0.000775600774429841
23.966666666666665 0.27241000535792553 0.0007456561923865346
24.0 0.19817825919648963 0.0007115225732562958
24.033333333333335 0.11810448983065366 0.0006711167479741681
24.066666666666666 0.03402018867550809 0.0006256662649477412
24.1 -0.052741735074213675 0.0006368768393281016
24.133333333333333 -0.13776615097038614 0.0006806624137584705
24.166666666666668 -0.21769812061673352 0.0007184708455562627
24.2 -0.29263023742209904 0.0007494216222232453
24.233333333333334 -0.3594296833057967 0.000775408466374361
24.266666666666666 -0.4179006923525203 0.0007931176060487766
24.3 -0.46641077539004755 0.0008070324203417467
24.333333333333332 -0.5010409432433771 0.000816928317929011
24.366666666666667 -0.5230481843919806 0.0008213361776739925
24.4 -0.5323241581556236 0.0008245112125030429
24.433333333333334 -0.5281359011267004 0.0008238442453929462
24.466666666666665 -0.5096391257971101 0.0008195388736845777
24.5 -0.4792605681997863 0.0008123800218728383
24.533333333333335 -0.43441755236091323 0.0007998504683470742
24.566666666666666 -0.37821661550778646 0.0007824178870007858
24.6 -0.3115513850017657 0.0007597944373401999
24.633333333333333 -0.23885064800275876 0.0007285895454732239
24.666666666666668 -0.15933247145568818 0.0006931480793822276
24.7 -0.07480349646292121 0.0006476608308833148
24.733333333333334 0.007849720032216533 0.0006086778887126922
24.766666666666666 0.09269643089932103 0.0006570619267939476
24.8 0.17236396137556442 0.0006984546900050959
24.833333333333332 0.2475365823414365 0.0007327148693973551
24.866666666666667 0.32050529315496545 0.000760656541095861
24.9 0.38185035406762285 0.0007833263067946183
24.933333333333334 0.4313767437008911 0.0008008040699203911
24.966666666666665 0.46874167187431687 0.0008105589613914832
25.0 0.49443104359501583 0.0008168568652208719
25.033333333333335 0.5078013949815862 0.0008213185638652476
25.066666666666666 0.507121219598835 0.0008213939630495881
25.1 0.4924330584454324 0.0008185613726351404
25.133333333333333 0.4649205650328176 0.0008119869022950033
25.166666666666668 0.4244317600047427 0.0008018309990123762
25.2 0.37221148606694743 0.000782675545547562
25.233333333333334 0.3098457696680769 0.0007620113501521919
25.266666666666666 0.23638454656642796 0.0007313463968090239
25.3 0.15823911247817163 0.0006956312818892918
25.333333333333332 0.07581191191327996 0.0006499007843610433
25.366666666666667 -0.007366872682909938 0.0006098794108657319
25.4 -0.09013970872997747 0.0006565473932347438
25.433333333333334 -0.17188879087342668 0.0006976245414676563
25.466666666666665 -0.2504134181689869 0.0007342380283301142
25.5 -0.3206359996002328 0.0007612320413022955
25.533333333333335 -0.38371472157901265 0.0007847585502997467
25.566666666666666 -0.4364176534569617 0.0008008530696692606
25.6 -0.4774511387496055 0.0008107089404821854
25.633333333333333 -0.5068812093791357 0.000817291576867718
25.666666666666668 -0.5228830577747641 0.0008223059366987417
25.7 -0.5260200500657163 0.0008232423898101304
25.733333333333334 -0.5163662956417221 0.000822660844308154
25.766666666666666 -0.49088551732345737 0.0008162402910866784
25.8 -0.4531437065057934 0.0008073215194070449
25.833333333333332 -0.4046394680216424 0.0007920552290509586
25.866666666666667 -0.345081262353503 0.0007705313580034789
25.9 -0.2767790094335752 0.0007468816722175919
25.933333333333334 -0.19870886565217613 0.0007123497479405438
25.966666666666665 -0.11803980433693737 0.0006712578628093463
26.0 -0.035335699144630806 0.0006259264718399618
26.033333333333335 0.049119073932232436 0.0006318239266005152
26.066666666666666 0.13058078684224353 0.0006800948654865635
26.1 0.20853730251730845 0.0007139530396601812
26.133333333333333 0.28066617951012957 0.0007460820890322628
26.166666666666668 0.34487423288865066 0.0007715249637952892
26.2 0.3995490307460091 0.000790177723195451
26.233333333333334 0.4451044799615414 0.0008033320016141987
26.266666666666666 0.47785658937424086 0.0008123070798538579
26.3 0.4962627676979577 0.0008179809590558307
26.333333333333332 0.5031493564804331 0.0008197234917359797
26.366666666666667 0.49581113824267 0.0008200315642117872
26.4 0.47574969386900823 0.0008145997897049395
26.433333333333334 0.4413806016106574 0.0008055816531989946
26.466666666666665 0.39575337759173396 0.000791048273247108
26.5 0.3386474706183827 0.0007712280308064257
26.533333333333335 0.27410391854196525 0.0007468001616756648
26.566666666666666 0.20073876340369737 0.0007133460597629482
26.6 0.11865964168558334 0.0006704682843694937
26.633333333333333 0.038372900354541106 0.0006279690945193775
26.666666666666668 -0.04583724161105264 0.0006299807831351215
26.7 -0.1276596163894592 0.0006754391446318064
26.733333333333334 -0.20641567810765535 0.00071439192927783
26.766666666666666 -0.2817463693169875 0.000747126167245149
26.8 -0.3456392910908661 0.0007709704503486292
26.833333333333332 -0.4062808514948459 0.000790117679629887
26.866666666666667 -0.45127510857554776 0.0008044366373141654
26.9 -0.4885161979713249 0.0008141002483756377
26.933333333333334 -0.5105101922176444 0.0008209560918037706
26.966666666666665 -0.5203506602403867 0.0008220818269404351
27.0 -0.5171314409983637 0.0008209601855976301
27.033333333333335 -0.49974783977470066 0.0008176584163491207
27.066666666666666 -0.469602373862197 0.0008101184688720786
27.1 -0.4270350116646522 0.0007998587536852675
27.133333333333333 -0.3739481309353755 0.0007828614571950276
27.166666666666668 -0.30950763824324296 0.000758943514539201
27.2 -0.23805571552467625 0.0007296449894686197
27.233333333333334 -0.16151778942507755 0.0006935286031022614
27.266666666666666 -0.07802834536811067 0.0006483601896476454
27.3 0.006011156025662721 0.000609068006385936
27.333333333333332 0.08668151895047932 0.0006552135682811461
27.366666666666667 0.1669971320714238 0.0006956456109853404
27.4 0.2437602692887488 0.0007323346631056271
27.433333333333334 0.3105608435006701 0.0007591858513709693
27.466666666666665 0.36946740025509495 0.0007793435996132358
27.5 0.4171167145609861 0.0007959666653002406
27.533333333333335 0.45627896958448033 0.000805562393690118
27.566666666666666 0.4829343299786249 0.0008169402544184745
27.6 0.49537164675029005 0.0008195590930087926
27.633333333333333 0.49492766135411126 0.0008175779999010091
27.666666666666668 0.4814126766192961 0.0008156598615641775
27.7 0.4549414450443176 0.0008095452707256867
27.733333333333334 0.4150373434137868 0.000798853955090828
27.766666666666666 0.3640591675241935 0.0007812704056557873
27.8 0.30481104019547633 0.0007597324815446505
27.833333333333332 0.23437967657425984 0.0007304838181672046
27.866666666666667 0.15947383272393872 0.0006949421821885737
27.9 0.07926274872075212 0.0006510524827115921
27.933333333333334 -0.00389340199202801 0.0006067634700202217
27.966666666666665 -0.08695127070843513 0.0006527220015960372
28.0 -0.16572548944332802 0.0006929785736516925
28.033333333333335 -0.24180985247514125 0.0007288410078531982
28.066666666666666 -0.3118410775245432 0.0007568214752519675
28.1 -0.3719359906753532 0.0007792255139064674
28.133333333333333 -0.42543878710548066 0.0007952830429363567
28.166666666666668 -0.4657941306825281 0.0008070253309946374
28.2 -0.4948118982202858 0.000814529726967439
28.233333333333334 -0.5108813207447541 0.0008185870391069772
28.266666666666666 -0.5140374401665601 0.000820038021473013
28.3 -0.504007376970101 0.0008184966351729717
28.333333333333332 -0.48068621913160464 0.0008122969647397227
28.366666666666667 -0.4444566271457482 0.000802687532817481
28.4 -0.3976477098069363 0.0007892915045086824
28.433333333333334 -0.3384173751426791 0.0007688365854819357
28.466666666666665 -0.2732196100219539 0.0007451202477324337
28.5 -0.19955792191870575 0.000711026118999647
28.533333333333335 -0.12214163536929495 0.0006749315721229915
28.566666666666666 -0.03552044864859637 0.0006264079602235212
28.6 0.04506754644810383 0.0006326175165053197
28.633333333333333 0.12499036769558076 0.0006744099292053246
28.666666666666668 0.20180011547383256 0.0007116757900672566
28.7 0.27430521920441164 0.0007412654983222078
28.733333333333334 0.33531797256577267 0.0007713604074864322
28.766666666666666 0.39196439854995124 0.0007865336375884047
28.8 0.4332522137518632 0.0007996087927612527
28.833333333333332 0.46575650081654724 0.0008099723700579764
28.866666666666667 0.4830463783392382 0.0008146545773466407
28.9 0.48975012003354057 0.0008201346097111983
28.933333333333334 0.4834215227368624 0.0008186287302966999
28.966666666666665 0.4640271121629253 0.0008120885317384197
29.0 0.43106127376078074 0.0008029929824209248
29.033333333333335 0.3857624947407591 0.0007888932844713481
29.066666666666666 0.3287361533197877 0.0007696141882605478
29.1 0.2652892234447631 0.0007433670573911422
29.133333333333333 0.19659345340224788 0.0007126719315467545
29.166666666666668 0.11889202053867859 0.0006726649238407018
29.2 0.03865781228854916 0.0006269234382797542
29.233333333333334 -0.046673802249575624 0.0006315209559370691
29.266666666666666 -0.12566578133535602 0.0006740272451899176
29.3 -0.20267452789913387 0.000710467766409012
29.333333333333332 -0.27361136937929015 0.0007426811199747196
29.366666666666667 -0.3414071267285318 0.0007665941415023192
29.4 -0.3964198803254284 0.000785862751229438
29.433333333333334 -0.4417864540060771 0.0008008009986214537
29.466666666666665 -0.4764683462854267 0.0008109220630268532
29.5 -0.49900858490610167 0.0008172410589133428
29.533333333333335 -0.5087466901116758 0.000819750667867658
29.566666666666666 -0.5049409087070759 0.0008211460713413166
29.6 -0.48823988130426643 0.0008160354782431045
29.633333333333333 -0.4583562020589975 0.000807502291784834
29.666666666666668 -0.41621529771922106 0.0007961913929787623
29.7 -0.3644707419614098 0.0007796976005319811
29.733333333333334 -0.30067087261391984 0.0007552812779438312
29.766666666666666 -0.2321105851489996 0.000726400720714504
29.8 -0.15893620302243386 0.0006909570588954639
29.833333333333332 -0.07907158281245294 0.0006494255620915074
29.866666666666667 0.0024160566738204 0.0006054907237165756
29.9 0.08393078922947794 0.0006529824581252841
29.933333333333334 0.16293476239218752 0.0006936204040134675
29.966666666666665 0.23631041531025035 0.0007292588886164963
30.0 0.30204379182237817 0.0007552544469933697
30.033333333333335 0.3605054445282629 0.0007765461205247459
30.066666666666666 0.4093158448471205 0.0007930958247137077
30.1 0.4453703214203064 0.0008039399527418056
30.133333333333333 0.47073371244007534 0.000811061639411248
30.166666666666668 0.4833788122443313 0.000814990319552289
30.2 0.4836767478698391 0.0008151067991928329
30.233333333333334 0.470601129786697 0.0008125734208361268
30.266666666666666 0.44358459175317305 0.0008049684565255566
30.3 0.4041605796474231 0.0007937728279732714
30.333333333333332 0.3546723367893541 0.0007758837451540268
30.366666666666667 0.29687882782755587 0.0007563435061335722
30.4 0.22982201002919614 0.0007273095342080205
30.433333333333334 0.15430893885381208 0.0006915546063868405
30.466666666666665 0.07688219537024012 0.000649448733022473
30.5 -0.004534766953189946 0.0006071646387800483
30.533333333333335 -0.08486514115394031 0.0006536236689594077
30.566666666666666 -0.16432452797948988 0.0006926451075512652
30.6 -0.23868272749922306 0.0007252768586701597
30.633333333333333 -0.3055281812342768 0.0007556076223083075
30.666666666666668 -0.3645868615611683 0.0007769293716842207
30.7 -0.41602063244877135 0.0007952646477334957
30.733333333333334 -0.45610142339633214 0.0008061407678682242
30.766666666666666 -0.4833883810393891 0.0008120192411980587
30.8 -0.4995269916236222 0.0008152560491765937
30.833333333333332 -0.5023905196798151 0.0008172704854545465
30.866666666666667 -0.4932640100009185 0.0008154328136014688
30.9 -0.4698260339646771 0.0008096649564802716
30.933333333333334 -0.4341642310793554 0.0008006941492466058
30.966666666666665 -0.3867789366847826 0.000787522346269165
31.0 -0.33001501378153025 0.0007652681544895734
31.033333333333335 -0.26304038213945796 0.0007396948665950864
31.066666666666666 -0.19339739411809018 0.0007108155671460281
31.1 -0.11487841369415858 0.0006701305419303527
31.133333333333333 -0.03647409852433522 0.0006266643915132306
31.166666666666668 0.045912690022234276 0.0006314691385850973
31.2 0.12257965114836013 0.0006710434704185336
31.233333333333334 0.19966830209522 0.0007106909757509383
31.266666666666666 0.268801951480538 0.0007442081753615271
31.3 0.32953017017445146 0.0007667048798450371
31.333333333333332 0.38388916898440656 0.0007855890975839719
31.366666666666667 0.4252420019643307 0.0007992483233402736
31.4 0.45549465433558145 0.0008068754622176377
31.433333333333334 0.47429606557880577 0.000812417817460942
31.466666666666665 0.4795873444647277 0.0008143664172373111
31.5 0.47212469377727384 0.0008123212737503605
31.533333333333335 0.4521356932608392 0.0008082090804840125
31.566666666666666 0.41887915432809975 0.0007989299780882253
31.6 0.3743047201760481 0.000786205831916853
31.633333333333333 0.32071696661013993 0.000767254739662715
31.666666666666668 0.25622060497626625 0.0007393888534868998
31.7 0.18713424121178013 0.0007072204321273978
31.733333333333334 0.11089396210928754 0.0006673789058392471
31.766666666666666 0.03289923218871207 0.0006246251227486552
31.8 -0.045030338669032076 0.000630852183246669
31.833333333333332 -0.1275062699814875 0.000674842838462919
31.866666666666667 -0.1998302320174255 0.0007109644702257834
31.9 -0.2718389327576647 0.0007404397068534463
31.933333333333334 -0.3369575033993635 0.0007647478587708423
31.966666666666665 -0.3895074846365829 0.0007843324713798228
32.0 -0.43389869429091543 0.0007980681839581116
32.03333333333333 -0.4679968878238858 0.000808302126792837
32.06666666666667 -0.48885736590588386 0.0008145904942684634
32.1 -0.4981053426044203 0.0008157925353682871
32.13333333333333 -0.49317253972046204 0.0008166718161072284
32.166666666666664 -0.47703366372209993 0.0008118338994961283
32.2 -0.44707736694093236 0.0008061190408947816
32.233333333333334 -0.4050287293027621 0.0007917577261573605
32.266666666666666 -0.3532018325531513 0.0007755275049830535
32.3 -0.2926357170605583 0.0007513203647586675
32.333333333333336 -0.2247683656800217 0.0007226380802266841
32.36666666666667 -0.1492151262740508 0.0006860759293743357
32.4 -0.07019341887574929 0.0006461402047868992
32.43333333333333 0.007981778014715881 0.0006075337249730143
32.46666666666667 0.08727490546269806 0.000653321632648543
32.5 0.16322603667583138 0.0006948869954370995
32.53333333333333 0.23385135338532081 0.0007279883207559623
32.56666666666667 0.29954288073892843 0.00075607043657
32.6 0.3561406808850009 0.0007770538397928184
32.63333333333333 0.4028352574724734 0.000790510487279461
32.666666666666664 0.43825579852712787 0.0008028257545088513
32.7 0.4623938193505959 0.0008086566179760224
32.733333333333334 0.4725079848025943 0.0008137590536883565
32.766666666666666 0.4719415068621222 0.0008138329666835253
32.8 0.45787640433184823 0.0008072730809304263
32.833333333333336 0.4305622591290759 0.0008034194175566833
32.86666666666667 0.3945161171117407 0.000791126697213651
32.9 0.3449126878679302 0.0007750200280359221
32.93333333333333 0.2825940229902464 0.0007508407751390389
32.96666666666667 0.22021537086469034 0.0007238281337643704
33.0 0.14428359624282738 0.0006851269809418359
33.03333333333333 0.06811538897308554 0.0006447250083914252
33.06666666666667 -0.009985415340610888 0.0006105106033404469
33.1 -0.08920728275080447 0.0006559757520613191
33.13333333333333 -0.1641195279206395 0.0006934172692312501
33.166666666666664 -0.23640838790873292 0.0007266694399377938
33.2 -0.3034180275098358 0.0007545986571020902
33.233333333333334 -0.36032718187511725 0.0007754069127199892
33.266666666666666 -0.4116507433240613 0.0007918558045953983
33.3 -0.44823740487644415 0.000805807622088317
33.333333333333336 -0.47560243547883463 0.0008098974301983253
33.36666666666667 -0.4897262435675079 0.0008137941310232821
33.4 -0.4907902373400075 0.000815028526705619
33.43333333333333 -0.4794519780276425 0.000812127323980838
33.46666666666667 -0.4568348613398534 0.0008069101607296458
33.5 -0.4212980673151061 0.0007965155548903535
33.53333333333333 -0.3740455437868972 0.0007826274213505457
33.56666666666667 -0.31798597820283225 0.0007624713995230681
33.6 -0.25100725867057927 0.0007344886037402021
33.63333333333333 -0.17994511227620075 0.0007034720136451234
33.666666666666664 -0.10661395314728885 0.0006636091294027063
33.7 -0.02693960479043046 0.000620668490645758
33.733333333333334 0.05145996246288665 0.0006349185751929262
33.766666666666666 0.12823720569457975 0.0006752492036063151
33.8 0.20101578551725321 0.0007126523707664256
33.833333333333336 0.266079019940378 0.0007396402908989574
33.86666666666667 0.3280772697360704 0.0007673555234633533
33.9 0.3776769357298074 0.0007844741198058114
33.93333333333333 0.4194967148591205 0.0007981587346599928
33.96666666666667 0.4471476328370949 0.0008061438824201739
34.0 0.4645372012990338 0.0008107265687093412
34.03333333333333 0.468518899965312 0.0008130326482463923
34.06666666666667 0.4591055663369895 0.0008098203059219156
34.1 0.4388925961498501 0.0008042318535198545
34.13333333333333 0.40672776140712824 0.0007945944018004636
34.166666666666664 0.3640217726348413 0.000781091854916649
34.2 0.3088462187216717 0.000762753543068817
34.233333333333334 0.24464667556669192 0.0007361924914453533
34.266666666666666 0.1759792801328208 0.0007036376028381475
34.3 0.09893729076952248 0.000660769889638313
34.333333333333336 0.023388391700873926 0.0006173531251756556
34.36666666666667 -0.05337013378777433 0.0006367957936620622
34.4 -0.13234913773410506 0.0006765213385845348
34.43333333333333 -0.20511732561855622 0.0007126998283270847
34.46666666666667 -0.2712984263633769 0.0007413523546646039
34.5 -0.3330211237764035 0.0007653442556241896
34.53333333333333 -0.3850879371388319 0.0007824276277128561
34.56666666666667 -0.4288354650471336 0.0007969752159892041
34.6 -0.45923273890488553 0.0008064653956663115
34.63333333333333 -0.47903683575140843 0.0008116748155697628
34.666666666666664 -0.4858651073956815 0.0008138891147291272
34.7 -0.48153263788234435 0.0008131494305211873
34.733333333333334 -0.4632030547509298 0.0008089406135572408
34.766666666666666 -0.43301020074911234 0.0008005511578237923
34.8 -0.3910292079266156 0.0007873445225111131
34.833333333333336 -0.3411127172545992 0.0007717513542868648
34.86666666666667 -0.28034636364299337 0.0007475710005626635
34.9 -0.21222138767775636 0.0007183958360020837
34.93333333333333 -0.13642374447981398 0.0006808532768827202
34.96666666666667 -0.06022967493298958 0.0006383647888802274
35.0 0.01588490116334361 0.0006130591481220554
35.03333333333333 0.09502418668060593 0.0006579442328653456
35.06666666666667 0.1667892713843846 0.0006951635809305245
35.1 0.23573737944968576 0.0007260882694690995
35.13333333333333 0.2970139368415138 0.0007535776399816285
35.166666666666664 0.3528549737833947 0.0007749057720233266
35.2 0.3977832916268805 0.0007904974612941706
35.233333333333334 0.42848996604412465 0.0007990284842726569
35.266666666666666 0.4531910804340329 0.0008058395565374021
35.3 0.46268477232706956 0.0008097404430456034
35.333333333333336 0.45937833891640556 0.0008106395406584643
35.36666666666667 0.444404625723198 0.0008043768598134937
35.4 0.41812018261829503 0.0007996103811577782
35.43333333333333 0.37821313645444743 0.0007859442771517844
35.46666666666667 0.32855780129467976 0.0007689862964396776
35.5 0.27144864782998757 0.0007463289328369371
35.53333333333333 0.20619122474031337 0.0007168704453793806
35.56666666666667 0.1342862795073336 0.0006802858794643374
35.6 0.058034825891461896 0.0006383582427654036
35.63333333333333 -0.021301216801867154 0.0006174801151594897
35.666666666666664 -0.09696220567008217 0.0006590161818358087
35.7 -0.1705316804563769 0.0006963864469181624
35.733333333333334 -0.2406006045083664 0.000728635722067994
35.766666666666666 -0.3043290034259463 0.0007550617080004374
35.8 -0.3596034949326327 0.0007746853253469133
35.833333333333336 -0.4061774977463855 0.0007907135354747741
35.86666666666667 -0.4417977444391969 0.0008009158852579912
35.9 -0.4676917718339454 0.0008084360287253789
35.93333333333333 -0.4795602140983287 0.0008114819351034974
35.96666666666667 -0.47975257033183 0.0008131070715169386
36.0 -0.46742559326231525 0.0008086609365220432
36.03333333333333 -0.44209217458955397 0.0008031281320158845
36.06666666666667 -0.4056287401669889 0.0007934427430890678
36.1 -0.3588353289677205 0.0007757392789871087
36.13333333333333 -0.30295689990112257 0.0007548316231301144
36.166666666666664 -0.23854790122657274 0.0007292870047094224
36.2 -0.16820937016281232 0.0006975182870710694
36.233333333333334 -0.09322173864767849 0.0006584571264470485
36.266666666666666 -0.016011179312445657 0.0006130417180240967
36.3 0.060198475195508874 0.0006393758449689188
36.333333333333336 0.13745802239603055 0.0006803326354244965
36.36666666666667 0.2049703194053768 0.0007120583047813267
36.4 0.2676850633605056 0.0007431869127528801
36.43333333333333 0.3272503600552002 0.0007649565610555742
36.46666666666667 0.37459900354610925 0.0007811621588905138
36.5 0.4117019032541564 0.0007951426693001418
36.53333333333333 0.44011124428143195 0.0008017288685844282
36.56666666666667 0.45408153464784007 0.0008070200054169918
36.6 0.45678919105692156 0.0008091192780823597
36.63333333333333 0.4477617321074278 0.0008069082559155061
36.666666666666664 0.4256158415544423 0.000801380490860315
36.7 0.39237696426873214 0.0007900345222584537
36.733333333333334 0.3465252211148572 0.0007751325186109437
36.766666666666666 0.2944265486570843 0.0007542547199275162
36.8 0.2304219310123828 0.000727255787694947
36.833333333333336 0.1619229742920945 0.0006930330616647384
36.86666666666667 0.08954902442523964 0.0006566749714162351
36.9 0.012260168299283296 0.0006120636397000685
36.93333333333333 -0.06449187291922895 0.0006404670302561921
36.96666666666667 -0.1382041063184098 0.000682966896334597
37.0 -0.21011253971235272 0.0007147695464189974
37.03333333333333 -0.27632230216704495 0.0007439141069010557
37.06666666666667 -0.33597810027644115 0.0007664206175613808
37.1 -0.3854321617376055 0.0007835480406762629
37.13333333333333 -0.4260096739027644 0.000796799596083031
37.166666666666664 -0.45333713299064726 0.0008042101253307732
37.2 -0.47070790046530614 0.0008094685700379967
37.233333333333334 -0.47651764542435826 0.0008127767069685543
37.266666666666666 -0.46832450496356304 0.0008118808004073941
37.3 -0.44929447636877073 0.000804955985771072
37.333333333333336 -0.4170033653296115 0.0007959328187637782
37.36666666666667 -0.3753059284682399 0.0007821330622448386
37.4 -0.3254203682333846 0.0007653170159395151
37.43333333333333 -0.2639109132462774 0.0007408278652045186
37.46666666666667 -0.19623805368682545 0.0007087566340634177
37.5 -0.12304938530116381 0.0006755679953293764
37.53333333333333 -0.04699412203710254 0.0006320139683901119
37.56666666666667 0.02813054818089816 0.0006245555337109424
37.6 0.10220916690246572 0.0006638340254852826
37.63333333333333 0.17613318555800625 0.0007028736800983038
37.666666666666664 0.24144366085179994 0.000731377803306843
37.7 0.3010197358578176 0.0007554446778930135
37.733333333333334 0.3521750209004611 0.0007744044872439182
37.766666666666666 0.3942451138113367 0.0007892601436480517
37.8 0.4254852448569924 0.0007979754030157937
37.833333333333336 0.44481343209804697 0.0008048824049933234
37.86666666666667 0.4523173523483091 0.000807665604034169
37.9 0.4481246893160659 0.0008066531916183228
37.93333333333333 0.4298716385428748 0.0008025088312398343
37.96666666666667 0.40231955710417255 0.0007942684910715037
38.0 0.36141198719349016 0.0007789985581412306
38.03333333333333 0.3124337600396656 0.0007633639920476276
38.06666666666667 0.25535775310015985 0.0007387558928959592
38.1 0.18801220796698434 0.0007059631856407567
38.13333333333333 0.1168937893850643 0.0006702369218308663
38.166666666666664 0.042498000991462045 0.0006292577390407811
38.2 -0.031246116992112532 0.000622222086134213
38.233333333333334 -0.10770769168453116 0.0006636771851548373
38.266666666666666 -0.1794825508741805 0.0007010421138728684
38.3 -0.24732800389773063 0.0007320931546148657
38.333333333333336 -0.3088813356623074 0.0007569466611304643
38.36666666666667 -0.3620139122385932 0.0007764664290486056
38.4 -0.4045875407605124 0.000790073876915709
38.43333333333333 -0.4382498471082964 0.0007996065891659465
38.46666666666667 -0.46032129544283645 0.0008065759752173274
38.5 -0.47124843244526227 0.0008098295117601184
38.53333333333333 -0.46870896565507797 0.0008093457658508996
38.56666666666667 -0.4549605274862114 0.0008070904846622096
38.6 -0.42652620687992093 0.0008006433504298971
38.63333333333333 -0.3895956507135802 0.000787312011967245
38.666666666666664 -0.34207593808951103 0.0007724621318347946
38.7 -0.2849821358595897 0.0007498699519746244
38.733333333333334 -0.22076161844822162 0.0007210995574267187
38.766666666666666 -0.1500769306170557 0.0006850032591722011
38.8 -0.07812192078447033 0.0006486001778856915
38.833333333333336 -0.0032796858239885385 0.0006074566230308085
38.86666666666667 0.07093034858231259 0.0006449249953032338
38.9 0.1440113015724148 0.0006837772042579959
38.93333333333333 0.21353508777211272 0.0007172434922885773
38.96666666666667 0.27686793478992267 0.0007451989579710383
39.0 0.32920570219809325 0.0007655857487265938
39.03333333333333 0.37461082365008286 0.0007804666948516559
39.06666666666667 0.41036710372418117 0.0007933363984071184
39.1 0.43352601747628544 0.0008019652731940385
39.13333333333333 0.4450702587645098 0.0008050524791156644
39.166666666666664 0.44482465608886873 0.0008050053775163213
39.2 0.4347772326290089 0.0008041173988894701
39.233333333333334 0.40963711554620286 0.0007952755383009991
39.266666666666666 0.37417248081573945 0.0007858525606332378
39.3 0.3268450550922351 0.0007680148994558267
39.333333333333336 0.273225703175815 0.000747661926067511
39.36666666666667 0.21318498545640038 0.0007207361704497095
39.4 0.14599137671173537 0.0006869482340903232
39.43333333333333 0.07380191619503595 0.000646843909931194
39.46666666666667 -0.0013149432257771973 0.0006075908650249038
39.5 -0.07630731382838836 0.0006475601313332968
39.53333333333333 -0.14857792893270078 0.0006852703963824425
39.56666666666667 -0.22085147480219589 0.0007187004029903521
39.6 -0.2832375147464596 0.0007469998841181935
39.63333333333333 -0.3399460637090169 0.0007695178187664964
39.666666666666664 -0.384870113988023 0.0007843738552313351
39.7 -0.42253016055562453 0.0007948557048724769
39.733333333333334 -0.4483695263244205 0.0008037599409075891
39.766666666666666 -0.46335766616636126 0.0008067461394521414
39.8 -0.46550144896444956 0.0008078143404789961
39.833333333333336 -0.4566342159040752 0.0008060834674776252
39.86666666666667 -0.4356596897010391 0.0008011134513595253
39.9 -0.40197549806350596 0.0007906874425576693
39.93333333333333 -0.3587231664334914 0.0007767706912187866
39.96666666666667 -0.30409429991786446 0.0007551837030650432
40.0 -0.24478599487570107 0.0007318249307900759
40.03333333333333 -0.17723794705019583 0.0007020197625935976
40.06666666666667 -0.10559216757668947 0.0006676040698184588
40.1 -0.03143912190123781 0.000624858421277838
40.13333333333333 0.04111322970836953 0.0006283679837073078
40.166666666666664 0.11442648827150464 0.0006689916190551481
40.2 0.18357635729790991 0.0007041393144957275
40.233333333333334 0.24913748441567235 0.0007322091277867093
40.266666666666666 0.30590875287464603 0.0007562054566889742
40.3 0.35362399326504296 0.0007747320067825747
40.333333333333336 0.39484656787744055 0.0007892930952942412
40.36666666666667 0.42160897395377916 0.0007984650107700775
40.4 0.4364968186482619 0.0008035362075674013
40.43333333333333 0.44212150458231186 0.0008047916943891287
40.46666666666667 0.43408383882364765 0.0008023024231360587
40.5 0.41745251072470735 0.0007979530503886556
40.53333333333333 0.3875397112830448 0.000789083259491119
40.56666666666667 0.344072032737666 0.0007731047878705155
40.6 0.29416326515832797 0.0007552101853079973
40.63333333333333 0.2362495715975353 0.0007299014883470345
40.666666666666664 0.1704919159857065 0.0006992891433817428
40.7 0.09924300714702525 0.0006615991242564095
40.733333333333334 0.025190380771822844 0.000618547725218032
40.766666666666666 -0.04787098178657269 0.0006317008879852398
40.8 -0.1187532706584864 0.0006701729838222842
40.833333333333336 -0.18893445473265136 0.0007039647428602469
40.86666666666667 -0.25520799064636734 0.0007328733622340988
40.9 -0.3133032792787328 0.0007570097532839104
40.93333333333333 -0.3649061657215001 0.000776312995940942
40.96666666666667 -0.40532503737559555 0.000790042515909084
41.0 -0.43573112196533165 0.0007986270848233668
41.03333333333333 -0.4538078853134753 0.0008047011640701651
41.06666666666667 -0.4606939661444192 0.0008065843946323814
41.1 -0.45593239434264654 0.0008057411045272467
41.13333333333333 -0.43940638464721865 0.0008014753709185141
41.166666666666664 -0.4118166348527073 0.000793447480806897
41.2 -0.3733754286194216 0.0007816376984735585
41.233333333333334 -0.32350504240909506 0.00076439077352497
41.266666666666666 -0.26575558880382677 0.0007407283369748052
41.3 -0.2017944900792264 0.0007133183778999241
41.333333333333336 -0.13465559970101576 0.0006803859780426524
41.36666666666667 -0.061839996539716904 0.000640747115720347
41.4 0.014525862182844003 0.0006118107917293045
41.43333333333333 0.08585708181613226 0.0006531646966128624
41.46666666666667 0.15542407899528354 0.0006888940395585186
41.5 0.22213260057647888 0.0007211792308247089
41.53333333333333 0.2797828493991245 0.0007480485378576485
41.56666666666667 0.3330270876353438 0.000766062569928061
41.6 0.3749611395158247 0.0007811643159691406
41.63333333333333 0.40704872166505346 0.0007916120936528048
41.666666666666664 0.4275578961576342 0.0008018688680313524
41.7 0.437024442451265 0.0008027065502529962
41.733333333333334 0.4345483433537641 0.0008015064236127634
41.766666666666666 0.42027216246731225 0.0007980900773238431
41.8 0.3940804187874657 0.0007896219416047567
41.833333333333336 0.35760338715046075 0.0007797568431279767
41.86666666666667 0.3117457521059482 0.0007608774991424982
41.9 0.25541954776082637 0.0007370289407735986
41.93333333333333 0.19064121888858787 0.0007081177680284823
41.96666666666667 0.12366989957108993 0.000672472485012468
42.0 0.05353431379657422 0.0006381614560125246
