0.0 -0.5065569931307897 0.0008192714240465859
0.03333333333333333 -0.39301841879496197 0.0007870324723122102
0.06666666666666667 -0.2669184135949449 0.0007392086631817785
0.1 -0.1381381051227961 0.000678414617372336
0.13333333333333333 -0.005979729282381434 0.0006051251051166044
0.16666666666666666 0.13003267402098287 0.000676925575144427
0.2 0.25579428425676304 0.0007358476537097092
0.23333333333333334 0.3767705885938905 0.000780590352723709
0.26666666666666666 0.4897902753733049 0.0008184057673892298
0.3 0.5886907582060783 0.0008358647736710356
0.3333333333333333 0.6731624589803861 0.000849886001424438
0.36666666666666664 0.7358145400805307 0.0008551895842011659
0.4 0.7842978438310291 0.0008557612325230668
0.43333333333333335 0.8121678084978062 0.0008583713645101687
0.4666666666666667 0.8224871249786491 0.0008582159969303671
0.5 0.8116972418530471 0.000858049874774558
0.5333333333333333 0.7816336563041897 0.000858374834745157
0.5666666666666667 0.7280395691730622 0.0008585671265967099
0.6 0.6560197163676676 0.0008522263330518198
0.6333333333333333 0.5661434731370706 0.0008369877346936505
0.6666666666666666 0.4669008181084734 0.000813789434847445
0.7 0.3498804961277073 0.000776799200596423
0.7333333333333333 0.22624499022733854 0.0007250639597000674
0.7666666666666667 0.09428808125200977 0.0006573625947006584
0.8 -0.0381583044067127 0.0006241772484461075
0.8333333333333334 -0.16813977393808457 0.0006923532263515553
0.8666666666666667 -0.293444652431906 0.0007491680135478518
0.9 -0.41421662198355885 0.0007882617770401668
0.9333333333333333 -0.5222808828891963 0.0008177334010502912
0.9666666666666667 -0.6161653213420756 0.0008346908518804819
1.0 -0.6965429173248919 0.0008422701264769739
1.0333333333333334 -0.7595981710002336 0.0008438183005442523
1.0666666666666667 -0.8025197557775409 0.0008434292822775413
1.1 -0.8292614538698996 0.0008425950351869105
1.1333333333333333 -0.8337525857625216 0.0008426524539708602
1.1666666666666667 -0.8190436857367582 0.0008448451632432352
1.2 -0.7834078632299838 0.0008462788565650747
1.2333333333333334 -0.7284109439382622 0.0008448827685535454
1.2666666666666666 -0.6518685856145089 0.0008386005860506751
1.3 -0.5611899591660409 0.0008265124544080127
1.3333333333333333 -0.45559884017921926 0.000803109159341453
1.3666666666666667 -0.33745074913360945 0.0007653938584630815
1.4 -0.2103629773822726 0.0007156060320936408
1.4333333333333333 -0.08133898709403471 0.0006481494518499886
1.4666666666666666 0.050193627333984144 0.0006328096423463964
1.5 0.1767364549081516 0.0007015886945174465
1.5333333333333334 0.3029367275295282 0.0007546666624795306
1.5666666666666667 0.4174915494945057 0.0007970888420283928
1.6 0.5256606440379755 0.0008252119837020011
1.6333333333333333 0.6147227675259447 0.0008422574360905655
1.6666666666666667 0.6860897304274955 0.0008510793321943044
1.7 0.7458937174574155 0.0008541524591717531
1.7333333333333334 0.7856230828539172 0.0008576618403322023
1.7666666666666666 0.805941123566586 0.0008573626872925288
1.8 0.806739005551006 0.0008578191111260347
1.8333333333333333 0.7872266245641882 0.0008588668473878958
1.8666666666666667 0.7490037248326822 0.0008584266280406982
1.9 0.689777015590507 0.000855663409502605
1.9333333333333333 0.6097823049606618 0.0008456805631379405
1.9666666666666666 0.5187637654863109 0.0008291524724456378
2.0 0.41269161271158983 0.0007987485631637536
2.033333333333333 0.29351024471621145 0.0007569468618032205
2.066666666666667 0.16643839039570782 0.0006959178501789454
2.1 0.03849421498527386 0.0006262479228586748
2.1333333333333333 -0.09228121403224882 0.0006555919867075599
2.1666666666666665 -0.22062383421229356 0.0007159281005620355
2.2 -0.3424274743209382 0.0007666550599521038
2.2333333333333334 -0.4549927219967574 0.0008011957085519716
2.2666666666666666 -0.5567872928265024 0.0008230972144870341
2.3 -0.6437252396137709 0.0008357207005187384
2.3333333333333335 -0.7128963721469365 0.0008418203447415618
2.3666666666666667 -0.7686787203766743 0.0008446745701631286
2.4 -0.8041292161759755 0.0008445208112068947
2.433333333333333 -0.8207326307283038 0.0008451783753277153
2.466666666666667 -0.8176300073784888 0.0008451399955726746
2.5 -0.7936558522867667 0.0008463973838960248
2.533333333333333 -0.7510054358316519 0.0008446699284092585
2.566666666666667 -0.6841729680637233 0.0008418722746287299
2.6 -0.6041751766019815 0.0008341846782178308
2.6333333333333333 -0.5065593371226897 0.0008159588699201414
2.6666666666666665 -0.39686533206683483 0.0007871831429961951
2.7 -0.2756628459230124 0.0007431955486810193
2.7333333333333334 -0.15216252477161918 0.0006868647160597763
2.7666666666666666 -0.022371791156668843 0.0006172620388729712
2.8 0.10586330119478941 0.0006624430476026705
2.8333333333333335 0.23025146308272093 0.000723611588902745
2.8666666666666667 0.35025016031536177 0.0007728883954994381
2.9 0.4607429454025065 0.0008108473096876678
2.933333333333333 0.5594114970686295 0.000832544055258122
2.966666666666667 0.6406948659348957 0.000846714428930917
3.0 0.706720095016753 0.0008532575074999826
3.033333333333333 0.7550386893904953 0.0008539305676869002
3.066666666666667 0.7850711625430965 0.0008544213530667921
3.1 0.7958414484327488 0.0008572556121649866
3.1333333333333333 0.7877125035803844 0.0008568706253602176
3.1666666666666665 0.7601841425773086 0.0008565356450087602
3.2 0.7131582997215776 0.000858072018052991
3.2333333333333334 0.6439983594703256 0.0008493582171655856
3.2666666666666666 0.5592003626579297 0.0008366572663577321
3.3 0.46001840624343365 0.0008110512547789273
3.3333333333333335 0.3500616171459803 0.0007770350285205563
3.3666666666666667 0.22736218220155024 0.0007244574142556415
3.4 0.09979454284469823 0.0006604771054852104
3.433333333333333 -0.026079379435411543 0.0006182662397871512
3.466666666666667 -0.1551965768669995 0.0006857740071445906
3.5 -0.2752484925106415 0.0007404819084493308
3.533333333333333 -0.39226511139975045 0.0007829492898502322
3.566666666666667 -0.4977973160665749 0.0008134473630426742
3.6 -0.5915775489128225 0.0008281050172588289
3.6333333333333333 -0.6698120654523666 0.0008392211174099717
3.6666666666666665 -0.7336465585192219 0.0008423098209230373
3.7 -0.7769750821719827 0.0008440095716935048
3.7333333333333334 -0.8025795433296378 0.0008440976885846219
3.7666666666666666 -0.8080999840233849 0.0008445102398005888
3.8 -0.7952171522688838 0.0008455216394122056
3.8333333333333335 -0.7615667877699362 0.0008462720438074944
3.8666666666666667 -0.7090411679224697 0.0008439182099797549
3.9 -0.6351552181599049 0.0008394330516470205
3.933333333333333 -0.5460355248366603 0.0008247433361577849
3.966666666666667 -0.4437327047539936 0.000800178976456678
4.0 -0.33257282265436483 0.0007657901443489656
4.033333333333333 -0.21202651909932896 0.0007136759551141514
4.066666666666666 -0.08145010740573934 0.0006477154806075192
4.1 0.04357818762597427 0.0006273143327268776
4.133333333333334 0.16888236999794665 0.0006948941935013275
4.166666666666667 0.2890119662438247 0.0007509920061299358
4.2 0.40131008855105094 0.0007909367314029025
4.233333333333333 0.5048942989828304 0.0008205505854717021
4.266666666666667 0.5954200610178666 0.0008373244224189058
4.3 0.6664522476587812 0.0008493408337479913
4.333333333333333 0.7228297612833172 0.0008554367356350401
4.366666666666666 0.7617690806801571 0.0008562883215631478
4.4 0.7811676012476819 0.0008560744163964573
4.433333333333334 0.7811017789045959 0.0008567777115634501
4.466666666666667 0.7626499934353906 0.0008572579865593344
4.5 0.7237531827815106 0.000856024405812672
4.533333333333333 0.6669888898460938 0.0008530389737677613
4.566666666666666 0.5910380802903848 0.0008438960290880759
4.6 0.49707463528218515 0.0008232763746484628
4.633333333333334 0.3955053940788095 0.0007929572450838807
4.666666666666667 0.2806242472328292 0.0007486127395096021
4.7 0.15653330476990282 0.0006917796581058233
4.733333333333333 0.030988435087812145 0.0006229033311989894
4.766666666666667 -0.09504932124967663 0.0006555173188954322
4.8 -0.2188807730493435 0.0007178511432849033
4.833333333333333 -0.33665543155033273 0.0007635890549105295
4.866666666666666 -0.4438845226387972 0.0007971717922880539
4.9 -0.5423244428808544 0.0008204846442587677
4.933333333333334 -0.6260660864919797 0.0008326351699301515
4.966666666666667 -0.6954994662588505 0.0008413887900069472
5.0 -0.7473951817581683 0.0008441663874185767
5.033333333333333 -0.7801177047348216 0.0008454406221776178
5.066666666666666 -0.7952606028241325 0.0008451375332032551
5.1 -0.790765068643754 0.0008462815051820671
5.133333333333334 -0.7658272793004688 0.0008460372634242486
5.166666666666667 -0.7223128917994159 0.0008462137709123185
5.2 -0.6592113500619243 0.0008417738556486531
5.233333333333333 -0.5773927745598558 0.0008323854245154694
5.266666666666667 -0.48389982322802466 0.0008117518935655266
5.3 -0.3736513102026565 0.0007801840755709555
5.333333333333333 -0.2574768554043408 0.000735019544362614
5.366666666666666 -0.13612079463554677 0.0006799119614553095
5.4 -0.009741466998813923 0.0006083322319209994
5.433333333333334 0.11437580771512862 0.0006675396720953464
5.466666666666667 0.2348362150474175 0.0007269575275086204
5.5 0.34889480029192926 0.0007728406066929705
5.533333333333333 0.45217429044384627 0.0008055269695980694
5.566666666666666 0.5474926680365255 0.0008307048506455139
5.6 0.6275477521566686 0.0008435966829269947
5.633333333333334 0.6897049581337142 0.0008510053106529636
5.666666666666667 0.7357245117228429 0.0008546620343479194
5.7 0.7622288623342537 0.0008573370114154377
5.733333333333333 0.7707490124338205 0.0008584484850520102
5.766666666666667 0.7611019938746448 0.0008575394657066582
5.8 0.7315884837142358 0.0008573659265032063
5.833333333333333 0.6836038959856965 0.0008541252880157613
5.866666666666666 0.6164366255002581 0.0008435087896923044
5.9 0.5311606937508093 0.0008302464954477173
5.933333333333334 0.4324444342847642 0.0008030772289865373
5.966666666666667 0.3260059848078744 0.0007683381981847814
6.0 0.20429392510145522 0.0007145248262394044
6.033333333333333 0.08224919093187626 0.0006520820542597339
6.066666666666666 -0.04205927267705369 0.0006273061520452178
6.1 -0.16655906967661574 0.0006936763383846578
6.133333333333334 -0.28278089993275135 0.000743217787562811
6.166666666666667 -0.3935757217008386 0.0007839215931820243
6.2 -0.49539270686665005 0.0008094454426576525
6.233333333333333 -0.5847676974971808 0.0008280773127684604
6.266666666666667 -0.6585657483493418 0.0008373605376791327
6.3 -0.718427482898741 0.0008432815061225618
6.333333333333333 -0.7581317657651059 0.0008450651539145815
6.366666666666666 -0.7797575498803322 0.000845066558726959
6.4 -0.7821435363314531 0.0008466644853860616
6.433333333333334 -0.766280641790629 0.0008478557822757526
6.466666666666667 -0.7307334124535488 0.0008468807776694787
6.5 -0.6765807615652392 0.0008440845733838076
6.533333333333333 -0.6040552940079116 0.0008358697719709207
6.566666666666666 -0.5175456880073342 0.0008180795487017223
6.6 -0.41204231570489724 0.0007919948491319495
6.633333333333334 -0.3009431452777056 0.0007520896761476492
6.666666666666667 -0.18186371781731786 0.0007007720460824318
6.7 -0.05846854537348405 0.0006370721257264247
6.733333333333333 0.06375667090020358 0.0006409717711772928
6.766666666666667 0.1868748747745444 0.000704320059276925
6.8 0.3043664520132874 0.0007563862554313405
6.833333333333333 0.4104213178282786 0.000791394881042129
6.866666666666666 0.5047415883071461 0.0008212164278459388
6.9 0.590273329267962 0.0008367188520144175
6.933333333333334 0.6589565257572998 0.0008459700495717648
6.966666666666667 0.7091429359958923 0.0008530268426344412
7.0 0.7438738660478321 0.0008558474051327813
7.033333333333333 0.7576785469465506 0.0008571770899304942
7.066666666666666 0.7549036593006303 0.0008573850748556655
7.1 0.7327761694895842 0.0008568858062878437
7.133333333333334 0.6905945687831506 0.0008544525969815808
7.166666666666667 0.6333102692135132 0.0008491215550155973
7.2 0.5551236727224962 0.00083631682293972
7.233333333333333 0.4613638616427952 0.00081456292160903
7.266666666666667 0.3556919262460499 0.0007769416680867836
7.3 0.24535246909913266 0.0007341988600831351
7.333333333333333 0.12204193987429546 0.0006734682345798659
7.366666666666666 0.0016243219326357813 0.0006036204153121488
7.4 -0.11934682733903494 0.0006684233752732582
7.433333333333334 -0.24010131962126427 0.0007254852852770499
7.466666666666667 -0.3527788833600331 0.0007702231970184714
7.5 -0.45541814895447646 0.0007993983471064059
7.533333333333333 -0.5462582623065878 0.0008206297758641679
7.566666666666666 -0.624764667285686 0.0008325533264917917
7.6 -0.688859144162292 0.0008400596894383439
7.633333333333334 -0.734453243062251 0.0008435603028522642
7.666666666666667 -0.7629526349775354 0.0008439975749221507
7.7 -0.7716776257249589 0.000844879505986218
7.733333333333333 -0.762879417141158 0.0008448409919648014
7.766666666666667 -0.73428845862121 0.0008462061505224439
7.8 -0.6849423919585618 0.0008426883400299845
7.833333333333333 -0.6225687506886499 0.0008363619864290017
7.866666666666666 -0.5393753528207329 0.0008225538233218588
7.9 -0.44262446351675905 0.0008014056561839178
7.933333333333334 -0.3333571828565465 0.0007662137498442023
7.966666666666667 -0.2167060351363301 0.0007186684626524775
8.0 -0.09747635284137185 0.0006598682861795602
8.033333333333333 0.02410337444434444 0.0006182484122288882
8.066666666666666 0.14252254821313698 0.0006848193263940539
8.1 0.26093692530386486 0.0007397313738451428
8.133333333333333 0.3692079918033675 0.000780620565194734
8.166666666666666 0.46746599511513764 0.0008097449072072549
8.2 0.5553140795191766 0.0008324638013905705
8.233333333333333 0.6262449811413555 0.0008432504303241828
8.266666666666667 0.6846448297229614 0.0008510067062917903
8.3 0.7227375719817976 0.0008532511607998172
8.333333333333334 0.7422967665455619 0.000855381859955151
8.366666666666667 0.7464904454377372 0.0008564322145381276
8.4 0.7305144865964023 0.0008562067991194633
8.433333333333334 0.6943798366821442 0.0008539923647907788
8.466666666666667 0.6420083196606655 0.000848741063757763
8.5 0.5734174191859932 0.0008379152475227469
8.533333333333333 0.4859893068010817 0.0008176785658828289
8.566666666666666 0.3877467566246393 0.0007901953386330041
8.6 0.2768558305954703 0.0007472538580182708
8.633333333333333 0.15774463569702982 0.000692648418888997
8.666666666666666 0.04039530414525454 0.0006275292352807132
8.7 -0.08307227596734079 0.0006507005482593725
8.733333333333333 -0.19885750273871514 0.000708290889922053
8.766666666666667 -0.3121449819679246 0.0007538699694480955
8.8 -0.41517356231599395 0.0007889067397845451
8.833333333333334 -0.5114475506886104 0.0008145195378439496
8.866666666666667 -0.5917291274520172 0.0008296809929306814
8.9 -0.6610032382577309 0.000839761265817196
8.933333333333334 -0.7118029424534467 0.0008442699588794289
8.966666666666667 -0.7451549354738284 0.0008443356115507283
9.0 -0.7602116025890692 0.0008452892638242115
9.033333333333333 -0.7558598206765829 0.0008469156760982921
9.066666666666666 -0.7328329619693654 0.000846677269946694
9.1 -0.692490406110673 0.0008424295430018436
9.133333333333333 -0.6309004938522245 0.0008385265846778678
9.166666666666666 -0.5562747382927942 0.0008269919261886249
9.2 -0.46557014071750624 0.0008044960423431169
9.233333333333333 -0.3627013486243865 0.0007764319564043665
9.266666666666667 -0.25020835624167775 0.0007324955833283853
9.3 -0.1321680439406885 0.0006759220102291186
9.333333333333334 -0.011868342566910163 0.0006105464519387226
9.366666666666667 0.1072390306902825 0.0006651020937998298
9.4 0.22479226787060655 0.0007240946797081593
9.433333333333334 0.3338274429639186 0.0007680414428458127
9.466666666666667 0.4351873789370817 0.0008000828826875139
9.5 0.5233165498659441 0.000826326765196006
9.533333333333333 0.5996796434172968 0.0008413038509587079
9.566666666666666 0.6600846387464497 0.0008485718229730432
9.6 0.7033719175568655 0.0008532224052493209
9.633333333333333 0.7280457057462303 0.0008543625745659478
9.666666666666666 0.7364327947485784 0.0008569736889914026
9.7 0.7254219518007822 0.0008567367232658052
9.733333333333333 0.6959592181801392 0.0008545790798868413
9.766666666666667 0.64854909796795 0.0008505168281419673
9.8 0.5842692224253748 0.0008417472190493935
9.833333333333334 0.5042057185125005 0.0008239976469943677
9.866666666666667 0.40970967921025386 0.0007969993227231464
9.9 0.30498545759769524 0.0007598171775322626
9.933333333333334 0.1889471377468423 0.0007059441333121252
9.966666666666667 0.07113538243139741 0.0006451818305960033
10.0 -0.049500158340496085 0.0006328272661109066
10.033333333333333 -0.16726323828434567 0.0006933669360326689
10.066666666666666 -0.279236430116227 0.0007431135482648399
10.1 -0.38662947209289716 0.0007799429790206758
10.133333333333333 -0.48098127211519054 0.0008075392160006856
10.166666666666666 -0.5641932856073051 0.0008257207199646732
10.2 -0.6360662895457939 0.0008357531970877297
10.233333333333333 -0.6907360243694519 0.0008400564487340834
10.266666666666667 -0.7284060995747158 0.000844276966416313
10.3 -0.7475266509447388 0.0008449170238957748
10.333333333333334 -0.7476051519325311 0.0008458103150283947
10.366666666666667 -0.7304926351022417 0.0008451139632759119
10.4 -0.6933548636896893 0.0008433254969618664
10.433333333333334 -0.6388980086222943 0.0008395682759244627
10.466666666666667 -0.568106383493711 0.0008300062351597193
10.5 -0.482908616882476 0.0008111395239565611
10.533333333333333 -0.38356066918209136 0.000782435023637007
10.566666666666666 -0.27528108481408 0.0007428609061293501
10.6 -0.15862457006314257 0.0006894610884382313
10.633333333333333 -0.03948268607703807 0.0006262566611808101
10.666666666666666 0.07882317068823826 0.0006483657692961248
10.7 0.19169455358247042 0.0007087097923248187
10.733333333333333 0.30318381200706546 0.000756514507082473
10.766666666666667 0.4053580009759255 0.0007930584158911125
10.8 0.49589793715721336 0.0008179054716084266
10.833333333333334 0.5735405485293192 0.0008356506766301619
10.866666666666667 0.6378022294846559 0.000846261619429689
10.9 0.6834836389308131 0.0008500700672475769
10.933333333333334 0.713454587782146 0.0008539108909529913
10.966666666666667 0.7252687170161581 0.0008555937374673528
11.0 0.7192040120946046 0.0008557602051302293
11.033333333333333 0.694441725631198 0.0008519264338021637
11.066666666666666 0.6514671628575746 0.0008514679681993487
11.1 0.5928168550749914 0.0008434729676183306
11.133333333333333 0.5155812506716493 0.0008267295259091201
11.166666666666666 0.4255110143612031 0.00080589040955098
11.2 0.32484672030906564 0.0007653451973192449
11.233333333333333 0.2139105042213294 0.0007205630431382781
11.266666666666667 0.09662521516592212 0.0006595424838229946
11.3 -0.02037540129965491 0.0006150123622558623
11.333333333333334 -0.1397978753282863 0.0006794358276271117
11.366666666666667 -0.24979168874514915 0.0007303953754347614
11.4 -0.3572381494707614 0.0007710852120779155
11.433333333333334 -0.4548578499022874 0.0007996744404397682
11.466666666666667 -0.5388877187535731 0.0008192819294311482
11.5 -0.6108482501965026 0.0008321332008139892
11.533333333333333 -0.6687078386605811 0.0008392396028331639
11.566666666666666 -0.710089388638881 0.0008418095848546914
11.6 -0.7337113738992385 0.0008437061717674332
11.633333333333333 -0.7384905570140945 0.0008449971956897562
11.666666666666666 -0.7246161401205056 0.0008442747931964867
11.7 -0.6933118228430882 0.0008435652991070075
11.733333333333333 -0.6434432007580669 0.0008386232926809178
11.766666666666667 -0.5762052667696934 0.0008310410567023974
11.8 -0.49626241996842285 0.0008146433031724354
11.833333333333334 -0.3998706061126795 0.0007882754605417763
11.866666666666667 -0.2950948722408198 0.0007513729000278024
11.9 -0.18345174496667577 0.0007033316623378805
11.933333333333334 -0.06369433453414129 0.0006408138838480543
11.966666666666667 0.05371475682543199 0.0006348664834494658
12.0 0.16759356802116257 0.0006948271887484425
12.033333333333333 0.2773913902686935 0.0007459127561485479
12.066666666666666 0.38036423910888695 0.0007838677244189074
12.1 0.47043259203585114 0.0008113003149798903
12.133333333333333 0.5508108176954759 0.0008310970258280648
12.166666666666666 0.6148403726655397 0.0008433401744358804
12.2 0.6650899536920291 0.000849301662055546
12.233333333333333 0.6984415094980752 0.0008527491175968072
12.266666666666667 0.7132915070573047 0.0008540567962543877
12.3 0.7104928943548986 0.000854603404520593
12.333333333333334 0.6906109134749234 0.0008551869495819764
12.366666666666667 0.6528906996505776 0.0008513318388949642
12.4 0.5965136590302372 0.0008412671591633281
12.433333333333334 0.5225054554939772 0.0008276410156387026
12.466666666666667 0.4373185457935212 0.0008043761429474827
12.5 0.3411944924518692 0.0007734980728029694
12.533333333333333 0.23336789003199684 0.0007284514115251106
12.566666666666666 0.11622994474834943 0.0006698726803840704
12.6 0.0021858627343728657 0.0006060029643015913
12.633333333333333 -0.116069365271612 0.0006685100243811748
12.666666666666666 -0.22847222406137516 0.0007217630310859535
12.7 -0.33484897719701656 0.000762940473690743
12.733333333333333 -0.4299401795112461 0.0007940128236643695
12.766666666666667 -0.5171451695508678 0.000816315198638673
12.8 -0.5923142947713086 0.0008288682821946391
12.833333333333334 -0.6501595383821361 0.0008370797464607449
12.866666666666667 -0.6934422972559103 0.0008409759230116887
12.9 -0.7201776687246741 0.0008437307828684792
12.933333333333334 -0.7281550128611537 0.000844488863747328
12.966666666666667 -0.7180304193836728 0.0008449111203970849
13.0 -0.6886064207242515 0.0008423191614870262
13.033333333333333 -0.6423064220552094 0.0008394588245194123
13.066666666666666 -0.5787292665777722 0.0008310814312506576
13.1 -0.5011268296884327 0.0008135474750330385
13.133333333333333 -0.4107563642146573 0.0007904060028006143
13.166666666666666 -0.31036793299076926 0.0007565201933968924
13.2 -0.19903317834060796 0.0007089456188143217
13.233333333333333 -0.0842484866207438 0.000651608881090171
13.266666666666667 0.033557056056740524 0.0006231383657229889
13.3 0.14579275434419384 0.0006839714064653668
13.333333333333334 0.25499649929150375 0.0007344215956845423
13.366666666666667 0.35905578830117224 0.0007772576603860548
13.4 0.45069955492413755 0.000804961950684191
13.433333333333334 0.5305281801157059 0.0008262969055554681
13.466666666666667 0.5991879848735167 0.0008392358144635459
13.5 0.6479754423232089 0.0008478539585329292
13.533333333333333 0.683331826986461 0.0008495169663801372
13.566666666666666 0.7016619613055962 0.000853150146422399
13.6 0.7013935768819793 0.0008542490703493666
13.633333333333333 0.683788663860075 0.0008530219472022704
13.666666666666666 0.6486972340672076 0.0008499628500854284
13.7 0.5971308113088978 0.0008459959166525755
13.733333333333333 0.5255968120872538 0.0008275835011697374
13.766666666666667 0.44363651350250255 0.0008079272036021767
13.8 0.348147408828571 0.0007766810917904654
13.833333333333334 0.24235238042953297 0.0007329206554536338
13.866666666666667 0.1332412066581869 0.0006807411416855647
13.9 0.01859059864718478 0.0006135152724662425
13.933333333333334 -0.09805694400702443 0.0006584606160454365
13.966666666666667 -0.20979162888656808 0.0007124925483046607
14.0 -0.31638580687205814 0.0007552029173165109
14.033333333333333 -0.4138486596752849 0.0007889413452071836
14.066666666666666 -0.4999626017553971 0.0008107725435118063
14.1 -0.5746556487028288 0.0008278650454354164
14.133333333333333 -0.6346316874456549 0.0008352803295197386
14.166666666666666 -0.678733252928608 0.0008407467727660212
14.2 -0.7065314528035468 0.0008426593257002679
14.233333333333333 -0.7180282684746973 0.0008434926126320574
14.266666666666667 -0.7099617236231478 0.0008448272049603744
14.3 -0.6827745362590031 0.000844051507744914
14.333333333333334 -0.640876280643452 0.0008402875915098917
14.366666666666667 -0.5795281530394277 0.0008309898999100396
14.4 -0.5070179398916135 0.0008164117902841328
14.433333333333334 -0.4167800800006616 0.0007924045196764928
14.466666666666667 -0.3191287244844312 0.0007611776226114642
14.5 -0.21229648288505956 0.0007171841457415951
14.533333333333333 -0.09950596769837626 0.0006603372610393121
14.566666666666666 0.015650310202169428 0.0006126887549112309
14.6 0.13249333129606156 0.0006772452787130179
14.633333333333333 0.24042596320761053 0.0007299880049468632
14.666666666666666 0.3406268980135272 0.0007693255042818259
14.7 0.4328933406669146 0.0008014944044510974
14.733333333333333 0.5136702902682612 0.0008187324130874973
14.766666666666667 0.5806064682033637 0.0008352161107026967
14.8 0.6351186731444697 0.0008441389796597365
14.833333333333334 0.6708897273049608 0.0008498218766138654
14.866666666666667 0.6907408676047317 0.0008516723094892376
14.9 0.6931162992433049 0.0008522420702766764
14.933333333333334 0.6771331984292209 0.0008519941809730369
14.966666666666667 0.6436815166592277 0.0008483972586296185
15.0 0.594391936341742 0.0008418935041277775
15.033333333333333 0.5276664208744056 0.0008297826569131361
15.066666666666666 0.4462706650243935 0.000807611429382793
15.1 0.35631078261923216 0.0007783441245489686
15.133333333333333 0.25400505817479496 0.0007367091900645772
15.166666666666666 0.14470663245713627 0.0006846586094025053
15.2 0.030476167813778664 0.0006221832131196488
15.233333333333333 -0.08348186974420167 0.0006516363104151074
15.266666666666667 -0.1935077057007104 0.0007062242554837783
15.3 -0.29804948944388404 0.0007501608517208047
15.333333333333334 -0.3979832141706587 0.0007846233056153507
15.366666666666667 -0.483317295779086 0.0008082968031501991
15.4 -0.5587372436264093 0.0008232956788293277
15.433333333333334 -0.6203290400174516 0.0008355144772952405
15.466666666666667 -0.6656727557760066 0.0008400384412218243
15.5 -0.6953910069838509 0.0008426395853285973
15.533333333333333 -0.7071529182410861 0.000843798101583082
15.566666666666666 -0.7017636545169516 0.0008439174795212834
15.6 -0.6784349951995717 0.0008425072342218565
15.633333333333333 -0.6359370823512797 0.0008381241005415152
15.666666666666666 -0.5782100295283232 0.0008306883388455866
15.7 -0.5062287735796558 0.0008150877420164404
15.733333333333333 -0.4183783785927337 0.0007921349296616254
15.766666666666667 -0.32400585675343463 0.0007630919283437287
15.8 -0.21684592507933567 0.0007180830727827603
15.833333333333334 -0.1063582199236034 0.0006645912266362158
15.866666666666667 0.004356820472101947 0.0006062886683220114
15.9 0.11675625053666333 0.0006710058484010323
15.933333333333334 0.22651469049465678 0.0007245951667409489
15.966666666666667 0.32507565106731323 0.0007633830226135285
16.0 0.4195402974006579 0.000797157437465279
16.033333333333335 0.5007688882615616 0.0008185288177984251
16.066666666666666 0.5680962298048252 0.0008323413359655474
16.1 0.6217120148280811 0.0008419137602467819
16.133333333333333 0.6583814415497828 0.000847975098466236
16.166666666666668 0.6794310733850799 0.0008500007054462744
16.2 0.6837026236525251 0.0008517841703211682
16.233333333333334 0.6702326223284628 0.0008514544593565265
16.266666666666666 0.6395930697438723 0.0008470363731125641
16.3 0.5910383601424225 0.0008424127064399212
16.333333333333332 0.5266907969399671 0.0008291393953152593
16.366666666666667 0.44649451262733075 0.0008070786424628218
16.4 0.3563358844346642 0.0007771773142937755
16.433333333333334 0.255570246743913 0.0007403654101482138
16.466666666666665 0.1519188627369257 0.0006877945081983639
16.5 0.040127945069509036 0.0006271465236790882
16.533333333333335 -0.07154516911032054 0.0006468296539810098
16.566666666666666 -0.18462287480916448 0.0007034426210468514
16.6 -0.2888837680371126 0.000746710507366799
16.633333333333333 -0.38511707157018693 0.0007800731381062409
16.666666666666668 -0.46975812407957324 0.0008041689786729145
16.7 -0.5456827062618982 0.0008215144682389708
16.733333333333334 -0.6079076894474789 0.0008319116432208284
16.766666666666666 -0.6536316108689808 0.0008375340792134978
16.8 -0.6834394055213984 0.000840786303486496
16.833333333333332 -0.69706498484018 0.0008433065443557153
16.866666666666667 -0.6936119563836682 0.0008433894290796884
16.9 -0.6701021726268194 0.0008417820203657778
16.933333333333334 -0.6295343999814422 0.0008376088897129597
16.966666666666665 -0.5731736169427635 0.0008310076463142746
17.0 -0.5016945773472326 0.0008164168848998621
17.033333333333335 -0.41780931076572053 0.0007915765417023102
17.066666666666666 -0.32518693849056385 0.0007622936722327944
17.1 -0.22026527379519364 0.0007193703796932183
17.133333333333333 -0.11185224369776048 0.0006669244481045111
17.166666666666668 -0.0007527254581007795 0.0006050652253560498
17.2 0.10715154460706267 0.0006643018879900348
17.233333333333334 0.21611578869365203 0.00071918259863607
17.266666666666666 0.31978839109007395 0.0007614716207339223
17.3 0.40993898699766657 0.0007926734417619263
17.333333333333332 0.48922969666308364 0.000815606725907414
17.366666666666667 0.5575004654975843 0.000831091264597128
17.4 0.6111624504337383 0.0008406420845753493
17.433333333333334 0.6477134127629277 0.000847546630456053
17.466666666666665 0.6693429558461274 0.0008496219902260904
17.5 0.6735775754262067 0.0008509417604921632
17.533333333333335 0.6611697989505761 0.0008502903685788654
17.566666666666666 0.6307255937513673 0.0008466640989426288
17.6 0.5833239969273646 0.0008397615758104493
17.633333333333333 0.5207371282986591 0.0008282524229445976
17.666666666666668 0.44389758136395896 0.000807236412444623
17.7 0.3529150212947203 0.0007780771815607546
17.733333333333334 0.25710476445933306 0.0007400235792692778
17.766666666666666 0.15040100172583487 0.0006881640227405506
17.8 0.04281079640884753 0.0006264256566060195
17.833333333333332 -0.07019357481343315 0.000642839161401218
17.866666666666667 -0.17526597661148063 0.0006976361866625758
17.9 -0.2790447469448983 0.0007421273902512571
17.933333333333334 -0.3765134200078837 0.0007792474689756745
17.966666666666665 -0.4615842744243299 0.0008030498016181054
18.0 -0.5360215786916774 0.0008226189568840692
18.033333333333335 -0.5988067700979508 0.0008337672065389379
18.066666666666666 -0.6439136407914973 0.0008364055203212706
18.1 -0.6728237962200616 0.0008403878220586414
18.133333333333333 -0.6862926439831283 0.0008420091457363998
18.166666666666668 -0.6829940185357621 0.000842234775837114
18.2 -0.6618554062962737 0.0008432248139881304
18.233333333333334 -0.6216509748261968 0.0008372651322815505
18.266666666666666 -0.5650941627667431 0.0008275606330281349
18.3 -0.4978973324019667 0.0008139646536840517
18.333333333333332 -0.4150146395724273 0.0007918357332266646
18.366666666666667 -0.32308279194005873 0.0007604477972957269
18.4 -0.21983540241602892 0.0007188148806214212
18.433333333333334 -0.11267822166761184 0.0006675611029179629
18.466666666666665 -0.003999876573921394 0.0006050943727932837
18.5 0.10277519884928693 0.0006610499501556594
18.533333333333335 0.2106282577049312 0.0007158297913431866
18.566666666666666 0.31115986096950626 0.0007599129930648818
18.6 0.40290341279600766 0.0007913393865184859
18.633333333333333 0.4806971629042705 0.0008130778864121058
18.666666666666668 0.5488638772726218 0.0008287314086922182
18.7 0.6013532101065856 0.0008412240023025763
18.733333333333334 0.6384482494922303 0.0008462173200325385
18.766666666666666 0.6597343929080279 0.0008491679336238844
18.8 0.6643310464579638 0.0008501878299401744
18.833333333333332 0.6523247429553348 0.0008501049010701811
18.866666666666667 0.6224318073877146 0.0008458115678460221
18.9 0.5769384422396123 0.0008387543691928956
18.933333333333334 0.5150772055337935 0.0008258044672495579
18.966666666666665 0.4381399373675899 0.0008051735184889108
19.0 0.35105040420560374 0.0007768647538849427
19.033333333333335 0.25372133134479413 0.0007384231128918506
19.066666666666666 0.15115544603080197 0.0006885938340298603
19.1 0.04204536339144552 0.0006284678584661321
19.133333333333333 -0.06690522810566199 0.000640825601125633
19.166666666666668 -0.172738151359025 0.0006953007934258348
19.2 -0.2729794923305111 0.0007391142162594955
19.233333333333334 -0.36993069917911675 0.0007764275524461128
19.266666666666666 -0.456526465883598 0.000801055618286084
19.3 -0.530160220284245 0.0008187972675494093
19.333333333333332 -0.5892905746145056 0.0008307431338278048
19.366666666666667 -0.6346496825748499 0.0008353364230935245
19.4 -0.6650799068180244 0.0008397244529633197
19.433333333333334 -0.677272705719822 0.0008411408531491249
19.466666666666665 -0.6734290499715827 0.0008418837935653123
19.5 -0.6525472778664752 0.0008399417712092738
19.533333333333335 -0.6151394082321907 0.0008354158708667736
19.566666666666666 -0.5584294126839229 0.0008273365604031246
19.6 -0.4902453006967966 0.0008141109245453637
19.633333333333333 -0.40900557037859114 0.000790752868555622
19.666666666666668 -0.3148238091951339 0.0007581152400713553
19.7 -0.21511912233128208 0.000718284039781969
19.733333333333334 -0.11001724967755078 0.0006660936850837185
19.766666666666666 -0.0007029975807662354 0.000602985445530124
19.8 0.10403111190097414 0.0006621076616476346
19.833333333333332 0.2084311706489307 0.0007154738576261033
19.866666666666667 0.30651193568868773 0.0007567002874230844
19.9 0.39857144640230974 0.0007912562058948192
19.933333333333334 0.4757523417101535 0.0008136087444025608
19.966666666666665 0.5422714288698789 0.0008289137657454537
20.0 0.5946879076441557 0.0008382319080351142
20.033333333333335 0.6301932889447601 0.0008443416314818375
20.066666666666666 0.650836617116932 0.0008479152640586962
20.1 0.6551845869502189 0.0008489630597433573
20.133333333333333 0.6429333447725113 0.0008493333620427368
20.166666666666668 0.6135039883961214 0.0008455689747272066
20.2 0.5685386720072002 0.0008364443711330605
20.233333333333334 0.5053155929869102 0.0008227666529728728
20.266666666666666 0.4293627874767915 0.0008033023815109952
20.3 0.3403713763866869 0.0007741194475661128
20.333333333333332 0.24837430366065344 0.0007344250968242816
20.366666666666667 0.14704245100833685 0.0006867915824710635
20.4 0.03972301881510112 0.0006267514891107606
20.433333333333334 -0.06723892201858947 0.0006418650818717508
20.466666666666665 -0.17406624018236425 0.0006966441747003893
20.5 -0.2730161801790435 0.0007403099741100649
20.533333333333335 -0.3669602036298555 0.0007732756405970376
20.566666666666666 -0.45054797635250887 0.0008004209431166642
20.6 -0.5249356960798458 0.0008178544384714881
20.633333333333333 -0.5839897727979186 0.0008276875733294053
20.666666666666668 -0.628857674548434 0.0008362718824314053
20.7 -0.65626429989417 0.0008389332176680364
20.733333333333334 -0.66891728099891 0.000841002123190715
20.766666666666666 -0.6642855597050318 0.0008408672355745272
20.8 -0.642395854830676 0.0008387254415153089
20.833333333333332 -0.6047145078446082 0.0008345021242123218
20.866666666666667 -0.5501951423769538 0.0008259985287374372
20.9 -0.4819505279126093 0.0008107321838404236
20.933333333333334 -0.39878445000405865 0.0007876639595356116
20.966666666666665 -0.3074879833112748 0.0007550483557690058
21.0 -0.2076844575684589 0.0007129064576507083
21.033333333333335 -0.10299009012068065 0.0006615165250599686
21.066666666666666 0.003628491546284652 0.0006050722093016978
21.1 0.10866709987705711 0.0006644498944077398
21.133333333333333 0.21137062489827377 0.0007167379971563803
21.166666666666668 0.3076680437100454 0.0007560619625476828
21.2 0.39399714816316084 0.000788206804932412
21.233333333333334 0.4732562615191944 0.0008122958881712772
21.266666666666666 0.5377134596497438 0.0008294657676326533
21.3 0.5882600529377806 0.0008376689871120169
21.333333333333332 0.6229315950792307 0.0008455204261061944
21.366666666666667 0.6426494269203208 0.0008470890258723829
21.4 0.644264800375845 0.0008485171007156511
21.433333333333334 0.6326036412443963 0.0008471953648857555
21.466666666666665 0.6022106052527235 0.0008430432370879481
21.5 0.557658819185138 0.000834400113718603
21.533333333333335 0.49550873357539105 0.000822902397143388
21.566666666666666 0.4203022600613182 0.0008029822807185116
21.6 0.33351522663055744 0.0007709277800441727
21.633333333333333 0.23827562863715765 0.0007309665795792175
21.666666666666668 0.137459054477734 0.0006815979616587586
21.7 0.03151334832179569 0.0006220927851257815
21.733333333333334 -0.0721578951736813 0.0006445330363841345
21.766666666666666 -0.17705239372243295 0.0006983226226748018
21.8 -0.2760915283657282 0.000741078648113902
21.833333333333332 -0.36776471687791545 0.0007734849140028088
21.866666666666667 -0.4485401488498833 0.0008013610551486638
21.9 -0.5199350203005756 0.000817182221993229
21.933333333333334 -0.5782942744758673 0.0008290016071818007
21.966666666666665 -0.6217276634609168 0.0008354531212558802
22.0 -0.6490493099683702 0.0008376262133179546
22.033333333333335 -0.6597735413356941 0.0008403754817586373
22.066666666666666 -0.6543208767187918 0.0008401311794599131
22.1 -0.6309892609498934 0.0008374515930493764
22.133333333333333 -0.5935455848321189 0.0008328847651249971
22.166666666666668 -0.5390291284050461 0.000822387852808415
22.2 -0.4688123791845415 0.0008073315823850513
22.233333333333334 -0.3884544265718919 0.0007849122757561111
22.266666666666666 -0.2951156457013664 0.0007502122474330464
22.3 -0.19768723632402208 0.0007101468634587715
22.333333333333332 -0.09418911845131651 0.0006555114954997221
22.366666666666667 0.009500439311791394 0.0006098192266003333
22.4 0.11306930381601019 0.0006674282949456906
22.433333333333334 0.2172882868273458 0.0007215405785662987
22.466666666666665 0.30822682243579713 0.000758694790773895
22.5 0.396175419666655 0.0007889745773883017
22.533333333333335 0.47059227647433743 0.0008117128603038481
22.566666666666666 0.5345214064340201 0.0008285145606683475
22.6 0.5836888685049632 0.0008375050658073757
22.633333333333333 0.6169416916098421 0.0008430318932428627
22.666666666666668 0.6351985395852869 0.0008468475919528595
22.7 0.6364916672610891 0.0008474727133493953
22.733333333333334 0.6215422719275557 0.0008446517794171715
22.766666666666666 0.5915845811580307 0.0008416346538029362
22.8 0.5448067557790529 0.0008348916232238102
22.833333333333332 0.4823105793612912 0.0008188609348159792
22.866666666666667 0.4096156031803918 0.0007973628691733126
22.9 0.3254538242488242 0.0007677350281197759
22.933333333333334 0.22826507143358912 0.0007265577574993298
22.966666666666665 0.12810696233711769 0.0006755991986749921
23.0 0.021416771769374652 0.000616615162894088
23.033333333333335 -0.08144929868329481 0.0006506276053476895
23.066666666666666 -0.18390465152490149 0.0007020465370386197
23.1 -0.2796145190735305 0.000744474628202485
23.133333333333333 -0.36958126832518573 0.000776662821583507
23.166666666666668 -0.45007412192246543 0.0007982227239330952
23.2 -0.5175043765409043 0.0008170528164505031
23.233333333333334 -0.573252135367115 0.0008282961389584065
23.266666666666666 -0.61663724043142 0.000835555683946998
23.3 -0.6422098566615543 0.0008382369833209724
23.333333333333332 -0.6508423764406446 0.0008390646187045325
23.366666666666667 -0.6445777209621361 0.0008390151181204564
23.4 -0.6198608786838417 0.0008368448810900375
23.433333333333334 -0.5793584618334565 0.0008303220681705747
23.466666666666665 -0.5255821589974337 0.0008206811326677554
23.5 -0.45686421596196003 0.0008047357219854168
23.533333333333335 -0.37677859202112407 0.000782933670639252
23.566666666666666 -0.2841203986743176 0.0007477438254829272
23.6 -0.1850467708778424 0.0007028170214918861
23.633333333333333 -0.08119799299004682 0.0006500789386525985
23.666666666666668 0.02065193502795406 0.0006158706673126402
23.7 0.12189720881313866 0.0006713992051031736
23.733333333333334 0.22271119871890135 0.0007205786061258157
23.766666666666666 0.3140319371573642 0.0007609173186948204
23.8 0.3974893759087628 0.0007881660626427589
23.833333333333332 0.4714031109885604 0.000811781128217226
23.866666666666667 0.5327053162562876 0.000827010426067365
23.9 0.5785709067255046 0.0008361963174763343
23.933333333333334 0.6110946922801798 0.0008414839775248151
23.966666666666665 0.6265383193192896 0.0008460340259384136
24.0 0.626965540218745 0.0008456497497066895
24.033333333333335 0.6113401233175432 0.000845509456310567
24.066666666666666 0.5786257146940028 0.0008390665905652073
24.1 0.5308524132452009 0.0008298125797139289
24.133333333333333 0.47010786481612793 0.000813668575295079
24.166666666666668 0.3939279192512979 0.0007922374418241063
24.2 0.30851797938494824 0.0007596482584688591
24.233333333333334 0.21384057871825307 0.0007197510615727654
24.266666666666666 0.11376981487787602 0.0006680102632710544
24.3 0.01092143847996433 0.0006101503612332519
24.333333333333332 -0.0923047486555529 0.0006563988172048896
24.366666666666667 -0.19266254291451282 0.0007064862483746048
24.4 -0.2873910035680832 0.0007453527705860163
24.433333333333334 -0.3744104232897148 0.0007772717355876702
24.466666666666665 -0.4526999273504819 0.0008003582069217585
24.5 -0.5199009355171316 0.000816764428967165
24.533333333333335 -0.5730841191663875 0.000827638207335557
24.566666666666666 -0.6119919689002721 0.0008336656533244335
24.6 -0.6346311143312553 0.0008362578409609744
24.633333333333333 -0.6424075505847076 0.0008385651454437815
24.666666666666668 -0.6334528176801142 0.0008380765670674695
24.7 -0.6075762370779606 0.0008339751074001311
24.733333333333334 -0.5677533194002086 0.0008282309859958259
24.766666666666666 -0.5097952882428168 0.0008168971648899737
24.8 -0.44149490208201697 0.0007980425697021176
24.833333333333332 -0.35854555687752265 0.0007741679810435165
24.866666666666667 -0.26795603685484226 0.0007392862875120199
24.9 -0.16991382604099975 0.0006963668503546516
24.933333333333334 -0.0689011941825812 0.000643579294358973
24.966666666666665 0.03442997705830706 0.0006233317427501994
25.0 0.13376377078809581 0.0006771681921742267
25.033333333333335 0.23185484747748603 0.0007268343228024055
25.066666666666666 0.32281840743888784 0.0007612111046410575
25.1 0.40287622197437667 0.0007931888059728998
25.133333333333333 0.47327947668955295 0.000811321122952402
25.166666666666668 0.5322950327187386 0.0008261408816082616
25.2 0.5755391745541982 0.0008337935908276917
25.233333333333334 0.6052417349548236 0.0008411092541092957
25.266666666666666 0.6190241658935944 0.0008432162380640484
25.3 0.6165149475378854 0.0008433321280237882
25.333333333333332 0.5990830389826661 0.0008416334117696822
25.366666666666667 0.5651903177409846 0.0008354862499683202
25.4 0.5145750947707713 0.0008272532115183306
25.433333333333334 0.4518563442783035 0.0008089557254612467
25.466666666666665 0.3756923379370526 0.0007864840169948262
25.5 0.28964137611147284 0.0007551735875004906
25.533333333333335 0.19778352415657371 0.0007111807296100725
25.566666666666666 0.09955918798779397 0.0006617449840126827
25.6 -0.003969766314779749 0.000603994373742275
25.633333333333333 -0.10791719160446463 0.0006626907241370494
25.666666666666668 -0.20473077909876913 0.0007113394944885942
25.7 -0.2971476312323362 0.0007491080227756131
25.733333333333334 -0.38163758454786806 0.0007794003855023379
25.766666666666666 -0.45758494393610977 0.000802057995784089
25.8 -0.5202839443771679 0.0008179108224121157
25.833333333333332 -0.5713233223071023 0.0008264027404741858
25.866666666666667 -0.6079357739812943 0.0008330618950426194
25.9 -0.6281071133353175 0.0008365550943125744
25.933333333333334 -0.6330756131883702 0.0008374016723452504
25.966666666666665 -0.621719447536585 0.0008369700608996666
26.0 -0.5940681488496105 0.000833424641267011
26.033333333333335 -0.5513189676334705 0.0008245931577705035
26.066666666666666 -0.49469158843618144 0.0008142366768139064
26.1 -0.42411987159515013 0.0007950827242242942
26.133333333333333 -0.3434489259469723 0.0007698064103144886
26.166666666666668 -0.2518023441423457 0.0007341428861921684
26.2 -0.15463913053564013 0.0006891695093796668
26.233333333333334 -0.05321947828233403 0.0006345838627086486
26.266666666666666 0.050363269300395905 0.0006317716009180893
26.3 0.14816857028016578 0.0006835362013845048
26.333333333333332 0.24218261083885004 0.0007283314550766418
26.366666666666667 0.32827056776573527 0.0007646539464657987
26.4 0.40971872771909296 0.0007936441440978825
26.433333333333334 0.477090168949457 0.0008129891537517198
26.466666666666665 0.5324300048978166 0.000826025816897169
26.5 0.573051765561717 0.0008352571410306098
26.533333333333335 0.601343448830494 0.0008407581088313298
26.566666666666666 0.6122508014027326 0.0008435543278766389
26.6 0.6073653505312642 0.0008421843354236014
26.633333333333333 0.5862643498904015 0.000840344554970951
26.666666666666668 0.5502605967879214 0.0008334106371482575
26.7 0.49904095521070924 0.0008207976721774646
26.733333333333334 0.4345464077853499 0.0008027964355143413
26.766666666666666 0.3583701665194694 0.0007767660429602863
26.8 0.27261982624352565 0.0007444033885377621
26.833333333333332 0.18093647794813497 0.0007036951455585139
26.866666666666667 0.0830635533770494 0.0006503790744851884
26.9 -0.021895458652058452 0.0006166921842862653
26.933333333333334 -0.12119509672676056 0.0006703001611068349
26.966666666666665 -0.21820512007958137 0.0007169548945684945
27.0 -0.30864944412615575 0.0007540519282743796
27.033333333333335 -0.3888487989393997 0.0007809478616573329
27.066666666666666 -0.4628928166837019 0.0008024900903978449
27.1 -0.524429021202934 0.0008171314549404451
27.133333333333333 -0.5711968807944093 0.0008264602611366412
27.166666666666668 -0.6053492727101653 0.0008330508757432575
27.2 -0.6228567046769811 0.0008352492199514838
27.233333333333334 -0.6246394164810735 0.0008367380107188183
27.266666666666666 -0.6104194169479592 0.0008354329685215101
27.3 -0.5801494261588453 0.0008297648599800977
27.333333333333332 -0.534387434444047 0.0008219579990694781
27.366666666666667 -0.47596547053114924 0.0008111438795954107
27.4 -0.40460943133628136 0.0007882678010149857
27.433333333333334 -0.32456009870244307 0.000762850535289461
27.466666666666665 -0.2317478870086945 0.0007241664973417772
27.5 -0.1346952201835592 0.0006783575851870283
27.533333333333335 -0.03528085047915636 0.0006232571755490426
27.566666666666666 0.0619583496662124 0.0006391426092426378
27.6 0.1629621288303748 0.0006927506190800292
27.633333333333333 0.25565317337216714 0.0007354118271521992
27.666666666666668 0.3430055870196017 0.0007695023550906566
27.7 0.41708856352434726 0.0007945613700621745
27.733333333333334 0.48180823416392216 0.0008138626549953898
27.766666666666666 0.534968425534659 0.0008269168717861541
27.8 0.5726258120833319 0.0008342717128625443
27.833333333333332 0.5961895260149193 0.0008397241919547715
27.866666666666667 0.6043229155253892 0.0008420959629060754
27.9 0.5959508023082418 0.0008410330538206612
27.933333333333334 0.5730988947895611 0.0008376828778752232
27.966666666666665 0.5340112955922021 0.0008299719246985804
28.0 0.4813768731000449 0.0008180824929370223
28.033333333333335 0.41313289270969866 0.0007985203401443819
28.066666666666666 0.3375557823453833 0.000771779368334724
28.1 0.24966629337367466 0.000739395146354932
28.133333333333333 0.1575946727230595 0.0006931039332608024
28.166666666666668 0.061851769750136204 0.0006397212756376128
28.2 -0.03592639290672489 0.0006234279912903304
28.233333333333334 -0.13721526660189046 0.0006784960889479053
28.266666666666666 -0.23453012130876907 0.0007219751800048857
28.3 -0.3216538935723488 0.0007577451516596057
28.333333333333332 -0.40020549114175513 0.000785371638033272
28.366666666666667 -0.470094830627693 0.000803969364917001
28.4 -0.527268907996669 0.0008178178292383986
28.433333333333334 -0.5721867400778455 0.0008277441096405935
28.466666666666665 -0.601572952972257 0.000832712258956092
28.5 -0.6156407637713088 0.0008347049927180938
28.533333333333335 -0.6151424718414924 0.0008353906113660603
28.566666666666666 -0.5979912923949355 0.000832326655935689
28.6 -0.5644234831323321 0.000827604812094096
28.633333333333333 -0.5175832047841082 0.0008181637529695029
28.666666666666668 -0.4563394134297695 0.0008034616002375872
28.7 -0.3833191683610782 0.0007819023386844703
28.733333333333334 -0.3005990776959412 0.0007516959769162113
28.766666666666666 -0.21065029120366993 0.0007144869818684618
28.8 -0.11223073938290619 0.000666776771046998
28.833333333333332 -0.013961779518079642 0.0006115599602113751
28.866666666666667 0.08267565571605558 0.0006511053117481541
28.9 0.18022319426256547 0.0007014045432982285
28.933333333333334 0.2737688411498305 0.0007440213304623078
28.966666666666665 0.3529810624701234 0.0007712673423459493
29.0 0.4263565567233128 0.0007999625609468874
29.033333333333335 0.48671306847283435 0.0008160798836407968
29.066666666666666 0.5364917113063076 0.000827989157340836
29.1 0.5710402102142617 0.0008347019016939905
29.133333333333333 0.5910474671006429 0.0008390700616743851
29.166666666666668 0.5931692603444011 0.0008400501306548014
29.2 0.5839188185638263 0.0008393257974641521
29.233333333333334 0.5587656566717156 0.0008344585409907346
29.266666666666666 0.5164159689602534 0.0008271651227806931
29.3 0.46190088991590994 0.0008132675427954261
29.333333333333332 0.39592922628906435 0.0007920451233777159
29.366666666666667 0.3148332807726832 0.0007637943720349427
29.4 0.22851963738690295 0.0007275644877745291
29.433333333333334 0.13683655421597818 0.0006814621472780724
29.466666666666665 0.038009188988934205 0.0006250487511161168
29.5 -0.059595060816031956 0.0006378219377847286
29.533333333333335 -0.15524043224132195 0.0006874105421706411
29.566666666666666 -0.24979094792860979 0.0007309787294088044
29.6 -0.3365709117994562 0.0007648384652341189
29.633333333333333 -0.41279068078594716 0.0007886823662076603
29.666666666666668 -0.47906101257626715 0.0008072816371811897
29.7 -0.5325089570766521 0.0008199979157660353
29.733333333333334 -0.5722387791705166 0.0008282269014379118
29.766666666666666 -0.5984404468590588 0.0008326472712346655
29.8 -0.6089218470943265 0.0008347469141750663
29.833333333333332 -0.605272005056641 0.0008344985059240972
29.866666666666667 -0.585003997589969 0.0008316990091540299
29.9 -0.5485580325438318 0.0008252125062111482
29.933333333333334 -0.49744757489895 0.0008144152883953759
29.966666666666665 -0.43377757797185984 0.0007992332891960663
30.0 -0.3598402528002811 0.000776777953162
30.033333333333335 -0.2744241023054369 0.0007433002728638449
30.066666666666666 -0.18529976228682746 0.0007048234451278723
30.1 -0.08923499425295885 0.0006534316902893078
30.133333333333333 0.007728787688469945 0.0006071113446263106
30.166666666666668 0.10391952645849381 0.000661711174897453
30.2 0.19968300087398422 0.0007080913117836207
30.233333333333334 0.2850746438261599 0.0007481961376495372
30.266666666666666 0.36811561028218714 0.0007801674046634677
30.3 0.43648077276539915 0.0008018596677007994
30.333333333333332 0.4943575738932352 0.0008176445370454699
30.366666666666667 0.5393635739635574 0.0008289097279561286
30.4 0.568968429326292 0.000834266163712738
30.433333333333334 0.5854858213032508 0.0008396218635523534
30.466666666666665 0.5859859322821622 0.0008396625726927454
30.5 0.5724886290502937 0.0008376961404148453
30.533333333333335 0.5428390891336758 0.0008321054095918878
30.566666666666666 0.49805490641724526 0.0008245316214995357
30.6 0.44086217108774617 0.0008069115574092511
30.633333333333333 0.37130978814796484 0.0007828374336487642
30.666666666666668 0.291095007613663 0.0007541819318809262
30.7 0.20404703691365134 0.00071440607716175
30.733333333333334 0.1092622316668604 0.0006662702890210676
30.766666666666666 0.013639946108534315 0.0006122345096886243
30.8 -0.08270752315498232 0.0006479986187733072
30.833333333333332 -0.17695381608089136 0.0006976538432160728
30.866666666666667 -0.2658706991061239 0.0007372547779007088
30.9 -0.3494821297632817 0.0007698479923928803
30.933333333333334 -0.4234376070449637 0.000792471976660214
30.966666666666665 -0.48461629694219743 0.000808077903775517
31.0 -0.5351505882729426 0.0008206599367285294
31.033333333333335 -0.5718104018894478 0.000828649786565383
31.066666666666666 -0.594581300660194 0.000831768632294283
31.1 -0.6016564491929027 0.0008333349969948944
31.133333333333333 -0.5924400629897575 0.0008326241075042873
31.166666666666668 -0.569737745045833 0.0008290213906145816
31.2 -0.531330942722335 0.0008216116133963336
31.233333333333334 -0.4780185425858233 0.0008097654225268647
31.266666666666666 -0.409492767774336 0.0007911008833196842
31.3 -0.3351728123088044 0.0007659410726598148
31.333333333333332 -0.24915866111637447 0.0007320782008943816
31.366666666666667 -0.15906868905253693 0.0006913348691687526
31.4 -0.0666287102400148 0.0006420197386050042
31.433333333333334 0.031617366701993624 0.0006221788799860295
31.466666666666665 0.12473985281365856 0.0006738495146915019
31.5 0.21799401084162032 0.0007184377368506523
31.533333333333335 0.3038697823332759 0.0007559420323327015
31.566666666666666 0.3795128564907273 0.0007822335758350674
31.6 0.44588685214226 0.0008045952097575637
31.633333333333333 0.500185025043602 0.0008183561174808229
31.666666666666668 0.5409174640826507 0.0008272266322055799
31.7 0.5684233978817782 0.0008336948578309133
31.733333333333334 0.5791918102800123 0.0008376751088680079
31.766666666666666 0.5771777268298275 0.0008377728498343284
31.8 0.5595043510713102 0.0008347622958380096
31.833333333333332 0.5272539246700539 0.0008284100537448991
31.866666666666667 0.4795961625605798 0.0008183586658704889
31.9 0.41795787946873914 0.0008015306330579897
31.933333333333334 0.3466203125142945 0.0007769764169603399
31.966666666666665 0.2648731390938539 0.0007433661530844016
32.0 0.17464011472874183 0.0006982947688550234
32.03333333333333 0.07975174355094466 0.00064863753125384
32.06666666666667 -0.011589688986409946 0.0006109878792051378
32.1 -0.10722963314173845 0.0006631842143870192
32.13333333333333 -0.19977973899737014 0.0007086060357583135
32.166666666666664 -0.28399865706306304 0.0007438389895051412
32.2 -0.3639627269072472 0.0007736066157514321
32.233333333333334 -0.43580141246519377 0.0007961355131043679
32.266666666666666 -0.49421736380703646 0.0008114799084277258
32.3 -0.5403867058813185 0.0008211238611628424
32.333333333333336 -0.5725168810101717 0.0008269512627940845
32.36666666666667 -0.5904512228965103 0.0008314346651633331
32.4 -0.5933169337798516 0.0008316491076599819
32.43333333333333 -0.5804996180611297 0.0008305339463466899
32.46666666666667 -0.5533214711357587 0.000826486259991599
32.5 -0.5121001254782961 0.0008182807542452819
32.53333333333333 -0.4554438961719636 0.0008040189543251364
32.56666666666667 -0.3877082354541728 0.0007834237625889418
32.6 -0.3090877674846509 0.0007576779751112261
32.63333333333333 -0.22406822264845513 0.0007216804213251715
32.666666666666664 -0.1321730353217586 0.0006761911328384829
32.7 -0.036183161526096054 0.000625002238948083
32.733333333333334 0.05771830774417481 0.0006382823001569726
32.766666666666666 0.15062242457785655 0.0006862449498855339
32.8 0.23788323073130005 0.0007281090522373301
32.833333333333336 0.31846768370698514 0.000761496903319836
32.86666666666667 0.39493745066482777 0.0007886070063004014
32.9 0.4552197593832913 0.0008089463112541662
32.93333333333333 0.5067540507616966 0.0008205491479051918
32.96666666666667 0.5426519452798073 0.000829172381012544
33.0 0.5652372059898065 0.0008333861595435366
33.03333333333333 0.5720779273541237 0.0008347716108484393
33.06666666666667 0.5665509692308291 0.0008358348215837808
33.1 0.5438167280370754 0.0008315612065201705
33.13333333333333 0.5070968130217465 0.0008241584695828363
33.166666666666664 0.45714010587215315 0.0008103137379067982
33.2 0.3944536290726636 0.0007923245547906688
33.233333333333334 0.3204546114202134 0.000765312360342052
33.266666666666666 0.23614710155599503 0.000727418308583222
33.3 0.14541959876368046 0.0006860475704036639
33.333333333333336 0.055892600131323 0.000637052400105434
33.36666666666667 -0.03931569453448014 0.0006252520244664841
33.4 -0.13139236928428435 0.0006745780877083773
33.43333333333333 -0.22105917404227285 0.0007174743957849006
33.46666666666667 -0.3028254540986051 0.0007508878487721415
33.5 -0.38145707994712663 0.0007807822371267981
33.53333333333333 -0.4467716009391715 0.0007981128142959815
33.56666666666667 -0.5028357841989505 0.0008123717135525288
33.6 -0.5446127343600851 0.0008220344239471267
33.63333333333333 -0.5725366210029621 0.0008279858261198703
33.666666666666664 -0.5853973145047044 0.0008309836276858551
33.7 -0.5840468986332594 0.0008304117282510459
33.733333333333334 -0.5669420326208277 0.0008282475085112928
33.766666666666666 -0.5360193012972765 0.00082286966103573
33.8 -0.49032353925517014 0.0008124851811368572
33.833333333333336 -0.4315401417636806 0.0007971075702433716
33.86666666666667 -0.36137548879748554 0.00077662736039813
33.9 -0.28001145338028777 0.0007466344445242745
33.93333333333333 -0.19389991938977635 0.000707885252671403
33.96666666666667 -0.10126743835145333 0.0006612070346834475
34.0 -0.009175662128998882 0.0006086833511722376
34.03333333333333 0.08499744245994284 0.0006524141611692624
34.06666666666667 0.17680193442929323 0.000700959604671425
34.1 0.26010525675812113 0.0007387289140918241
34.13333333333333 0.3390893533790012 0.0007675927349772294
34.166666666666664 0.40818316183842035 0.0007935629249264387
34.2 0.46541093238135534 0.0008088529386838794
34.233333333333334 0.51172139995876 0.0008217651932400649
34.266666666666666 0.5446871710958983 0.0008294991414234953
34.3 0.5619013865146917 0.0008339124627507744
34.333333333333336 0.564588708935162 0.0008342983922962066
34.36666666666667 0.5533790402859777 0.000831855955109484
34.4 0.5265266365373876 0.0008283840849491186
34.43333333333333 0.4868867768079918 0.0008193315017803182
34.46666666666667 0.4337507701894947 0.0008043661228001042
34.5 0.36772075614317484 0.0007822745278151522
34.53333333333333 0.2924451861465365 0.0007554406555948523
34.56666666666667 0.2084347390876608 0.0007180675729013264
34.6 0.11840071046446947 0.000671938802084493
34.63333333333333 0.025875362010306647 0.0006194768525478248
34.666666666666664 -0.06638371629985367 0.0006413582547903918
34.7 -0.15769469749332232 0.0006870903573275855
34.733333333333334 -0.24539123051733908 0.0007291930350600551
34.766666666666666 -0.32595147224770177 0.0007599595214635158
34.8 -0.398424115044737 0.0007851081540458105
34.833333333333336 -0.46136465165046153 0.0008028153795229809
34.86666666666667 -0.510740519903654 0.0008137462422624919
34.9 -0.5472134559125105 0.000823811500455518
34.93333333333333 -0.571256645115471 0.0008275061745707246
34.96666666666667 -0.5791692461954521 0.0008296827239654414
35.0 -0.5733746467859208 0.0008290692385752862
35.03333333333333 -0.5531164609116827 0.000825787513009435
35.06666666666667 -0.5168715330453924 0.0008179736762951029
35.1 -0.4679391190089329 0.0008066000212215707
35.13333333333333 -0.4063329810139865 0.0007896463688272237
35.166666666666664 -0.3339403982172554 0.00076531472248903
35.2 -0.251189857082026 0.0007318194513415421
35.233333333333334 -0.16333776086923146 0.0006921303111138422
35.266666666666666 -0.07124252259500673 0.0006445777801490638
35.3 0.020271762750297902 0.0006156900285131696
35.333333333333336 0.11025421465009368 0.0006671457315320234
35.36666666666667 0.2026324829669936 0.0007118798530763581
35.4 0.2819785924797656 0.0007484402710140059
35.43333333333333 0.3572002329634176 0.000776711119296003
35.46666666666667 0.4223238265096352 0.000795701542146976
35.5 0.47578813037678985 0.0008131520872872722
35.53333333333333 0.5162966512773012 0.0008234543768718128
35.56666666666667 0.5445281899647613 0.0008286271523416655
35.6 0.5563331419137136 0.0008331126126289723
35.63333333333333 0.5549091799714384 0.0008323453536329684
35.666666666666664 0.538899372235046 0.0008297431828819812
35.7 0.5082163786828383 0.0008218804539966706
35.733333333333334 0.46581469082685295 0.0008125006495201537
35.766666666666666 0.40689611747663296 0.0007953667117815977
35.8 0.34056759176084966 0.0007711770739525781
35.833333333333336 0.26282155458981227 0.000741553363075298
35.86666666666667 0.1770264609513822 0.0007021375609413405
35.9 0.08647788449598813 0.0006532581124826242
35.93333333333333 -0.00593348419890578 0.0006063520792873242
35.96666666666667 -0.0955304698276626 0.0006566775465345204
36.0 -0.18449198550280743 0.0007020226673409569
36.03333333333333 -0.2694273315909703 0.0007386410310742941
36.06666666666667 -0.34651461145215906 0.0007670591812142802
36.1 -0.41470479843123065 0.0007900186388781205
36.13333333333333 -0.4717787058359114 0.0008059196292037885
36.166666666666664 -0.5183311291150972 0.0008161482656017238
36.2 -0.5492126354418686 0.0008238875320303318
36.233333333333334 -0.5672748957547893 0.0008275290008041836
36.266666666666666 -0.570958875327617 0.0008288397784443902
36.3 -0.5597240197035858 0.0008278368951074588
36.333333333333336 -0.5343564725255807 0.0008225496136268218
36.36666666666667 -0.4946505969587149 0.0008134545161567197
36.4 -0.4409392324637572 0.0008017574172022868
36.43333333333333 -0.37642045495704 0.0007804954919817253
36.46666666666667 -0.3032524046349087 0.0007546107428042514
36.5 -0.21960815282802237 0.0007198595504915306
36.53333333333333 -0.13460586134517952 0.0006795878056801985
36.56666666666667 -0.03971212747145947 0.0006274327755460968
36.6 0.052623364628130755 0.0006341794962804806
36.63333333333333 0.14247415906942007 0.0006813453419273752
36.666666666666664 0.2259543640289657 0.0007242368284245126
36.7 0.305198377919202 0.0007567142174229602
36.733333333333334 0.3770136262149636 0.0007837748873470995
36.766666666666666 0.4357677230425033 0.0008017973003139334
36.8 0.4825113171503193 0.000815206529429513
36.833333333333336 0.5195472018233512 0.0008247498052574853
36.86666666666667 0.5430308994861992 0.0008306853771081757
36.9 0.5514179502697995 0.0008317638954167261
36.93333333333333 0.5454094659039007 0.0008314464868098836
36.96666666666667 0.5240875664075448 0.0008275938351183232
37.0 0.48856346238697324 0.0008191830949262346
37.03333333333333 0.43911344569411365 0.0008037154400925561
37.06666666666667 0.3794723206913115 0.000787881448267802
37.1 0.3100798405656088 0.0007631190689702527
37.13333333333333 0.23263688274177002 0.000728704927460605
37.166666666666664 0.1449895994327529 0.0006851444788900929
37.2 0.05511335754326402 0.0006380548546757181
37.233333333333334 -0.035158358859600974 0.0006235406103880445
37.266666666666666 -0.12629231646147088 0.0006735207591456738
37.3 -0.21301650941779618 0.0007148309187444413
37.333333333333336 -0.29394900311011696 0.0007479574844294623
37.36666666666667 -0.367844517763055 0.0007743763857103736
37.4 -0.4301203845232102 0.000793875030774438
37.43333333333333 -0.4838077458824959 0.000808582134060376
37.46666666666667 -0.5244543164303332 0.0008177657134715854
37.5 -0.551099521767118 0.000823388693031224
37.53333333333333 -0.5637533135191101 0.0008271939991896238
37.56666666666667 -0.5621656027475367 0.0008272089593387433
37.6 -0.5453452600220204 0.0008244941126890337
37.63333333333333 -0.5155270134374429 0.0008188060683829157
37.666666666666664 -0.47123799669801414 0.000808750995686558
37.7 -0.41478253253521524 0.0007925001615153304
37.733333333333334 -0.34722862140811256 0.0007713624872353053
37.766666666666666 -0.2709714623403489 0.000741050216236605
37.8 -0.1875049742751902 0.0007043579248149356
37.833333333333336 -0.09901434267000642 0.0006594134433593746
37.86666666666667 -0.009090112983682189 0.0006085382063415641
37.9 0.08109857119823749 0.0006508640581521508
37.93333333333333 0.1677241089026757 0.0006950248025610062
37.96666666666667 0.25262474274776425 0.0007352147522252106
38.0 0.3289006903802985 0.0007659159446449237
38.03333333333333 0.3946529617912757 0.0007870913181751704
38.06666666666667 0.44979743376084075 0.0008054053039466269
38.1 0.4932101909310396 0.0008167218226738382
38.13333333333333 0.5234768911086941 0.0008258368670143179
38.166666666666664 0.5398220572361868 0.0008300728475777452
38.2 0.5438181174985731 0.0008312112828363638
38.233333333333334 0.53209897098733 0.0008291340389843249
38.266666666666666 0.5066195706690265 0.0008241518374034751
38.3 0.4658795849518664 0.0008123279539909989
38.333333333333336 0.4130439639797156 0.0007978966258351816
38.36666666666667 0.35021444655687006 0.0007773324057190889
38.4 0.2762848914360175 0.0007458914103208869
38.43333333333333 0.19719550104545672 0.0007126215627809851
38.46666666666667 0.1108834886757559 0.0006673032468380857
38.5 0.02238362270413202 0.0006160599053931862
38.53333333333333 -0.06746533061813433 0.0006416929330536475
38.56666666666667 -0.15598851932870894 0.0006873484162518151
38.6 -0.23932412384565077 0.000726605573348138
38.63333333333333 -0.3191142082428666 0.0007582208660296685
38.666666666666664 -0.38762418242721863 0.0007801693383909236
38.7 -0.4471953695622274 0.0007979922344454882
38.733333333333334 -0.4949614634519075 0.0008109025551279458
38.766666666666666 -0.5289203630729091 0.0008196808737254146
38.8 -0.5509562931003766 0.0008239166457157943
38.833333333333336 -0.5578271454997817 0.0008258819351686375
38.86666666666667 -0.5511147400129403 0.0008251303310365943
38.9 -0.5299417413929942 0.0008217632003443276
38.93333333333333 -0.4950068595248148 0.0008134773464419376
38.96666666666667 -0.44569211320200935 0.0008024470404768835
39.0 -0.38595868138732997 0.0007840651206544313
39.03333333333333 -0.3144501148693935 0.0007582245853011704
39.06666666666667 -0.23669367405876904 0.0007277304490789227
39.1 -0.1524352622328557 0.0006877516558785324
39.13333333333333 -0.06396035539719053 0.0006404128756875016
39.166666666666664 0.023335809164414894 0.0006176898356846962
39.2 0.11184987945373753 0.0006656224093012503
39.233333333333334 0.2001131390606754 0.0007105181191567889
39.266666666666666 0.2788773886926639 0.0007442768697463187
39.3 0.3491807660865401 0.0007728670440931285
39.333333333333336 0.4123184269557724 0.0007929181999004609
39.36666666666667 0.4616781350538439 0.0008089684710220202
39.4 0.5011259698932993 0.0008196172830245985
39.43333333333333 0.5244390784572108 0.0008262462810851856
39.46666666666667 0.5352610913069963 0.0008278020073481107
39.5 0.5328755651022774 0.0008297104674331868
39.53333333333333 0.517368180992676 0.0008258316435197921
39.56666666666667 0.4877725810692057 0.0008182469165103901
39.6 0.44184988626309796 0.0008050514344314919
39.63333333333333 0.387563938351896 0.0007899640210784487
39.666666666666664 0.3199472628862297 0.00076500586199163
39.7 0.24554632620707775 0.0007348462908143838
39.733333333333334 0.16115045330793795 0.0006935191040034205
39.766666666666666 0.07561726914499338 0.0006468069418757022
39.8 -0.012347634366559756 0.0006107587106934532
39.833333333333336 -0.10038282066512576 0.0006585248112557784
39.86666666666667 -0.18434977674562597 0.0007022602352741159
39.9 -0.26619260446624754 0.0007372161729301552
39.93333333333333 -0.341763715002175 0.0007664251541985023
39.96666666666667 -0.4068651807059335 0.0007875126038474067
40.0 -0.4609889384180548 0.0008026088705785916
40.03333333333333 -0.503162751174624 0.0008149273481188324
40.06666666666667 -0.5323900389914447 0.0008200557563623478
40.1 -0.5485542845965914 0.0008241711238268223
40.13333333333333 -0.5499537799409042 0.000824983719392991
40.166666666666664 -0.537697295066829 0.0008235797426495717
40.2 -0.5106273787055707 0.0008176303724914957
40.233333333333334 -0.4708027142588291 0.0008086389324616916
40.266666666666666 -0.41811768436970786 0.0007953363038840089
40.3 -0.3560549400053356 0.0007741474386954161
40.333333333333336 -0.282615032198728 0.0007465610602075956
40.36666666666667 -0.20161481526408984 0.0007134674483932901
40.4 -0.11569405843729721 0.0006693562545337789
40.43333333333333 -0.02936049103541481 0.0006207422652072525
40.46666666666667 0.05788037830034581 0.0006371094984571682
40.5 0.14428368751544995 0.0006832044854339914
40.53333333333333 0.22778252089426917 0.0007254458311122813
40.56666666666667 0.30223128882015227 0.0007553746416997242
40.6 0.3709938271413588 0.0007814907515386604
40.63333333333333 0.4279218492793457 0.000799622726427418
40.666666666666664 0.47310259300446317 0.0008122618693992001
40.7 0.5067126943130609 0.0008204499924978625
40.733333333333334 0.5237193881857114 0.0008268285685454346
40.766666666666666 0.5308355910373326 0.0008284545543728594
40.8 0.5221387248849478 0.00082657888730997
40.833333333333336 0.5011479865446596 0.0008207654076894944
40.86666666666667 0.46504528701400705 0.0008126303814938174
40.9 0.4159878826324792 0.000797883541797717
40.93333333333333 0.3562521393213767 0.000777718341105682
40.96666666666667 0.2853276451101884 0.000751873032867223
41.0 0.20953714458331343 0.0007176144715338451
41.03333333333333 0.12727459364885263 0.0006756988394585606
41.06666666666667 0.04110761284582235 0.0006288630342650425
41.1 -0.049332444593660776 0.0006323475206356788
41.13333333333333 -0.13465912953143966 0.0006763941053077038
41.166666666666664 -0.21570366977326996 0.0007136812229228684
41.2 -0.29357858914837354 0.000748313325321881
41.233333333333334 -0.3641086142891521 0.000774015991017396
41.266666666666666 -0.4237278235921508 0.0007929887875500752
41.3 -0.473953863450326 0.0008062145924776498
41.333333333333336 -0.5100355510395893 0.0008153198083301616
41.36666666666667 -0.5341675647677259 0.0008200752150971935
41.4 -0.5445387042577695 0.0008251716580846002
41.43333333333333 -0.5403839477981052 0.0008237167893107022
41.46666666666667 -0.5223861637333823 0.0008188397796911051
41.5 -0.49093085179027796 0.0008130373843239225
41.53333333333333 -0.44540811835142274 0.0008022746489398935
41.56666666666667 -0.39044534180601315 0.0007852338136265513
41.6 -0.3224125622736116 0.0007625452936216859
41.63333333333333 -0.24659936629097187 0.0007307243750814818
41.666666666666664 -0.16422234449264908 0.000693171194322828
41.7 -0.07897395234539113 0.0006485552376023634
41.733333333333334 0.006825326607319536 0.0006062343134437551
41.766666666666666 0.09160611801631735 0.0006562935002795145
41.8 0.1776938864154358 0.0007015503568133796
41.833333333333336 0.2554393621115054 0.0007374549249071771
41.86666666666667 0.3273958528048102 0.000764504285324652
41.9 0.3907930348003826 0.0007868362006149265
41.93333333333333 0.4414481737444703 0.0008016641206919362
41.96666666666667 0.479427316596238 0.000815101848070765
42.0 0.5093946060415044 0.0008216786562371681
