0.0 -0.9052724173545942 0.000843008423092706
0.03333333333333333 -0.9406870597801411 0.0008401482313366015
0.06666666666666667 -0.9541807427580451 0.0008391185766315479
0.1 -0.9465436537133473 0.0008422617933436793
0.13333333333333333 -0.9167843253568729 0.0008442756655218098
0.16666666666666666 -0.8632673824640436 0.0008486012793889053
0.2 -0.7868533779092703 0.0008507294669036769
0.23333333333333334 -0.6899276592803809 0.0008457983809451175
0.26666666666666666 -0.5789066395744252 0.0008323567981725066
0.3 -0.4499179632459192 0.0008007496681076698
0.3333333333333333 -0.3080100765898255 0.0007531434993833241
0.36666666666666664 -0.15970042284965236 0.0006830727196253383
0.4 -0.00895020291611846 0.0005985222778576767
0.43333333333333335 0.1405744672349465 0.0006661521003577808
0.4666666666666667 0.2849756663157553 0.0007337115572898512
0.5 0.42404812684590876 0.0007819654871467074
0.5333333333333333 0.5495930443385819 0.0008099246597674803
0.5666666666666667 0.6623050072499173 0.0008263080564131497
0.6 0.7588967742819237 0.0008319832824276174
0.6333333333333333 0.8392075447254715 0.0008267259529533
0.6666666666666666 0.896996254235709 0.0008250939252328893
0.7 0.9357548034835946 0.0008214528853908165
0.7333333333333333 0.9497654374634401 0.0008218931198433754
0.7666666666666667 0.9439130782022596 0.0008211853035445804
0.8 0.9144567186139952 0.0008260579119333533
0.8333333333333334 0.8641200938582332 0.0008320176110262478
0.8666666666666667 0.7875243198257569 0.000835956137781757
0.9 0.6940680770454136 0.0008344454460351702
0.9333333333333333 0.5815779515676742 0.0008204563815229493
0.9666666666666667 0.4545697136054021 0.0007941312957987501
1.0 0.3136358916657063 0.0007485442133484121
1.0333333333333334 0.16251156692322813 0.0006810271012784586
1.0666666666666667 0.014531232781795531 0.0006000729841630775
1.1 -0.13487709119933222 0.0006688449712772548
1.1333333333333333 -0.2771991001303057 0.0007354935969458576
1.1666666666666667 -0.4122913124374578 0.0007856341211891493
1.2 -0.5369520712573397 0.0008178525510079693
1.2333333333333334 -0.6488917181061828 0.0008388617689315536
1.2666666666666666 -0.7446664893309894 0.0008451670279598922
1.3 -0.8219504781621474 0.0008486270485242864
1.3333333333333333 -0.8814300195817528 0.0008452929944996468
1.3666666666666667 -0.9196447596944255 0.0008426507072877287
1.4 -0.9365658546244233 0.0008418000491483557
1.4333333333333333 -0.9317115339179156 0.0008427563493045298
1.4666666666666666 -0.9050565802246031 0.0008451746777311531
1.5 -0.8551497195794037 0.0008489409776564205
1.5333333333333334 -0.7830569622888962 0.0008508502058728329
1.5666666666666667 -0.6932364736116761 0.0008469218777649168
1.6 -0.5839851917778789 0.0008330248502693705
1.6333333333333333 -0.45917071010637267 0.0008029877436797062
1.6666666666666667 -0.3215794970202336 0.0007552507057830837
1.7 -0.1754513321447897 0.0006918097951868207
1.7333333333333334 -0.028482315524137547 0.0006122307747456375
1.7666666666666666 0.12113768948070738 0.0006582611769100077
1.8 0.2636665440793956 0.0007235786939263078
1.8333333333333333 0.400588107360365 0.0007742899568345396
1.8666666666666667 0.5273773916392097 0.0008085136501466694
1.9 0.6388770725782092 0.0008236503952135932
1.9333333333333333 0.7361328088374668 0.0008313511469827395
1.9666666666666666 0.8160661266106278 0.0008297636461293001
2.0 0.875956593519551 0.0008275699603745856
2.033333333333333 0.9163301162088184 0.0008237411358145152
2.066666666666667 0.9334261901040859 0.0008228045948701634
2.1 0.9291501310301804 0.0008225306938952626
2.1333333333333333 0.903218307170713 0.0008267313268139898
2.1666666666666665 0.8539954403233698 0.000831838719909106
2.2 0.7823950736435532 0.0008352490568190873
2.2333333333333334 0.6884220700774145 0.0008328135565690564
2.2666666666666666 0.5820360546717663 0.0008226084114750787
2.3 0.4573101938913309 0.0007960029890792808
2.3333333333333335 0.31847617828815006 0.0007512987188935671
2.3666666666666667 0.17304111491305593 0.0006875085156071714
2.4 0.025195170503194503 0.0006061369098433467
2.433333333333333 -0.11712079604193401 0.0006602675843060263
2.466666666666667 -0.26093887186934334 0.0007283680097249223
2.5 -0.3938957834580309 0.0007777575677231918
2.533333333333333 -0.5169651619584055 0.0008142406628394161
2.566666666666667 -0.628775133347216 0.0008364446127540059
2.6 -0.7238006118254275 0.0008459800339807311
2.6333333333333333 -0.8028186423250152 0.0008468014253364409
2.6666666666666665 -0.8626071544565782 0.0008469503245343013
2.7 -0.9019470065101656 0.0008430432751895811
2.7333333333333334 -0.9203084528888784 0.0008432373056295184
2.7666666666666666 -0.9156567298399187 0.0008437720974112661
2.8 -0.8907096808185309 0.0008456830641911939
2.8333333333333335 -0.8427263212877297 0.0008492108673755494
2.8666666666666667 -0.7739771424486792 0.0008514205424965393
2.9 -0.6862132738798805 0.0008442275431393975
2.933333333333333 -0.5780996164261405 0.0008318511176179655
2.966666666666667 -0.45644735707163 0.0007996996941882495
3.0 -0.32258472693677265 0.0007567047597677456
3.033333333333333 -0.1788815738591101 0.0006950935263589642
3.066666666666667 -0.033410167323437594 0.0006155305253739835
3.1 0.11146392203515447 0.0006553822474997667
3.1333333333333333 0.2518002669884237 0.0007226949674518091
3.1666666666666665 0.3868817856813981 0.000771703245275146
3.2 0.5112724649879761 0.0008051850583831177
3.2333333333333334 0.6246599668552728 0.0008226688859076514
3.2666666666666666 0.7194238665929543 0.0008307425415341463
3.3 0.7975628250216262 0.0008326164899000732
3.3333333333333335 0.8580834709860378 0.0008263903336610534
3.3666666666666667 0.8978286051699161 0.0008269506563046702
3.4 0.915761691837312 0.0008272539945675117
3.433333333333333 0.9116968991807888 0.0008253739163510687
3.466666666666667 0.8860071842025256 0.0008285862688229839
3.5 0.8388081824363851 0.0008339980489249221
3.533333333333333 0.7688932901273938 0.0008365179451803595
3.566666666666667 0.6797777805304149 0.0008315605465413212
3.6 0.5699853112583347 0.0008193487872870664
3.6333333333333333 0.45202901321062183 0.0007905945133704351
3.6666666666666665 0.3133030075112892 0.0007484611497335369
3.7 0.1672986429714496 0.0006847185483425944
3.7333333333333334 0.025142766510253736 0.000609397537308036
3.7666666666666666 -0.11988703152374884 0.000661811662426931
3.8 -0.25946124453553754 0.0007280223466397673
3.8333333333333335 -0.3884801501216931 0.0007758541248502615
3.8666666666666667 -0.5103455817778113 0.0008142229255865274
3.9 -0.6202403086844303 0.000833058808826892
3.933333333333333 -0.7134761898995153 0.0008440336624809808
3.966666666666667 -0.7877441176221786 0.0008482236451017311
4.0 -0.8478206588996516 0.0008466613080054808
4.033333333333333 -0.8860426652504246 0.0008474613483873128
4.066666666666666 -0.9029897524834877 0.0008449169113480259
4.1 -0.8995581862453518 0.0008471850156430705
4.133333333333334 -0.8732357688970944 0.0008498517866929456
4.166666666666667 -0.8255502252204602 0.0008503071813796836
4.2 -0.7567869868001627 0.0008512860678432377
4.233333333333333 -0.6699094078520595 0.0008428610097228617
4.266666666666667 -0.5631508154624184 0.0008288936619796905
4.3 -0.44438285977793185 0.0007982228187454754
4.333333333333333 -0.31192191901603944 0.0007524438818859447
4.366666666666666 -0.1687684058281203 0.0006862768460324797
4.4 -0.028271562897797867 0.0006102439427273579
4.433333333333334 0.11339802588492198 0.0006564945659200544
4.466666666666667 0.2575783807747731 0.0007222968478836078
4.5 0.38749638796327823 0.0007724932509649007
4.533333333333333 0.5070117980238888 0.0008035542750340907
4.566666666666666 0.6181251476700755 0.0008208251476665707
4.6 0.7121888364908405 0.0008306089035096109
4.633333333333334 0.7884978441168531 0.0008307777549325657
4.666666666666667 0.8463854031605343 0.0008270535179084604
4.7 0.8833426549220895 0.0008251856869696539
4.733333333333333 0.8997573810118094 0.0008261668032558678
4.766666666666667 0.8941784494152231 0.0008277693540502673
4.8 0.866638046391562 0.0008298658004743942
4.833333333333333 0.8194745472561824 0.0008335192178204887
4.866666666666666 0.749664361342549 0.0008356615211327911
4.9 0.6583930237399946 0.000831169926931663
4.933333333333334 0.5533353003436274 0.0008159325493690694
4.966666666666667 0.43205646341110243 0.0007890623826923848
5.0 0.296056251653497 0.0007440850025023926
5.033333333333333 0.15430885862986637 0.0006793471580036903
5.066666666666666 0.015325948686979443 0.0006044806428902472
5.1 -0.12873523381599683 0.0006667713898239058
5.133333333333334 -0.26272130261008664 0.0007310172341753463
5.166666666666667 -0.39122650417585536 0.0007790099245404969
5.2 -0.5099221975178427 0.0008142905887373875
5.233333333333333 -0.6167119044959638 0.0008337448640809431
5.266666666666667 -0.7058888863145445 0.0008448067760410405
5.3 -0.780811055081525 0.0008476746285954739
5.333333333333333 -0.8384824751898947 0.0008466089729320947
5.366666666666666 -0.8737594744465621 0.0008458216427665866
5.4 -0.8884992959457861 0.0008461964691317547
5.433333333333334 -0.8825679165053917 0.000846981454462159
5.466666666666667 -0.8552135563428717 0.0008485475771429218
5.5 -0.8061288016759904 0.0008520374791334273
5.533333333333333 -0.7366270260735256 0.0008501156741577143
5.566666666666666 -0.6478143597102687 0.0008420531555022315
5.6 -0.5412327942533378 0.0008229437682292229
5.633333333333334 -0.42325211966161275 0.0007924151421881409
5.666666666666667 -0.2907542109524964 0.0007439736725369794
5.7 -0.1488991027420609 0.0006787522287762526
5.733333333333333 -0.010684288900110259 0.0005994549215986387
5.766666666666667 0.1282771998849173 0.000663176312779401
5.8 0.265678746273711 0.0007271172022526029
5.833333333333333 0.3976188232571326 0.0007729966599986926
5.866666666666666 0.5156513567958156 0.0008037843835418945
5.9 0.6182402766840859 0.0008198301512464257
5.933333333333334 0.711614343471775 0.0008299406483723848
5.966666666666667 0.7833590584317442 0.0008305171288790492
6.0 0.8386106379841286 0.0008306831586997188
6.033333333333333 0.8723035325536704 0.0008287413170214863
6.066666666666666 0.8854446645638568 0.0008274316371097434
6.1 0.8763021835075575 0.0008286409392100902
6.133333333333334 0.8463343126048387 0.0008319756399360889
6.166666666666667 0.7976593819407877 0.0008352266206184122
6.2 0.7234453781180835 0.0008338176178996903
6.233333333333333 0.6317610602773891 0.0008283534720566754
6.266666666666667 0.5275746484671202 0.0008126081734155521
6.3 0.40524351636706707 0.0007810767062905732
6.333333333333333 0.2673236573008686 0.0007315273479031603
6.366666666666666 0.12985516317608237 0.0006678810857135564
6.4 -0.010575062304288231 0.0006016028247725867
6.433333333333334 -0.14869906834787708 0.0006776339032301126
6.466666666666667 -0.27949676709470495 0.0007390062331694702
6.5 -0.4055262848447418 0.0007835838320734423
6.533333333333333 -0.5199299797162019 0.0008141184160063153
6.566666666666666 -0.6215311341879183 0.0008349022411888729
6.6 -0.707232217564838 0.0008438710834179908
6.633333333333334 -0.778177741206798 0.0008474504568829477
6.666666666666667 -0.8298629155744427 0.000848129398101416
6.7 -0.8624246036687502 0.0008472915821208238
6.733333333333333 -0.8736198446750901 0.0008470578070597368
6.766666666666667 -0.8632892046329737 0.0008485954933511453
6.8 -0.8323102641335018 0.0008504918399802053
6.833333333333333 -0.7814400325011369 0.0008497052355416201
6.866666666666666 -0.7079533783045883 0.0008492677052617248
6.9 -0.616827167634008 0.0008358286915376434
6.933333333333334 -0.5123498443982333 0.0008170704906421689
6.966666666666667 -0.39010685329941797 0.0007801985740581996
7.0 -0.26108414000679714 0.0007321671356233517
7.033333333333333 -0.12381286404282037 0.0006636955494861013
7.066666666666666 0.013503674703453228 0.0006034045739119649
7.1 0.15283628435012356 0.0006786209506378371
7.133333333333334 0.28564048272439696 0.0007343842403977896
7.166666666666667 0.4114222765786134 0.0007789749037210858
7.2 0.5253913020127984 0.000807912781081721
7.233333333333333 0.6270357622156786 0.0008246301623678898
7.266666666666667 0.7127685955721911 0.0008310313551729287
7.3 0.7819386468673234 0.0008322155308747581
7.333333333333333 0.8324938264098313 0.0008303012941427435
7.366666666666666 0.8611556549015522 0.0008307783407118796
7.4 0.8689448003198135 0.0008290538334997377
7.433333333333334 0.8573009461571838 0.0008309115992246596
7.466666666666667 0.8229340002138583 0.0008333054050450039
7.5 0.7680294444978217 0.0008342874694966529
7.533333333333333 0.6925079919877011 0.0008318929596096147
7.566666666666666 0.6021501087962535 0.0008248300508539863
7.6 0.49178603603682386 0.0008030211698993872
7.633333333333334 0.36668215020564887 0.0007671420632928139
7.666666666666667 0.2351799109842353 0.000717248028087536
7.7 0.09874168341933065 0.0006528821423290171
7.733333333333333 -0.0390771145776156 0.000619789155136434
7.766666666666667 -0.17391471574223638 0.0006895994206759515
7.8 -0.3054735856760813 0.000747456685864567
7.833333333333333 -0.4264654590073869 0.0007919233628967404
7.866666666666666 -0.5355327373840202 0.0008172401362938064
7.9 -0.633891259941795 0.0008366638124264192
7.933333333333334 -0.7155163998069819 0.0008454008620515374
7.966666666666667 -0.7794659828702052 0.0008488712582858104
8.0 -0.8270244393713223 0.0008521524776738953
8.033333333333333 -0.8526727621870624 0.0008522606676707456
8.066666666666666 -0.858488871762794 0.000852019029342288
8.1 -0.8441904671758399 0.000850342231752288
8.133333333333333 -0.8083521874420619 0.000850448135951809
8.166666666666666 -0.7514706219137087 0.0008504256191587123
8.2 -0.6745679261772928 0.0008435782646437628
8.233333333333333 -0.5817461742401921 0.0008316306277228458
8.266666666666667 -0.4757277702008176 0.0008074328109457518
8.3 -0.35204885326517266 0.0007662539514595168
8.333333333333334 -0.2241974450064689 0.0007147470583228899
8.366666666666667 -0.08798161291415654 0.0006465973827732285
8.4 0.050438409878641725 0.0006232154271380505
8.433333333333334 0.18525142063721314 0.0006902166058256332
8.466666666666667 0.3157095378457807 0.0007453395829271625
8.5 0.43504863210486466 0.0007865984160164707
8.533333333333333 0.5469361493946815 0.0008119393751435666
8.566666666666666 0.6425462259502135 0.0008251907843837003
8.6 0.721536406825003 0.0008309673110120652
8.633333333333333 0.7841611324133851 0.0008321664519440608
8.666666666666666 0.8278607241436788 0.000829803776493887
8.7 0.8508346905301702 0.0008301139557862491
8.733333333333333 0.853024455451157 0.0008318043970889644
8.766666666666667 0.8362530494884147 0.0008339579933986929
8.8 0.7972453886353899 0.000833892548229187
8.833333333333334 0.7369629424837792 0.0008342627938323632
8.866666666666667 0.6573395297781026 0.0008315411621201418
8.9 0.5622829704555268 0.0008204291041019607
8.933333333333334 0.4508725296248133 0.0007937173806460973
8.966666666666667 0.3264593283439289 0.0007540192867322437
9.0 0.19320387294733207 0.0007008526349959743
9.033333333333333 0.05793082564188799 0.0006295951134228511
9.066666666666666 -0.07829389587193751 0.0006411287975652408
9.1 -0.20996997410089796 0.000707826468370143
9.133333333333333 -0.33618338248319135 0.0007606467647327531
9.166666666666666 -0.45039861180308843 0.0007960405013338057
9.2 -0.5568615286309706 0.0008234378468571224
9.233333333333333 -0.6474553510505058 0.0008377612426264669
9.266666666666667 -0.7248682362855536 0.0008457506854101515
9.3 -0.7819818912462331 0.000848022270317994
9.333333333333334 -0.8227723723028815 0.0008478489040170123
9.366666666666667 -0.8424664254760114 0.0008481370953231648
9.4 -0.8423021765808844 0.0008498971428961832
9.433333333333334 -0.8209549400249995 0.0008505644847885963
9.466666666666667 -0.7795317991881014 0.000851637125350635
9.5 -0.7165652138857659 0.0008494346539652531
9.533333333333333 -0.6383140468079426 0.000841421353846572
9.566666666666666 -0.5395348292602978 0.0008227882789914043
9.6 -0.42918981724773814 0.0007937066422952221
9.633333333333333 -0.30747908910639477 0.000751259069916077
9.666666666666666 -0.17708716920267314 0.0006940036013856621
9.7 -0.03956464501785224 0.0006193270978157514
9.733333333333333 0.09178973787053807 0.0006467275936580114
9.766666666666667 0.22691387613938008 0.0007130064011416082
9.8 0.3495552742910288 0.0007593734969381094
9.833333333333334 0.4639786445990258 0.0007933540665719385
9.866666666666667 0.5701034193286543 0.000814321835055476
9.9 0.6601589166314026 0.0008265001612306477
9.933333333333334 0.7333076711274568 0.000830383560224579
9.966666666666667 0.7879048827059453 0.0008326487770800028
10.0 0.8238836363057108 0.0008315199576917065
10.033333333333333 0.8377848747604202 0.0008314830160298659
10.066666666666666 0.8359994469809438 0.0008316110004626953
10.1 0.8109264347601578 0.0008342332757338422
10.133333333333333 0.7659687781218915 0.000834155010734472
10.166666666666666 0.6990816863495333 0.000833144763037863
10.2 0.6170154373418673 0.0008244302499930134
10.233333333333333 0.5150929786724504 0.00080843534920505
10.266666666666667 0.4009764780057097 0.0007784872624369554
10.3 0.27339951053914263 0.000732728581086417
10.333333333333334 0.14444592959191443 0.000675019129819876
10.366666666666667 0.01006345059417245 0.0006023826413271028
10.4 -0.12249258538356475 0.0006644313787206729
10.433333333333334 -0.2510156813065691 0.0007258153056987626
10.466666666666667 -0.37306739664490723 0.0007731472305801956
10.5 -0.483307470963167 0.0008080573505732658
10.533333333333333 -0.5831181605524056 0.0008284784472161189
10.566666666666666 -0.6671924486810388 0.0008397739856159658
10.6 -0.7348920874558252 0.0008474836895910887
10.633333333333333 -0.7858016995542844 0.0008484970089510657
10.666666666666666 -0.8180690533422088 0.0008500798444034396
10.7 -0.8303277822623317 0.0008490686208545428
10.733333333333333 -0.8227813169436771 0.0008498856631610208
10.766666666666667 -0.7942305776133304 0.0008498468326545439
10.8 -0.7465229988043138 0.0008488014343989159
10.833333333333334 -0.6773981013438658 0.0008444788637721468
10.866666666666667 -0.5901917914711106 0.0008315052278804469
10.9 -0.49166409714363607 0.0008117239406875143
10.933333333333334 -0.3766066039653549 0.0007770559310574243
10.966666666666667 -0.2527714085105968 0.0007290123471839216
11.0 -0.12437780775396529 0.0006671706955488632
11.033333333333333 0.01053203453063827 0.0006023376628854805
11.066666666666666 0.1434078428020954 0.0006721653715119902
11.1 0.27047146394763655 0.0007280316020472077
11.133333333333333 0.3888812526539955 0.0007718909216400949
11.166666666666666 0.49952252451541823 0.0008012053743741143
11.2 0.598390442406764 0.0008183290564841572
11.233333333333333 0.6772560230505058 0.0008283755461321318
11.266666666666667 0.7435320699514357 0.0008305192838701236
11.3 0.7906600269615792 0.0008321356846768824
11.333333333333334 0.818976837384109 0.0008327671758047162
11.366666666666667 0.8260497505785747 0.000832312215231723
11.4 0.8140191218695283 0.0008321452296592424
11.433333333333334 0.7817168307813368 0.0008339934486325529
11.466666666666667 0.7281969464818446 0.0008369049549687979
11.5 0.655576702917059 0.0008296508112055623
11.533333333333333 0.5675823540730237 0.0008200868693046814
11.566666666666666 0.4620114710285388 0.0007961703012254184
11.6 0.34539606085358066 0.0007643553980479778
11.633333333333333 0.22035070257488754 0.0007093766477757335
11.666666666666666 0.08873318523924095 0.0006455023660956044
11.7 -0.047131232195274896 0.0006242828943253537
11.733333333333333 -0.1734742785447107 0.0006913781429582488
11.766666666666667 -0.2970995677146223 0.0007464283721453913
11.8 -0.4153171888251068 0.0007871855360142566
11.833333333333334 -0.5174571245509451 0.000814109684796116
11.866666666666667 -0.60822054144405 0.0008351768187025987
11.9 -0.6875916351165849 0.000844770186043009
11.933333333333334 -0.7478821180169581 0.000847194728123668
11.966666666666667 -0.7891799602883979 0.0008478005715027992
12.0 -0.8126319943340058 0.0008498782612502698
12.033333333333333 -0.8161151164827521 0.0008509342436240352
12.066666666666666 -0.7994605979308265 0.0008508175344060787
12.1 -0.7625299602177852 0.000848949223460238
12.133333333333333 -0.7050188939412658 0.0008463548895615292
12.166666666666666 -0.6305304811889345 0.0008403154578664473
12.2 -0.54152485265938 0.0008221417272286091
12.233333333333333 -0.4362962160876751 0.000794557363209325
12.266666666666667 -0.3196635751381957 0.0007565373072661585
12.3 -0.1952955718572045 0.0007028824572090087
12.333333333333334 -0.06368097128172329 0.0006322847063310183
12.366666666666667 0.07036827635324655 0.000634567090839061
12.4 0.197435149184718 0.0006968860822466894
12.433333333333334 0.3190783475498977 0.0007498428657863321
12.466666666666667 0.43299018426284697 0.0007841281703729885
12.5 0.5365543081894886 0.0008091119189845841
12.533333333333333 0.6250275792656722 0.0008217983517245786
12.566666666666666 0.699365145299866 0.000831407209043733
12.6 0.755060118670406 0.0008304413139976763
12.633333333333333 0.7939883699644324 0.0008313267981394645
12.666666666666666 0.8109388570152544 0.0008338656577749903
12.7 0.8099964420860761 0.0008327996832917517
12.733333333333333 0.788225304706266 0.0008345178914184181
12.766666666666667 0.7467951856750598 0.0008349385131074527
12.8 0.684307250499011 0.0008311175253415959
12.833333333333334 0.6034206878787375 0.0008243900231011958
12.866666666666667 0.5100435329162368 0.0008077363072739319
12.9 0.4002937429217635 0.0007788385977860468
12.933333333333334 0.2818422611834997 0.0007353455815656273
12.966666666666667 0.1557781502876104 0.0006803435563934312
13.0 0.024631399901804813 0.0006095546052985387
13.033333333333333 -0.10498728283320456 0.0006562582026369973
13.066666666666666 -0.23098909957881084 0.0007187932685823462
13.1 -0.34837156377332107 0.0007671081341968367
13.133333333333333 -0.45863630089336166 0.0008001819343511629
13.166666666666666 -0.554821321791713 0.0008216155686540105
13.2 -0.6368852905384521 0.0008374006759361841
13.233333333333333 -0.7058066094035389 0.0008448415089908901
13.266666666666667 -0.7582687019923942 0.0008475768072576662
13.3 -0.7900858067883085 0.0008492822564479807
13.333333333333334 -0.8040191850363865 0.0008499590631465548
13.366666666666667 -0.7972178374488025 0.0008503392053672565
13.4 -0.7710861060759807 0.0008491263373352487
13.433333333333334 -0.7269028450469711 0.0008495532090173619
13.466666666666667 -0.6615452780829346 0.0008435844266406756
13.5 -0.5793405129099772 0.0008310721885823602
13.533333333333333 -0.4841773523020067 0.0008082490249368135
13.566666666666666 -0.3724776990449705 0.000774911821276314
13.6 -0.25291458618267415 0.0007288276768787627
13.633333333333333 -0.12943956904976484 0.0006695015578934704
13.666666666666666 0.0031789783371954316 0.000599216287212624
13.7 0.13154316220009887 0.0006683340899451828
13.733333333333333 0.25439104500199855 0.0007234450846163032
13.766666666666667 0.3722093929103243 0.0007644794396786669
13.8 0.47830290931226976 0.0007960851862847118
13.833333333333334 0.5737109911092813 0.000815760046632974
13.866666666666667 0.6537879348552906 0.0008255403808534734
13.9 0.7171630067505032 0.000830732600244799
13.933333333333334 0.7642515895042045 0.0008310801545857727
13.966666666666667 0.7922824964546012 0.0008334044676204799
14.0 0.8004415720089322 0.0008349783711935066
14.033333333333333 0.7886015423775292 0.0008335667095584753
14.066666666666666 0.7561101314249247 0.0008338307282379498
14.1 0.7064277325899591 0.0008339923368468893
14.133333333333333 0.6354541999051788 0.0008288655377545195
14.166666666666666 0.5486089786901519 0.0008147969660610155
14.2 0.44578538980801313 0.0007905306690749181
14.233333333333333 0.33437928384422444 0.0007565271352709124
14.266666666666667 0.21560251862042684 0.0007078429961040467
14.3 0.08603365352208027 0.0006442433140387699
14.333333333333334 -0.04145670626334845 0.0006228116099102829
14.366666666666667 -0.1698433907789448 0.0006891323447237307
14.4 -0.2889799399249203 0.0007426789831722624
14.433333333333334 -0.4020493292670971 0.0007819535702545677
14.466666666666667 -0.5013194963974301 0.0008115524231107063
14.5 -0.5912104390472493 0.0008279142058426059
14.533333333333333 -0.6670337955317022 0.0008409093383210386
14.566666666666666 -0.7246896427287752 0.0008457833046093821
14.6 -0.765099397291598 0.000849206878479225
14.633333333333333 -0.7875003305913293 0.0008493355487351195
14.666666666666666 -0.790254910405179 0.0008500449607516947
14.7 -0.7727064993583928 0.0008504828916350293
14.733333333333333 -0.73745171438682 0.0008490125053073339
14.766666666666667 -0.6825570214745272 0.0008443728307692133
14.8 -0.607906543041442 0.0008363713361853042
14.833333333333334 -0.5200103299698992 0.0008185955139990986
14.866666666666667 -0.41785818267048724 0.000789349404351658
14.9 -0.3031025653904075 0.000748641153593077
14.933333333333334 -0.1828991039662724 0.0006976928719318043
14.966666666666667 -0.056091416346194 0.0006288108654170163
15.0 0.070774603912922 0.000634998079724336
15.033333333333333 0.1966457408201483 0.0006977811060178973
15.066666666666666 0.3156638141208749 0.0007461006352801336
15.1 0.42616069177792876 0.0007840722662330046
15.133333333333333 0.5251591892920329 0.0008081055764496137
15.166666666666666 0.6111995808562294 0.0008224154994376232
15.2 0.6798563474228018 0.0008273598442135599
15.233333333333333 0.7340621055959639 0.0008302177290954171
15.266666666666667 0.7689962999044584 0.0008327340990358367
15.3 0.7858123339950696 0.0008325779706326308
15.333333333333334 0.7830960406883462 0.0008330964258812523
15.366666666666667 0.7599311438533659 0.0008341241448117653
15.4 0.7181439298233746 0.0008323316111120693
15.433333333333334 0.6572661523423045 0.0008294892446844004
15.466666666666667 0.5776829900585546 0.0008184404682973767
15.5 0.48470374264252536 0.0008011689626661878
15.533333333333333 0.37861334531536234 0.0007706065388710659
15.566666666666666 0.25925932748269803 0.0007271980780284015
15.6 0.13784171682292956 0.0006720954843459637
15.633333333333333 0.011524194262531212 0.0006052694187859177
15.666666666666666 -0.11310466677363 0.0006600286909163172
15.7 -0.23652404234592805 0.000719725302464419
15.733333333333333 -0.3513485250778271 0.0007661828348555777
15.766666666666667 -0.4535608982877231 0.0007983964373076136
15.8 -0.5473748681691395 0.0008214738297367408
15.833333333333334 -0.6281020529032288 0.000838334957647513
15.866666666666667 -0.6915332111827095 0.0008440906094032696
15.9 -0.7390767951276972 0.0008478860713014846
15.933333333333334 -0.7685231756124307 0.000848719415275978
15.966666666666667 -0.7791986530150544 0.0008496956696848468
16.0 -0.7703754886022164 0.0008499396442577245
16.033333333333335 -0.741540399104082 0.0008504708452501397
16.066666666666666 -0.6944458303507863 0.0008470653887305835
16.1 -0.6305380709399947 0.000839090179610813
16.133333333333333 -0.5478046024147583 0.0008228761535336027
16.166666666666668 -0.45214102187808003 0.0008013675125497222
16.2 -0.3428560216795626 0.0007644858921183051
16.233333333333334 -0.2277835675263987 0.0007183706752003916
16.266666666666666 -0.10692146129278007 0.0006566367037735832
16.3 0.019697130286530393 0.000608684798411193
16.333333333333332 0.1438858999050135 0.0006744651776751653
16.366666666666667 0.2636609566362516 0.0007271639757910342
16.4 0.37679050903163014 0.0007674224986124467
16.433333333333334 0.4803839206354555 0.0007967501566797375
16.466666666666665 0.5712208088511942 0.0008168551343920027
16.5 0.6451329370942577 0.0008275207951297103
16.533333333333335 0.7036193119735226 0.0008304157272432944
16.566666666666666 0.7452453643236955 0.0008323791262750957
16.6 0.7696097383221809 0.0008331015633081806
16.633333333333333 0.7739707679130365 0.0008356613644777688
16.666666666666668 0.7592082893570345 0.0008339585164038876
16.7 0.7230051413798 0.0008348431523665933
16.733333333333334 0.6709127838591719 0.000834253388283579
16.766666666666666 0.5993378781628049 0.0008256758384873608
16.8 0.5125779529751806 0.0008086123072055251
16.833333333333332 0.4110665559617005 0.0007826402266447596
16.866666666666667 0.3003172599279233 0.0007437110754197063
16.9 0.17926210085201574 0.000692337167961854
16.933333333333334 0.05743542787591673 0.0006294726990271823
16.966666666666665 -0.0636170707345317 0.0006333482065760676
17.0 -0.18727320050918336 0.0006972820768679777
17.033333333333335 -0.30521090358041936 0.0007476952218259947
17.066666666666666 -0.41140173189251517 0.0007857587745769279
17.1 -0.5070211702421848 0.0008134447686560797
17.133333333333333 -0.590891691709693 0.0008302825710210238
17.166666666666668 -0.6594983696726924 0.0008405106221806014
17.2 -0.7125670917472572 0.0008459183697541173
17.233333333333334 -0.7482320664463025 0.0008496321211473035
17.266666666666666 -0.7656852265339864 0.0008505324830929695
17.3 -0.7642650519800106 0.0008499687439468273
17.333333333333332 -0.7423685657819836 0.0008494348437944055
17.366666666666667 -0.7017499936446474 0.0008469652509750514
17.4 -0.6430200214779838 0.0008413894370742359
17.433333333333334 -0.5680784148724642 0.0008287954283187071
17.466666666666665 -0.4785481388220825 0.0008078402769061133
17.5 -0.37683846908600344 0.0007775979237064079
17.533333333333335 -0.2642367523157766 0.0007355336670811785
17.566666666666666 -0.14500149126005868 0.0006775687957099596
17.6 -0.023584101875454226 0.0006100531424416758
17.633333333333333 0.0995376494898254 0.000650019951123959
17.666666666666668 0.22272253996522676 0.0007088982236921615
17.7 0.3363908310968062 0.0007556197891634975
17.733333333333334 0.4400066868988498 0.0007887082936063328
17.766666666666666 0.5310763982248851 0.0008115933941176268
17.8 0.6118890931786738 0.0008233310171281705
17.833333333333332 0.6761103729606711 0.0008275672704095571
17.866666666666667 0.7234587359153237 0.0008307529017278492
17.9 0.7522960793145744 0.0008320745983252387
17.933333333333334 0.7633572061908269 0.0008329503536214089
17.966666666666665 0.7541487650801716 0.0008343078694832418
18.0 0.7266878082499525 0.0008342158909252495
18.033333333333335 0.6775233833878148 0.0008306924870716825
18.066666666666666 0.6137515927066092 0.0008238484318340289
18.1 0.5331307158110449 0.0008127017408381398
18.133333333333333 0.43979780222398396 0.0007896549203620373
18.166666666666668 0.3333440816059189 0.0007553154310932508
18.2 0.21588060827676572 0.000708930477946762
18.233333333333334 0.09536592683535554 0.0006496564680582018
18.266666666666666 -0.025800173469388538 0.0006108176748994935
18.3 -0.14832751384963141 0.0006791150144049296
18.333333333333332 -0.2649238828297424 0.0007336857356344817
18.366666666666667 -0.37241759942643565 0.0007743810586003375
18.4 -0.47262196434199827 0.0008038251328753576
18.433333333333334 -0.5572945003490983 0.0008229189884703114
18.466666666666665 -0.6300678696461095 0.0008363820872357985
18.5 -0.6873001302191338 0.0008434912347772272
18.533333333333335 -0.7279876045014892 0.0008464122950414543
18.566666666666666 -0.7503432644884545 0.0008484005491651292
18.6 -0.7545048476108295 0.0008486208819283858
18.633333333333333 -0.7404597127837294 0.0008491627253411904
18.666666666666668 -0.7064727059277146 0.0008485026455051781
18.7 -0.6544938523441143 0.0008420589581653593
18.733333333333334 -0.5848914324454477 0.0008321239471427155
18.766666666666666 -0.5021364199424101 0.0008143032024040542
18.8 -0.4048080422210596 0.0007876282948707791
18.833333333333332 -0.29565075786430567 0.0007462100583008335
18.866666666666667 -0.18016647633787905 0.0006953469054674088
18.9 -0.05983943942768025 0.0006305339527459333
18.933333333333334 0.06105735009018872 0.0006291046322550731
18.966666666666665 0.18057685720551114 0.0006918479543242262
19.0 0.2959729576440936 0.0007383641095876081
19.033333333333335 0.4043815285110249 0.0007761216008933536
19.066666666666666 0.49967180535308037 0.0008013345625066948
19.1 0.5816579615651064 0.0008177843466362633
19.133333333333333 0.6493768304983495 0.0008256382770588377
19.166666666666668 0.7009287336590051 0.0008306337775757511
19.2 0.7337793027449938 0.0008315328326884419
19.233333333333334 0.7488838470983382 0.000832737933891381
19.266666666666666 0.7462246764316105 0.0008342583045715113
19.3 0.7247974668010041 0.0008339678582797161
19.333333333333332 0.6839623408721428 0.0008325286651885699
19.366666666666667 0.6241510579353207 0.0008259211319053827
19.4 0.5489424804849841 0.000813068689069496
19.433333333333334 0.4589560701968247 0.0007955967123497998
19.466666666666665 0.35522831036280794 0.0007651154884414924
19.5 0.24400282437943047 0.0007199854813419171
19.533333333333335 0.12761106623025306 0.0006670659154547343
19.566666666666666 0.007151011090439531 0.0006013036179727937
19.6 -0.11083197246877272 0.0006592354026289798
19.633333333333333 -0.22598821334692268 0.0007150897524627886
19.666666666666668 -0.3388751611355332 0.0007607194463943312
19.7 -0.43858557437614376 0.0007951906413049548
19.733333333333334 -0.5266867696084533 0.0008179159532188951
19.766666666666666 -0.6036992045988032 0.0008325769642515413
19.8 -0.663747060871154 0.0008405500600986437
19.833333333333332 -0.7076871306084649 0.0008452696799351456
19.866666666666667 -0.7350061512401707 0.0008472905456037294
19.9 -0.7435541654107894 0.0008495224834624837
19.933333333333334 -0.7341299470943319 0.0008498249810527936
19.966666666666665 -0.7068111203238244 0.0008475584085677612
20.0 -0.658570632732027 0.0008426055986942016
20.033333333333335 -0.5940539677382685 0.0008331181907998975
20.066666666666666 -0.51453464316358 0.000817602929585326
20.1 -0.4229589190499686 0.0007940256317030547
20.133333333333333 -0.31721190634346774 0.0007560546096695986
20.166666666666668 -0.20625462253011712 0.000707538120140766
20.2 -0.0880310941832997 0.0006469501044760045
20.233333333333334 0.03197252748977083 0.0006135989318999321
20.266666666666666 0.14905608506102336 0.0006772610295217307
20.3 0.26329485418656595 0.000725906432247736
20.333333333333332 0.37184922896481154 0.0007672165342322845
20.366666666666667 0.4678350759893649 0.0007918856245257566
20.4 0.553786284545672 0.0008116049798602143
20.433333333333334 0.624599871584673 0.0008223754753625689
20.466666666666665 0.6777297214678871 0.0008312402801317065
20.5 0.7165486767350395 0.0008334252677313359
20.533333333333335 0.7367750543907592 0.0008337399967898174
20.566666666666666 0.7385778130533003 0.0008331562565354611
20.6 0.7216919698390235 0.0008336918944699123
20.633333333333333 0.6864582136890388 0.0008314416158050619
20.666666666666668 0.6319928120111373 0.0008281286008945399
20.7 0.5593442687855456 0.0008170909299860529
20.733333333333334 0.4756709809325784 0.0007983505351830678
20.766666666666666 0.3744716286226624 0.0007725636272941649
20.8 0.26705568725295514 0.0007357025051943356
20.833333333333332 0.15119914524417108 0.0006791766977607139
20.866666666666667 0.034384798066181166 0.0006156909121750528
20.9 -0.08354737504955805 0.0006429966805942267
20.933333333333334 -0.1968911275932318 0.000701193367054459
20.966666666666665 -0.3068492321197862 0.0007492405264362678
21.0 -0.40821071196846914 0.0007849594599754206
21.033333333333335 -0.49938122604948415 0.0008107373560407027
21.066666666666666 -0.5781810217388881 0.0008268687811324726
21.1 -0.6423352378817997 0.0008383403818399415
21.133333333333333 -0.6888737140123373 0.0008436040177695059
21.166666666666668 -0.7200743458157564 0.0008467626543156026
21.2 -0.7325864124241707 0.0008482056503673618
21.233333333333334 -0.726939973266049 0.0008481716948579576
21.266666666666666 -0.7024214966249298 0.0008464933865919289
21.3 -0.6612184390529394 0.0008425998629001397
21.333333333333332 -0.6018043182822617 0.0008334247375885173
21.366666666666667 -0.5240388693481466 0.0008204843374780557
21.4 -0.43478522261508074 0.0007963929932582325
21.433333333333334 -0.3343210238681866 0.0007604496779272107
21.466666666666665 -0.22675809861749238 0.0007167967939207265
21.5 -0.11195656967347596 0.0006600523807371583
21.533333333333335 0.0044049024880402745 0.000598315477868182
21.566666666666666 0.12302661199151947 0.0006625009090065193
21.6 0.23833089131157076 0.0007170583089324001
21.633333333333333 0.34375395582475304 0.000756599714018702
21.666666666666668 0.44294148688513335 0.0007857799543376509
21.7 0.529261476841552 0.0008078986975670333
21.733333333333334 0.6023028410608411 0.0008207485134689163
21.766666666666666 0.6574940230422169 0.0008255695747134695
21.8 0.6998451048487542 0.0008299117743332252
21.833333333333332 0.7220251288350549 0.000831934134415957
21.866666666666667 0.7282503545511351 0.0008323623456927276
21.9 0.7150029687071147 0.0008344401833454418
21.933333333333334 0.6827456164007002 0.0008299602430695829
21.966666666666665 0.6341473996659779 0.0008275933236032706
22.0 0.5682158445626487 0.000818379379551426
22.033333333333335 0.4866297552327677 0.0008025567412129897
22.066666666666666 0.39056954369873664 0.0007747516235838692
22.1 0.2861104297200956 0.0007379757236367634
22.133333333333333 0.1737363456855449 0.0006905842070806523
22.166666666666668 0.05837866784686903 0.0006303909359970036
22.2 -0.060084354469494006 0.0006316640099132687
22.233333333333334 -0.17336842251486187 0.0006920625614973697
22.266666666666666 -0.2826168133818903 0.0007393440121543082
22.3 -0.3859271177951525 0.0007774437167945014
22.333333333333332 -0.4776418992287929 0.0008050591799823037
22.366666666666667 -0.5569808254884204 0.0008227688593729354
22.4 -0.6213121773956224 0.0008355446360523988
22.433333333333334 -0.6710184991386277 0.000841489290510089
22.466666666666665 -0.7051496271120767 0.0008450841873755
22.5 -0.7207795064618827 0.0008479430784965603
22.533333333333335 -0.7187599841638032 0.0008481480961439747
22.566666666666666 -0.6978195041663571 0.000846635029071896
22.6 -0.66045388537441 0.0008426985719932611
22.633333333333333 -0.6052827673899529 0.0008356969260580049
22.666666666666668 -0.5322677698373637 0.0008218423237194017
22.7 -0.44327303582612415 0.0007982982797695715
22.733333333333334 -0.34817041610918914 0.0007669830195941585
22.766666666666666 -0.24209871781418169 0.0007236339867135455
22.8 -0.13227719513590255 0.0006715791723529152
22.833333333333332 -0.014819244107651498 0.0006038707497660473
22.866666666666667 0.1022266800577381 0.0006528571539272943
22.9 0.2167317471748979 0.0007097749326841207
22.933333333333334 0.32202498142721164 0.0007490064101842719
22.966666666666665 0.4209669075611899 0.0007811121304812652
23.0 0.5080232413209252 0.0008056954873586486
23.033333333333335 0.5827232679949516 0.0008164921917711565
23.066666666666666 0.6423562488154625 0.0008265430867577805
23.1 0.6846203421546748 0.0008288494883094133
23.133333333333333 0.7094684359386014 0.0008314112708190935
23.166666666666668 0.7172597245272551 0.0008320456404836696
23.2 0.7071294049377904 0.0008322526478830028
23.233333333333334 0.6807509054052837 0.0008320156687977587
23.266666666666666 0.63384800622244 0.0008279047934404149
23.3 0.5708846732091006 0.000819355094353158
23.333333333333332 0.49229793375155434 0.0008012738883091397
23.366666666666667 0.3985556384048421 0.0007778532742311328
23.4 0.29535351712017893 0.0007421398421190162
23.433333333333334 0.18828338948945353 0.0006978921327638332
23.466666666666665 0.07479154174115611 0.0006387590203274507
23.5 -0.04076267844884735 0.0006201220743722105
23.533333333333335 -0.15673699484414585 0.0006812605731413013
23.566666666666666 -0.2638728653411145 0.0007318328441815458
23.6 -0.3636610772376102 0.0007699690795094916
23.633333333333333 -0.45690799983986075 0.0007992585180469081
23.666666666666668 -0.5380435719037399 0.0008190914872896471
23.7 -0.6053934429366242 0.0008337785794568786
23.733333333333334 -0.6569944482506914 0.000839983042354886
23.766666666666666 -0.6907222542924907 0.0008461279181974923
23.8 -0.7087670255025603 0.0008471576331554598
23.833333333333332 -0.7095926613242065 0.0008466059529531611
23.866666666666667 -0.6917231407220773 0.0008456360478796832
23.9 -0.6566126031474854 0.0008424474212389566
23.933333333333334 -0.6033605452126021 0.0008352575949721608
23.966666666666665 -0.5350730862930104 0.0008230934987059069
24.0 -0.4542862169631814 0.0008009514879350199
24.033333333333335 -0.35493896139355374 0.0007697900276282255
24.066666666666666 -0.2553330907108376 0.0007304167809311091
24.1 -0.14333386349510496 0.0006776807523516393
24.133333333333333 -0.026939641284241506 0.0006109207972732032
24.166666666666668 0.08421057641275692 0.0006437856784198004
24.2 0.1982884525893143 0.0007024698745138336
24.233333333333334 0.3044265939371046 0.0007430729890512411
24.266666666666666 0.4014636891622712 0.0007758396893353114
24.3 0.4903438382676367 0.000797828517501098
24.333333333333332 0.5641737520054709 0.0008132250323973356
24.366666666666667 0.6261692967947139 0.0008210670665248498
24.4 0.6695452103731039 0.0008275610367198816
24.433333333333334 0.6963644130066793 0.0008303686279474976
24.466666666666665 0.7067905993241816 0.0008315074934424072
24.5 0.6998685693123563 0.0008319754143338853
24.533333333333335 0.6740080028628699 0.0008310706330539874
24.566666666666666 0.6302914217741331 0.0008280383989693885
24.6 0.5699098460444674 0.0008176640413920522
24.633333333333333 0.49247286710429056 0.0008019254872828063
24.666666666666668 0.40578805052259953 0.0007807584373800691
24.7 0.3040760984623736 0.000745316746547986
24.733333333333334 0.19619670158959854 0.0007016224103361113
24.766666666666666 0.08439462897588597 0.0006444967405898616
24.8 -0.027744058466998664 0.0006138767507342935
24.833333333333332 -0.14137793509136232 0.0006743615631009392
24.866666666666667 -0.24970605513082403 0.0007258200884497634
24.9 -0.35040440875604867 0.0007654429434394983
24.933333333333334 -0.4418594808877039 0.0007963987755952306
24.966666666666665 -0.5206282390019105 0.0008157467875702373
25.0 -0.589285266832721 0.0008297541019613996
25.033333333333335 -0.6427158201050149 0.000838326823866753
25.066666666666666 -0.6784413406293134 0.000842903120304328
25.1 -0.6978953397834629 0.0008464809206195634
25.133333333333333 -0.7004104117448328 0.000847281061281624
25.166666666666668 -0.6837461323784895 0.0008459475011672879
25.2 -0.649691962223237 0.0008413107490083949
25.233333333333334 -0.6007778478374467 0.0008341168874425042
25.266666666666666 -0.5341505581221198 0.0008224761536935743
25.3 -0.45565271205805924 0.0008024464013290378
25.333333333333332 -0.36203955978268787 0.0007729917194109759
25.366666666666667 -0.25864833854774777 0.000732457070064696
25.4 -0.14981375539689903 0.0006791398534488069
25.433333333333334 -0.037528241303607386 0.0006188160774555224
25.466666666666665 0.07237503552397061 0.000637857891974361
25.5 0.184780346823798 0.0006932141648261225
25.533333333333335 0.289596787918091 0.000735791294270427
25.566666666666666 0.38778919118046606 0.0007695888314472876
25.6 0.4736383440849064 0.0007964876800905518
25.633333333333333 0.5498349729500877 0.0008110102807494801
25.666666666666668 0.6119409708682183 0.0008219614299137534
25.7 0.6563542475870451 0.0008260325020276182
25.733333333333334 0.6857307786799733 0.0008281402037100261
25.766666666666666 0.696826666294383 0.0008323889923591565
25.8 0.6901023023023353 0.0008299223788797994
25.833333333333332 0.6662417784516083 0.0008296850276297008
25.866666666666667 0.6246185933376363 0.000825444289621502
25.9 0.5684553684476987 0.000818659981356995
25.933333333333334 0.4950363407407796 0.0008035520854990374
25.966666666666665 0.4079279369011436 0.0007802661784058196
26.0 0.30925385432421576 0.0007484959788590095
26.033333333333335 0.20248725811326504 0.0007031831436187796
26.066666666666666 0.09003951648656947 0.0006476554412251367
26.1 -0.020268305943125564 0.0006079199766175387
26.133333333333333 -0.12925468427491288 0.0006683390633533126
26.166666666666668 -0.23788227164999062 0.0007207436780625465
26.2 -0.33729935861925586 0.0007609837320419754
26.233333333333334 -0.4284927630384655 0.0007915303891974923
26.266666666666666 -0.5093989135091869 0.0008130371024595018
26.3 -0.574496585412673 0.0008269566461457378
26.333333333333332 -0.6298313914795046 0.0008358658111631279
26.366666666666667 -0.666465851950561 0.0008418402968471961
26.4 -0.6872250841373895 0.000844378238758714
26.433333333333334 -0.6906145077192288 0.0008453886845676273
26.466666666666665 -0.6761853685680806 0.0008447697278771704
26.5 -0.644558219140551 0.0008398200781040144
26.533333333333335 -0.5961020238571542 0.0008335936012963119
26.566666666666666 -0.530384491520251 0.0008212487273845381
26.6 -0.4532639462617756 0.0008015997800634445
26.633333333333333 -0.362659939732084 0.0007706389411238912
26.666666666666668 -0.2634138754884989 0.0007346621724986235
26.7 -0.1570293604950081 0.0006841746583756136
26.733333333333334 -0.04523165781292016 0.0006236445987275185
26.766666666666666 0.06718119617601086 0.0006334684034571408
26.8 0.17658488231190697 0.0006880802475728864
26.833333333333332 0.28037459559429145 0.0007338867572578289
26.866666666666667 0.37736669029068065 0.0007682981783773135
26.9 0.46405176303708295 0.0007928636475825201
26.933333333333334 0.5392829601493857 0.0008095536862506858
26.966666666666665 0.5994604631291067 0.0008193902411177678
27.0 0.6463616475250487 0.0008252496911557161
27.033333333333335 0.673315990687347 0.0008281123421954861
27.066666666666666 0.6873559151691907 0.0008302719385355761
27.1 0.6816603323302994 0.0008301440449838271
27.133333333333333 0.6591763591279985 0.0008288488988092979
27.166666666666668 0.617005174436378 0.0008255095253270062
27.2 0.5611442418654131 0.0008152637574809773
27.233333333333334 0.48950464194885057 0.0008035756286335904
27.266666666666666 0.4038670075130277 0.0007787774412615356
27.3 0.31080648245363796 0.000747794167195448
27.333333333333332 0.20278377286056828 0.0007022349538974848
27.366666666666667 0.09228214094545954 0.0006496046489083834
27.4 -0.017530297372533536 0.0006074291072345472
27.433333333333334 -0.12596234001857695 0.0006663604207124973
27.466666666666665 -0.23173122508154093 0.0007173650985824453
27.5 -0.33112404607289725 0.0007590551930672929
27.533333333333335 -0.42007811261765304 0.0007884464090340826
27.566666666666666 -0.4989739205277812 0.0008110758920289451
27.6 -0.564962862668698 0.0008261779321337981
27.633333333333333 -0.6180590077266497 0.0008353647567018729
27.666666666666668 -0.6562916243115461 0.0008408142673338448
27.7 -0.6770413455492372 0.0008439641333579662
27.733333333333334 -0.6810061303242203 0.0008456962833585102
27.766666666666666 -0.6669704320289261 0.0008432784813874328
27.8 -0.6364929752434528 0.0008395088233734693
27.833333333333332 -0.5886091439022423 0.0008315175252087137
27.866666666666667 -0.5241432507045877 0.0008207608107881903
27.9 -0.4483494787012529 0.0007982601746244766
27.933333333333334 -0.36038233023810073 0.0007722847374807551
27.966666666666665 -0.2612206292216863 0.0007319835678938902
28.0 -0.15627799118640154 0.0006836824672173114
28.033333333333335 -0.044933924126353206 0.0006217282558793405
28.066666666666666 0.06339857853427787 0.000630944556493887
28.1 0.1725517444304051 0.0006867048749353843
28.133333333333333 0.27577925298047656 0.0007307918799337454
28.166666666666668 0.37207854011621483 0.000765136732723326
28.2 0.45608003299281874 0.0007920897835984042
28.233333333333334 0.5304855489459713 0.0008081248662422658
28.266666666666666 0.5902656965848657 0.0008180215827817694
28.3 0.6346318787488029 0.0008238529174128262
28.333333333333332 0.6632307554824669 0.0008279780163957806
28.366666666666667 0.676057038692281 0.0008292224527194358
28.4 0.6704487235995206 0.0008300307038553445
28.433333333333334 0.6486038519337769 0.0008278590269957808
28.466666666666665 0.6078770187621102 0.0008234978856633823
28.5 0.5542528299636716 0.000813081667368043
28.533333333333335 0.4823638624076285 0.0008002966503288245
28.566666666666666 0.4010700615734234 0.0007795341136671019
28.6 0.3054958643283504 0.0007460290155046345
28.633333333333333 0.20308809670475894 0.0007040184039004971
28.666666666666668 0.09568927836690082 0.0006496364209159777
28.7 -0.014865105292772119 0.0006060909929166934
28.733333333333334 -0.12249944571302242 0.0006636580948793935
28.766666666666666 -0.22708893159582497 0.0007164070632708908
28.8 -0.32536155534122696 0.000757408248677538
28.833333333333332 -0.4143204460412268 0.0007855491660007652
28.866666666666667 -0.4927146021035802 0.0008101183351648666
28.9 -0.5578464232224909 0.0008239170989942091
28.933333333333334 -0.6094856587257335 0.0008343787839207861
28.966666666666665 -0.6466511984541524 0.0008394259374229218
29.0 -0.6679399394134501 0.0008425003732143166
29.033333333333335 -0.6711016854994085 0.0008431826436804402
29.066666666666666 -0.657767087278773 0.0008424268918263422
29.1 -0.6269212956047905 0.0008387564402533298
29.133333333333333 -0.5805944765018574 0.0008304757250257033
29.166666666666668 -0.5182496636312655 0.00081839000427264
29.2 -0.4409753452563971 0.0007978548160439969
29.233333333333334 -0.35346645767354934 0.000769121194457989
29.266666666666666 -0.25756443260055445 0.0007305700791098713
29.3 -0.15307298549823975 0.0006802868916732652
29.333333333333332 -0.046243345929825805 0.0006233883839312782
29.366666666666667 0.06281729723988405 0.000632443598502494
29.4 0.17104277513615437 0.0006867814741244871
29.433333333333334 0.2713862152041347 0.0007303938767250773
29.466666666666665 0.36665854291143063 0.0007633457624264817
29.5 0.4535004966412555 0.0007887162078614729
29.533333333333335 0.5226246296871697 0.0008055228958133709
29.566666666666666 0.5829445939674159 0.0008169621802177618
29.6 0.627016004654838 0.0008233617941320048
29.633333333333333 0.6550048822711464 0.0008271819856077167
29.666666666666668 0.6670763922515002 0.0008278402919436045
29.7 0.661859854880442 0.0008282816140563476
29.733333333333334 0.6388293749144044 0.0008268998970599739
29.766666666666666 0.6016681225789345 0.000824539644734279
29.8 0.5452732651537547 0.0008130651991881122
29.833333333333332 0.4747664862916772 0.0007972204502089686
29.866666666666667 0.39221644074106105 0.0007761987271683313
29.9 0.29934450403876883 0.000744031525872213
29.933333333333334 0.19821618180815057 0.0007002316128870978
29.966666666666665 0.0915128177766006 0.0006482018474951168
30.0 -0.016134891582244296 0.0006060799728526828
30.033333333333335 -0.1254228585602153 0.0006666960191991922
30.066666666666666 -0.22795014570153646 0.0007152941264539636
30.1 -0.3233864296839594 0.0007564384220404841
30.133333333333333 -0.41043154297740647 0.0007861301679300547
30.166666666666668 -0.4885382397859723 0.0008096164494589275
30.2 -0.5523811734549828 0.0008231341816168358
30.233333333333334 -0.6034640401918181 0.000832669633120342
30.266666666666666 -0.6388569394706147 0.000839071084808185
30.3 -0.6587440913248683 0.0008410963904357249
30.333333333333332 -0.6615356160929982 0.0008424554276328378
30.366666666666667 -0.6474090007707654 0.000841478354163705
30.4 -0.61615880123148 0.0008368251495115553
30.433333333333334 -0.5700854525738099 0.0008291309067859354
30.466666666666665 -0.5079474054865095 0.0008147963934561631
30.5 -0.43318642661072976 0.0007953608519153388
30.533333333333335 -0.34533297514391914 0.0007651083528992242
30.566666666666666 -0.24933588162334636 0.0007256162693807244
30.6 -0.14816172311456857 0.0006794144225023835
30.633333333333333 -0.03988717639967137 0.0006194699609676987
30.666666666666668 0.06744477448000574 0.0006348477741216912
30.7 0.1708206204239131 0.0006885505127114389
30.733333333333334 0.2709365664931681 0.0007311330578561592
30.766666666666666 0.36464875207359565 0.0007637774886333215
30.8 0.4471435669015979 0.0007861020438859057
30.833333333333332 0.5174917711290133 0.0008065900556962768
30.866666666666667 0.5757266907730098 0.0008157664072657722
30.9 0.6200652995713039 0.0008223282065241699
30.933333333333334 0.6471823640895427 0.0008263713739832257
30.966666666666665 0.6571034449600047 0.0008279863807881815
31.0 0.6511748143091801 0.0008274719153174015
31.033333333333335 0.6281010379995899 0.0008251775896461755
31.066666666666666 0.589537804697885 0.0008235516178056734
31.1 0.5339267325895816 0.0008115390932865729
31.133333333333333 0.4637384043263452 0.0007955569114390659
31.166666666666668 0.3812681934010224 0.0007733497801399869
31.2 0.2895849089122395 0.0007409910953659615
31.233333333333334 0.19046824612163338 0.0006977550964755441
31.266666666666666 0.08471758401221435 0.000645077893933671
31.3 -0.020125927214850063 0.0006089934891120481
31.333333333333332 -0.1268495542255436 0.0006675034893481313
31.366666666666667 -0.22994396492712885 0.0007155004195809889
31.4 -0.3239113737843061 0.0007564320176058903
31.433333333333334 -0.4104260823861756 0.0007851402466527158
31.466666666666665 -0.48544871276625956 0.0008075285365102824
31.5 -0.5481069248559324 0.0008230263596064047
31.533333333333335 -0.5972534215951717 0.0008316959640698451
31.566666666666666 -0.6323406840428125 0.0008365896201035783
31.6 -0.6506752594787579 0.0008401960703890987
31.633333333333333 -0.6526183156451741 0.0008405952630031743
31.666666666666668 -0.6374115036000545 0.0008394471574710849
31.7 -0.604982398550102 0.0008346580348892463
31.733333333333334 -0.5590385525359685 0.000826955819465014
31.766666666666666 -0.4966230768627065 0.0008126359343700873
31.8 -0.42275131064236027 0.0007912919344782998
31.833333333333332 -0.3346640780606367 0.0007615375739062902
31.866666666666667 -0.2387935084421336 0.0007223573940602079
31.9 -0.13979184001106681 0.0006740575981413754
31.933333333333334 -0.03448453939788454 0.0006161896294583774
31.966666666666665 0.07311618329205298 0.0006365958218158274
32.0 0.17630399121607437 0.0006900005302083456
32.03333333333333 0.27467308585759326 0.0007314723801740142
32.06666666666667 0.36709154169447333 0.0007638398290410464
32.1 0.44952304122244974 0.0007889152137263156
32.13333333333333 0.5171881033341111 0.0008057872626213713
32.166666666666664 0.5733469044350782 0.0008150444380631283
32.2 0.6135379164324055 0.0008221202781778514
32.233333333333334 0.639194687264006 0.0008257127494519789
32.266666666666666 0.6481009637009858 0.0008260513480131682
32.3 0.641525284742749 0.0008268776116230336
32.333333333333336 0.6173684662387688 0.0008242935331285173
32.36666666666667 0.5765903300065613 0.0008201414979284172
32.4 0.5196643254801866 0.0008084181198442231
32.43333333333333 0.4516027969249407 0.0007922346095431965
32.46666666666667 0.36710472789100607 0.0007671009887339486
32.5 0.2771002852476375 0.0007347257253134121
32.53333333333333 0.17960190457450992 0.0006913337644482154
32.56666666666667 0.07589298039513674 0.0006396081273746107
32.6 -0.02869119232207921 0.0006135775221529777
32.63333333333333 -0.1359846972232729 0.0006723655820813357
32.666666666666664 -0.23493453481117477 0.0007189531562029339
32.7 -0.32939060995859853 0.0007578998679640958
32.733333333333334 -0.41223708505879747 0.0007853607848296029
32.766666666666666 -0.4854481418391504 0.0008081053452373976
32.8 -0.5454444316347916 0.0008225634001133297
32.833333333333336 -0.5931795745349034 0.0008313313349596063
32.86666666666667 -0.6258252498641936 0.0008369375391483747
32.9 -0.6426796508323795 0.0008397874808923067
32.93333333333333 -0.6430381869622339 0.0008405210391397855
32.96666666666667 -0.6262688792114636 0.0008384056951361574
33.0 -0.5944233179035867 0.000835267246504956
33.03333333333333 -0.5450285901570766 0.0008248670975754546
33.06666666666667 -0.4815530302989695 0.0008086487945594412
33.1 -0.4082634054542244 0.0007878773034982745
33.13333333333333 -0.3215306016385741 0.0007559884207178347
33.166666666666664 -0.22689029024419838 0.0007179570625662213
33.2 -0.12597230137324036 0.0006680675735596942
33.233333333333334 -0.02191936475513314 0.0006093755818875682
33.266666666666666 0.08078906438952903 0.0006421815082874316
33.3 0.18321185678249113 0.000691832968404249
33.333333333333336 0.2814534229349324 0.0007340672769006185
33.36666666666667 0.3693525546452781 0.0007659900636062811
33.4 0.4499974034574555 0.0007896923422401336
33.43333333333333 0.5131175497823053 0.000805235175387331
33.46666666666667 0.5687057100194588 0.0008142737272787137
33.5 0.6082652018746172 0.0008220453253695581
33.53333333333333 0.6322024728179337 0.000825344009395379
33.56666666666667 0.6397507284045114 0.0008266097362128466
33.6 0.631010997097893 0.0008257559174873474
33.63333333333333 0.6046371343468203 0.000822727793305722
33.666666666666664 0.5644075514876993 0.0008179200758116068
33.7 0.5060827749971939 0.0008053353172028377
33.733333333333334 0.43627979043705506 0.000788790577467835
33.766666666666666 0.35448233311932437 0.0007647498866488744
33.8 0.2623126269661637 0.0007288784899249778
33.833333333333336 0.16473735555118524 0.0006859157020962792
33.86666666666667 0.0633001146337629 0.0006339964457951486
33.9 -0.04025154289022487 0.0006214259346056655
33.93333333333333 -0.14269076604343256 0.0006770628691856184
33.96666666666667 -0.2418704076618451 0.0007228049647941548
34.0 -0.3340447940607005 0.0007600237172905033
34.03333333333333 -0.41543409086394517 0.000785632227490507
34.06666666666667 -0.48493575653006415 0.0008098217713857214
34.1 -0.5453403237615825 0.0008210338119442051
34.13333333333333 -0.5897726700068173 0.0008305415914202641
34.166666666666664 -0.6198690967069731 0.0008358033713221635
34.2 -0.6339307851551077 0.0008379032361072181
34.233333333333334 -0.6327224219086909 0.0008386414751484494
34.266666666666666 -0.6145758568793535 0.0008363303143968936
34.3 -0.5798835612932364 0.000831283741786315
34.333333333333336 -0.5315576405278402 0.0008198927840890047
34.36666666666667 -0.4680811080610005 0.0008051166451448211
34.4 -0.3903130391138169 0.0007819123902824132
34.43333333333333 -0.30710277525630536 0.0007507797161620533
34.46666666666667 -0.21128922352127202 0.0007099201473720063
34.5 -0.11061109385335668 0.0006599525535732897
34.53333333333333 -0.00924130378480182 0.0006016052451853441
34.56666666666667 0.09601331607437985 0.0006485162639483788
34.6 0.19455503823730702 0.000698552397414981
34.63333333333333 0.2883759352390611 0.0007387034569051321
34.666666666666664 0.3768634225313815 0.0007683566009142329
34.7 0.4516358971415912 0.0007888455049153142
34.733333333333334 0.516787044429179 0.0008040853550876914
34.766666666666666 0.5688264993677652 0.0008139444507447857
34.8 0.6043919464229778 0.0008202331535228646
34.833333333333336 0.6249612243787834 0.0008245809931253234
34.86666666666667 0.6306199353108315 0.0008248469618827858
34.9 0.6195761158289091 0.0008258848031165167
34.93333333333333 0.5932276619109538 0.0008208162728707835
34.96666666666667 0.5512463628615095 0.0008136815012529386
35.0 0.4921520877219732 0.0008025116956380529
35.03333333333333 0.4182143983615083 0.0007856444457974288
35.06666666666667 0.33583890124554483 0.0007590495765735783
35.1 0.2429149346549542 0.0007180126869915926
35.13333333333333 0.1486739801133493 0.0006779218885497595
35.166666666666664 0.047771170527670666 0.0006230936262065084
35.2 -0.05763737765960507 0.0006304534295545131
35.233333333333334 -0.15636603256844864 0.0006822796449772184
35.266666666666666 -0.24822026250357007 0.0007263522807366418
35.3 -0.3399375260161351 0.0007609730602031739
35.333333333333336 -0.41997611436917065 0.0007889228248591507
35.36666666666667 -0.4889756665293002 0.0008102807329071204
35.4 -0.5463592102574133 0.0008216450082525473
35.43333333333333 -0.5882054624974616 0.0008308400298887575
35.46666666666667 -0.6147300545616002 0.0008367700739951855
35.5 -0.6273732571740255 0.0008384189321827273
35.53333333333333 -0.6230229310815276 0.0008377063753610692
35.56666666666667 -0.6023665221789056 0.0008342128795925108
35.6 -0.5674111694925655 0.0008291757885326989
35.63333333333333 -0.5147572731607867 0.0008181191846347025
35.666666666666664 -0.4527095543486689 0.0008026091257067325
35.7 -0.3727514960898262 0.0007761679578774383
35.733333333333334 -0.2870413853644418 0.0007432476936626853
35.766666666666666 -0.19059595268451496 0.0006999247980425671
35.8 -0.09311803105577122 0.0006501997098789236
35.833333333333336 0.007572417652679419 0.0006002565178177977
35.86666666666667 0.10758458691930302 0.0006543841936114958
35.9 0.20487739776960273 0.0007021573326383701
35.93333333333333 0.2955801122408621 0.0007437413960311168
35.96666666666667 0.3820770475888184 0.0007701536631652406
36.0 0.45607042686789717 0.0007916107637401248
36.03333333333333 0.5197983267333784 0.0008054466379596725
36.06666666666667 0.5667563708386787 0.0008152989346275064
36.1 0.6007560888730645 0.0008198662102456566
36.13333333333333 0.6190001145293713 0.0008243721613729882
36.166666666666664 0.6218404173523935 0.0008252420896530666
36.2 0.6071301963976166 0.0008230579353111223
36.233333333333334 0.5793060213833087 0.0008180495029691537
36.266666666666666 0.5331028396063785 0.0008127174575899287
36.3 0.475026526129579 0.0007989120024496921
36.333333333333336 0.40073642475249005 0.000778888985303372
36.36666666666667 0.3172066062024694 0.0007493222992136506
36.4 0.22457870109991473 0.0007131218841237852
36.43333333333333 0.1274110611023169 0.0006646330172628279
36.46666666666667 0.02737126747317708 0.0006117940683604238
36.5 -0.0728360116068097 0.0006377320593791286
36.53333333333333 -0.17137033232141188 0.0006905332566227995
36.56666666666667 -0.2646263408550791 0.0007314020727858805
36.6 -0.349292888204336 0.0007654302582618122
36.63333333333333 -0.42653640155291067 0.0007916877695897107
36.666666666666664 -0.49298254041662554 0.000810592508762531
36.7 -0.547829783340189 0.0008222481756646749
36.733333333333334 -0.5859631378737387 0.0008294560917053717
36.766666666666666 -0.6105373624335314 0.0008349329225488811
36.8 -0.6194463115953579 0.0008363787654513954
36.833333333333336 -0.6123598670676149 0.0008358495067579685
36.86666666666667 -0.5897582324420629 0.0008317591932315294
36.9 -0.5508326256593659 0.0008260536115644035
36.93333333333333 -0.4978834578690586 0.0008132047149245758
36.96666666666667 -0.432598500051998 0.0007950719953298546
37.0 -0.3536691305759158 0.0007684778071089249
37.03333333333333 -0.26573864068115893 0.0007352716349331434
37.06666666666667 -0.1706615788653462 0.0006902157452997881
37.1 -0.07270288275064717 0.0006368103834696881
37.13333333333333 0.025851279056038696 0.0006115263230772119
37.166666666666664 0.12584174627751013 0.0006646887672066559
37.2 0.22180192493089246 0.0007104336837313874
37.233333333333334 0.3119824259357353 0.0007462429904928625
37.266666666666666 0.3923811518926052 0.0007720468423215165
37.3 0.46204250763950466 0.000791528426926924
37.333333333333336 0.5227251272103665 0.0008050313132762499
37.36666666666667 0.5677072348057077 0.0008143633481836332
37.4 0.5976954144312209 0.0008198772265103349
37.43333333333333 0.61240820721593 0.0008235596267369694
37.46666666666667 0.6114738175013701 0.0008232380780357484
37.5 0.5955323228934796 0.0008213570753493604
37.53333333333333 0.5644715118261386 0.000816257908371032
37.56666666666667 0.514836565995634 0.0008067303202372589
37.6 0.45544879340979033 0.0007933982404473849
37.63333333333333 0.3809618481809065 0.0007706492564341083
37.666666666666664 0.2967509948666509 0.000741108607728358
37.7 0.20384337066381292 0.0007045548881506047
37.733333333333334 0.10865113049648766 0.0006559206410222257
37.766666666666666 0.008586040985180518 0.0006022553862956772
37.8 -0.09077320423902754 0.0006471319314206442
37.833333333333336 -0.18788187480262247 0.0006981620043858827
37.86666666666667 -0.27880897564331736 0.0007376703447554145
37.9 -0.3606855241733693 0.0007701567034989476
37.93333333333333 -0.4355233908948477 0.00079352030531743
37.96666666666667 -0.49756590829578556 0.0008106663844568152
38.0 -0.5459178726980486 0.0008221593551446249
38.03333333333333 -0.5836160895410873 0.0008301053746072595
38.06666666666667 -0.6050519282946917 0.0008336384669975772
38.1 -0.610953813890544 0.0008362699116528649
38.13333333333333 -0.6004941085818354 0.0008352952977592754
38.166666666666664 -0.5748495627510251 0.00082967911345877
38.2 -0.5343319902471954 0.0008220125773432674
38.233333333333334 -0.47984100503592386 0.0008107606953013935
38.266666666666666 -0.41115468797351706 0.0007883945392213598
38.3 -0.33472758966097216 0.0007618965197213057
38.333333333333336 -0.2470252198789203 0.0007282219499392395
38.36666666666667 -0.14929980811796806 0.0006820426579511873
38.4 -0.052337804888808924 0.0006267348699836167
38.43333333333333 0.04645575604026612 0.0006215524889594606
38.46666666666667 0.14465005471894868 0.000673834006264945
38.5 0.23671464763173983 0.0007155143858613155
38.53333333333333 0.3231795997831571 0.0007481384165620164
38.56666666666667 0.4030343806150651 0.0007764144628532588
38.6 0.4700454981844702 0.0007948098314773944
38.63333333333333 0.5250886081791599 0.000807304195456493
38.666666666666664 0.5676498904550688 0.0008154781316879189
38.7 0.5939273187843598 0.0008191340179010131
38.733333333333334 0.6057739765645123 0.0008222993694122493
38.766666666666666 0.6006472401689782 0.0008212511361108676
38.8 0.5820674313405221 0.0008194001231262016
38.833333333333336 0.5474486202083034 0.00081492621723811
38.86666666666667 0.49634032862735783 0.0008027586899103656
38.9 0.43315499129386903 0.0007858558879974553
38.93333333333333 0.3591151129752493 0.0007635747332695453
38.96666666666667 0.2748750774935881 0.000734316257415768
39.0 0.1811389014657441 0.0006932682170574245
39.03333333333333 0.08411763173494752 0.0006450851366469196
39.06666666666667 -0.014608962746185457 0.0006064210099182531
39.1 -0.11229027995045372 0.0006606087604704991
39.13333333333333 -0.20384950417888534 0.0007057029902375889
39.166666666666664 -0.2931341215636576 0.0007449197054701373
39.2 -0.372756337129906 0.0007735967305967928
39.233333333333334 -0.44343870214734843 0.0007981153692505072
39.266666666666666 -0.5028559645116802 0.0008124041132294701
39.3 -0.5495028126459242 0.0008216119017973034
39.333333333333336 -0.5828114840863944 0.0008294578440491973
39.36666666666667 -0.5996817906640841 0.0008326853177201832
39.4 -0.6022019145381904 0.0008335870338405105
39.43333333333333 -0.5893189333069621 0.0008323602340188918
39.46666666666667 -0.5594278451275339 0.0008269773760254395
39.5 -0.5159025143342663 0.000817298194390581
39.53333333333333 -0.4595393582617711 0.0008022236413361972
39.56666666666667 -0.390103649365609 0.0007816824129883715
39.6 -0.3102325455379864 0.0007517075769098991
39.63333333333333 -0.2238924846864553 0.0007158080458373184
39.666666666666664 -0.12624080258119133 0.0006668338517570593
39.7 -0.02844152772208686 0.0006147063098921358
39.733333333333334 0.06990620338742361 0.000633474188131658
39.766666666666666 0.1636271419498243 0.0006834214518179893
39.8 0.2555352430124711 0.0007250291684535726
39.833333333333336 0.33773853300462525 0.0007546218696409812
39.86666666666667 0.4145577636960932 0.0007790147562558025
39.9 0.47838537910354983 0.0007958569780010527
39.93333333333333 0.5300122933239286 0.0008079259260957983
39.96666666666667 0.567050478444637 0.000813639616010553
40.0 0.5895979449641059 0.000816940056330262
40.03333333333333 0.597622199647292 0.0008204865563122832
40.06666666666667 0.5905292689360097 0.0008194627375781582
40.1 0.566821189300915 0.0008161530338908207
40.13333333333333 0.5291369942705558 0.0008113971300546252
40.166666666666664 0.4754003281005377 0.0007997941862509239
40.2 0.40959347255912176 0.0007811462120316803
40.233333333333334 0.33482557653708794 0.0007580486496437944
40.266666666666666 0.24835295819324413 0.0007238684524063788
40.3 0.1582003352875302 0.000682776979535421
40.333333333333336 0.060202658210556634 0.0006340058870251755
40.36666666666667 -0.03695003179373374 0.0006173378193332288
40.4 -0.1324508810736716 0.0006702552570902465
40.43333333333333 -0.22646324588094785 0.000714908790463431
40.46666666666667 -0.3120225324830108 0.0007513506459120856
40.5 -0.38735981366422145 0.000779494161130545
40.53333333333333 -0.45419902822852026 0.0008000923315110708
40.56666666666667 -0.5096747245728954 0.0008144965319039077
40.6 -0.5516251517116026 0.0008238904175200679
40.63333333333333 -0.5801371033451901 0.000828938646597388
40.666666666666664 -0.5939245697214394 0.0008321098222127121
40.7 -0.5926793296995848 0.0008336077997842528
40.733333333333334 -0.5752110545905296 0.000829370306415389
40.766666666666666 -0.542153485095155 0.0008228830729786196
40.8 -0.4963979802643126 0.0008133015733594595
40.833333333333336 -0.43554543280177155 0.0007962019613803051
40.86666666666667 -0.3659928145945578 0.0007735635771893845
40.9 -0.28400823588766344 0.0007405099142004934
40.93333333333333 -0.19636982506301157 0.000703448926337169
40.96666666666667 -0.10062442146726874 0.0006548857137965158
41.0 -0.0031713335096659446 0.0005985294226597544
41.03333333333333 0.09146324387001754 0.0006471845357677031
41.06666666666667 0.18573471477303582 0.0006930325787698477
41.1 0.27293067007580085 0.0007335189504913409
41.13333333333333 0.3543543360212241 0.0007602280405117345
41.166666666666664 0.42574432171518145 0.0007832112542869307
41.2 0.4864617181327074 0.0007994080576740337
41.233333333333334 0.5333916138939636 0.0008076803558508816
41.266666666666666 0.5665199331115225 0.0008144822541484853
41.3 0.5852386058448917 0.0008204925758019677
41.333333333333336 0.5902242887569205 0.0008198654681835782
41.36666666666667 0.5775516404596008 0.0008185933114249755
41.4 0.5512197713595188 0.0008134634661768336
41.43333333333333 0.5099084311465416 0.0008067510354230478
41.46666666666667 0.45445087956197855 0.0007929600714244867
41.5 0.38511822821301506 0.0007729996896838065
41.53333333333333 0.30825418281246664 0.0007479649076088113
41.56666666666667 0.2218677482889981 0.0007112228167488188
41.6 0.1309287240598909 0.0006672240639183646
41.63333333333333 0.036952633890316236 0.0006163382042799412
41.666666666666664 -0.0613118390171982 0.0006325947163969559
41.7 -0.1583028126961353 0.0006836875284964572
41.733333333333334 -0.2467283385232521 0.0007253963927639773
41.766666666666666 -0.32726456779211377 0.0007570516599728627
41.8 -0.4022763572927873 0.0007840505655616337
41.833333333333336 -0.46475538837009606 0.0008024434013974568
41.86666666666667 -0.5157610364435612 0.0008155503896575267
41.9 -0.5547751349480863 0.0008258208060502037
41.93333333333333 -0.5783301381507693 0.0008300047554635759
41.96666666666667 -0.5879772887347291 0.000830921579781263
42.0 -0.5814465013876979 0.0008308386660332845
