0.0 -0.12171639216637457 0.000673502440031698
0.03333333333333333 -0.137690001754942 0.0006814502029480751
0.06666666666666667 -0.1516044049293676 0.000690771144960689
0.1 -0.1603721840813762 0.0006959589048769199
0.13333333333333333 -0.1645273588401133 0.0006958133309619696
0.16666666666666666 -0.1650011307574401 0.0006963378469494463
0.2 -0.16122026813300008 0.0006945375068054815
0.23333333333333334 -0.15387394110192554 0.0006909877053792313
0.26666666666666666 -0.14346290004322934 0.0006866411585150778
0.3 -0.1276480178881396 0.0006772866620195495
0.3333333333333333 -0.10873371774971298 0.00066781118930892
0.36666666666666664 -0.08734402890458665 0.0006542027506674791
0.4 -0.0626533010575568 0.0006401226858526871
0.43333333333333335 -0.03774957514376283 0.0006271107606162438
0.4666666666666667 -0.011927163482639768 0.0006113046227801695
0.5 0.014443953021646375 0.0006126243503163792
0.5333333333333333 0.03912989254975348 0.0006270504961452886
0.5666666666666667 0.06386777467924742 0.000641229001562868
0.6 0.08385401673281981 0.000653060775107614
0.6333333333333333 0.1036499585813447 0.0006645193827377743
0.6666666666666666 0.1209412155920045 0.0006734307142461649
0.7 0.1336678637547854 0.0006803750392471719
0.7333333333333333 0.1425299008978337 0.0006850876610800527
0.7666666666666667 0.1468805140525588 0.0006865164973548776
0.8 0.14795728027694732 0.0006881615786244744
0.8333333333333334 0.14377485242327964 0.0006870475593717396
0.8666666666666667 0.13565164893633108 0.0006819122407414335
0.9 0.12367688000707643 0.0006762384561742468
0.9333333333333333 0.10851938439941154 0.0006676290578689209
0.9666666666666667 0.0894767820777129 0.0006567827513862673
1.0 0.06798617500601732 0.0006454663502804409
1.0333333333333334 0.04337881615243572 0.0006311992685440124
1.0666666666666667 0.019159299629329662 0.0006157318441262077
1.1 -0.005988365168170985 0.0006067516599776732
1.1333333333333333 -0.03235732735229902 0.0006230990448540114
1.1666666666666667 -0.056898040884754114 0.0006365590305218508
1.2 -0.08029306428087969 0.000650163703957235
1.2333333333333334 -0.10246507560619723 0.0006615267414309539
1.2666666666666666 -0.12273915865603101 0.0006746802671415003
1.3 -0.13834258413315303 0.0006816598214584579
1.3333333333333333 -0.1518384361775595 0.0006890521566783325
1.3666666666666667 -0.1596503925302243 0.0006926356913504184
1.4 -0.16506654957801795 0.0006962893473518028
1.4333333333333333 -0.1651646835613526 0.0006964505562978285
1.4666666666666666 -0.16137443985611952 0.0006943757715775212
1.5 -0.15280407061137044 0.0006905266355271
1.5333333333333334 -0.1412319901132542 0.0006842719945304998
1.5666666666666667 -0.12552789562600192 0.0006766090518927348
1.6 -0.10733995304452455 0.0006664277432995303
1.6333333333333333 -0.08604220082852342 0.0006548800735341614
1.6666666666666667 -0.061984247217738465 0.000640794702460902
1.7 -0.03644331570718617 0.0006264359473633907
1.7333333333333334 -0.011292364131372896 0.0006111697465925499
1.7666666666666666 0.015163341621963035 0.0006147286440743877
1.8 0.04044433062299848 0.0006304680255102696
1.8333333333333333 0.06454335924628357 0.0006444388658629896
1.8666666666666667 0.08561626703776111 0.0006541510002743833
1.9 0.10402383881658454 0.0006648666453415442
1.9333333333333333 0.12174502790503006 0.0006743889016510018
1.9666666666666666 0.13371636439983492 0.0006804200809263639
2.0 0.14179056842934357 0.0006847092341271954
2.033333333333333 0.14633453175009 0.0006867616297146217
2.066666666666667 0.14614715624426364 0.0006873913368004858
2.1 0.14155748671321458 0.0006856368059768581
2.1333333333333333 0.13387171935864445 0.0006808908123938084
2.1666666666666665 0.12157512612079294 0.000675074006659504
2.2 0.10569718259970816 0.0006669743862491168
2.2333333333333334 0.08535390108834788 0.0006548594012540515
2.2666666666666666 0.06517347425298502 0.0006431677752424675
2.3 0.0413375094683099 0.0006295467476497493
2.3333333333333335 0.016278073531323222 0.000614607219900077
2.3666666666666667 -0.008798102224839741 0.0006097403204638856
2.4 -0.034566515319098726 0.000625421743349508
2.433333333333333 -0.05938571875527461 0.0006389923287953778
2.466666666666667 -0.08361254988681416 0.0006520063568482282
2.5 -0.10488783777704064 0.0006637404520946216
2.533333333333333 -0.1237391217212756 0.0006746851610170412
2.566666666666667 -0.14013858461695178 0.0006828926457842499
2.6 -0.1519399593056469 0.0006893927192012095
2.6333333333333333 -0.16061241992229755 0.0006947177413476058
2.6666666666666665 -0.1643689085875039 0.0006959297706282397
2.7 -0.16465359205528127 0.0006960788867025058
2.7333333333333334 -0.16072674251532287 0.0006946486113700578
2.7666666666666666 -0.15283112610269958 0.0006917142167774393
2.8 -0.13955566374683256 0.0006840568821235016
2.8333333333333335 -0.12378443861955607 0.0006753227210987839
2.8666666666666667 -0.10463352394357839 0.0006647953447828786
2.9 -0.08191042114610193 0.0006527390504701552
2.933333333333333 -0.05894723925627439 0.0006389243859935903
2.966666666666667 -0.034238479746166846 0.0006249345436850837
3.0 -0.007825372138809539 0.0006090704126837099
3.033333333333333 0.017825292458788708 0.0006157835385834053
3.066666666666667 0.04193923970213369 0.0006294383396387646
3.1 0.06479563946572667 0.0006428373401288212
3.1333333333333333 0.08748510447640218 0.0006552363492999397
3.1666666666666665 0.10583433466121615 0.0006652278586132265
3.2 0.12145817715881904 0.0006752504762607275
3.2333333333333334 0.1333530795707457 0.0006798015998287499
3.2666666666666666 0.14148689768513203 0.0006851863806115188
3.3 0.14517348406811004 0.000687925850513943
3.3333333333333335 0.14557716376083202 0.0006873262667018709
3.3666666666666667 0.14122260723202174 0.0006855749131811639
3.4 0.13216204529656414 0.000680627593932559
3.433333333333333 0.11984179203732923 0.0006741438183098386
3.466666666666667 0.10323604638642499 0.0006652758188883112
3.5 0.08434772819531042 0.0006543506373999919
3.533333333333333 0.06300045563233894 0.0006419624537739588
3.566666666666667 0.03957232678954106 0.0006286195691543942
3.6 0.013118785950051741 0.000612602985501377
3.6333333333333333 -0.01071883294559837 0.0006118918330471727
3.6666666666666665 -0.036200379462472114 0.0006257274662329684
3.7 -0.06056365207503273 0.0006396106736548599
3.7333333333333334 -0.08400613655516169 0.0006535364497267937
3.7666666666666666 -0.10480811045312882 0.0006641451296333922
3.8 -0.12373196798816512 0.0006746243923691775
3.8333333333333335 -0.13991972420699209 0.000683184380471602
3.8666666666666667 -0.15132422124647524 0.0006895977783715201
3.9 -0.15982277354626326 0.0006929764131438643
3.933333333333333 -0.16360996009421552 0.0006955143107673645
3.966666666666667 -0.16327939659956683 0.0006950163842168178
4.0 -0.1584317850887142 0.0006926339200889198
4.033333333333333 -0.14989592907301327 0.0006884270728755304
4.066666666666666 -0.13702816665243325 0.0006823433764366615
4.1 -0.1211456380943244 0.0006757949490851234
4.133333333333334 -0.10171449241060208 0.0006640741832217856
4.166666666666667 -0.07979477456039605 0.0006511967292351095
4.2 -0.05616543286251615 0.0006374749375303371
4.233333333333333 -0.03082793834849235 0.0006236159307786739
4.266666666666667 -0.0066890223015315916 0.000608088235081421
4.3 0.018322447211329026 0.0006152162780179646
4.333333333333333 0.04332561759839631 0.0006300447058373709
4.366666666666666 0.06656642446203688 0.0006437124757493196
4.4 0.0881103673428563 0.000656389374811911
4.433333333333334 0.10571032720351345 0.0006654032032754609
4.466666666666667 0.12134828955851709 0.0006728546496935772
4.5 0.13299958781671634 0.0006804533747025443
4.533333333333333 0.1408069666577607 0.0006835434824772058
4.566666666666666 0.1449315576422365 0.0006860440058774897
4.6 0.14447333046575384 0.0006862732586500886
4.633333333333334 0.1397597393601094 0.0006838973791213343
4.666666666666667 0.1307190561562182 0.0006794895590835903
4.7 0.11888310204166451 0.0006727770349174711
4.733333333333333 0.10288676952741982 0.0006641825626733378
4.766666666666667 0.08416663759855594 0.0006538619413352237
4.8 0.06115549846104626 0.0006408088443947343
4.833333333333333 0.03828261795755286 0.000627477971038487
4.866666666666666 0.013763530920386813 0.0006133956679200969
4.9 -0.012755922857196591 0.0006124946355912913
4.933333333333334 -0.03791448020559522 0.000626754987659392
4.966666666666667 -0.061667542014996815 0.0006402855958138054
5.0 -0.08433893892563384 0.0006540293639133998
5.033333333333333 -0.10567573008830779 0.000665283593634311
5.066666666666666 -0.12414571680854802 0.0006759122534605866
5.1 -0.1395202390988415 0.0006834745185625435
5.133333333333334 -0.15135985324291107 0.0006895586170818646
5.166666666666667 -0.15934322396466447 0.0006930461184041503
5.2 -0.16322705026853224 0.0006971752865363723
5.233333333333333 -0.16225168979743745 0.0006950826405859867
5.266666666666667 -0.1569834938372256 0.0006925811394315196
5.3 -0.14797730117197982 0.0006898366948497603
5.333333333333333 -0.13515340666351275 0.0006821870763805138
5.366666666666666 -0.12076150210221542 0.0006735205554293799
5.4 -0.10078202001935899 0.0006629624582025762
5.433333333333334 -0.07902240206550633 0.0006505045175277807
5.466666666666667 -0.0546044894241479 0.0006369945669040811
5.5 -0.03025382318613723 0.0006230183241437322
5.533333333333333 -0.005166475268303107 0.000608235085892095
5.566666666666666 0.02071639795731185 0.0006181622199626507
5.6 0.044299959192652914 0.0006319991083290205
5.633333333333334 0.067435068036714 0.0006457686471911112
5.666666666666667 0.08731944319294155 0.0006553362210592051
5.7 0.10621610872004679 0.000664635391710966
5.733333333333333 0.12077144482900075 0.0006724048334034033
5.766666666666667 0.13099328912798325 0.0006787729650999108
5.8 0.14102085336816583 0.0006846888302902698
5.833333333333333 0.14411055751152127 0.000685954415562906
5.866666666666666 0.14353004134443437 0.0006856484562624832
5.9 0.1381970021569964 0.0006837437330281526
5.933333333333334 0.1291712338773407 0.0006799396336999719
5.966666666666667 0.11677044959738275 0.0006713371112508915
6.0 0.10073838381755447 0.0006627710413188298
6.033333333333333 0.0805797876164476 0.000651770767788884
6.066666666666666 0.059702518790839806 0.000640347924838934
6.1 0.036745418952946834 0.0006277262566489611
6.133333333333334 0.011630884112461392 0.0006114517222347987
6.166666666666667 -0.01367795534518659 0.0006119238201719064
6.2 -0.03844334689617225 0.0006269143293642296
6.233333333333333 -0.06340250474321163 0.0006421911515941681
6.266666666666667 -0.08628111356417782 0.0006545973058137422
6.3 -0.10666567193623103 0.000665702059354914
6.333333333333333 -0.12568786960465092 0.0006761817050622565
6.366666666666666 -0.13910431594246817 0.0006830438667501382
6.4 -0.1508170001829618 0.000689445692120122
6.433333333333334 -0.15861258247548213 0.0006926397922290273
6.466666666666667 -0.1621092787576779 0.0006956477875955935
6.5 -0.1615516686599862 0.0006957336849369167
6.533333333333333 -0.15664520941831972 0.0006933431607660523
6.566666666666666 -0.1470048705208855 0.0006876003220647187
6.6 -0.1346021363360962 0.0006810304900385089
6.633333333333334 -0.11800024637901177 0.0006743247800493762
6.666666666666667 -0.09854952020797018 0.0006626165199061229
6.7 -0.07666479881946472 0.0006492674931038306
6.733333333333333 -0.053783653095799584 0.0006367956880788256
6.766666666666667 -0.030295137255839148 0.0006253975245803581
6.8 -0.0041102646631226815 0.0006096755659346937
6.833333333333333 0.02135914765720485 0.000618771472932992
6.866666666666666 0.04692006704825346 0.0006346950824429459
6.9 0.06975968179222508 0.0006459701456834333
6.933333333333334 0.09006546285307336 0.0006572988301393051
6.966666666666667 0.1062913693583594 0.0006659319795029178
7.0 0.12180866717788619 0.000674999688638836
7.033333333333333 0.13230312318498366 0.000680647741990198
7.066666666666666 0.13946298493810583 0.0006834745813777687
7.1 0.14310761202767636 0.0006852885977892686
7.133333333333334 0.14240812259611282 0.0006853908495652872
7.166666666666667 0.1376953882753965 0.0006822324461845664
7.2 0.12836499291001383 0.0006778098006394451
7.233333333333333 0.11558023163760259 0.0006709192189653795
7.266666666666667 0.09964276733070065 0.0006625672441869096
7.3 0.07991549853576822 0.0006524711069782335
7.333333333333333 0.05806560560386197 0.0006399257833731575
7.366666666666666 0.03493780000573223 0.0006260140393276672
7.4 0.010473854530408331 0.0006113371939934931
7.433333333333334 -0.015618315253675285 0.0006137102667398576
7.466666666666667 -0.040810424669301536 0.0006289792225842861
7.5 -0.065779297475627 0.0006445016230462036
7.533333333333333 -0.08856953334610525 0.0006559447442301275
7.566666666666666 -0.10865480418955212 0.0006662747975155758
7.6 -0.12595183294742798 0.0006753839868522404
7.633333333333334 -0.14073735205935817 0.0006836691105508719
7.666666666666667 -0.15067761776136573 0.00068828199211457
7.7 -0.15806999100578287 0.0006923447735131538
7.733333333333333 -0.16190441784779358 0.0006945586388938663
7.766666666666667 -0.1603379565229383 0.0006940014358278457
7.8 -0.15467433338162215 0.0006910779962462088
7.833333333333333 -0.1460401121578993 0.0006866913230302585
7.866666666666666 -0.13300229520306125 0.0006801318142262702
7.9 -0.11607941030219168 0.0006714058796096767
7.933333333333334 -0.0968065942463367 0.0006612631914696271
7.966666666666667 -0.0743722417831146 0.0006492179498712863
8.0 -0.050999394523471034 0.0006357419899398198
8.033333333333333 -0.026896833473828805 0.0006224794549022222
8.066666666666666 -0.0025791920980141538 0.0006071732366968135
8.1 0.023750631954163808 0.0006192226323384585
8.133333333333333 0.046657941325586844 0.0006319962230909165
8.166666666666666 0.07013556800671022 0.0006459764812023067
8.2 0.09123756174145733 0.0006558249222756163
8.233333333333333 0.10866484081429738 0.000666574703951095
8.266666666666667 0.12370866132072277 0.0006747266972612909
8.3 0.13282772434251697 0.0006806072879630976
8.333333333333334 0.13948641063035438 0.0006827939335891098
8.366666666666667 0.14319020641626173 0.0006855163518320606
8.4 0.14100334635814205 0.0006842640270108835
8.433333333333334 0.1367363580735182 0.000681619045321713
8.466666666666667 0.1266726021006593 0.0006774069382015357
8.5 0.11243960318897236 0.0006711155313456202
8.533333333333333 0.09656044298398977 0.0006602674836327233
8.566666666666666 0.07758841226579319 0.0006495810279871506
8.6 0.05533953946115814 0.0006371814971687095
8.633333333333333 0.03284525995651543 0.000624385038279815
8.666666666666666 0.007786726620029973 0.0006089758935078227
8.7 -0.017074653865715838 0.0006152484345488818
8.733333333333333 -0.042312313503772896 0.0006307830131978137
8.766666666666667 -0.06470972448730182 0.000642922489052386
8.8 -0.08851079110728095 0.0006560420136818429
8.833333333333334 -0.10926942160765174 0.0006673787547727128
8.866666666666667 -0.12632226808784636 0.000676449796284756
8.9 -0.1399145512870984 0.0006832737587421644
8.933333333333334 -0.14997291308476116 0.000689164927118846
8.966666666666667 -0.15794361615280392 0.0006934594485960011
9.0 -0.16096424665764364 0.00069508832671486
9.033333333333333 -0.15977152762361135 0.0006949222585415638
9.066666666666666 -0.15296257236891542 0.0006901294888674581
9.1 -0.14411536057674892 0.0006860931361696576
9.133333333333333 -0.13070649918231614 0.000678633735240658
9.166666666666666 -0.11369249042058019 0.0006697933279516677
9.2 -0.09479369644693343 0.0006603953043782113
9.233333333333333 -0.07268695691388298 0.0006461954256878899
9.266666666666667 -0.04897095075466671 0.0006334843910174512
9.3 -0.025946270802094946 0.0006206414584422545
9.333333333333334 0.00020399865977368593 0.0006049520424947922
9.366666666666667 0.025466178690187788 0.0006192866851605187
9.4 0.0480236463936795 0.0006363809243126808
9.433333333333334 0.07103647726218143 0.0006472343604059932
9.466666666666667 0.09057643451368246 0.000657615263184877
9.5 0.10860370661051236 0.0006672884899430326
9.533333333333333 0.12199275323194805 0.0006739017605248837
9.566666666666666 0.13196648823985552 0.0006798536060757254
9.6 0.1383266555265328 0.0006832594685275972
9.633333333333333 0.14068218619512682 0.0006853739834317418
9.666666666666666 0.14014237776694224 0.0006846431162286781
9.7 0.13496988759477724 0.0006816438302783834
9.733333333333333 0.12480890432788255 0.0006761547999196427
9.766666666666667 0.1116352815997056 0.0006704257813806153
9.8 0.0947984058186013 0.0006596805351889723
9.833333333333334 0.07461598247771488 0.0006483414764733575
9.866666666666667 0.05348091513856041 0.0006369613559431067
9.9 0.029778338090716765 0.0006227586507497294
9.933333333333334 0.0061892587150307226 0.0006092898241811693
9.966666666666667 -0.01871317603194718 0.0006159995361187595
10.0 -0.042471764580010195 0.000629027999339199
10.033333333333333 -0.06706283080630732 0.0006445092464038016
10.066666666666666 -0.08966592828765843 0.0006568159353223108
10.1 -0.10891692861609427 0.0006691900618152752
10.133333333333333 -0.12700994414624842 0.000679262425242827
10.166666666666666 -0.1404403680742064 0.0006847066157354698
10.2 -0.15007304138074895 0.0006890253076064223
10.233333333333333 -0.15696997059183362 0.0006919080922242471
10.266666666666667 -0.15934450437202677 0.0006929751422659891
10.3 -0.15786329552331357 0.0006929248056447845
10.333333333333334 -0.15174864707194094 0.0006895304888991649
10.366666666666667 -0.1426324153989523 0.0006849581971607177
10.4 -0.12956723867177491 0.0006776351492554511
10.433333333333334 -0.11355561241902412 0.0006695290883333149
10.466666666666667 -0.09341360326765168 0.0006593514308229353
10.5 -0.07087645346811954 0.0006460330872628955
10.533333333333333 -0.04706128818136118 0.0006326943175871264
10.566666666666666 -0.022751487410380338 0.0006179961358137899
10.6 0.0022708500739472676 0.0006056002274822058
10.633333333333333 0.026772201701394428 0.0006211920170868176
10.666666666666666 0.04961876881452724 0.0006344600441379536
10.7 0.07160924587267624 0.0006469677834619048
10.733333333333333 0.0910409385607286 0.0006592599189373521
10.766666666666667 0.10713280841845815 0.0006665422919672898
10.8 0.12179666028997715 0.0006739035907840085
10.833333333333334 0.1313105095995881 0.0006804405268860947
10.866666666666667 0.13847633442210294 0.0006845597047957785
10.9 0.1408956776667748 0.000687249645901028
10.933333333333334 0.13898140382905455 0.00068414149344595
10.966666666666667 0.13371103428211212 0.0006811561191672477
11.0 0.12340854764700064 0.0006751619646344492
11.033333333333333 0.11032976536784765 0.0006677395116280183
11.066666666666666 0.09372781252908069 0.0006597554610152517
11.1 0.07509704664449286 0.0006491495960574828
11.133333333333333 0.05276286156163196 0.0006371957530994093
11.166666666666666 0.028393998181602598 0.0006225789177183617
11.2 0.005056357447229294 0.000607427422878253
11.233333333333333 -0.02097317408443527 0.0006179171986106825
11.266666666666667 -0.045326215064447624 0.0006331922161721196
11.3 -0.06803543292374309 0.0006437649842717247
11.333333333333334 -0.09008361162014082 0.0006565816583218725
11.366666666666667 -0.10995167310300923 0.0006674857464952777
11.4 -0.12705529750884065 0.0006768038602320281
11.433333333333334 -0.14028530856249388 0.0006832265933540693
11.466666666666667 -0.1513898039680343 0.0006892842034634805
11.5 -0.15668010770031593 0.0006922906344439539
11.533333333333333 -0.1591379135243725 0.0006931358325966697
11.566666666666666 -0.15687907965312756 0.0006920767864703747
11.6 -0.15035232784829874 0.0006890424606349754
11.633333333333333 -0.14104541763574352 0.0006838095331868077
11.666666666666666 -0.1280931109131216 0.0006772505585564415
11.7 -0.11149025750441469 0.0006692069754398178
11.733333333333333 -0.09247469637524641 0.0006590026678717081
11.766666666666667 -0.07148103792702791 0.0006468948553688819
11.8 -0.046685686738260006 0.0006332116636150673
11.833333333333334 -0.02101913494248639 0.0006174505704831142
11.866666666666667 0.0034836196473614443 0.000606868911007895
11.9 0.027897920159531363 0.0006212435475384699
11.933333333333334 0.050655353002965836 0.0006348350182723075
11.966666666666667 0.07278287202351716 0.0006468459111697022
12.0 0.0921490207963825 0.0006577860342996955
12.033333333333333 0.10848804751000561 0.0006663132098253671
12.066666666666666 0.12291031501991098 0.0006739604554185374
12.1 0.1310723449726357 0.0006805922647234175
12.133333333333333 0.1370929082151677 0.0006825257390311312
12.166666666666666 0.14046999359721954 0.0006852024236921883
12.2 0.13816785754532598 0.0006841620329324782
12.233333333333333 0.13178798816003964 0.0006806361674105421
12.266666666666667 0.12193691566301278 0.0006746759425280136
12.3 0.1089150959009207 0.0006671547191418187
12.333333333333334 0.09169715247573519 0.0006578647140386695
12.366666666666667 0.07340919769019093 0.0006471625857474711
12.4 0.04979488658652257 0.0006347803420035034
12.433333333333334 0.02725659119710388 0.0006217108983871296
12.466666666666667 0.0024117395653257627 0.0006065721565038777
12.5 -0.02270269175979543 0.0006181100346701884
12.533333333333333 -0.04592527503557087 0.000631990679863359
12.566666666666666 -0.0693506753735109 0.00064587439359029
12.6 -0.09102239351011832 0.0006573896252295985
12.633333333333333 -0.11051128331702698 0.0006685196411535393
12.666666666666666 -0.12756884378069655 0.0006768542431973279
12.7 -0.14002215493719147 0.0006839128096093328
12.733333333333333 -0.15019038487705524 0.0006892930116813023
12.766666666666667 -0.15677688238139417 0.0006933300779428664
12.8 -0.15750255680040104 0.0006933565660507124
12.833333333333334 -0.15608522305374922 0.0006928964778082636
12.866666666666667 -0.14917141450100307 0.0006893702265420854
12.9 -0.13901327938969205 0.0006833493584111339
12.933333333333334 -0.1260839975686503 0.0006771981060027799
12.966666666666667 -0.10911306641246644 0.0006674814387044592
13.0 -0.08937738423901744 0.0006568884550604143
13.033333333333333 -0.06727807440845691 0.000643511495872745
13.066666666666666 -0.043440338869504755 0.0006310373590577428
13.1 -0.019160271345693574 0.0006166609299748868
13.133333333333333 0.005267178838758851 0.0006056698126286142
13.166666666666666 0.028479734795269905 0.000621782200562377
13.2 0.052028848055731866 0.0006347997913295975
13.233333333333333 0.07383194183496429 0.0006470845792731217
13.266666666666667 0.09384377338415772 0.000658710489997133
13.3 0.10982693097562245 0.0006665512607596236
13.333333333333334 0.12189790038078151 0.0006742634766964128
13.366666666666667 0.13238290059416372 0.0006799650005054336
13.4 0.13755250346264072 0.0006832643237928981
13.433333333333334 0.13877367911460156 0.0006834002905379555
13.466666666666667 0.13683830623018034 0.0006821538269825844
13.5 0.1314874795724192 0.0006797089475774065
13.533333333333333 0.11871731177679826 0.0006734398337014252
13.566666666666666 0.10632297064254453 0.0006654090715091099
13.6 0.09018277271544999 0.0006573782817856644
13.633333333333333 0.06987963461429934 0.0006443016323898626
13.666666666666666 0.048584798754079894 0.0006335323712961805
13.7 0.02572874726644103 0.0006201404295693297
13.733333333333333 0.00021145253029767312 0.0006042669940817512
13.766666666666667 -0.02304319918415006 0.0006198102562413564
13.8 -0.047660933911461124 0.0006333836884837643
13.833333333333334 -0.07044233514087303 0.0006449087542052118
13.866666666666667 -0.09232435485826795 0.000657678029259201
13.9 -0.11154173523257553 0.0006689168654898103
13.933333333333334 -0.1266153080861777 0.00067735498991503
13.966666666666667 -0.14031046484241166 0.0006844826585180874
14.0 -0.15006015110159368 0.0006886288696837661
14.033333333333333 -0.15597340414655803 0.0006917855511531235
14.066666666666666 -0.15707223743984844 0.0006924613801461421
14.1 -0.15523964652020564 0.0006919324179867903
14.133333333333333 -0.14814323663761325 0.0006873133211310889
14.166666666666666 -0.13954959111186055 0.0006845998480179971
14.2 -0.12381202513208656 0.0006754584726073182
14.233333333333333 -0.10742805584653353 0.0006664436212401592
14.266666666666667 -0.08751971852999976 0.0006544407238461003
14.3 -0.06536167386930919 0.0006435954167317987
14.333333333333334 -0.042027522320539495 0.0006288861411989505
14.366666666666667 -0.017694669163341364 0.0006155809449442315
14.4 0.006368496961681305 0.0006081233058788174
14.433333333333334 0.03105217286387335 0.0006240717833527615
14.466666666666667 0.054439227975291195 0.0006366523936356741
14.5 0.07460212203243913 0.0006505588778383253
14.533333333333333 0.09425942911618858 0.0006594769326133954
14.566666666666666 0.10983974838670714 0.0006687749699356288
14.6 0.12335284766938638 0.0006750623196653815
14.633333333333333 0.13143234207915944 0.0006785857898065628
14.666666666666666 0.13689206497950018 0.0006839785902261475
14.7 0.13868662563781659 0.0006832059701461501
14.733333333333333 0.13599112658693394 0.000681646172971867
14.766666666666667 0.13053534403987446 0.0006796247801939825
14.8 0.1205907920352099 0.0006731246229518539
14.833333333333334 0.10582516387196034 0.0006654885631746932
14.866666666666667 0.08948386180025579 0.0006564512334175931
14.9 0.06904642327393494 0.0006455477960508882
14.933333333333334 0.047088555620469236 0.0006337245217074988
14.966666666666667 0.023783805521680412 0.0006196872554405167
15.0 0.00026560641254907264 0.0006052146430252757
15.033333333333333 -0.024536942061546333 0.0006189275606653215
15.066666666666666 -0.048695710390175284 0.0006342277284067249
15.1 -0.07189964729389486 0.0006459628785050464
15.133333333333333 -0.09429613357597484 0.0006621702713477534
15.166666666666666 -0.11226069337548998 0.000669238377951159
15.2 -0.12853196208218334 0.0006797757003979832
15.233333333333333 -0.1405252862711816 0.0006836308781382472
15.266666666666667 -0.14922768161885328 0.0006888259117656392
15.3 -0.15436790116865454 0.0006911847170592844
15.333333333333334 -0.15602260412000363 0.0006931778093149377
15.366666666666667 -0.15317233326927235 0.000693492539139029
15.4 -0.14629522395037883 0.0006868407106634944
15.433333333333334 -0.13635453034495013 0.0006813104804797299
15.466666666666667 -0.12274046006888163 0.0006758245706987437
15.5 -0.10604370008612636 0.0006660761204288213
15.533333333333333 -0.08605556411618602 0.0006537127341450788
15.566666666666666 -0.06507186317256998 0.0006448622640503471
15.6 -0.04033409913874696 0.0006278649558812063
15.633333333333333 -0.016063767113653708 0.0006144744656319014
15.666666666666666 0.009083626963484973 0.0006104270734982303
15.7 0.03292220289686556 0.0006238535645851778
15.733333333333333 0.05538987204866222 0.0006377142482212536
15.766666666666667 0.07582202969071361 0.0006490424741081441
15.8 0.09580068810045325 0.0006603145545743122
15.833333333333334 0.11128078703442917 0.0006690422931485834
15.866666666666667 0.12391225723568917 0.0006757063327913204
15.9 0.13216461613984332 0.0006805410229778208
15.933333333333334 0.13680713447701837 0.000681458837386073
15.966666666666667 0.13837956756968706 0.0006854621003855865
16.0 0.13672546801700544 0.0006823247362225948
16.033333333333335 0.12854775213898978 0.0006774868448061744
16.066666666666666 0.11840124923896331 0.0006739083527447787
16.1 0.10381572981718892 0.0006643293131383676
16.133333333333333 0.086941085539494 0.0006551574130209126
16.166666666666668 0.06656125601074363 0.0006435533348420897
16.2 0.04545125420404842 0.0006316671265936477
16.233333333333334 0.021749923468124877 0.0006174686801430282
16.266666666666666 -0.002455150940296246 0.0006048194083089486
16.3 -0.026775309911366754 0.0006203966712107802
16.333333333333332 -0.05040668125652848 0.0006342042920977897
16.366666666666667 -0.07251978236628753 0.000646900892096583
16.4 -0.0943134051764859 0.0006585300211735395
16.433333333333334 -0.11271943395964434 0.0006685293477759618
16.466666666666665 -0.12896308531261919 0.0006764621011255412
16.5 -0.14115755007902334 0.0006838679314738472
16.533333333333335 -0.15194535203779913 0.0006902555658580001
16.566666666666666 -0.1566947051711456 0.0006943661673453339
16.6 -0.15657308867201825 0.000692787468885514
16.633333333333333 -0.153258344822422 0.0006913001657627149
16.666666666666668 -0.14618525266493207 0.0006867923825232269
16.7 -0.13481143778787444 0.0006804274171346436
16.733333333333334 -0.1210468510129523 0.0006733075962822993
16.766666666666666 -0.10473971483241376 0.000665697744211366
16.8 -0.08353229561469182 0.0006534515566138793
16.833333333333332 -0.06193914725022961 0.0006411397325023147
16.866666666666667 -0.03849959345500139 0.0006275142419168572
16.9 -0.013732809280229446 0.0006132128505402477
16.933333333333334 0.00929624406443812 0.0006106058367187049
16.966666666666665 0.03435535225366547 0.0006253593526329218
17.0 0.05702695559438107 0.0006381850460216859
17.033333333333335 0.07701206432807292 0.0006473033735288902
17.066666666666666 0.09601244401221504 0.0006590576054747166
17.1 0.1121253112365605 0.0006683154708755079
17.133333333333333 0.12466133653562578 0.0006751694690357857
17.166666666666668 0.13266926045654898 0.0006806808236832496
17.2 0.13655854961988365 0.0006820022904950873
17.233333333333334 0.1368238003012322 0.0006828948593595174
17.266666666666666 0.1342034813681773 0.0006816697294144969
17.3 0.126740080730424 0.0006777439700335341
17.333333333333332 0.11523226398510915 0.0006704236821077209
17.366666666666667 0.10179538747656419 0.0006652270729931992
17.4 0.08494537489150496 0.0006542055946658493
17.433333333333334 0.06495694490530371 0.0006429301130751464
17.466666666666665 0.0419644835049979 0.0006303132091217342
17.5 0.017803059655339112 0.0006150768654688554
17.533333333333335 -0.004775405099388065 0.0006081085125788825
17.566666666666666 -0.029394746431428392 0.0006225349249842568
17.6 -0.053361740585582844 0.0006353907163858807
17.633333333333333 -0.07531313401529798 0.0006488506030359747
17.666666666666668 -0.09587608506904574 0.0006605660292645366
17.7 -0.11415615104457699 0.0006698237039479693
17.733333333333334 -0.12917901218691386 0.0006777071003349622
17.766666666666666 -0.14123325528792244 0.000683989656113021
17.8 -0.1502538076237482 0.0006898013552633919
17.833333333333332 -0.15453419385528366 0.0006912777736977349
17.866666666666667 -0.1549897776415218 0.0006914214388280271
17.9 -0.15230638150818152 0.0006917082603123403
17.933333333333334 -0.1447260538093912 0.000686261876010924
17.966666666666665 -0.13400530953738504 0.0006806249782853047
18.0 -0.11938087853707928 0.0006739827509045365
18.033333333333335 -0.10155049901897178 0.000664419943201433
18.066666666666666 -0.0816106530676642 0.0006533570039335829
18.1 -0.0611483957996141 0.0006444065900768139
18.133333333333333 -0.03601493694609421 0.0006281438273299175
18.166666666666668 -0.012049565510379202 0.000612689788874958
18.2 0.01325761387752412 0.0006122604318941488
18.233333333333334 0.03604139620049197 0.0006260651411681278
18.266666666666666 0.056975778549238305 0.0006379911421586643
18.3 0.07792143099752762 0.0006508198634631451
18.333333333333332 0.09504367009685867 0.0006583959394131089
18.366666666666667 0.11062393947464026 0.0006664948357610195
18.4 0.1234645398040862 0.0006736237424357638
18.433333333333334 0.13137145637887132 0.0006791284590804414
18.466666666666665 0.13574242217899077 0.0006816594046686053
18.5 0.13660781060420676 0.0006820202884233462
18.533333333333335 0.13329350455692301 0.0006800374410928234
18.566666666666666 0.12557359787464867 0.000676447095477678
18.6 0.11311492230539837 0.0006678705516622307
18.633333333333333 0.09824190969866589 0.0006621656896479422
18.666666666666668 0.08175610972883705 0.0006526452772090685
18.7 0.06230324998008356 0.000640503087008415
18.733333333333334 0.040505133509334865 0.0006293690478912234
18.766666666666666 0.018681432569484784 0.0006160752904204626
18.8 -0.006922964476190246 0.0006088337398351207
18.833333333333332 -0.0320108422190354 0.0006245508240485323
18.866666666666667 -0.054590710973918634 0.0006367394591733147
18.9 -0.0769944833805024 0.0006504870124935114
18.933333333333334 -0.09714597474287928 0.0006621757382103688
18.966666666666665 -0.11520212245265041 0.0006728076394535432
19.0 -0.12922526744792778 0.000678837681835992
19.033333333333335 -0.14124160549455334 0.0006866965251957624
19.066666666666666 -0.14930509845793383 0.0006883714374743832
19.1 -0.15372761858417114 0.0006903992314464813
19.133333333333333 -0.15385584652168827 0.0006905838135271569
19.166666666666668 -0.1506052398227548 0.0006887715265746497
19.2 -0.14403125296478633 0.0006850815697853896
19.233333333333334 -0.13197534986321832 0.0006784621066935059
19.266666666666666 -0.11691546792023444 0.0006712614357181623
19.3 -0.09987180623062138 0.0006606190304349613
19.333333333333332 -0.08170344431953792 0.0006517588296753168
19.366666666666667 -0.058604009811605934 0.0006391591504020661
19.4 -0.03505408184604853 0.0006260340948886847
19.433333333333334 -0.00997145094948625 0.0006103746730292247
19.466666666666665 0.0141401313510682 0.0006122747314583482
19.5 0.03786102221591228 0.0006269334282189565
19.533333333333335 0.05859983020035212 0.0006390535296188493
19.566666666666666 0.07992187780190674 0.0006510058412619174
19.6 0.09729946455710808 0.0006609669847846555
19.633333333333333 0.11168481571416902 0.0006689322235824274
19.666666666666668 0.12374344351615615 0.0006759243821289063
19.7 0.1304043473299756 0.0006784357141757791
19.733333333333334 0.13647805234461052 0.0006818212899672715
19.766666666666666 0.13676669092831378 0.000683803444469222
19.8 0.1319996482026977 0.0006809738608353766
19.833333333333332 0.12426083746946365 0.0006760336993748839
19.866666666666667 0.11366964985344152 0.0006722325979555271
19.9 0.09731315449937832 0.0006617133966928257
19.933333333333334 0.07925321026490866 0.0006514336874736126
19.966666666666665 0.060623765766380865 0.000641502847294112
20.0 0.038217423571149545 0.0006288040493199615
20.033333333333335 0.013567755163930216 0.0006159987247689042
20.066666666666666 -0.008319093231445928 0.0006095586628761633
20.1 -0.03179363318131121 0.0006230458530759736
20.133333333333333 -0.05570827881639627 0.000636461003570371
20.166666666666668 -0.07880495628664845 0.0006500316505372583
20.2 -0.0980912348246209 0.0006607983270506129
20.233333333333334 -0.11564389374508295 0.0006705485430432007
20.266666666666666 -0.13077773398972373 0.0006797898645264366
20.3 -0.14210006671166345 0.000683931355942774
20.333333333333332 -0.15013206252523192 0.0006883824308993314
20.366666666666667 -0.1538783099290918 0.0006905107962586754
20.4 -0.1531803009866269 0.0006904305277197487
20.433333333333334 -0.14957896675614066 0.0006879317607390301
20.466666666666665 -0.14160357252072073 0.0006845757157989685
20.5 -0.13070727924378875 0.0006795514097186484
20.533333333333335 -0.11492973620735886 0.000670230338610231
20.566666666666666 -0.09755232057646578 0.000660508510716043
20.6 -0.07748137733613386 0.0006497608369446656
20.633333333333333 -0.05544290703654234 0.0006374393439515375
20.666666666666668 -0.03232340860077428 0.0006236930494709844
20.7 -0.008143933873846192 0.0006104058048296574
20.733333333333334 0.015165324484988406 0.0006147288341071793
20.766666666666666 0.038492348591388614 0.0006279333289780226
20.8 0.05948763844296244 0.0006402200797756552
20.833333333333332 0.08036326565560616 0.0006512883075551618
20.866666666666667 0.09823250624862519 0.0006617231131729878
20.9 0.11219313219912089 0.0006687054344301502
20.933333333333334 0.12399268286121548 0.0006754263777857539
20.966666666666665 0.13162600467585994 0.0006785139795260631
21.0 0.13429838184233514 0.0006807984544781598
21.033333333333335 0.13324722810962347 0.000681943702295934
21.066666666666666 0.13115114620796453 0.0006790670842684865
21.1 0.12425613817254522 0.0006752100731901717
21.133333333333333 0.11211173790054706 0.000669595115813923
21.166666666666668 0.09771491990886139 0.0006612314609732162
21.2 0.07902627849481732 0.0006510924444390331
21.233333333333334 0.05864284880235714 0.0006398828146735938
21.266666666666666 0.03736947505070682 0.0006280983863588274
21.3 0.013403147491959082 0.0006125469110451701
21.333333333333332 -0.010526116106210253 0.0006117052486488694
21.366666666666667 -0.033310415165352845 0.0006244720069319074
21.4 -0.056543371269881466 0.0006373433752628818
21.433333333333334 -0.07845228321538714 0.0006504403047525864
21.466666666666665 -0.09902678618815361 0.0006621030143941636
21.5 -0.11657734222178906 0.0006705774247203061
21.533333333333335 -0.13163909742768534 0.0006783024243139091
21.566666666666666 -0.14255903875916587 0.0006848816417069914
21.6 -0.14985040100353264 0.0006890098807695866
21.633333333333333 -0.1524400365446801 0.000691467945150126
21.666666666666668 -0.15260465439440196 0.0006911181387797283
21.7 -0.14773569477977383 0.0006881675337244708
21.733333333333334 -0.14054037637490757 0.0006836535291395163
21.766666666666666 -0.12842921885554537 0.0006775916470657117
21.8 -0.11424245580562144 0.0006699366600966539
21.833333333333332 -0.09578547562691125 0.0006600177839591465
21.866666666666667 -0.0755217285321563 0.0006487599632351571
21.9 -0.0524949552186016 0.0006351203989253332
21.933333333333334 -0.030115736690732395 0.0006227313914561744
21.966666666666665 -0.006551916568427652 0.0006076676364276095
22.0 0.016649921634973 0.0006143411454750634
22.033333333333335 0.03927608022384921 0.0006279218088960023
22.066666666666666 0.06128045479485959 0.0006404263110107097
22.1 0.08063932983162438 0.0006508695631691069
22.133333333333333 0.09747627582738223 0.0006600633764218128
22.166666666666668 0.11171299621926391 0.0006683192071825078
22.2 0.12288036065689341 0.0006744022051549808
22.233333333333334 0.13014387325931867 0.0006770260738761802
22.266666666666666 0.13381983610149692 0.0006807788295120909
22.3 0.13379919427553377 0.0006803382426196769
22.333333333333332 0.12941077555520494 0.0006785417015512385
22.366666666666667 0.1219178908461178 0.0006752928730131696
22.4 0.10916052841869542 0.0006680488890015435
22.433333333333334 0.09411647270927091 0.0006590814183452809
22.466666666666665 0.07621848837641526 0.0006498559113298635
22.5 0.055043030342541495 0.0006373114065509056
22.533333333333335 0.034554693003468126 0.0006248035112519229
22.566666666666666 0.011002100140016296 0.0006117143564162309
22.6 -0.012723436548014182 0.0006137026819552829
22.633333333333333 -0.03460816013288784 0.0006261686087993962
22.666666666666668 -0.057984602619674086 0.000639227296211603
22.7 -0.07984742942235057 0.0006512049807801124
22.733333333333334 -0.09911834467108906 0.0006617486114302434
22.766666666666666 -0.11644132586852977 0.0006712830372937184
22.8 -0.1308351807704866 0.0006793600910710018
22.833333333333332 -0.14188200489038835 0.0006845095985627825
22.866666666666667 -0.1491805173212989 0.0006881669271195934
22.9 -0.15338517716635125 0.0006901981444612793
22.933333333333334 -0.15296717697917797 0.0006901610611114162
22.966666666666665 -0.14894708233193893 0.0006880857230423532
23.0 -0.13962292607161006 0.0006844858686686217
23.033333333333335 -0.12804293412880088 0.0006774240700076484
23.066666666666666 -0.11237355411350704 0.000669513375775449
23.1 -0.09409461526498569 0.0006595119327824361
23.133333333333333 -0.07584916248042667 0.0006512470159140554
23.166666666666668 -0.05095562483521317 0.0006349972529733211
23.2 -0.02814053934184169 0.0006218060686043643
23.233333333333334 -0.004630990379685566 0.0006078319604724425
23.266666666666666 0.01888546642330529 0.0006174320581526019
23.3 0.04238430895524582 0.0006300988324604434
23.333333333333332 0.06253007182044344 0.0006411489009607307
23.366666666666667 0.08155427267393624 0.0006517473726489198
23.4 0.09884600655141342 0.0006648087034439865
23.433333333333334 0.11309344852793082 0.0006697910269031077
23.466666666666665 0.12358605368277711 0.0006760586393933926
23.5 0.1299178940275096 0.0006790846328715572
23.533333333333335 0.13296259805483926 0.0006804897981490254
23.566666666666666 0.1326495975274579 0.0006803982121168783
23.6 0.12782573484833734 0.0006779283366314393
23.633333333333333 0.12014945356363263 0.0006745507282632096
23.666666666666668 0.10865843362570653 0.0006665738320146553
23.7 0.09237220759198835 0.0006588022831797574
23.733333333333334 0.07558694354343577 0.0006483889203689891
23.766666666666666 0.05529520199187972 0.0006371715898047248
23.8 0.033308293055426444 0.0006244854219350157
23.833333333333332 0.00919977032720037 0.0006104541075708167
23.866666666666667 -0.014900795011333005 0.0006142326666150472
23.9 -0.036891102379360996 0.0006264934044216547
23.933333333333334 -0.06002906108697618 0.0006429077723370605
23.966666666666665 -0.08156943726991 0.0006526174495841697
24.0 -0.10001593117241296 0.0006629161597695304
24.033333333333335 -0.1168873819966907 0.0006729472151334182
24.066666666666666 -0.12990499599084618 0.0006779781540753593
24.1 -0.14153075906187584 0.0006839641431170551
24.133333333333333 -0.14901308360943472 0.0006880893441416347
24.166666666666668 -0.15162945056510263 0.0006895448530598591
24.2 -0.15049077553803253 0.0006890133315161917
24.233333333333334 -0.1461659069036295 0.0006869027098302949
24.266666666666666 -0.1369641431110456 0.0006826009803997668
24.3 -0.12659004005944802 0.0006771171520450481
24.333333333333332 -0.11047982576167666 0.0006677814582468494
24.366666666666667 -0.09239073918099326 0.0006572952714817976
24.4 -0.07243628992364463 0.0006462451484420539
24.433333333333334 -0.049606928845631636 0.0006352254682271893
24.466666666666665 -0.026503657317466567 0.0006220261422052627
24.5 -0.0022699340971947565 0.0006063387314302672
24.533333333333335 0.01955136992252645 0.0006165468201405275
24.566666666666666 0.04370319323145687 0.000629735486210925
24.6 0.06338024415894455 0.0006425302417838452
24.633333333333333 0.08355999327883185 0.0006530498020007325
24.666666666666668 0.09992361118118158 0.0006625695802550818
24.7 0.1138938324382829 0.0006697492268236127
24.733333333333334 0.12313068697561913 0.0006748766834525216
24.766666666666666 0.12664405842659449 0.0006783591374977527
24.8 0.1310551463221676 0.0006801326543004749
24.833333333333332 0.1307889721297812 0.0006799204364394129
24.866666666666667 0.12734979783333103 0.0006770347263170273
24.9 0.11909407392220211 0.0006730771019375914
24.933333333333334 0.1071884203624547 0.0006654223424614608
24.966666666666665 0.09127247671938968 0.000656994600620936
25.0 0.07357973918384328 0.0006477993082128208
25.033333333333335 0.05232563704986973 0.0006367010755187405
25.066666666666666 0.031442055009421016 0.0006239572257221784
25.1 0.007103883588250897 0.0006091206988816074
25.133333333333333 -0.015564156073810516 0.0006140128427787467
25.166666666666668 -0.039298485691243425 0.0006277676987782588
25.2 -0.061515496512803775 0.0006417516208156726
25.233333333333334 -0.0821664408706527 0.000651831706551878
25.266666666666666 -0.10167512017201195 0.0006629684695682175
25.3 -0.11836089709677497 0.0006718323103684781
25.333333333333332 -0.1321253201101805 0.0006798454911441099
25.366666666666667 -0.14127002989354495 0.0006835317435408272
25.4 -0.14857347528106127 0.0006888093904440784
25.433333333333334 -0.1503629824860441 0.0006892075592699887
25.466666666666665 -0.14983535135096265 0.0006888287975417295
25.5 -0.14489911982129347 0.0006865678354900928
25.533333333333335 -0.13610623534046892 0.0006814886024476829
25.566666666666666 -0.12370672630652316 0.0006752681547301936
25.6 -0.10831619106923074 0.0006675856344635911
25.633333333333333 -0.08980485787952561 0.000657121370652089
25.666666666666668 -0.0705830331215969 0.0006465262527238086
25.7 -0.04822695043791103 0.000633281325915093
25.733333333333334 -0.024987983035938476 0.000619801880227748
25.766666666666666 -0.0014817195647431408 0.0006056993663102999
25.8 0.020515486376633536 0.0006179705974761751
25.833333333333332 0.044203354833438666 0.0006313762882143026
25.866666666666667 0.06543955630257973 0.0006435044901509507
25.9 0.08407367507840599 0.0006538414056286301
25.933333333333334 0.10109822666089306 0.0006640828301330282
25.966666666666665 0.11483680542738074 0.0006712212320673372
26.0 0.12125588789498866 0.0006770284867863019
26.033333333333335 0.130508172598069 0.000678605452240244
26.066666666666666 0.13173177717339146 0.0006789873940881153
26.1 0.1309327369898261 0.0006791011645488898
26.133333333333333 0.12560454717212569 0.0006764626629257309
26.166666666666668 0.11664910150939113 0.000672499120720399
26.2 0.10434213281821837 0.0006646038430601214
26.233333333333334 0.08788920657172523 0.0006563362022270897
26.266666666666666 0.07151083047022978 0.0006470252396116871
26.3 0.05098750004467458 0.0006349173790414428
26.333333333333332 0.027725583533619428 0.0006212084783699182
26.366666666666667 0.0066261852586480645 0.0006092341020120795
26.4 -0.0177109989464803 0.0006152671055341813
26.433333333333334 -0.041190761403983575 0.0006284568043615074
26.466666666666665 -0.06426368410788377 0.0006424187352712663
26.5 -0.08420787457645812 0.0006532252863407223
26.533333333333335 -0.10327016811348783 0.000663685841024067
26.566666666666666 -0.1195490631408744 0.0006725787744003842
26.6 -0.13269497414742504 0.0006813496902890459
26.633333333333333 -0.1415318745240701 0.0006847584687354469
26.666666666666668 -0.1473265628181582 0.0006874500318166388
26.7 -0.15045298826728315 0.0006887149055444797
26.733333333333334 -0.1484599351156805 0.0006881639698070874
26.766666666666666 -0.1436720008273178 0.0006855817613473092
26.8 -0.1347559306540283 0.0006812657829984303
26.833333333333332 -0.12244334968592718 0.0006738645976460678
26.866666666666667 -0.10689569855942524 0.0006660743102751554
26.9 -0.08885817236516588 0.0006564235296449977
26.933333333333334 -0.06751766521231625 0.0006428514303898625
26.966666666666665 -0.04492622006604674 0.0006309069021044472
27.0 -0.022196892017226452 0.0006181232641855362
27.033333333333335 0.0007700410712946696 0.0006049619875448584
27.066666666666666 0.023306901200543448 0.0006188724080937839
27.1 0.04661558943555232 0.0006318478568189817
27.133333333333333 0.0664482269271616 0.0006443464311268465
27.166666666666668 0.08633239308895481 0.0006555293467037232
27.2 0.1017079158262338 0.0006635560339644797
27.233333333333334 0.11438503606278799 0.0006704895557196056
27.266666666666666 0.12360214625059071 0.0006747936334856874
27.3 0.1300746850375497 0.0006783475750073709
27.333333333333332 0.13281389292800475 0.000680209558959699
27.366666666666667 0.13139850349042903 0.0006801810284660648
27.4 0.1257442357748009 0.0006769827685397245
27.433333333333334 0.11650248281647362 0.0006721471286215419
27.466666666666665 0.10295174876516701 0.0006647079665937083
27.5 0.08787010603301454 0.0006567723236858974
27.533333333333335 0.0696705886463087 0.0006464222081070531
27.566666666666666 0.04801484402307821 0.0006357151025647156
27.6 0.025242093908868894 0.0006201547486777079
27.633333333333333 0.004451839310607888 0.0006078661493390241
27.666666666666668 -0.01850421362509813 0.0006168232123378303
27.7 -0.041733628400217423 0.0006299067784013221
27.733333333333334 -0.06406009649669733 0.0006420644059083602
27.766666666666666 -0.0841703034461016 0.0006525927121729808
27.8 -0.10281260762264555 0.0006636645900995886
27.833333333333332 -0.11896779973792689 0.0006726361087054517
27.866666666666667 -0.13181288227832985 0.0006787683215084273
27.9 -0.14183269389117217 0.0006842435269196756
27.933333333333334 -0.1465359650610331 0.000686454823984356
27.966666666666665 -0.1493987023701911 0.0006884301913418212
28.0 -0.14705067855088422 0.0006870054132200876
28.033333333333335 -0.14176971837258762 0.000684829274400639
28.066666666666666 -0.13200523044936796 0.0006795255543139977
28.1 -0.11999473050609821 0.0006728430504251287
28.133333333333333 -0.1042051790615183 0.0006650824101100683
28.166666666666668 -0.08609345672595063 0.0006547907961051286
28.2 -0.06535751409652028 0.0006435622982746553
28.233333333333334 -0.04321761608827814 0.0006303963215926536
28.266666666666666 -0.020710253043319533 0.0006170838961652644
28.3 0.0025042884240905144 0.000609315354929159
28.333333333333332 0.024508449747248327 0.0006199057755874766
28.366666666666667 0.046649757075356374 0.000632691492628179
28.4 0.06845993161949462 0.0006446716370432232
28.433333333333334 0.0846957179294736 0.0006539247354618444
28.466666666666665 0.10059095166510791 0.0006640242620319925
28.5 0.11489602696580219 0.0006698025337600194
28.533333333333335 0.12376384124584718 0.0006753755766220476
28.566666666666666 0.12945782393773753 0.0006788205966685168
28.6 0.13140921792737098 0.0006815342089316057
28.633333333333333 0.13057296346115804 0.0006794444739503802
28.666666666666668 0.12445759378258066 0.0006764480029497338
28.7 0.1153822664474218 0.0006715373274221587
28.733333333333334 0.10277989963990988 0.0006648297300574785
28.766666666666666 0.08686361055165467 0.0006553471605253852
28.8 0.06718579714607753 0.0006443389074730216
28.833333333333332 0.047913057036195236 0.0006335714592955455
28.866666666666667 0.02421670973321982 0.0006195795951491612
28.9 0.0023114431944476752 0.0006059014130891335
28.933333333333334 -0.02203837978029883 0.0006185432732740692
28.966666666666665 -0.04293573175299459 0.0006292735669309601
29.0 -0.06574717106575882 0.000642517622624933
29.033333333333335 -0.08610715668543971 0.000654135906143577
29.066666666666666 -0.10337702466245904 0.0006644265258582832
29.1 -0.1202029162408572 0.0006725225699193843
29.133333333333333 -0.13176581393362988 0.0006792553126289125
29.166666666666668 -0.1418723721006337 0.0006841899836096121
29.2 -0.1473832697150693 0.0006874114849120261
29.233333333333334 -0.1488603141261929 0.0006877297965239282
29.266666666666666 -0.14760866164004527 0.0006878482113881756
29.3 -0.14089366414354754 0.0006850643811536217
29.333333333333332 -0.13025304831859952 0.0006787791912842012
29.366666666666667 -0.11892489048286517 0.0006723634001285783
29.4 -0.10288868815498096 0.0006637930431470512
29.433333333333334 -0.08618309379054231 0.0006555167838853682
29.466666666666665 -0.06327089562465507 0.0006416566969508902
29.5 -0.04172392553123108 0.0006285128425467731
29.533333333333335 -0.02011498779836935 0.0006166498946835637
29.566666666666666 0.004591920869957214 0.0006077242702407504
29.6 0.026344267357447947 0.0006205291333626177
29.633333333333333 0.04706439605725465 0.0006334619919014864
29.666666666666668 0.06772928014714194 0.0006446065626192626
29.7 0.08587237050850355 0.0006531608343893908
29.733333333333334 0.1020351286833288 0.00066372915145195
29.766666666666666 0.11383405575433805 0.0006707125375291778
29.8 0.12266770604324265 0.0006742140015483372
29.833333333333332 0.1288515767459546 0.0006781192514195566
29.866666666666667 0.13053805271669347 0.0006787813953958999
29.9 0.12878949962562802 0.000678400741003532
29.933333333333334 0.12267936862623668 0.0006754288496877425
29.966666666666665 0.11348369061916279 0.000670543373844229
30.0 0.09987084900381762 0.0006632698264719544
30.033333333333335 0.08549478998095948 0.0006553516556182526
30.066666666666666 0.06651352971665064 0.0006439410714327437
30.1 0.045920030699672314 0.0006320981710711965
30.133333333333333 0.024440427184754008 0.000619192656349174
30.166666666666668 0.0006443562070705726 0.000604922772647693
30.2 -0.02327633303470473 0.0006181402546428169
30.233333333333334 -0.045804343659316536 0.0006329006569210927
30.266666666666666 -0.06743562196220047 0.0006456183149454314
30.3 -0.08866451187359106 0.0006557481364491691
30.333333333333332 -0.10474640148617248 0.0006645353522549274
30.366666666666667 -0.12051332097028097 0.0006725143725184735
30.4 -0.1331868570402003 0.0006816132611709713
30.433333333333334 -0.14174635699627142 0.000684626871209626
30.466666666666665 -0.14739215905571906 0.0006890797628556211
30.5 -0.14859620357923883 0.000689704198476887
30.533333333333335 -0.1458429243066829 0.0006858190329754876
30.566666666666666 -0.14074419230044552 0.0006841286133978941
30.6 -0.13029098736152406 0.0006796703002192317
30.633333333333333 -0.1173526736414201 0.0006718449454753833
30.666666666666668 -0.10062626621377976 0.0006620768103232783
30.7 -0.08292771275979625 0.0006527102628963583
30.733333333333334 -0.06306432573108316 0.0006429673017939175
30.766666666666666 -0.041997428905128815 0.0006345334828204985
30.8 -0.0164446334416948 0.0006141539286090708
30.833333333333332 0.0062278311246617615 0.0006084305492458494
30.866666666666667 0.027414120643190723 0.0006210680261027335
30.9 0.05051255009558645 0.0006338209679667001
30.933333333333334 0.07003696165771099 0.0006451612959184339
30.966666666666665 0.08683537259678677 0.000655140529593326
31.0 0.10283013291900733 0.0006636708959113502
31.033333333333335 0.11450546654910122 0.0006700333315071832
31.066666666666666 0.12342776363022402 0.0006757296142267943
31.1 0.12871795602275252 0.000678410818294034
31.133333333333333 0.12984259043900406 0.0006801270541923199
31.166666666666668 0.1270988762998218 0.0006776666505544648
31.2 0.12141371933199722 0.0006745773973228092
31.233333333333334 0.110437719676921 0.0006679414096484038
31.266666666666666 0.09907784405671173 0.0006634789952969511
31.3 0.08391025761707659 0.0006548789964177792
31.333333333333332 0.06159011249119818 0.0006414130137738505
31.366666666666667 0.04366146169213572 0.0006322250844001814
31.4 0.021690117914849733 0.0006184355303243856
31.433333333333334 -0.0006610545503372325 0.0006054025711817613
31.466666666666665 -0.024230271143531868 0.0006197687896809662
31.5 -0.04690068252945163 0.0006333132446009332
31.533333333333335 -0.06881287691078412 0.0006453023285377946
31.566666666666666 -0.0892178162027324 0.0006590408876635395
31.6 -0.10585682680156012 0.0006677850906851579
31.633333333333333 -0.12117297799082348 0.0006741453816829085
31.666666666666668 -0.13361899404801492 0.000680436991009864
31.7 -0.14166356391949717 0.0006853921646357286
31.733333333333334 -0.14718122730719285 0.0006873158682900726
31.766666666666666 -0.14735527011710278 0.0006874356885318844
31.8 -0.14610763424575857 0.0006873857279279805
31.833333333333332 -0.13865849455467041 0.0006837532399977253
31.866666666666667 -0.1296417082583623 0.0006784530516335263
31.9 -0.1152047228905191 0.0006705458864764008
31.933333333333334 -0.09961138162680132 0.0006624912471966254
31.966666666666665 -0.08163405081689863 0.0006506855393687283
32.0 -0.06060792086086104 0.0006411102672248259
32.03333333333333 -0.038563129209691974 0.000627887819188537
32.06666666666667 -0.014774867243849613 0.000613977301844898
32.1 0.007793914940438531 0.0006093528327779435
32.13333333333333 0.02955096804179701 0.0006229864199640243
32.166666666666664 0.05213478326406313 0.0006362511428288364
32.2 0.07067363445549218 0.0006451721413820166
32.233333333333334 0.08865483987704735 0.0006559705974007735
32.266666666666666 0.10290985903406705 0.0006637666882050447
32.3 0.11505154166293692 0.000670764453509512
32.333333333333336 0.12275199830310175 0.0006745981330303491
32.36666666666667 0.1275522273103077 0.0006780611876469611
32.4 0.1285038873280655 0.000679622712530692
32.43333333333333 0.12680658241286102 0.0006771733913768507
32.46666666666667 0.1193561310421653 0.0006744662271985363
32.5 0.10918386044179264 0.0006689337857311017
32.53333333333333 0.09558590948469596 0.0006620221446903413
32.56666666666667 0.07968102329306312 0.0006559680761025616
32.6 0.06200815587380924 0.0006423932589223746
32.63333333333333 0.041370385498424686 0.0006296532501880378
32.666666666666664 0.018752330364734688 0.0006187174582792908
32.7 -0.0028294337802738244 0.000609321359331574
32.733333333333334 -0.025554622807375436 0.0006202131086321429
32.766666666666666 -0.04928779687226465 0.0006344136833859454
32.8 -0.07028215786779979 0.0006455335077834301
32.833333333333336 -0.09113700565866965 0.0006577889550576921
32.86666666666667 -0.10752617410672045 0.0006668665039691046
32.9 -0.12109514545667283 0.0006732343405407154
32.93333333333333 -0.13294570602977832 0.000680164011032991
32.96666666666667 -0.14181336454200447 0.0006850260088984705
33.0 -0.14556015134409714 0.0006868923592214249
33.03333333333333 -0.14697892022633105 0.0006873827072922389
33.06666666666667 -0.14353202942163323 0.0006850853735963225
33.1 -0.13719448821840302 0.0006824877474813917
33.13333333333333 -0.12737513369006342 0.0006772519530114651
33.166666666666664 -0.11429916689231677 0.000669952961592446
33.2 -0.09750874357877068 0.000661254139190548
33.233333333333334 -0.07779428252569444 0.00064949083615784
33.266666666666666 -0.0583819150103431 0.0006389696399832015
33.3 -0.0363374971713135 0.0006267235109177205
33.333333333333336 -0.014265409969108207 0.0006120037346776033
33.36666666666667 0.009135920468321014 0.0006102560497234684
33.4 0.0316910383663195 0.000624310298797448
33.43333333333333 0.05301373739319003 0.0006352392888761202
33.46666666666667 0.07183434096421547 0.0006463588932072856
33.5 0.08924437052741331 0.0006556956074039305
33.53333333333333 0.10284470274151553 0.0006647307968186272
33.56666666666667 0.11504957587014208 0.0006705391571796698
33.6 0.12293928411537834 0.0006746802918728284
33.63333333333333 0.12848967478284462 0.00067760349185228
33.666666666666664 0.1282698689585901 0.0006775076567399896
33.7 0.12639263572343815 0.0006766441126351275
33.733333333333334 0.11886738440653005 0.000672237768298431
33.766666666666666 0.10927163126577027 0.0006679858644332293
33.8 0.0953972304098478 0.0006604390362397461
33.833333333333336 0.07864027428773683 0.0006507154338512844
33.86666666666667 0.05846353996733223 0.0006397114339400517
33.9 0.03805655984875933 0.0006317382187320461
33.93333333333333 0.017003599361503124 0.0006159174029144766
33.96666666666667 -0.0045387820534488026 0.0006078574955339817
34.0 -0.027405748272443235 0.0006206400925443875
34.03333333333333 -0.050371461761307364 0.0006344714393020992
34.06666666666667 -0.07059252394421058 0.0006450494502239362
34.1 -0.09101658865289305 0.0006573071722272145
34.13333333333333 -0.10769154441994865 0.0006670150381157258
34.166666666666664 -0.12307239226326828 0.0006754901460917229
34.2 -0.13394270019012938 0.0006819560052650775
34.233333333333334 -0.14157618963926127 0.00068511646569
34.266666666666666 -0.14560040986743375 0.0006864362421681036
34.3 -0.14613001015883398 0.0006868049721979463
34.333333333333336 -0.142173798403509 0.0006847461588828652
34.36666666666667 -0.13632043829760054 0.0006818403961398323
34.4 -0.1245898343012084 0.0006755477686935241
34.43333333333333 -0.11251840983552945 0.0006686699693653764
34.46666666666667 -0.09606168202341302 0.0006602501650579684
34.5 -0.07576166561948176 0.000649263596522065
34.53333333333333 -0.056361921854024 0.0006381295202599613
34.56666666666667 -0.03520109526757659 0.0006257588895406119
34.6 -0.01165518349306264 0.000611289552456009
34.63333333333333 0.010854936993305336 0.0006114226945350132
34.666666666666664 0.03367536080030542 0.0006255221833898136
34.7 0.0531574490427972 0.0006376037770104009
34.733333333333334 0.0719907843216858 0.0006482988843993787
34.766666666666666 0.08949772188046899 0.0006570062790856868
34.8 0.10443853749189906 0.0006639475520214821
34.833333333333336 0.11540483895105631 0.0006711825296083912
34.86666666666667 0.12252375569881978 0.0006741991069926373
34.9 0.12695881580124166 0.0006785816658489152
34.93333333333333 0.12760949864262958 0.0006794349190968607
34.96666666666667 0.12468168197585258 0.0006777256040929047
35.0 0.11792411862921526 0.0006722613706809238
35.03333333333333 0.10782714734871088 0.0006664450564377172
35.06666666666667 0.09297465095271343 0.0006582914526581662
35.1 0.07706396997467532 0.0006508046778176679
35.13333333333333 0.05775742213259493 0.0006396386269158644
35.166666666666664 0.03803743996464722 0.0006268968422162777
35.2 0.015268411698305069 0.0006142487956153041
35.233333333333334 -0.007362209358182489 0.000609077006450999
35.266666666666666 -0.030413056163046074 0.0006231819217915602
35.3 -0.05323080821359471 0.0006357738728632045
35.333333333333336 -0.07411311396943687 0.0006491204094792452
35.36666666666667 -0.09129499151360958 0.0006576828002204937
35.4 -0.10828217357120147 0.0006660560381970132
35.43333333333333 -0.12239553116247068 0.0006736858302319876
35.46666666666667 -0.133422027698849 0.0006796293504268969
35.5 -0.1406151315482718 0.0006844961664773663
35.53333333333333 -0.14559629652020048 0.0006868040632772021
35.56666666666667 -0.1452511285224981 0.0006870730662228708
35.6 -0.14174343173743328 0.0006855382722923409
35.63333333333333 -0.1347986779299768 0.0006812527600862373
35.666666666666664 -0.12516093148804927 0.000675477152803583
35.7 -0.11092642886311206 0.000667427551471228
35.733333333333334 -0.09404076498186902 0.0006583474352624546
35.766666666666666 -0.07455050512094046 0.0006480401766768701
35.8 -0.05413293599964232 0.0006367612288601457
35.833333333333336 -0.03529043436475897 0.0006287985251897527
35.86666666666667 -0.009857812945995503 0.0006109313722318186
35.9 0.012652207484611138 0.0006118649151976418
35.93333333333333 0.03376584651556425 0.0006259561951297565
35.96666666666667 0.05531609033039704 0.0006379909402094153
36.0 0.07430483426154927 0.0006481204373449817
36.03333333333333 0.09114169415047263 0.0006557999983438229
36.06666666666667 0.10575033101495497 0.000665933323281867
36.1 0.11607562983413705 0.0006707592364754017
36.13333333333333 0.12293547534947735 0.0006752164087119872
36.166666666666664 0.127649272103371 0.0006774403364147308
36.2 0.12717874229333453 0.0006772399071776902
36.233333333333334 0.12260376144900297 0.0006746913873689475
36.266666666666666 0.1159732060008869 0.0006715629667246037
36.3 0.10590500925839964 0.0006656379009576524
36.333333333333336 0.09127488968310858 0.0006579451725180624
36.36666666666667 0.07580769728369435 0.0006488012285949668
36.4 0.056468842715200106 0.0006380524122091627
36.43333333333333 0.03596574612227477 0.0006268057474283911
36.46666666666667 0.014382863464311545 0.0006132864810718622
36.5 -0.009631954006179074 0.0006103389271069869
36.53333333333333 -0.03235649266506234 0.0006245047482013669
36.56666666666667 -0.05368968724549996 0.000636622944883522
36.6 -0.07399495228714859 0.0006478392905013841
36.63333333333333 -0.0925005309621244 0.0006580364208522288
36.666666666666664 -0.10984408922854719 0.0006673077765846358
36.7 -0.12332409995101319 0.0006746439502828133
36.733333333333334 -0.13456239052319 0.0006806450006738296
36.766666666666666 -0.14148856765520887 0.0006842677839196953
36.8 -0.14485311293884823 0.0006852920148533448
36.833333333333336 -0.14493504649439998 0.0006856840828366462
36.86666666666667 -0.1414184611843248 0.0006843905085105184
36.9 -0.13471367314465696 0.0006808316969779404
36.93333333333333 -0.12326460681877013 0.0006754084289038315
36.96666666666667 -0.10901414045897344 0.0006676579315681441
37.0 -0.0936361381214192 0.0006596908247064603
37.03333333333333 -0.07320488676193579 0.0006479016823933426
37.06666666666667 -0.053544667159466805 0.0006370674405205626
37.1 -0.03067521899815624 0.0006245032263223933
37.13333333333333 -0.00911428108409022 0.0006113719205201405
37.166666666666664 0.013427814513464085 0.0006125503569285821
37.2 0.035422916427048194 0.0006252407998056306
37.233333333333334 0.0564392796171402 0.0006374376113325378
37.266666666666666 0.07519228786587863 0.000648552887058132
37.3 0.09140691185613391 0.0006597737571121531
37.333333333333336 0.1044322421625082 0.0006683658282478216
37.36666666666667 0.11491763272330016 0.000672305795855338
37.4 0.1231193661355009 0.0006766953168387824
37.43333333333333 0.12598281322256077 0.000678429773091821
37.46666666666667 0.12541873746274732 0.0006769848591118011
37.5 0.12190313881897093 0.0006751540423116237
37.53333333333333 0.1149759789767409 0.0006721492339632623
37.56666666666667 0.10315227932566136 0.0006642981008575799
37.6 0.09067504361734569 0.0006575820871048271
37.63333333333333 0.07362744690884661 0.000649068527663943
37.666666666666664 0.053331771644513026 0.0006392169167440953
37.7 0.03346282852246083 0.0006251715287731718
37.733333333333334 0.011593202352035413 0.0006132373856008542
37.766666666666666 -0.0113106085126587 0.0006094943880208883
37.8 -0.03311292048540738 0.0006244156484495333
37.833333333333336 -0.055443005921081756 0.0006368018474155329
37.86666666666667 -0.07568830897016246 0.0006490386432622813
37.9 -0.09503645287463801 0.0006588965986213252
37.93333333333333 -0.11035923262727282 0.0006665646619355842
37.96666666666667 -0.12320919781410135 0.0006745051641880717
38.0 -0.13387829211061567 0.0006811973049271891
38.03333333333333 -0.14055130661946907 0.0006836709102479022
38.06666666666667 -0.1435723222794154 0.0006847787793636262
38.1 -0.14361764843408611 0.0006853037913625293
38.13333333333333 -0.1393390885729121 0.0006831053635334983
38.166666666666664 -0.1315333331019651 0.0006781621471239341
38.2 -0.1205842922366733 0.0006730883404035964
38.233333333333334 -0.10733481630928766 0.0006666615500836998
38.266666666666666 -0.08972368231091804 0.0006574436690280072
38.3 -0.07139663124952306 0.0006470405161507209
38.333333333333336 -0.050367146799399604 0.0006349073519719001
38.36666666666667 -0.02906997446353633 0.0006224610615953065
38.4 -0.005640480768067456 0.0006078993896597891
38.43333333333333 0.01666210148001509 0.0006141453296660444
38.46666666666667 0.03850215735252357 0.0006280479159268895
38.5 0.05859040903988181 0.0006383634976316957
38.53333333333333 0.07711121890536596 0.0006513456542720647
38.56666666666667 0.09275258414105879 0.0006575610665869175
38.6 0.10652004452213083 0.0006652149938624757
38.63333333333333 0.11650008153746821 0.0006711889049546699
38.666666666666664 0.1222232843412598 0.0006749989260258077
38.7 0.12477991123573011 0.0006751799721807089
38.733333333333334 0.12476553428541597 0.0006768249278436694
38.766666666666666 0.12198029394960756 0.0006742320200995439
38.8 0.11369959387704047 0.0006720713161884467
38.833333333333336 0.102416672531903 0.000664421407507193
38.86666666666667 0.08740745211672789 0.0006558477327413409
38.9 0.07106739401364585 0.0006462296101436837
38.93333333333333 0.05342910326113701 0.0006366379588374285
38.96666666666667 0.03289164401644447 0.0006242094244316085
39.0 0.010329478129130775 0.0006106952529161304
39.03333333333333 -0.012784801522485106 0.0006113035656950972
39.06666666666667 -0.03401228652988245 0.0006249691447898012
39.1 -0.05476621310506397 0.0006360853921498905
39.13333333333333 -0.07530332590399923 0.0006494263317295135
39.166666666666664 -0.0943523636024451 0.00065981417525178
39.2 -0.11179014354876873 0.0006683604227417789
39.233333333333334 -0.12432407414226267 0.000675371408383918
39.266666666666666 -0.13426933320364037 0.0006807797048888342
39.3 -0.14106797625501466 0.0006841234532861951
39.333333333333336 -0.14405666231027847 0.000684775041651875
39.36666666666667 -0.143541752625854 0.0006850407452097251
39.4 -0.1387898696738647 0.0006829707123244544
39.43333333333333 -0.13150766160314406 0.0006803767896262913
39.46666666666667 -0.12046230595513986 0.0006737898357505184
39.5 -0.10468694460088881 0.0006654470862719752
39.53333333333333 -0.08784586058802037 0.0006558946346722494
39.56666666666667 -0.0692605301523596 0.0006454956778213783
39.6 -0.04976770627936741 0.0006339180474717945
39.63333333333333 -0.027911601074586807 0.0006205318800096386
39.666666666666664 -0.006126649787055467 0.0006079939937359818
39.7 0.01722290829364749 0.0006150977363660569
39.733333333333334 0.03711792578384482 0.0006277881937700666
39.766666666666666 0.05874881664131774 0.0006385712103586516
39.8 0.07739189133139343 0.0006532824249459029
39.833333333333336 0.09381597651568561 0.0006635481563353751
39.86666666666667 0.10607334852116232 0.0006677307780263847
39.9 0.11646254479813138 0.0006713171799863638
39.93333333333333 0.1229311755545747 0.0006754100428197074
39.96666666666667 0.12470177900714817 0.0006754127694256346
40.0 0.125147094216149 0.0006767538059387901
40.03333333333333 0.12125631964494658 0.0006741840023305051
40.06666666666667 0.11295953166832741 0.0006694744024333399
40.1 0.10034299398352689 0.0006628606795806846
40.13333333333333 0.08548935026331414 0.0006547889203514373
40.166666666666664 0.06855636392493672 0.000643567778117235
40.2 0.050113902817743666 0.0006351603444163731
40.233333333333334 0.029451088103449624 0.0006218769485887461
40.266666666666666 0.007719647428273611 0.000609616915367879
40.3 -0.014108479493254488 0.0006116005424187648
40.333333333333336 -0.03564584504688328 0.0006254149864894226
40.36666666666667 -0.05743384199589648 0.0006382324170942852
40.4 -0.07746228208798724 0.0006493384321438617
40.43333333333333 -0.09586106317510575 0.0006591547333628517
40.46666666666667 -0.1115390420892939 0.0006678295479211477
40.5 -0.12423186719450424 0.0006747387438266056
40.53333333333333 -0.13343076431710627 0.000679673097988942
40.56666666666667 -0.1394743470380229 0.000682883683835428
40.6 -0.1427412056550178 0.0006853788739395184
40.63333333333333 -0.14240587034080637 0.0006862369455301887
40.666666666666664 -0.13781671894571232 0.0006825905871506999
40.7 -0.13086217307901374 0.0006785257062799921
40.733333333333334 -0.11849245421283966 0.0006720791431255868
40.766666666666666 -0.10506365251215916 0.0006658213979253147
40.8 -0.08673663487896544 0.0006553063767825718
40.833333333333336 -0.06704900651759134 0.0006445544117723578
40.86666666666667 -0.04698415733153526 0.0006326405009375105
40.9 -0.02472830679166882 0.0006192060202998596
40.93333333333333 -0.002878149411366252 0.0006070417823110289
40.96666666666667 0.01856855772988409 0.0006160148658920228
41.0 0.03917468471690074 0.000628397003346659
41.03333333333333 0.06080387447230162 0.0006408913964041155
41.06666666666667 0.07850593093112554 0.0006500250758622317
41.1 0.092900407861225 0.0006579999904300637
41.13333333333333 0.10712548901757496 0.0006663358215113074
41.166666666666664 0.11591601443031732 0.0006713887227007692
41.2 0.12238741296121258 0.0006750965457143765
41.233333333333334 0.12457642925608081 0.0006755416579924123
41.266666666666666 0.12262070223461666 0.0006748235094205524
41.3 0.11903990350149894 0.0006730188864057657
41.333333333333336 0.11082782141641362 0.0006682026889647391
41.36666666666667 0.0988939126991441 0.0006614231691283168
41.4 0.08443352817305838 0.0006537250875248007
41.43333333333333 0.06801996146595288 0.0006448249132047917
41.46666666666667 0.048090309917202714 0.0006333665957997323
41.5 0.028400913520056633 0.0006212304673155061
41.53333333333333 0.005898614340720725 0.0006096597177333565
41.56666666666667 -0.015754850329140233 0.0006162068346422141
41.6 -0.03736369305963731 0.0006273869193428455
41.63333333333333 -0.05912325805171056 0.0006394894146257227
41.666666666666664 -0.07780407293057104 0.0006500789477669605
41.7 -0.09579518054905237 0.0006590623874355578
41.733333333333334 -0.11174375814287442 0.0006680607652295861
41.766666666666666 -0.12511611082362292 0.0006754220793813714
41.8 -0.13514045192135682 0.0006807327972674915
41.833333333333336 -0.14006800198465927 0.0006833149812230099
41.86666666666667 -0.14218464159207844 0.0006846093076288695
41.9 -0.1411299984088016 0.0006843484547241763
41.93333333333333 -0.1359420303212666 0.000681531533314711
41.96666666666667 -0.12737394361846346 0.0006761957039325417
42.0 -0.11540188659945556 0.0006705885478771323
