0.0 -0.13505171847020353 0.000681040950001266
0.03333333333333333 -0.11229902171077122 0.0006688146558097713
0.06666666666666667 -0.08539508792895179 0.0006547735104364821
0.1 -0.05851917621377977 0.0006405963520166522
0.13333333333333333 -0.027386752941258054 0.0006210041504623454
0.16666666666666666 0.002225906131853854 0.0006064011744175246
0.2 0.0325463170363777 0.0006237958245805184
0.23333333333333334 0.05904743675631911 0.0006398225392906937
0.26666666666666666 0.08675285935060366 0.0006542057647441757
0.3 0.10922461906359159 0.0006673849290318723
0.3333333333333333 0.13001620873535058 0.0006786752754490422
0.36666666666666664 0.14658379934994772 0.0006872073705737891
0.4 0.15818161720296858 0.0006913368132978603
0.43333333333333335 0.16381439768743003 0.0006949085393023746
0.4666666666666667 0.16838843602306242 0.000697746063060195
0.5 0.16603369532033357 0.0006961491761233729
0.5333333333333333 0.15985649065733723 0.0006932792454156511
0.5666666666666667 0.14861594206198414 0.0006873176219788224
0.6 0.13181673305630373 0.0006794879678479748
0.6333333333333333 0.1116432615972981 0.0006693687087517275
0.6666666666666666 0.08947543887111249 0.0006570131234556326
0.7 0.06287086728670163 0.0006417233113466397
0.7333333333333333 0.035004764906904136 0.0006259846407328448
0.7666666666666667 0.004833472696225618 0.0006083681884930083
0.8 -0.023859452025166268 0.0006195844202829918
0.8333333333333334 -0.05406147112135933 0.0006369667341762641
0.8666666666666667 -0.0821734314504736 0.000653022765566405
0.9 -0.10810824982510141 0.0006670306902362699
0.9333333333333333 -0.1318577388937009 0.0006791310368875481
0.9666666666666667 -0.151964560295023 0.0006890377954379967
1.0 -0.16791781332150948 0.0006969031001696768
1.0333333333333334 -0.17979016014977287 0.0007025568394047887
1.0666666666666667 -0.18842650600917785 0.0007068705625344618
1.1 -0.19112945234784934 0.0007088641083349556
1.1333333333333333 -0.18825746987474845 0.000707089795344451
1.1666666666666667 -0.1821854500076861 0.000704389961205143
1.2 -0.16964311175355587 0.0006979689849213322
1.2333333333333334 -0.15468110353153677 0.0006901847094459845
1.2666666666666666 -0.13135633520281084 0.0006789103243554084
1.3 -0.10867021149828833 0.000667163256333328
1.3333333333333333 -0.08223859590707205 0.000653289506191923
1.3666666666666667 -0.05431430823510819 0.0006365385084860994
1.4 -0.025223047871155185 0.0006196171784492895
1.4333333333333333 0.00388929995088694 0.0006081278081106088
1.4666666666666666 0.03413110279146308 0.0006255684054912725
1.5 0.06265053695762136 0.000642011616423091
1.5333333333333334 0.08670795156960208 0.0006553623184003682
1.5666666666666667 0.10997259783596071 0.0006683322664667868
1.6 0.1297570583907212 0.0006783049608682645
1.6333333333333333 0.1462795248481027 0.0006855727942848
1.6666666666666667 0.15705006426902984 0.0006936982967007121
1.7 0.16466769380822266 0.0006957076086905045
1.7333333333333334 0.16786478316953402 0.0006966393044002817
1.7666666666666666 0.1662426658292482 0.0006952672072031985
1.8 0.1592750947976508 0.0006927844120896698
1.8333333333333333 0.14681296779678077 0.0006867392932885519
1.8666666666666667 0.13019995995255898 0.0006774435296679204
1.9 0.11027272791912794 0.000667475666402767
1.9333333333333333 0.08656636154214149 0.0006549918441608876
1.9666666666666666 0.060717188987321445 0.0006408979198314624
2.0 0.0318721872562663 0.0006241268879934037
2.033333333333333 0.003434911000743957 0.0006072535272000231
2.066666666666667 -0.02638924490371464 0.0006214702185437897
2.1 -0.054543250178447196 0.0006377005580501666
2.1333333333333333 -0.08325312223543369 0.0006537475985328028
2.1666666666666665 -0.11048364901496871 0.0006695931242685638
2.2 -0.13301684904242644 0.0006791847395936634
2.2333333333333334 -0.15209669906880546 0.0006897102641251762
2.2666666666666666 -0.16909290807558522 0.0006981745092995706
2.3 -0.1810970928481033 0.0007035933533526273
2.3333333333333335 -0.18763526791276325 0.0007061903909916512
2.3666666666666667 -0.18992458339315552 0.0007078955494150274
2.4 -0.18760078183214718 0.0007072093516005407
2.433333333333333 -0.17997657998895722 0.0007029895498180672
2.466666666666667 -0.17016074112694063 0.0006992575395097511
2.5 -0.1514866039114989 0.0006895950292683528
2.533333333333333 -0.13212528464658596 0.0006791333463066762
2.566666666666667 -0.10727787332028878 0.0006659116712305346
2.6 -0.08154427397443748 0.0006521313546014179
2.6333333333333333 -0.05395929156278348 0.0006378968444056485
2.6666666666666665 -0.02466008875864776 0.0006194394937905599
2.7 0.005598232396307443 0.0006092678500269223
2.7333333333333334 0.031246805271290323 0.0006247519978336107
2.7666666666666666 0.061532347008457 0.0006401200275284527
2.8 0.08750208034989226 0.0006553431844368574
2.8333333333333335 0.11037197188430758 0.0006682769772119734
2.8666666666666667 0.13037057620870138 0.0006785083066589981
2.9 0.14684457226438002 0.0006874292306026375
2.933333333333333 0.15768211527012424 0.0006934065062240702
2.966666666666667 0.16501948033115443 0.0006957621528016766
3.0 0.16679125909393933 0.0006953245003040731
3.033333333333333 0.16440510308321177 0.000695408419732646
3.066666666666667 0.15703411663153133 0.0006926967189028188
3.1 0.14428714394117884 0.0006856187704492311
3.1333333333333333 0.12768486410145388 0.0006779626044010889
3.1666666666666665 0.1078731503212517 0.000667324142779202
3.2 0.08356235593333325 0.0006535258996147597
3.2333333333333334 0.05837238562453547 0.0006396612678182603
3.2666666666666666 0.031082633779583986 0.0006240915549975135
3.3 0.00030768623536651734 0.0006060751463534292
3.3333333333333335 -0.029571837320759624 0.0006224249549452963
3.3666666666666667 -0.057320422513346764 0.0006390129770254757
3.4 -0.08595848966655963 0.0006566920378646285
3.433333333333333 -0.10925420974412244 0.0006656524895648219
3.466666666666667 -0.13268408093349973 0.0006799052121076732
3.5 -0.1533561912062586 0.0006904467805358971
3.533333333333333 -0.16910412817845222 0.0006974317000400521
3.566666666666667 -0.1803903179026857 0.0007029738867961599
3.6 -0.1867801212937261 0.0007055864820493807
3.6333333333333333 -0.18819792534853955 0.0007062988671843184
3.6666666666666665 -0.18595508402977756 0.0007055394501191137
3.7 -0.17789112342733532 0.0007020173653486672
3.7333333333333334 -0.1655515981604071 0.0006959405993074708
3.7666666666666666 -0.15087853229254042 0.0006890048835167528
3.8 -0.12910883969160236 0.0006778271758900722
3.8333333333333335 -0.10630219866013654 0.0006666264531674237
3.8666666666666667 -0.07978132880298887 0.0006509005841064397
3.9 -0.051724413516469434 0.0006354517322360795
3.933333333333333 -0.02277429272319018 0.0006180917553564869
3.966666666666667 0.004704622943820095 0.0006076772162593759
4.0 0.03357116507570327 0.0006266946918390415
4.033333333333333 0.062335695446313476 0.0006409041531004259
4.066666666666666 0.08733556291691269 0.0006546301781249902
4.1 0.11015305733443473 0.0006666894623234831
4.133333333333334 0.12992132178351454 0.0006771249558910897
4.166666666666667 0.14578593617798769 0.0006868354087242179
4.2 0.1571153611350868 0.0006928998681740572
4.233333333333333 0.1635864034481816 0.00069595870086539
4.266666666666667 0.16529159414143438 0.0006960689491928018
4.3 0.16151234079937926 0.0006944935840692279
4.333333333333333 0.15413408370984613 0.0006903447355470493
4.366666666666666 0.1413092630185766 0.00068462462010066
4.4 0.12452662321645273 0.0006750949915092369
4.433333333333334 0.10389098282818769 0.0006636681572231851
4.466666666666667 0.0826035847997826 0.0006540576299024214
4.5 0.05507093906138695 0.0006379007297228206
4.533333333333333 0.027085952587650074 0.000621307649178407
4.566666666666666 -0.00032216912402391616 0.0006044620903897192
4.6 -0.02882124852808016 0.000622163052438951
4.633333333333334 -0.0577156089364137 0.0006384807608440721
4.666666666666667 -0.08525161961838867 0.0006541050876449628
4.7 -0.10984369685886412 0.0006667405056771103
4.733333333333333 -0.1335347128186241 0.000679327885346942
4.766666666666667 -0.153030105665666 0.000689072262273438
4.8 -0.168121801420102 0.0006975283856364978
4.833333333333333 -0.17954173681231803 0.0007028330271790506
4.866666666666666 -0.18620338206596687 0.0007055935115525547
4.9 -0.18689373317394095 0.0007065832758979262
4.933333333333334 -0.1846762300398069 0.0007049970558740126
4.966666666666667 -0.17700898388756223 0.0007022635455965764
5.0 -0.16408528880220102 0.0006964732499137871
5.033333333333333 -0.14812172659386824 0.0006875446211326575
5.066666666666666 -0.12932359429979526 0.0006786832592418912
5.1 -0.10464342278899337 0.0006644912676184722
5.133333333333334 -0.0774867994660056 0.0006503113612021105
5.166666666666667 -0.05107417892101607 0.0006360499698573122
5.2 -0.022975803762201354 0.0006199157444290865
5.233333333333333 0.007036040678236712 0.0006086879745825597
5.266666666666667 0.03496052340727135 0.0006264226428013761
5.3 0.06331646105588389 0.0006423139608505574
5.333333333333333 0.08837168197543867 0.0006558257837518122
5.366666666666666 0.10942382137309133 0.0006662011048786665
5.4 0.12842140487081397 0.0006792265233470374
5.433333333333334 0.14285205716357727 0.0006882370348061939
5.466666666666667 0.1528485423492648 0.0006888465673305366
5.5 0.16202235624322306 0.0006947023658396279
5.533333333333333 0.16357004510021064 0.0006956311433480578
5.566666666666666 0.16113877249201589 0.0006947120842352439
5.6 0.15195412631565314 0.0006908531925728101
5.633333333333334 0.14072137833594675 0.000683968193340545
5.666666666666667 0.1246873277398242 0.0006764506750805838
5.7 0.105737078789789 0.0006657134924169666
5.733333333333333 0.08180152323370217 0.0006527945060714885
5.766666666666667 0.05459050996084008 0.0006370298373543914
5.8 0.026424027006389114 0.0006201444938878503
5.833333333333333 -0.0016702412604202468 0.0006056084372458507
5.866666666666666 -0.0310587356355522 0.0006241996076305663
5.9 -0.05917608997640967 0.0006400234834084279
5.933333333333334 -0.085724260701564 0.0006542840907688141
5.966666666666667 -0.11146893915717997 0.0006675363691082403
6.0 -0.13359147945415858 0.0006800428360045352
6.033333333333333 -0.15290266123602655 0.0006895292364561545
6.066666666666666 -0.16835802206278372 0.000697615379015748
6.1 -0.17878373650887297 0.0007028282158915988
6.133333333333334 -0.1838351499959256 0.0007052571314808687
6.166666666666667 -0.1859779160757211 0.0007060846880343752
6.2 -0.18322995182236024 0.0007053500220314535
6.233333333333333 -0.17503831629845315 0.0007013252102074652
6.266666666666667 -0.16271593240374513 0.0006955419812856856
6.3 -0.14598754121861088 0.0006871065887276151
6.333333333333333 -0.12567677871323013 0.0006766216935725766
6.366666666666666 -0.10225191201852284 0.0006640825520092541
6.4 -0.07530713877800296 0.0006491915574447366
6.433333333333334 -0.04699589206324855 0.0006334738375223942
6.466666666666667 -0.019394356942517614 0.0006170671746942545
6.5 0.010251478796299318 0.0006106281556561392
6.533333333333333 0.038980181232086346 0.0006287844777290094
6.566666666666666 0.0644094704353295 0.0006447494228886963
6.6 0.08973817736775272 0.0006569399691338795
6.633333333333334 0.10952482161944711 0.0006687789464409066
6.666666666666667 0.1297407088829534 0.0006780234562879794
6.7 0.14639679670702802 0.0006851305340608571
6.733333333333333 0.15643837318395304 0.0006904926970181802
6.766666666666667 0.16266681937099683 0.0006943225250831409
6.8 0.1638664611693933 0.0006965534807332474
6.833333333333333 0.160370471357336 0.0006930981146721638
6.866666666666666 0.15199961884909827 0.0006889057686533251
6.9 0.14045036818630727 0.0006836295201120279
6.933333333333334 0.12317136787348441 0.0006740519885651275
6.966666666666667 0.10356835934826025 0.000664180586627372
7.0 0.0793158754376638 0.0006500933517765844
7.033333333333333 0.0537767706769015 0.0006360008419381558
7.066666666666666 0.0272413684448426 0.0006213775997561677
7.1 -0.0020219604089914095 0.0006058203970878509
7.133333333333334 -0.03237233752595936 0.0006218946073283382
7.166666666666667 -0.06004413944593395 0.0006393729989100094
7.2 -0.0883047098343414 0.0006576352672967994
7.233333333333333 -0.11203494718525667 0.000669879982934482
7.266666666666667 -0.13367741980395678 0.0006802673118952718
7.3 -0.15219466892617123 0.0006890678056840349
7.333333333333333 -0.1684993663153355 0.0006962375153052036
7.366666666666666 -0.1802778672280717 0.0007036712504626397
7.4 -0.1853941583582862 0.0007085569022137195
7.433333333333334 -0.184840026814159 0.0007071518693649026
7.466666666666667 -0.18227626708183028 0.0007047025143483987
7.5 -0.17427100531161913 0.0007006247949304101
7.533333333333333 -0.16112432893217285 0.0006922730400836519
7.566666666666666 -0.1435075982313956 0.0006854350437785206
7.6 -0.12228285832005485 0.0006733756270261987
7.633333333333334 -0.09897428646029578 0.0006602375338082972
7.666666666666667 -0.0731952570412294 0.0006455061612909985
7.7 -0.046405752556347754 0.0006319012535249136
7.733333333333333 -0.01792900666617416 0.000615408597787033
7.766666666666667 0.010603933658140136 0.0006117675330968228
7.8 0.03868261110092905 0.0006269427988645423
7.833333333333333 0.06583000048934919 0.0006429116868775786
7.866666666666666 0.08913501853906197 0.0006558824108253841
7.9 0.1121252822756854 0.000666968608449961
7.933333333333334 0.12932326951490816 0.0006752424085916531
7.966666666666667 0.14364542540699013 0.0006839300998024433
8.0 0.15527167676457843 0.000690470945180377
8.033333333333333 0.16125743172584675 0.0006933248046725737
8.066666666666666 0.16253836578429345 0.0006931761367803824
8.1 0.15700911353476568 0.0006916905672942342
8.133333333333333 0.14845276811633623 0.0006879685297293547
8.166666666666666 0.13705584406646876 0.0006815554168347893
8.2 0.11995725387975445 0.0006734971228667536
8.233333333333333 0.10017903141104643 0.0006626022523732872
8.266666666666667 0.07764394057959291 0.0006505191280898048
8.3 0.050629196954129596 0.0006353522695928121
8.333333333333334 0.024613851643593514 0.0006193015713590669
8.366666666666667 -0.004251213196323861 0.0006074514689214912
8.4 -0.0327915785501354 0.0006243463264545279
8.433333333333334 -0.06083628399340715 0.0006411370393399271
8.466666666666667 -0.08822090239627259 0.0006566531692745736
8.5 -0.11341929322343497 0.0006697619465642068
8.533333333333333 -0.13569135874255842 0.0006811380032899217
8.566666666666666 -0.1535114702076053 0.0006893413963020567
8.6 -0.1663249758805874 0.0006964291460337946
8.633333333333333 -0.17778231203945677 0.0007015501451536343
8.666666666666666 -0.18329776907658551 0.000704371227945505
8.7 -0.18305057266436284 0.000704424816072885
8.733333333333333 -0.17997943445785816 0.0007035841128416598
8.766666666666667 -0.17196039982629843 0.0006987150396963737
8.8 -0.15849576746247343 0.0006917328264457179
8.833333333333334 -0.14064282018239818 0.0006830448609236872
8.866666666666667 -0.12360639428159793 0.0006750620365358478
8.9 -0.10042858137123427 0.0006640804075959822
8.933333333333334 -0.0725672291745012 0.0006475879872308854
8.966666666666667 -0.045625967298457096 0.0006330246416679647
9.0 -0.01672666373516408 0.0006150064819940466
9.033333333333333 0.013229306543616906 0.0006134592369518646
9.066666666666666 0.04146154332883819 0.0006293894460405527
9.1 0.06698512466667002 0.0006444907535314015
9.133333333333333 0.09024049079591052 0.0006565174597444878
9.166666666666666 0.1116075463827748 0.000669786694887875
9.2 0.131638589286391 0.0006786993417605136
9.233333333333333 0.14588810922496634 0.0006860239036239613
9.266666666666667 0.15443718203999673 0.0006907017759407164
9.3 0.1604245777490512 0.0006934093502316829
9.333333333333334 0.16124365948633076 0.0006938418006699476
9.366666666666667 0.15568448468319812 0.0006913857778418631
9.4 0.14851737788190655 0.0006856765694515932
9.433333333333334 0.13585816308408813 0.0006807640661030123
9.466666666666667 0.11805541052693995 0.0006722845178289416
9.5 0.0969284289619881 0.0006618648952555484
9.533333333333333 0.07486969428993269 0.0006499885558415575
9.566666666666666 0.048844434074535564 0.0006351237111689931
9.6 0.02147214953418656 0.0006190245836677766
9.633333333333333 -0.007300439180637419 0.0006104557059894711
9.666666666666666 -0.03583025709873278 0.0006280768724506586
9.7 -0.0645330515967631 0.0006467265918765064
9.733333333333333 -0.09003774361958589 0.0006576312097977405
9.766666666666667 -0.11434232819067039 0.0006703096114758778
9.8 -0.1352181219184232 0.0006808649607916162
9.833333333333334 -0.1533928006175415 0.0006911337576219478
9.866666666666667 -0.1685817017952733 0.0006975680087877023
9.9 -0.1775671269822961 0.0007021644250514714
9.933333333333334 -0.18272551450370647 0.0007044083301099013
9.966666666666667 -0.18298529101919095 0.0007057368869115288
10.0 -0.17948394465375817 0.0007030050754054384
10.033333333333333 -0.17056866063146775 0.0006988680960935967
10.066666666666666 -0.15755856218947265 0.0006929601133731367
10.1 -0.141748129746195 0.0006856227505283308
10.133333333333333 -0.1203265685990083 0.0006732618514874444
10.166666666666666 -0.09625137921292469 0.0006602463171308109
10.2 -0.07110509127093 0.0006483359729554938
10.233333333333333 -0.04276262150380947 0.0006309482339839773
10.266666666666667 -0.015093465995628578 0.0006138851413430239
10.3 0.012358510079506405 0.0006127656088396362
10.333333333333334 0.041137409570376086 0.0006294415690535349
10.366666666666667 0.06808286117987869 0.0006436870946281703
10.4 0.09155464528982711 0.0006583715976868909
10.433333333333334 0.11317750597414605 0.000668657082972493
10.466666666666667 0.12848201220396446 0.0006787569919673719
10.5 0.1443653503853851 0.0006855634450214365
10.533333333333333 0.1552350117422368 0.0006906292561314753
10.566666666666666 0.1595578124864715 0.0006923014758910273
10.6 0.16040154343035162 0.0006930022880219655
10.633333333333333 0.15582730388465987 0.0006906208362815192
10.666666666666666 0.14734858375715226 0.0006872281921605494
10.7 0.13374836884368152 0.0006813998059111426
10.733333333333333 0.11720889091961678 0.0006730633518627488
10.766666666666667 0.096381823602298 0.0006605069412570774
10.8 0.07298689772656372 0.0006471006467366064
10.833333333333334 0.0465766025593992 0.0006324715778884618
10.866666666666667 0.01910449521654606 0.0006168263852755276
10.9 -0.00891545546945042 0.0006115460284957276
10.933333333333334 -0.03743728992195944 0.0006272995130043035
10.966666666666667 -0.06429330391470123 0.0006414161806206353
11.0 -0.09095239913055517 0.0006573596400775289
11.033333333333333 -0.11404252882805084 0.0006731106931155972
11.066666666666666 -0.13496040508890314 0.0006828466280079104
11.1 -0.1549674888717781 0.0006928284271859875
11.133333333333333 -0.1668884883881435 0.000696538203189101
11.166666666666666 -0.1771680328855857 0.0007012684004295833
11.2 -0.181569978852619 0.0007030562022368458
11.233333333333333 -0.18120511604449663 0.0007043450327013645
11.266666666666667 -0.17754413364147006 0.0007011203399448496
11.3 -0.16815910019559735 0.000696951793868611
11.333333333333334 -0.15691203004443685 0.0006932323504098281
11.366666666666667 -0.13761257885164266 0.0006814737683235317
11.4 -0.11635995884312564 0.0006706822437243382
11.433333333333334 -0.09413013636365059 0.0006596325830804384
11.466666666666667 -0.06856512963205008 0.0006445991263419049
11.5 -0.04012354114090202 0.0006284459242734894
11.533333333333333 -0.011889669619605489 0.0006115904950148993
11.566666666666666 0.01503174760268637 0.0006140885628316117
11.6 0.042638729018274105 0.0006293893284640001
11.633333333333333 0.06863813797392056 0.0006442354133690681
11.666666666666666 0.0922382762093091 0.0006589313557767429
11.7 0.11414493629359036 0.0006696929271876179
11.733333333333333 0.1302553521068007 0.0006770903281358154
11.766666666666667 0.14318960153646648 0.0006849493277367724
11.8 0.15468411863917786 0.0006906011050107908
11.833333333333334 0.15922598379039335 0.0006928289804276622
11.866666666666667 0.15948923746036575 0.0006926987878471125
11.9 0.15580162456106894 0.0006911014664449378
11.933333333333334 0.1452386621272867 0.0006873621948679243
11.966666666666667 0.13179444820191652 0.0006821251973961329
12.0 0.11549261011894091 0.000673648328286966
12.033333333333333 0.09442263860872648 0.0006619674930772174
12.066666666666666 0.06954048260544633 0.0006463533883638156
12.1 0.04568196593011184 0.0006330402167768062
12.133333333333333 0.01917609018266248 0.0006170429447604625
12.166666666666666 -0.009384382130170461 0.0006104256321924368
12.2 -0.037876676564686115 0.0006278369340802711
12.233333333333333 -0.06649733200083595 0.0006446067608830153
12.266666666666667 -0.09141845433370656 0.0006576040485479634
12.3 -0.11514311100361582 0.0006705849263167751
12.333333333333334 -0.13610399836880324 0.0006815641690737229
12.366666666666667 -0.15255402651885192 0.0006889073124686507
12.4 -0.16628546105368963 0.0006959611093944051
12.433333333333334 -0.17538177331856072 0.0007004000076938355
12.466666666666667 -0.17980222649563748 0.0007033442973254367
12.5 -0.17998808321019352 0.0007025066947750347
12.533333333333333 -0.17580975244050628 0.0007013187927326081
12.566666666666666 -0.16730220530872023 0.0006972025611183263
12.6 -0.15412299837819432 0.000689609581960654
12.633333333333333 -0.13658019189690276 0.0006816151404707982
12.666666666666666 -0.11628595618766092 0.0006712350116769711
12.7 -0.09371557113212435 0.0006561725154985848
12.733333333333333 -0.06753844228845338 0.0006447891201107336
12.766666666666667 -0.03896642852575774 0.0006282399379674841
12.8 -0.010681086473450336 0.0006127609725905033
12.833333333333334 0.01707689030437539 0.0006157529997144716
12.866666666666667 0.04220172988453299 0.0006298092725747911
12.9 0.07023947166983327 0.0006467992447256737
12.933333333333334 0.09432301168785527 0.0006599221007387579
12.966666666666667 0.11451883426519424 0.000670403392884586
13.0 0.13071521455025295 0.000680147504687395
13.033333333333333 0.14428047817658216 0.0006858850662823934
13.066666666666666 0.1530603918711758 0.0006900468934262494
13.1 0.15714182044700215 0.00069226888454893
13.133333333333333 0.15870546786058268 0.0006929538018141945
13.166666666666666 0.15188360964182257 0.0006901072763570992
13.2 0.1438541686312606 0.0006857807899852131
13.233333333333333 0.13050846514833542 0.0006792582668455616
13.266666666666667 0.1140102338237345 0.0006694734770952698
13.3 0.0931196960500967 0.0006582930950384258
13.333333333333334 0.06956746813654277 0.0006459583229252719
13.366666666666667 0.043703554899424985 0.0006309284944893689
13.4 0.014551305090901181 0.0006143647986135373
13.433333333333334 -0.01152241946093076 0.0006123269632895868
13.466666666666667 -0.039737848933541625 0.0006286581961141985
13.5 -0.06715850218317479 0.0006449879964120359
13.533333333333333 -0.09300591180028168 0.00065928401227551
13.566666666666666 -0.11666528080367586 0.00067130434831153
13.6 -0.1370059433380758 0.0006855104004886148
13.633333333333333 -0.15334334507359648 0.0006895596346519484
13.666666666666666 -0.16655351633749382 0.0006968972868455492
13.7 -0.17641248819363894 0.0007005157224695413
13.733333333333333 -0.18019778905238193 0.0007030239739975741
13.766666666666667 -0.18005460137993126 0.000703003712349326
13.8 -0.17455339767060565 0.0007006950920889765
13.833333333333334 -0.1650997657819023 0.0006963634673123886
13.866666666666667 -0.15244195622856488 0.0006898920539402664
13.9 -0.1344720442135921 0.0006797941772720695
13.933333333333334 -0.11424378376510133 0.0006697569050942709
13.966666666666667 -0.09076572900411195 0.000657043405539598
14.0 -0.06500199605478574 0.0006433756117306261
14.033333333333333 -0.0367448730153138 0.0006274033582893829
14.066666666666666 -0.011948097132662585 0.0006136390113020609
14.1 0.018475687770722744 0.0006166433266000387
14.133333333333333 0.0460791989984752 0.0006333268815426202
14.166666666666666 0.07045911816269279 0.0006468268564755325
14.2 0.0930415549555964 0.0006577213947884519
14.233333333333333 0.11477930877777101 0.0006698507310547719
14.266666666666667 0.1321051300577554 0.0006779986246365777
14.3 0.1448787795340824 0.0006844876642021214
14.333333333333334 0.15330007959021846 0.000689387952102688
14.366666666666667 0.15772118683789446 0.0006913537415896009
14.4 0.15794184767402122 0.0006918291366952711
14.433333333333334 0.15242325395232403 0.0006899224421516859
14.466666666666667 0.143070895783256 0.0006850276237458652
14.5 0.1291194702899719 0.0006788899319564445
14.533333333333333 0.11111738115260379 0.0006699679224875521
14.566666666666666 0.0891819585918984 0.0006587925753763491
14.6 0.06627071109205629 0.0006478017029958871
14.633333333333333 0.03962477650690934 0.000628667951952433
14.666666666666666 0.012899979705318499 0.0006125209355729681
14.7 -0.013667893618583738 0.0006144261264069105
14.733333333333333 -0.04057882630346536 0.0006284674102084373
14.766666666666667 -0.06868656691826823 0.0006444746250002936
14.8 -0.09343603104853282 0.0006580784147441759
14.833333333333334 -0.11715134054491114 0.0006710995829449506
14.866666666666667 -0.13714393574804792 0.0006819091098486663
14.9 -0.15420729050486603 0.0006905892469713792
14.933333333333334 -0.16667477611285683 0.0006966570654397541
14.966666666666667 -0.175697174135754 0.0007012062191327217
15.0 -0.18014474509177084 0.0007032524879291846
15.033333333333333 -0.18011982171960467 0.0007033600236352466
15.066666666666666 -0.17438626270733715 0.0007003753430351034
15.1 -0.1645755099109728 0.0006953142818204583
15.133333333333333 -0.15011644860682477 0.000688757615081137
15.166666666666666 -0.1330517622195572 0.0006798757021325985
15.2 -0.11178507514713083 0.0006696699766952086
15.233333333333333 -0.08788307149747394 0.0006561049844912847
15.266666666666667 -0.06134797995354289 0.0006414512850498946
15.3 -0.03389076417880373 0.0006263568879622053
15.333333333333334 -0.007212790479442301 0.000608734829581987
15.366666666666667 0.020597795763081 0.0006176427719733132
15.4 0.04745082961446666 0.0006320540645615436
15.433333333333334 0.07237262923049159 0.0006465418082096386
15.466666666666667 0.09443988592807052 0.0006594567253361133
15.5 0.1156486069318704 0.0006706864214878344
15.533333333333333 0.13144882277554457 0.0006790157938582897
15.566666666666666 0.14336615043572204 0.0006842348432359868
15.6 0.15148241024064937 0.0006882847431467776
15.633333333333333 0.15572673491255024 0.0006912586276046073
15.666666666666666 0.1557194847502104 0.0006924693844587992
15.7 0.15117425614788474 0.0006885278600220757
15.733333333333333 0.14078295645302255 0.0006842721962496134
15.766666666666667 0.12706721390258394 0.0006770765568918646
15.8 0.10967023329915702 0.0006686948939090137
15.833333333333334 0.08832699209451976 0.0006558742742905493
15.866666666666667 0.06374605666855805 0.0006436649959416368
15.9 0.03789737059711286 0.0006291928771989114
15.933333333333334 0.010726243333415902 0.0006112513338283262
15.966666666666667 -0.015383048208726196 0.0006151483702200554
16.0 -0.04380701014718114 0.0006308056337407317
16.033333333333335 -0.07022258891388018 0.0006464429165093932
16.066666666666666 -0.09502899968411245 0.0006591988900004342
16.1 -0.11762794196925658 0.0006712854720393457
16.133333333333333 -0.13792500397266097 0.0006821955066394769
16.166666666666668 -0.1543038358034396 0.0006899897842117808
16.2 -0.16607487850392577 0.000696195183049586
16.233333333333334 -0.17504666302898705 0.000700679720111258
16.266666666666666 -0.17837026376905557 0.0007018442133580882
16.3 -0.17793927619485103 0.000702105614263121
16.333333333333332 -0.1728031494887873 0.0006992022293971778
16.366666666666667 -0.1624524791314145 0.0006949782690791606
16.4 -0.14892909718019823 0.000688100000749009
16.433333333333334 -0.13053184567496126 0.0006784158693753928
16.466666666666665 -0.11011077745689969 0.0006682173655624124
16.5 -0.08651677008493457 0.0006554412105772428
16.533333333333335 -0.0601199823183897 0.0006403668796155712
16.566666666666666 -0.03366185853717464 0.0006257572093924524
16.6 -0.0062194754458453376 0.0006095213425190487
16.633333333333333 0.022674199618521 0.0006192279552878349
16.666666666666668 0.04793040354606828 0.0006339923470797468
16.7 0.07386986482228967 0.0006492542655305855
16.733333333333334 0.09482772051060923 0.0006599995906334255
16.766666666666666 0.11595448621743193 0.0006717152348347938
16.8 0.132156120008811 0.0006785792289557002
16.833333333333332 0.14397086431168246 0.0006855036838981365
16.866666666666667 0.1519205093121872 0.0006891144192070209
16.9 0.1563965772805118 0.0006913580746551184
16.933333333333334 0.15567102310944883 0.0006906506793249445
16.966666666666665 0.14989788619672273 0.0006872415398785081
17.0 0.1388803198984164 0.0006847261977682984
17.033333333333335 0.12494763240907153 0.000676415927253704
17.066666666666666 0.10684929142590821 0.0006688392705633955
17.1 0.08624819789433184 0.0006565885598760202
17.133333333333333 0.06180651177825932 0.0006416499644118015
17.166666666666668 0.03586952552049584 0.0006280473191564995
17.2 0.009491427238035342 0.0006117865809502025
17.233333333333334 -0.017951742979493097 0.0006174198401781988
17.266666666666666 -0.04441014724919781 0.0006315249817583427
17.3 -0.0710963153593146 0.0006463677575344329
17.333333333333332 -0.09619658597879958 0.0006606515966031262
17.366666666666667 -0.11805406181248503 0.0006717952884746081
17.4 -0.13791402976014033 0.0006821584117613633
17.433333333333334 -0.15430431585224527 0.0006903424911164635
17.466666666666665 -0.16619172152023448 0.0006971387861160749
17.5 -0.1748728026285718 0.0007016014435942408
17.533333333333335 -0.17715920593477824 0.0007016753589174918
17.566666666666666 -0.17645720749659602 0.0007013300531841793
17.6 -0.17061835331081077 0.0006984380353948216
17.633333333333333 -0.1607047080362465 0.0006949774141026266
17.666666666666668 -0.1468972362070724 0.0006872139312869563
17.7 -0.12908489750861954 0.0006783154777615652
17.733333333333334 -0.10823214244625298 0.0006672189498269504
17.766666666666666 -0.08468066057331602 0.0006556699587499659
17.8 -0.057900380055072885 0.0006386512101034872
17.833333333333332 -0.030919501159180907 0.0006233729684606212
17.866666666666667 -0.0017959708370742717 0.0006063627920145961
17.9 0.024797215034430317 0.0006201159872499078
17.933333333333334 0.05009688736286243 0.0006347763715570734
17.966666666666665 0.07518795389420437 0.0006482895040296754
18.0 0.09652303855313071 0.0006604711043328992
18.033333333333335 0.11731596243260141 0.0006718809868125758
18.066666666666666 0.1320579848653274 0.0006790659168874891
18.1 0.1424502191721273 0.0006846000572915123
18.133333333333333 0.15123692028844313 0.0006883447582261559
18.166666666666668 0.15334993918085751 0.0006896382126228839
18.2 0.15258053403165064 0.0006896038632401569
18.233333333333334 0.14724044977137654 0.0006868580209738462
18.266666666666666 0.13683401471257384 0.0006814832899242895
18.3 0.12278262125902616 0.0006752400876434694
18.333333333333332 0.10601156888369773 0.0006662027685171851
18.366666666666667 0.08460640942092838 0.000655593387455744
18.4 0.06047263189709481 0.0006408573433066278
18.433333333333334 0.03573385346338192 0.0006273305551046174
18.466666666666665 0.007963743639976852 0.0006108022966734
18.5 -0.020079671248774078 0.0006170293821592433
18.533333333333335 -0.04642612549248045 0.0006322353548667836
18.566666666666666 -0.07314134937334625 0.000647169002166062
18.6 -0.09731567488907034 0.0006610381534312149
18.633333333333333 -0.11938023309721862 0.0006728359729804845
18.666666666666668 -0.13823300154997994 0.0006860537198234706
18.7 -0.15341276884119492 0.0006892490879444046
18.733333333333334 -0.16659613614678925 0.0006965716470236916
18.766666666666666 -0.17374599126686102 0.0007001719145548202
18.8 -0.17646666535648592 0.0007018592962537706
18.833333333333332 -0.17483348020768577 0.0007007619064188508
18.866666666666667 -0.1689937122899279 0.0006980968128070253
18.9 -0.15999063328233112 0.0006941283063501003
18.933333333333334 -0.1451512158233972 0.0006858631548042615
18.966666666666665 -0.1271488520127555 0.0006775197291008228
19.0 -0.10573963527283897 0.0006652638633377339
19.033333333333335 -0.08222327388355936 0.0006530603321864975
19.066666666666666 -0.056840870439654766 0.0006390774936448768
19.1 -0.030633627752179846 0.0006238305104346552
19.133333333333333 -0.0029183211630619092 0.0006065708577119452
19.166666666666668 0.02439627196787997 0.0006199273687097426
19.2 0.05047748404217608 0.0006384550641865272
19.233333333333334 0.07500777862643723 0.0006474761184289968
19.266666666666666 0.09674363193594761 0.000660612976027472
19.3 0.11674403339535695 0.0006721184570861738
19.333333333333332 0.13066286158727358 0.0006778675187923688
19.366666666666667 0.14206325689570887 0.0006842741774960026
19.4 0.15040625785270031 0.0006905909244689923
19.433333333333334 0.15422423088048612 0.0006911125847600952
19.466666666666665 0.1525896529870771 0.0006896147720407697
19.5 0.14658513198656017 0.0006866398974036125
19.533333333333335 0.13520240677184087 0.0006810684744947837
19.566666666666666 0.12121670737418047 0.0006726997594877215
19.6 0.10295551911755044 0.0006647746065980009
19.633333333333333 0.08260955584776891 0.0006527768161515984
19.666666666666668 0.058114324003406256 0.000639629554796739
19.7 0.03351237627694363 0.0006255877418652328
19.733333333333334 0.007015842685495127 0.0006097790554675953
19.766666666666666 -0.020926805077237418 0.0006179444953903906
19.8 -0.04727177958859038 0.0006333273114228904
19.833333333333332 -0.07335456948399209 0.0006476809026770558
19.866666666666667 -0.09833337791511527 0.000662858580801895
19.9 -0.11981170015080227 0.0006724942772433351
19.933333333333334 -0.1386067972616094 0.0006821505032924835
19.966666666666665 -0.15386535049174507 0.0006890495895681137
20.0 -0.16586494893134682 0.0006956734006246523
20.033333333333335 -0.17228935737807027 0.0006983699577622626
20.066666666666666 -0.1759871532327248 0.0007007256154987762
20.1 -0.1748805161612597 0.0007002256878096691
20.133333333333333 -0.16884496565560403 0.0006978552596527965
20.166666666666668 -0.15696331262676239 0.0006922082319061607
20.2 -0.1422205040237181 0.000684233688876934
20.233333333333334 -0.12496036167117087 0.0006757130975007103
20.266666666666666 -0.10443118636521115 0.0006649379160749702
20.3 -0.08018873739238634 0.0006516619439799476
20.333333333333332 -0.05523842960015375 0.0006383272920156419
20.366666666666667 -0.028144130529935786 0.0006231352990201944
20.4 -0.00045180851534801453 0.0006053402707989912
20.433333333333334 0.026661552853407704 0.0006213670166660898
20.466666666666665 0.0515308125005847 0.000635428703854711
20.5 0.07739699949920953 0.0006494410131977629
20.533333333333335 0.0982961007709415 0.0006619141857515665
20.566666666666666 0.11748296851250294 0.000671392779099958
20.6 0.13105678066361673 0.0006772346935141615
20.633333333333333 0.14328653399054472 0.0006845704128720376
20.666666666666668 0.14874355993929017 0.0006873110347949962
20.7 0.1531393939272784 0.0006900223661612803
20.733333333333334 0.15154388877016275 0.0006891177145245675
20.766666666666666 0.14482877093980046 0.0006859646203495884
20.8 0.1343929666028606 0.0006802613894742737
20.833333333333332 0.12025342140688713 0.00067403205234004
20.866666666666667 0.10288951479691434 0.0006648738918837022
20.9 0.07968229684304112 0.0006517563515648916
20.933333333333334 0.057010206859557155 0.0006392412131724715
20.966666666666665 0.0318396544306224 0.000624115971032263
21.0 0.004535164001867345 0.0006079690409162676
21.033333333333335 -0.022508024979295743 0.0006207438941850038
21.066666666666666 -0.049567412604757076 0.0006332865510421948
21.1 -0.07444124818338481 0.0006486414258392997
21.133333333333333 -0.09979967958335656 0.0006620117257267605
21.166666666666668 -0.12074654181102965 0.0006727845793838283
21.2 -0.13933169081271088 0.0006826621463642546
21.233333333333334 -0.1542555587532893 0.0006900628004914144
21.266666666666666 -0.16679740189521688 0.0006981347141015448
21.3 -0.1725234823464355 0.0007006619775538625
21.333333333333332 -0.17521379602943699 0.0007012967995475294
21.366666666666667 -0.17348093436994744 0.0007010983315075825
21.4 -0.16767676541017434 0.0006987991382118863
21.433333333333334 -0.15587631347676836 0.0006919989975379126
21.466666666666665 -0.14172553234988175 0.0006839048520805024
21.5 -0.12337600136300077 0.00067464136062588
21.533333333333335 -0.10278301037581715 0.0006656818164239575
21.566666666666666 -0.07653390926523775 0.0006498416634262011
21.6 -0.05238902392631493 0.0006363510608018083
21.633333333333333 -0.026359408738212214 0.000621881945137074
21.666666666666668 0.0015043045356126726 0.0006063615019805113
21.7 0.027207126396356203 0.000621333909379268
21.733333333333334 0.053924280036192436 0.0006370155769932773
21.766666666666666 0.07741381722258316 0.0006520379325970632
21.8 0.09899989987483275 0.0006638663276435641
21.833333333333332 0.11806282660909163 0.0006721474096442748
21.866666666666667 0.13273352943967576 0.0006789805353758782
21.9 0.1422372967478166 0.0006849288579753587
21.933333333333334 0.15066481386419342 0.0006880747182268776
21.966666666666665 0.15322331077306936 0.0006899863229922476
22.0 0.15028886101449296 0.0006878849626560934
22.033333333333335 0.14360747598287654 0.0006845050157908705
22.066666666666666 0.13275812212866367 0.0006801009601327124
22.1 0.11949424747444394 0.0006729134853085544
22.133333333333333 0.10097106668914085 0.0006632899899698674
22.166666666666668 0.07755483094346605 0.0006503778547957556
22.2 0.05464620460328969 0.0006378244176091785
22.233333333333334 0.029226229911068623 0.0006226958034157293
22.266666666666666 0.0023212186229766307 0.0006067374133608807
22.3 -0.025532473375206102 0.0006212510688467857
22.333333333333332 -0.051557600720198625 0.0006360363552923298
22.366666666666667 -0.07722130146593024 0.000650413549340853
22.4 -0.10085157470782133 0.0006625366764553692
22.433333333333334 -0.12236926022469827 0.0006744753394069269
22.466666666666665 -0.14155474822420414 0.0006839294595195333
22.5 -0.1546642420400528 0.0006897391015177057
22.533333333333335 -0.16536217395074723 0.0006958292210776096
22.566666666666666 -0.1713608926572718 0.0007006333674398069
22.6 -0.1737192386257705 0.0007011271943004882
22.633333333333333 -0.17149125117612019 0.0006994985648731133
22.666666666666668 -0.16513531881639035 0.000695763513004044
22.7 -0.1542654460154956 0.000690350099594228
22.733333333333334 -0.13917436765686125 0.0006824879914146265
22.766666666666666 -0.12154716765829085 0.0006736851174806852
22.8 -0.0996025074295859 0.000662533116239053
22.833333333333332 -0.07506325435806219 0.0006493717787846853
22.866666666666667 -0.04988489789934951 0.0006344622911831424
22.9 -0.02373318693656498 0.0006200583694769106
22.933333333333334 0.0037600930005194546 0.0006075309064603345
22.966666666666665 0.030294656699892748 0.0006229400652762659
23.0 0.05539227812924302 0.0006376645396457201
23.033333333333335 0.07943292126788226 0.0006506111069169568
23.066666666666666 0.10012729321673991 0.0006624757261731173
23.1 0.11865954825327799 0.0006713241061584996
23.133333333333333 0.13206656458705782 0.0006792127701110706
23.166666666666668 0.1428927081381031 0.000684398138191683
23.2 0.14958203374208967 0.0006873192065675882
23.233333333333334 0.151291595530104 0.0006895060154204491
23.266666666666666 0.1497959291640157 0.0006890489613934903
23.3 0.14216273411832916 0.0006851271591627461
23.333333333333332 0.13032360283275946 0.0006800246457242531
23.366666666666667 0.11578948554717473 0.0006711120088568473
23.4 0.09698813365730376 0.0006620253498797191
23.433333333333334 0.07584598815189411 0.0006507176579896995
23.466666666666665 0.0512579830467791 0.0006350826534162191
23.5 0.025395285349962993 0.0006207638822538532
23.533333333333335 0.0002387333670185349 0.0006054877800409959
23.566666666666666 -0.026257104906998233 0.0006210293974192038
23.6 -0.052167677645844006 0.0006364975215219643
23.633333333333333 -0.07744313541464908 0.0006496546337479425
23.666666666666668 -0.10142032749618708 0.0006621837632267147
23.7 -0.1220205362984136 0.0006740252954893777
23.733333333333334 -0.13973691876553201 0.0006833232347154272
23.766666666666666 -0.1552808349303424 0.0006911717759890412
23.8 -0.16558041568224371 0.0006963097846598709
23.833333333333332 -0.17143245703836135 0.0006983005639121798
23.866666666666667 -0.17260537465965464 0.00069953793858471
23.9 -0.17084155871120157 0.0006978079653705005
23.933333333333334 -0.16307818314177594 0.0006945125120786377
23.966666666666665 -0.1519926918926199 0.0006895756658887309
24.0 -0.13895235130295586 0.0006836215528273903
24.033333333333335 -0.1187617007963898 0.000673310010574954
24.066666666666666 -0.09776761490340942 0.0006617769714984401
24.1 -0.0733967781440231 0.0006487107063313513
24.133333333333333 -0.04811967764871865 0.0006340423885748334
24.166666666666668 -0.021562009455768485 0.000618233434683528
24.2 0.005242854491972636 0.0006085405564796049
24.233333333333334 0.031229100742118713 0.0006236425205632008
24.266666666666666 0.056485218872644405 0.000637994343687609
24.3 0.0800729731052724 0.0006513686910920302
24.333333333333332 0.10130619131094683 0.0006629430888200477
24.366666666666667 0.11936691732798171 0.0006725987853619664
24.4 0.1315115639283724 0.000679868494690955
24.433333333333334 0.14238059296920297 0.0006846483356870436
24.466666666666665 0.14785178838333302 0.0006879951746530111
24.5 0.15090250091974855 0.0006895484740902236
24.533333333333335 0.14695767994652384 0.0006874928043281436
24.566666666666666 0.13998597030920037 0.0006830958292954326
24.6 0.12964802869354214 0.0006790511094564022
24.633333333333333 0.11541488867931084 0.0006715939191903608
24.666666666666668 0.09604455764611582 0.0006605716942837542
24.7 0.07424050448605314 0.0006490061765407062
24.733333333333334 0.04937635297590488 0.0006346546790047258
24.766666666666666 0.02540631082701459 0.0006205373954605679
24.8 -0.0010440761252408183 0.0006062422751303294
24.833333333333332 -0.02838742809102759 0.0006223315074828963
24.866666666666667 -0.05413788160507352 0.0006371850026849618
24.9 -0.07888729978528959 0.0006503151776612454
24.933333333333334 -0.10253236629924405 0.0006627975702801769
24.966666666666665 -0.12308300777189474 0.0006753475540141746
25.0 -0.14084368920249993 0.000685970019938642
25.033333333333335 -0.1541457416651238 0.0006903890338722241
25.066666666666666 -0.16571264421704499 0.0006962734756078559
25.1 -0.17096408881853745 0.0006973570151807551
25.133333333333333 -0.17180019010875824 0.0006994298272193222
25.166666666666668 -0.16980674491968847 0.0006984176411109488
25.2 -0.1633640862662635 0.0006946888189927891
25.233333333333334 -0.1509525690811117 0.0006889753894813444
25.266666666666666 -0.13511948331405807 0.0006810683311882226
25.3 -0.11671786173789975 0.0006713380595399082
25.333333333333332 -0.09558417096587762 0.0006600566864865126
25.366666666666667 -0.07082359386509458 0.0006467834172001058
25.4 -0.04664624330587391 0.000632236125235032
25.433333333333334 -0.02023823495752858 0.0006181415493922982
25.466666666666665 0.007712855953212503 0.0006103478109859648
25.5 0.032958296781902284 0.0006243378241182138
25.533333333333335 0.057081163627144514 0.00063848958265212
25.566666666666666 0.0799981351768929 0.0006514692408338407
25.6 0.10075285085501558 0.0006628005142027826
25.633333333333333 0.11932156865737469 0.0006732589386144877
25.666666666666668 0.13307884028366498 0.0006794727827686142
25.7 0.14204254567779415 0.0006837254742230736
25.733333333333334 0.14734932258926187 0.0006883296068823097
25.766666666666666 0.1494151613753453 0.0006883731791876846
25.8 0.14502570670614517 0.0006879883447107327
25.833333333333332 0.13811827488486614 0.0006826932195157231
25.866666666666667 0.12715850704075435 0.000678098452517234
25.9 0.11065414033512075 0.0006695875197637174
25.933333333333334 0.09413222471873922 0.0006599715452998561
25.966666666666665 0.07217691750774188 0.000648038307263607
26.0 0.04861847676038097 0.0006350055389794176
26.033333333333335 0.023516745067038644 0.0006202144459340718
26.066666666666666 -0.0028801282171861025 0.0006072147965695491
26.1 -0.029934946657823296 0.0006233401049222584
26.133333333333333 -0.05574834815643745 0.0006375554341770187
26.166666666666668 -0.08051501022814801 0.0006515579503420382
26.2 -0.10352980260483581 0.0006640390986792644
26.233333333333334 -0.12319169580044045 0.0006741061955620326
26.266666666666666 -0.1409314591007632 0.0006839197447945367
26.3 -0.15447136746616844 0.0006903889172434341
26.333333333333332 -0.16395744131431295 0.000696509669876999
26.366666666666667 -0.170562132905836 0.0006991977318919762
26.4 -0.17116819558884835 0.0006988840775791205
26.433333333333334 -0.16878810810740055 0.0006975561397799812
26.466666666666665 -0.16108159082380455 0.0006944412523628152
26.5 -0.14897304475902653 0.0006885858562298286
26.533333333333335 -0.13372293844537325 0.0006812686870335816
26.566666666666666 -0.1153258023583373 0.0006712475419171082
26.6 -0.09453348443042002 0.0006597090640733799
26.633333333333333 -0.07008260416491446 0.0006459606893109981
26.666666666666668 -0.0447259762945373 0.0006308248786616177
26.7 -0.018767695773178945 0.0006157935605317251
26.733333333333334 0.008251915227363366 0.000610094503324941
26.766666666666666 0.03386737215175855 0.0006253461330404664
26.8 0.058872184609240936 0.000639513095577228
26.833333333333332 0.08121020810536786 0.0006523324191389096
26.866666666666667 0.09979452105700394 0.0006623562708203828
26.9 0.11882575876429792 0.0006731907903882312
26.933333333333334 0.13189888499371083 0.0006813491752757084
26.966666666666665 0.14108112652001997 0.0006850662556522336
27.0 0.1471277069556677 0.0006865648121831824
27.033333333333335 0.1483082849389639 0.0006874176177662505
27.066666666666666 0.14539929455585812 0.0006859364748886265
27.1 0.13653364014096522 0.0006818537064299801
27.133333333333333 0.12696888891147856 0.0006777611088564228
27.166666666666668 0.1108334527079528 0.0006683635886644973
27.2 0.0928127943777321 0.0006605463875387074
27.233333333333334 0.06964944120827682 0.0006464890834344261
27.266666666666666 0.046867439643805874 0.0006320988393103966
27.3 0.021155645317936407 0.0006174616641283735
27.333333333333332 -0.004564059291713546 0.000608205692937752
27.366666666666667 -0.03130421283306154 0.000624550571544577
27.4 -0.05620617503436557 0.0006374076414860652
27.433333333333334 -0.08027450290900934 0.0006503271472445282
27.466666666666665 -0.10404525489618655 0.0006633218728098883
27.5 -0.1243350784741122 0.000673599938620914
27.533333333333335 -0.140880953970129 0.0006823392446732301
27.566666666666666 -0.15493993932803918 0.0006926233329402343
27.6 -0.1641311970389753 0.0006948318948827581
27.633333333333333 -0.16931021766230098 0.0006981165748743967
27.666666666666668 -0.1700938986473593 0.0006986570368993639
27.7 -0.16721102103489305 0.0006973448745197508
27.733333333333334 -0.15884844259768 0.0006930898926445772
27.766666666666666 -0.14715856309200429 0.0006874177265932813
27.8 -0.13123797771811815 0.0006788704747063001
27.833333333333332 -0.11214877554896942 0.0006696850011895794
27.866666666666667 -0.09166964500172527 0.0006584496304970627
27.9 -0.06692545767355443 0.0006449763614788523
27.933333333333334 -0.04165975246718921 0.0006299532677175521
27.966666666666665 -0.016186984030622863 0.0006142557908426251
28.0 0.010137965236743115 0.0006114144289362921
28.033333333333335 0.03622513012131767 0.0006262767478957404
28.066666666666666 0.05952923825315979 0.000638918485802692
28.1 0.08346542700810482 0.0006537697920804969
28.133333333333333 0.10257110061855608 0.0006635891530474142
28.166666666666668 0.12006903652807589 0.0006725785763103259
28.2 0.13355260225865667 0.0006796558427536181
28.233333333333334 0.14193049348951015 0.0006838957006994328
28.266666666666666 0.14690383474861282 0.0006861843021923053
28.3 0.14811559267092303 0.0006881593267958064
28.333333333333332 0.14431549984425251 0.0006866692568142096
28.366666666666667 0.13655842283204517 0.0006816348234998937
28.4 0.12509913077054569 0.0006758039633072976
28.433333333333334 0.10937097306676415 0.0006675816558756043
28.466666666666665 0.08939291013649699 0.000657778935987105
28.5 0.06822335995170574 0.0006453595386879951
28.533333333333335 0.04559908658062649 0.0006326649863718781
28.566666666666666 0.017115750059616363 0.0006157805686452765
28.6 -0.0066388664313216175 0.00060906173549678
28.633333333333333 -0.034254816712964424 0.000623531911360567
28.666666666666668 -0.05858789985968886 0.0006397096653858111
28.7 -0.08304074750024876 0.0006535794322992811
28.733333333333334 -0.10601263743791847 0.0006654334368017961
28.766666666666666 -0.12515274260996503 0.0006752177487527322
28.8 -0.1414591515474082 0.0006833120036088547
28.833333333333332 -0.15472204137039075 0.0006900952893861279
28.866666666666667 -0.16349154030002244 0.0006948260194496181
28.9 -0.16832622271856032 0.0006969724829371526
28.933333333333334 -0.16910924381736628 0.0006974021646545259
28.966666666666665 -0.165689014299913 0.0006955676751355944
29.0 -0.15644475066889035 0.0006913766024973789
29.033333333333335 -0.14548772168975876 0.000686580035758888
29.066666666666666 -0.1297636036250868 0.0006794409489549458
29.1 -0.11171855725188522 0.0006698796545391017
29.133333333333333 -0.0889447683391839 0.000655329178876507
29.166666666666668 -0.06557876975856201 0.0006442244043310813
29.2 -0.03854904395077299 0.000627609845754086
29.233333333333334 -0.013150104136383544 0.0006136875495363642
29.266666666666666 0.012457857275987373 0.0006127706195863322
29.3 0.03853085258031316 0.0006279312053995637
29.333333333333332 0.061881847062601955 0.0006414998460220617
29.366666666666667 0.08430847144432119 0.0006533686327727661
29.4 0.10405912234805226 0.0006647715898194934
29.433333333333334 0.12083682729768194 0.0006740032372061361
29.466666666666665 0.13181733737081272 0.0006782157853044146
29.5 0.14177110839239562 0.000682673209124296
29.533333333333335 0.14575370052382527 0.0006853375554102537
29.566666666666666 0.1472925080985014 0.0006860860755896481
29.6 0.1427641091242165 0.0006847179281779248
29.633333333333333 0.13534507240202637 0.0006810429566147802
29.666666666666668 0.12290541572580202 0.0006747785745170043
29.7 0.10735161215545709 0.0006661298613681171
29.733333333333334 0.08752412781777685 0.0006556185070874937
29.766666666666666 0.06626246219459371 0.0006447772280051417
29.8 0.04294872690857248 0.0006296076570483922
29.833333333333332 0.017083193875846073 0.0006154314479310842
29.866666666666667 -0.007491324460070279 0.0006100441746021562
29.9 -0.03413098445715991 0.0006252882972782314
29.933333333333334 -0.059912982302338456 0.0006391122086876547
29.966666666666665 -0.08399804355492187 0.0006533886198817479
30.0 -0.10617604078038297 0.0006651947227441779
30.033333333333335 -0.12569583574960216 0.0006751072374504008
30.066666666666666 -0.1417200269517134 0.0006836914329918231
30.1 -0.1540759378495946 0.0006903950857077013
30.133333333333333 -0.16302773687742678 0.0006945599499108834
30.166666666666668 -0.16849330468590126 0.0006968013929789796
30.2 -0.1686194609146614 0.000697438360171887
30.233333333333334 -0.1646178833611413 0.0006956196354716282
30.266666666666666 -0.15558270148153538 0.0006917700586394071
30.3 -0.1443146907795245 0.0006870656906808326
30.333333333333332 -0.12904314188406138 0.0006787392343920728
30.366666666666667 -0.11003681883440326 0.0006691444164070859
30.4 -0.08777876313025369 0.0006563790088448124
30.433333333333334 -0.06458683487020542 0.0006426925030434266
30.466666666666665 -0.039242797826546785 0.0006291994362054368
30.5 -0.012081158913533115 0.0006134908016636655
30.533333333333335 0.01431022966920148 0.0006144526199127164
30.566666666666666 0.04001863133419669 0.0006307717596564372
30.6 0.0635787658153808 0.0006433419796644108
30.633333333333333 0.08429072917632426 0.0006544165590637446
30.666666666666668 0.10373907032698367 0.0006652301688447881
30.7 0.12103580242241045 0.000673937590836185
30.733333333333334 0.13320912854571723 0.000680898329459001
30.766666666666666 0.14121372594940182 0.0006838990036664994
30.8 0.14582097339483663 0.0006871531026007016
30.833333333333332 0.14571368623384265 0.0006865604808682924
30.866666666666667 0.1416873294919906 0.0006852136863144398
30.9 0.13418538548008704 0.0006806129616059864
30.933333333333334 0.12074588696466901 0.0006741488747968455
30.966666666666665 0.10382875352356759 0.0006663892026834151
31.0 0.08507433639981482 0.000655112220296003
31.033333333333335 0.06417389938859369 0.0006427712728195589
31.066666666666666 0.0406508571257992 0.0006302875948652961
31.1 0.013625589752973065 0.0006144676260372503
31.133333333333333 -0.011549287310722278 0.000612496222072257
31.166666666666668 -0.03744391544377508 0.0006275233684916448
31.2 -0.06269257990817277 0.000643304889375404
31.233333333333334 -0.08614470226222559 0.0006539238871314246
31.266666666666666 -0.10720941147976329 0.0006651955282830357
31.3 -0.12564256876322896 0.0006753751687293696
31.333333333333332 -0.1412254496183471 0.0006830039876916383
31.366666666666667 -0.1544002487450865 0.000690339177073146
31.4 -0.16311480281875249 0.0006947133714411968
31.433333333333334 -0.1671721382108341 0.0006971320424715155
31.466666666666665 -0.16730364374309184 0.0006972725230407484
31.5 -0.16266696102199613 0.0006953330768639243
31.533333333333335 -0.15422841155335837 0.0006911964674058135
31.566666666666666 -0.1414359886616985 0.0006842522335806789
31.6 -0.12570211229531003 0.0006771214729459074
31.633333333333333 -0.10676867715930692 0.0006675452757102796
31.666666666666668 -0.08459285746400477 0.000654621403084199
31.7 -0.06213915008381761 0.0006408365537885347
31.733333333333334 -0.03565442828643098 0.0006259057234764207
31.766666666666666 -0.01083358479079456 0.0006117872832704131
31.8 0.015444161989560364 0.0006137971809298069
31.833333333333332 0.04060371293135349 0.0006295154339943931
31.866666666666667 0.06465154977974717 0.0006431996600845397
31.9 0.08590888079358529 0.0006548565226334457
31.933333333333334 0.10499298150682988 0.0006645307480991208
31.966666666666665 0.12097964389398763 0.0006738145458222988
32.0 0.13329230512647275 0.0006791752478340074
32.03333333333333 0.1407532521731528 0.0006835063715740775
32.06666666666667 0.1453718526459855 0.0006857777827886935
32.1 0.1454572162008528 0.0006854535329771649
32.13333333333333 0.14096740328256127 0.0006828036331792409
32.166666666666664 0.13178465043998616 0.000679605967252972
32.2 0.11873302101903938 0.0006725882617604345
32.233333333333334 0.10439253114738503 0.0006643144517037985
32.266666666666666 0.08499254925002427 0.0006549136770352543
32.3 0.06277606289464367 0.0006421600992792958
32.333333333333336 0.040627926832703165 0.0006297627490486624
32.36666666666667 0.013620074014161458 0.0006138576532383356
32.4 -0.012823144914415077 0.0006132107339935512
32.43333333333333 -0.03826169254769192 0.0006285473340912826
32.46666666666667 -0.06360211815384835 0.0006433201827134027
32.5 -0.08747236469261738 0.0006555685540466233
32.53333333333333 -0.10784788267287601 0.000666073696189165
32.56666666666667 -0.1268417558756068 0.000674875604644104
32.6 -0.14230655691073166 0.000682717701471186
32.63333333333333 -0.15466724330025924 0.0006900075259974325
32.666666666666664 -0.16311816460930795 0.0006945340979821468
32.7 -0.1667715004225425 0.0006969466915357214
32.733333333333334 -0.16610471254387554 0.0006968746203268317
32.766666666666666 -0.16111813253733082 0.0006931524612223128
32.8 -0.15137478026520568 0.0006891127566465427
32.833333333333336 -0.13954011936192737 0.0006832020287717289
32.86666666666667 -0.12307133725946166 0.0006756757771630845
32.9 -0.10425610729184584 0.0006651871628022971
32.93333333333333 -0.08341539821711115 0.0006540289009796668
32.96666666666667 -0.05904090951314753 0.0006408116114269904
33.0 -0.03363096979662331 0.000625983825029576
33.03333333333333 -0.01005042210397995 0.0006122883622765238
33.06666666666667 0.017525359162970638 0.0006167461590388494
33.1 0.04182461016162115 0.0006304931263144617
33.13333333333333 0.0658349090656767 0.000644386280219067
33.166666666666664 0.0874099391536721 0.0006567871208756348
33.2 0.10595606304230218 0.0006650544942092829
33.233333333333334 0.12086966099337654 0.000673826077267875
33.266666666666666 0.13327788548321676 0.0006789039387220253
33.3 0.1404307921729518 0.0006834770560114334
33.333333333333336 0.14361649028485202 0.0006859236486874698
33.36666666666667 0.14389576063528495 0.0006857013826149227
33.4 0.13925908815681223 0.000683377376132055
33.43333333333333 0.13060070918352082 0.000679575288388995
33.46666666666667 0.11775721993889002 0.0006728741533398169
33.5 0.10274064273246503 0.0006649477683620814
33.53333333333333 0.08190643307983257 0.0006536231507718038
33.56666666666667 0.05996348582689089 0.0006398402805224551
33.6 0.03686627103815896 0.000628165604733083
33.63333333333333 0.0113061795040234 0.0006121006683687154
33.666666666666664 -0.01357417819926778 0.000613142968241975
33.7 -0.038910429501475934 0.000628001926482824
33.733333333333334 -0.06430636439932513 0.0006431057581835903
33.766666666666666 -0.08817705388696939 0.0006566471538537455
33.8 -0.10947767704607797 0.0006673891653303232
33.833333333333336 -0.12747991400014816 0.0006763469179477122
33.86666666666667 -0.14239992139817753 0.0006840071107988288
33.9 -0.15446022586302377 0.0006913705099283463
33.93333333333333 -0.1630859355035814 0.0006947019795885689
33.96666666666667 -0.16657375640258493 0.00069748443243281
34.0 -0.16510003980577467 0.0006957713520490127
34.03333333333333 -0.16080855351854034 0.0006941237743743889
34.06666666666667 -0.15228246896671574 0.0006909833585007075
34.1 -0.13946216965585598 0.0006845743283440675
34.13333333333333 -0.12283902824522233 0.0006766567843673882
34.166666666666664 -0.10244964332914046 0.0006641368812461412
34.2 -0.08144443277988692 0.0006534797951199128
34.233333333333334 -0.05759632384451113 0.000640501927939699
34.266666666666666 -0.03255729840906197 0.0006245871034792905
34.3 -0.008324579028595049 0.0006105929348449654
34.333333333333336 0.018440245663681944 0.0006160802551507943
34.36666666666667 0.04239585128201633 0.0006304692191065261
34.4 0.06633249798867313 0.0006430851377967339
34.43333333333333 0.08731854919268042 0.0006554511988662443
34.46666666666667 0.10486498431237579 0.0006637380279609223
34.5 0.12133921191471154 0.0006724543659890198
34.53333333333333 0.13228116580919105 0.0006787797366779313
34.56666666666667 0.13904288276611243 0.000681820293166463
34.6 0.1437185316491966 0.0006844425932005793
34.63333333333333 0.14338911910703314 0.000684336502400823
34.666666666666664 0.13828142999660875 0.0006816536309741106
34.7 0.12864990367913753 0.0006774942832981079
34.733333333333334 0.1156946774259709 0.0006703888296329674
34.766666666666666 0.09992016729824801 0.0006619724056294574
34.8 0.07979799960518345 0.0006514833173486001
34.833333333333336 0.05945821358673265 0.0006401261468280753
34.86666666666667 0.03489743833295626 0.0006254542706824531
34.9 0.009897211518844137 0.0006117269694213678
34.93333333333333 -0.015362973279668065 0.0006149713491016076
34.96666666666667 -0.041223078157426395 0.0006305305479441178
35.0 -0.06599144726037208 0.0006437593347911746
35.03333333333333 -0.08882807800090588 0.0006559989364568614
35.06666666666667 -0.1093142426368838 0.0006670294851313097
35.1 -0.12835031622083606 0.0006770166368076924
35.13333333333333 -0.14326920721670716 0.0006876541244809076
35.166666666666664 -0.15435419189397862 0.0006901419996349079
35.2 -0.16150749936341693 0.0006948783932759495
35.233333333333334 -0.1650324684644975 0.0006969975259927819
35.266666666666666 -0.16412897069650315 0.0006962381776549065
35.3 -0.1590107984526122 0.000693370142371641
35.333333333333336 -0.14909735819664616 0.0006884950484874197
35.36666666666667 -0.1356998859186386 0.0006818816366816749
35.4 -0.1195338820672966 0.0006732195573271593
35.43333333333333 -0.10087985051962951 0.0006623369497109344
35.46666666666667 -0.07940381012066637 0.0006511424262236193
35.5 -0.05549051553253019 0.0006377910934253217
35.53333333333333 -0.03011828696004084 0.0006233714652958341
35.56666666666667 -0.003220237020145972 0.0006069204189603789
35.6 0.021207115770544106 0.0006176760886454774
35.63333333333333 0.045083600597956616 0.0006319188114679922
35.666666666666664 0.067782192448554 0.0006463489892782615
35.7 0.08840872391119492 0.0006570649910493387
35.733333333333334 0.10658973380910812 0.0006652870146812845
35.766666666666666 0.12210274690630318 0.0006735939182014872
35.8 0.13226864898509147 0.0006794879795803954
35.833333333333336 0.1398803482234986 0.0006828958356898118
35.86666666666667 0.14315239675321959 0.0006848080629033582
35.9 0.1410780695594475 0.0006841414199972862
35.93333333333333 0.13550763264746718 0.0006808777387796727
35.96666666666667 0.1262986761792292 0.0006776063906205609
36.0 0.11319883553565031 0.000669532171322984
36.03333333333333 0.09780921848408941 0.0006618783096014325
36.06666666666667 0.07727357094536426 0.000650966325096175
36.1 0.0555069717962264 0.0006394866411818106
36.13333333333333 0.031711111214674556 0.0006241690072343042
36.166666666666664 0.0069348818313881904 0.0006099192926708559
36.2 -0.01947951092739466 0.0006162957422560476
36.233333333333334 -0.04365106981470256 0.0006311963798681722
36.266666666666666 -0.06750991426882634 0.000644772186432177
36.3 -0.09012687080193182 0.0006561561428768403
36.333333333333336 -0.11055338707487859 0.0006674046279919743
36.36666666666667 -0.1279590537267944 0.0006761434665280008
36.4 -0.14248652914816556 0.0006835420436042683
36.43333333333333 -0.1551538034301489 0.0006906000834730197
36.46666666666667 -0.16143055987407312 0.0006936973319232598
36.5 -0.16427785157676028 0.0006951973022880364
36.53333333333333 -0.1628404376779269 0.0006950684317324207
36.56666666666667 -0.15742712634530096 0.0006923137527667933
36.6 -0.14831905795800632 0.0006888895809874229
36.63333333333333 -0.13418631240489914 0.0006808216843487702
36.666666666666664 -0.11806055722045573 0.0006731474605504856
36.7 -0.09856154875528524 0.0006628840520558898
36.733333333333334 -0.07705056794457645 0.0006503484666095377
36.766666666666666 -0.053011115583001464 0.0006362117911725695
36.8 -0.028795306911357833 0.0006223961374654356
36.833333333333336 -0.0019391327901993238 0.0006061809121232691
36.86666666666667 0.023023827025524166 0.0006185951692261674
36.9 0.046399028471069255 0.0006323510451662975
36.93333333333333 0.06914081034665667 0.0006438322899838117
36.96666666666667 0.08942992824882529 0.0006558996950325746
37.0 0.10634176934244058 0.0006649073948211542
37.03333333333333 0.12134560503514802 0.0006730143856246984
37.06666666666667 0.13149892462267154 0.0006794547529462014
37.1 0.13957062301381368 0.0006828502280108173
37.13333333333333 0.1408626983493046 0.000684195097011453
37.166666666666664 0.1402976787983818 0.0006841917524306185
37.2 0.1351733883797171 0.0006817183511029223
37.233333333333334 0.12533381306871044 0.0006764323456491528
37.266666666666666 0.11186109475709861 0.000668878699084316
37.3 0.0956677691685085 0.0006605451819281793
37.333333333333336 0.07571077635819555 0.0006485525161230715
37.36666666666667 0.054237361458090876 0.0006364181044727149
37.4 0.03109365961047842 0.0006242336371916346
37.43333333333333 0.006243277286116561 0.00060879902159391
37.46666666666667 -0.01970952217801594 0.0006173808811297324
37.5 -0.044740769011321395 0.0006314257410344123
37.53333333333333 -0.06886512751814095 0.0006445714051717677
37.56666666666667 -0.09235168706466991 0.0006583121452426038
37.6 -0.11297213784496497 0.0006689039124410656
37.63333333333333 -0.1290026766753188 0.0006769452315339985
37.666666666666664 -0.14360923197560474 0.0006842494272902844
37.7 -0.15448119415339667 0.0006907478469574402
37.733333333333334 -0.16114693406863867 0.0006938685221794527
37.766666666666666 -0.1632366824385852 0.0006953933852998639
37.8 -0.16251330993534396 0.0006947984535640717
37.833333333333336 -0.15647250814680097 0.0006937140309798695
37.86666666666667 -0.14595845313631983 0.0006866368951594648
37.9 -0.13333215631418985 0.0006796223234139809
37.93333333333333 -0.11645406258180871 0.0006713755098226998
37.96666666666667 -0.09657559280175461 0.00066091997249694
38.0 -0.07473143106730591 0.0006487535952509338
38.03333333333333 -0.05123025817325129 0.0006353266296725835
38.06666666666667 -0.026449592068389736 0.0006221928160318468
38.1 -0.0005791399795496283 0.0006064902353847344
38.13333333333333 0.024119099808228437 0.0006191083852506128
38.166666666666664 0.048071554062863134 0.0006360119750559376
38.2 0.07126967872206204 0.0006478236094017709
38.233333333333334 0.09014147002053301 0.0006577317748220624
38.266666666666666 0.10759794435008557 0.0006659755236994025
38.3 0.12301433921488124 0.0006737444016521044
38.333333333333336 0.13314327663999748 0.0006796947911337781
38.36666666666667 0.13913385753174218 0.0006823241261998403
38.4 0.14111250933899014 0.0006843088682443876
38.43333333333333 0.14039337084303705 0.0006833627567463529
38.46666666666667 0.13388416204524856 0.0006802368343828968
38.5 0.12402742205918196 0.0006749962964391204
38.53333333333333 0.11109143637273633 0.0006685391843149341
38.56666666666667 0.09334786513866856 0.0006588996146533882
38.6 0.07370160347962773 0.0006482127357851641
38.63333333333333 0.05168995905933625 0.0006359077460233106
38.666666666666664 0.027652940143718656 0.000622222810615157
38.7 0.0038074705208756116 0.0006070541137171924
38.733333333333334 -0.021805763352351282 0.0006178154417119178
38.766666666666666 -0.04537494648724957 0.0006324517229926163
38.8 -0.07043823409660394 0.0006468107215527735
38.833333333333336 -0.09308523858635517 0.0006591635229214465
38.86666666666667 -0.11315067287214686 0.0006696037727149523
38.9 -0.12912599998718857 0.0006769098151509223
38.93333333333333 -0.14337785959617208 0.0006843711249516216
38.96666666666667 -0.15401814268694408 0.0006918322251825981
39.0 -0.16025774078775895 0.0006932303213800506
39.03333333333333 -0.16204470370229443 0.0006949442388580196
39.06666666666667 -0.16065371733697997 0.0006943649980821476
39.1 -0.15435310396349972 0.0006915158138773303
39.13333333333333 -0.14448661122600023 0.0006865698847405011
39.166666666666664 -0.13088412693026996 0.0006791296184660012
39.2 -0.11439721739634957 0.0006703009978754615
39.233333333333334 -0.0954028320664785 0.0006609148850876684
39.266666666666666 -0.07294963265406439 0.0006485610423609817
39.3 -0.04836127688030083 0.0006338974421880375
39.333333333333336 -0.022667538897784008 0.0006184249558419813
39.36666666666667 0.000795985124451085 0.0006063290858544042
39.4 0.02570339777611655 0.000620109069035691
39.43333333333333 0.04813052277721022 0.0006326305307840369
39.46666666666667 0.07067282648590664 0.0006448309215272979
39.5 0.09219420469026386 0.0006578767325062795
39.53333333333333 0.10920750478961985 0.0006675201758304661
39.56666666666667 0.12344652025393331 0.0006744448197435471
39.6 0.1304148654990611 0.0006773633859916695
39.63333333333333 0.1368759609910765 0.0006828198162497356
39.666666666666664 0.1406359561900894 0.0006840677975009368
39.7 0.13892540346331364 0.0006823387722620922
39.733333333333334 0.13323800478846312 0.0006799266223877776
39.766666666666666 0.12214708429119983 0.0006732254818463124
39.8 0.10947709872477518 0.0006685161448704707
39.833333333333336 0.09051653520976093 0.0006587025802834989
39.86666666666667 0.0718523110184359 0.000649433648560141
39.9 0.05014183269150102 0.0006357456357319186
39.93333333333333 0.026826252411021777 0.0006217994880137953
39.96666666666667 0.002154981289075795 0.0006062837730295631
40.0 -0.022742999065980447 0.0006185429715392377
40.03333333333333 -0.0480878970832341 0.0006333523165691704
40.06666666666667 -0.07145660217540305 0.0006467232436949549
40.1 -0.0933763046579295 0.0006593629302289183
40.13333333333333 -0.11336295980664934 0.0006695675701440112
40.166666666666664 -0.13080501560921667 0.0006777725752378783
40.2 -0.1432408375773815 0.0006839084048768929
40.233333333333334 -0.15323939274867862 0.0006894894188416434
40.266666666666666 -0.15935397295185022 0.0006927986640404282
40.3 -0.16169036003296408 0.0006944460937732544
40.333333333333336 -0.1599911506081137 0.0006940135501609934
40.36666666666667 -0.15335930288408212 0.0006910869145603238
40.4 -0.1428940921009807 0.0006857432086860293
40.43333333333333 -0.13030625157487763 0.0006788382176417251
40.46666666666667 -0.11161477117457758 0.000669499399473264
40.5 -0.09264787889823779 0.0006592339227157601
40.53333333333333 -0.07248981685138936 0.0006473497075895063
40.56666666666667 -0.04931542978245482 0.00063350428148784
40.6 -0.022309789239046817 0.0006183520773624836
40.63333333333333 0.0035134259475006475 0.0006076775466454247
40.666666666666664 0.027775044232614322 0.0006207572118182049
40.7 0.05089741561702328 0.0006351185598882925
40.733333333333334 0.07391935667196142 0.0006479604322765509
40.766666666666666 0.09219436318220875 0.0006574190319217493
40.8 0.10977992424858864 0.0006675685790846625
40.833333333333336 0.12067400527929664 0.0006735493463786435
40.86666666666667 0.13284696764828985 0.00067913082870244
40.9 0.13883453722996728 0.0006827998713415107
40.93333333333333 0.1396837264327398 0.0006828012201585687
40.96666666666667 0.1376356340373828 0.0006820066767290467
41.0 0.13170748543970415 0.000678760493494801
41.03333333333333 0.12155366635281677 0.000673698140872564
41.06666666666667 0.1060152164821925 0.0006657786552480838
41.1 0.09055494477794614 0.0006579412660577266
41.13333333333333 0.06945452618226221 0.0006466597707709965
41.166666666666664 0.04694143804876488 0.0006348527638934398
41.2 0.02424372842873455 0.0006199277407855537
41.233333333333334 -0.0004933563716129016 0.0006060336147772842
41.266666666666666 -0.024951127113286328 0.0006203868563018425
41.3 -0.050118725125325725 0.0006359236365396023
41.333333333333336 -0.0742365583264925 0.0006491861407370847
41.36666666666667 -0.09630835849180665 0.000660668990044827
41.4 -0.11392391468591699 0.0006695132383195412
41.43333333333333 -0.13066286000489372 0.0006786778583772468
41.46666666666667 -0.14412602329868326 0.0006853237368564802
41.5 -0.1551262818851474 0.0006913564091593494
41.53333333333333 -0.15974591827482074 0.0006931696872208293
41.56666666666667 -0.16138837629316638 0.0006937328081425831
41.6 -0.1584687317807955 0.0006928370768790049
41.63333333333333 -0.15219068071480704 0.0006896235604704481
41.666666666666664 -0.14196362750387145 0.0006840036871360311
41.7 -0.12847592378843162 0.0006772234025087254
41.733333333333334 -0.1097320120622786 0.0006683518900991448
41.766666666666666 -0.09002506726319061 0.0006577159268407601
41.8 -0.06831318003198739 0.0006457712833611851
41.833333333333336 -0.04402433163598113 0.0006314910478472588
41.86666666666667 -0.01982100975996839 0.0006178104853697512
41.9 0.004731668067516708 0.0006083553960195501
41.93333333333333 0.028181292065704945 0.0006219011601237105
41.96666666666667 0.05225133397599089 0.0006362176842024878
42.0 0.07454232654285806 0.0006481521893695191
