0.0 0.6409822304269424 0.0008252131012628228
0.03333333333333333 0.7677807809321978 0.0008381696021246832
0.06666666666666667 0.8719968850485839 0.0008326258626188965
0.1 0.9559711224094017 0.000824201425375648
0.13333333333333333 1.0179155396910395 0.0008131949567009578
0.16666666666666666 1.0593510825183037 0.000808068709099441
0.2 1.0758350938916719 0.0008047131157729037
0.23333333333333334 1.0700976335621883 0.0008059813256409143
0.26666666666666666 1.04038884826821 0.0008133405258139437
0.3 0.98561310312844 0.0008216711059523263
0.3333333333333333 0.9050935803203999 0.0008324358088274142
0.36666666666666664 0.7989705576928634 0.0008368651440789909
0.4 0.677509550396058 0.0008301018427306905
0.43333333333333335 0.5383405408365428 0.0008096605717968774
0.4666666666666667 0.37579090786247693 0.0007625423705211465
0.5 0.21208902877028998 0.0006963047965398428
0.5333333333333333 0.04475046139442235 0.0006076797701464604
0.5666666666666667 -0.12245712843689854 0.0006515673829953633
0.6 -0.2828622074260406 0.0007255391827138968
0.6333333333333333 -0.43779629516410146 0.0007752195330461564
0.6666666666666666 -0.5868560347327181 0.000809841621062346
0.7 -0.718596870326802 0.0008228888446085714
0.7333333333333333 -0.8308566899387689 0.0008247771264874304
0.7666666666666667 -0.9297988453933973 0.000815176337612078
0.8 -1.0041894044594017 0.0008029300062379896
0.8333333333333334 -1.0547823040288624 0.0007924354223958208
0.8666666666666667 -1.0835493248216217 0.0007860270067630015
0.9 -1.086163892540627 0.0007851269412075812
0.9333333333333333 -1.0678280230361168 0.0007906957805345893
0.9666666666666667 -1.0208850397608897 0.000801330087217611
1.0 -0.9484478118033512 0.0008137915976021981
1.0333333333333334 -0.8524851174422862 0.000824178230329653
1.0666666666666667 -0.733201978653284 0.0008289487716215405
1.1 -0.5999516973751288 0.0008157617583658405
1.1333333333333333 -0.4460485851977726 0.000781364689441344
1.1666666666666667 -0.2859298299940118 0.0007284343330793974
1.2 -0.11462203453343944 0.0006465534664708145
1.2333333333333334 0.04749692516919664 0.0006145912626624034
1.2666666666666666 0.21446534768583378 0.0006975888528800156
1.3 0.36929838619892474 0.0007585865334461817
1.3333333333333333 0.5169958282318291 0.0008036856901418865
1.3666666666666667 0.6523775471337644 0.000826696548289596
1.4 0.7714035933869683 0.0008353035354458083
1.4333333333333333 0.8674116678558107 0.0008362698293471471
1.4666666666666666 0.9484112036165445 0.0008273012493921206
1.5 1.0070592616525262 0.0008181487450213965
1.5333333333333334 1.0428921342989408 0.0008113739057589164
1.5666666666666667 1.0550760964621375 0.0008105929583470672
1.6 1.0440692841470085 0.0008134277484606045
1.6333333333333333 1.0106870701505188 0.000820455441579826
1.6666666666666667 0.950262130912523 0.0008311127738138691
1.7 0.8676234132017462 0.0008402311122216455
1.7333333333333334 0.7600041340401056 0.0008414557814451218
1.7666666666666666 0.6333181296728165 0.0008286316209471511
1.8 0.4945568530551572 0.0008016049806551795
1.8333333333333333 0.33718384818303493 0.0007508964564696408
1.8666666666666667 0.17059234339887905 0.0006805768503177212
1.9 0.012581342059434878 0.0005941699540220093
1.9333333333333333 -0.1544926291817116 0.0006683009233659498
1.9666666666666666 -0.3142362276065276 0.0007347479782203181
2.0 -0.4652964167623098 0.000786507871101072
2.033333333333333 -0.6053170504796097 0.0008127130362778345
2.066666666666667 -0.7329381790556857 0.000823076169481407
2.1 -0.8399527694484691 0.0008214615116881596
2.1333333333333333 -0.9294303248144702 0.0008133055374713871
2.1666666666666665 -0.9969830281735971 0.0008021901898001005
2.2 -1.0426284320471753 0.0007953958743498468
2.2333333333333334 -1.064637222070055 0.0007899644485416246
2.2666666666666666 -1.0638070462653615 0.0007912665472733504
2.3 -1.0358989832666163 0.0007987127610362688
2.3333333333333335 -0.9840794685754477 0.0008082592430912472
2.3666666666666667 -0.9069072968187255 0.0008192241802288391
2.4 -0.8076815483994452 0.0008266851328742053
2.433333333333333 -0.6852796931636367 0.000825743780672128
2.466666666666667 -0.5490522824312414 0.0008089233740825597
2.5 -0.39839345053526204 0.0007710847221484851
2.533333333333333 -0.23860061409751696 0.0007085317216580511
2.566666666666667 -0.07454054993704202 0.0006234253721806304
2.6 0.08793850943900283 0.0006315339013692606
2.6333333333333333 0.24616905955038104 0.0007124893768987728
2.6666666666666665 0.40265748002337143 0.0007745956188046077
2.7 0.5450020329367016 0.0008116503606477865
2.7333333333333334 0.6721813486923479 0.0008289875104066091
2.7666666666666666 0.7841327152066639 0.00083440942713775
2.8 0.8741460712171106 0.0008311054532149642
2.8333333333333335 0.947038279056447 0.00082590985148423
2.8666666666666667 0.9997069859074819 0.0008178111009331523
2.9 1.026965515677569 0.0008147345835838316
2.933333333333333 1.0329269470743092 0.0008139179162918175
2.966666666666667 1.0154562102788145 0.0008176534503374633
3.0 0.9721673467618717 0.0008256824788644979
3.033333333333333 0.9074120529185263 0.0008332338643726178
3.066666666666667 0.8189035363163272 0.000839325039797667
3.1 0.7060364975070865 0.0008390809050263792
3.1333333333333333 0.5802287492884631 0.0008219861669361839
3.1666666666666665 0.4371278247158711 0.0007866674743881585
3.2 0.28109140347643213 0.0007302982699717853
3.2333333333333334 0.11814093835228401 0.000651087073742937
3.2666666666666666 -0.0394654996126866 0.000610359011952874
3.3 -0.20502524172724726 0.0006882474550416462
3.3333333333333335 -0.36024284793464795 0.0007555543340051485
3.3666666666666667 -0.5022251508450694 0.0007924057755565039
3.4 -0.6374121251802239 0.0008174405359080428
3.433333333333333 -0.7558508864966058 0.0008242810701617476
3.466666666666667 -0.8568517750007518 0.0008207028729440013
3.5 -0.9378758657635187 0.0008125143480928188
3.533333333333333 -0.9957911160336157 0.0008026536504038839
3.566666666666667 -1.0326067306132383 0.0007957057284690983
3.6 -1.0462507162716492 0.0007927852591969042
3.6333333333333333 -1.0355464477548642 0.0007947091918816263
3.6666666666666665 -1.000598607131929 0.0008025807421693232
3.7 -0.9401478472065125 0.0008116975993199826
3.7333333333333334 -0.8552948812845572 0.0008204139156621215
3.7666666666666666 -0.7473847227039369 0.0008231221212459117
3.8 -0.6236341942558737 0.0008159779008904966
3.8333333333333335 -0.4822037707764131 0.0007901814492525805
3.8666666666666667 -0.33147202460896985 0.0007427389997656797
3.9 -0.16959200684846307 0.000674483996898706
3.933333333333333 -0.008991520034159496 0.0005934382500514552
3.966666666666667 0.1510263557948068 0.0006682498634017764
4.0 0.30426318110464873 0.0007392698659108854
4.033333333333333 0.4501928454806789 0.0007900339237706389
4.066666666666666 0.5856861481002121 0.0008209293487138059
4.1 0.7030754045097205 0.0008366605145366801
4.133333333333334 0.8066692908810886 0.0008393354136798648
4.166666666666667 0.8876399393811114 0.0008369414991502566
4.2 0.9507857505739946 0.000827486569700997
4.233333333333333 0.9925964749454579 0.0008212822754087856
4.266666666666667 1.0108652479106508 0.0008166955947077614
4.3 1.007470706535675 0.0008162183304265547
4.333333333333333 0.9806490148665185 0.0008234095607833058
4.366666666666666 0.9291099810762542 0.0008287961229735963
4.4 0.8539522968477622 0.0008351337993608432
4.433333333333334 0.756490057940466 0.0008347785779587724
4.466666666666667 0.6391043565428034 0.0008283793755418101
4.5 0.509207778403312 0.0008010689154838158
4.533333333333333 0.36042678952813395 0.0007607653284403826
4.566666666666666 0.20414763020215573 0.0006935789706750684
4.6 0.04589742116125788 0.0006132032051981012
4.633333333333334 -0.11318543544946091 0.0006452194910097214
4.666666666666667 -0.2665883938116959 0.0007187640524422556
4.7 -0.417811623799977 0.000771832598329969
4.733333333333333 -0.5575206108307688 0.0008062232974592742
4.766666666666667 -0.6805699765423223 0.0008211228405280435
4.8 -0.7859716799706011 0.0008251736299237367
4.833333333333333 -0.8757369316161654 0.0008218152657276656
4.866666666666666 -0.946325878514212 0.0008115268394036645
4.9 -0.99459800316314 0.0008043056932408588
4.933333333333334 -1.0196108546740457 0.0008010313060917706
4.966666666666667 -1.0204863082056814 0.0008020430087269936
5.0 -1.0003951628528254 0.0008048304369380199
5.033333333333333 -0.951286972798905 0.0008143846931095711
5.066666666666666 -0.8813864184490027 0.0008220932925746549
5.1 -0.7900038334447452 0.0008252708079844462
5.133333333333334 -0.6757850067528615 0.0008248291329961965
5.166666666666667 -0.5428798040308036 0.0008056032021610537
5.2 -0.39791759356402573 0.0007676995395473618
5.233333333333333 -0.24616941064493728 0.000713208723164771
5.266666666666667 -0.08664203949345631 0.0006346262368039923
5.3 0.06744504090581718 0.000622812596198466
5.333333333333333 0.2253632050699335 0.0007051673000457725
5.366666666666666 0.37437269679013263 0.0007638154800097552
5.4 0.5136431958099922 0.0008003024790877999
5.433333333333334 0.6331633496632151 0.0008260000915727428
5.466666666666667 0.7425948415396322 0.000835774703742409
5.5 0.8325400109862343 0.0008349021867141149
5.533333333333333 0.9039295991209569 0.0008301748383298113
5.566666666666666 0.9523812557259445 0.0008288090150324612
5.6 0.9843375749257516 0.0008233761778381199
5.633333333333334 0.9909910559569391 0.0008222504096678795
5.666666666666667 0.9748510385028065 0.0008208838533015905
5.7 0.9360192089356925 0.0008301196875469818
5.733333333333333 0.8719389397316205 0.0008380402875797222
5.766666666666667 0.7873219272975888 0.0008421673301949317
5.8 0.6798234596514452 0.0008362342999617134
5.833333333333333 0.5588959109609093 0.0008179326579723645
5.866666666666666 0.42165986504294034 0.0007837796739930125
5.9 0.27057243343522425 0.0007249018697466636
5.933333333333334 0.11372548443893606 0.0006529401241212873
5.966666666666667 -0.038696690879555996 0.0006085171483394616
6.0 -0.1988064956268255 0.0006876600582016168
6.033333333333333 -0.34600195831476466 0.0007509464376042052
6.066666666666666 -0.4861140112052909 0.0007889256301280567
6.1 -0.6141901173345947 0.0008140466678162595
6.133333333333334 -0.7287697685713793 0.0008238848858365122
6.166666666666667 -0.8268148247780873 0.000821120074015913
6.2 -0.9028358027859213 0.0008155593681706819
6.233333333333333 -0.958748302288041 0.0008104357174220089
6.266666666666667 -0.9932439883612468 0.0008042210006615758
6.3 -1.0039226456705963 0.0008034503388776315
6.333333333333333 -0.9934556385504436 0.0008056545876775623
6.366666666666666 -0.9562989757217027 0.0008118992377925682
6.4 -0.8958838416015021 0.0008199387056093688
6.433333333333334 -0.8158002772729205 0.0008243240676365504
6.466666666666667 -0.7086846856254982 0.0008262848108634424
6.5 -0.5852959893491767 0.0008124525292277918
6.533333333333333 -0.4494574063681683 0.0007805595734539095
6.566666666666666 -0.30030759651895356 0.0007348736222643204
6.6 -0.1469752892729737 0.0006609881484179181
6.633333333333334 0.007477792720189814 0.0005895310645979606
6.666666666666667 0.16454565241562055 0.0006761519916981262
6.7 0.31594256364067824 0.0007457579078605225
6.733333333333333 0.44918587660480513 0.0007881826947451209
6.766666666666667 0.5778000230780509 0.0008155712966149142
6.8 0.6905342184305742 0.0008366135413988562
6.833333333333333 0.7839565210255419 0.0008386273554311652
6.866666666666666 0.8657208591663 0.0008357415407156399
6.9 0.9223201265839998 0.000830052300219597
6.933333333333334 0.9588859031236748 0.000826369510250502
6.966666666666667 0.9728952908068753 0.0008241554619730085
7.0 0.9663771181941305 0.000825489713537908
7.033333333333333 0.9352302397659069 0.0008297560661454373
7.066666666666666 0.8810180518091129 0.000834809817383042
7.1 0.8047221136338892 0.0008381324143942326
7.133333333333334 0.7061184106517014 0.0008353384488194449
7.166666666666667 0.5909365033623573 0.0008214468155028909
7.2 0.460537469859355 0.0007945474277733511
7.233333333333333 0.3181027334199427 0.0007429185908045532
7.266666666666667 0.16587913312615538 0.0006798297914172302
7.3 0.009287567561020836 0.000595462897587799
7.333333333333333 -0.14313549098056477 0.0006665031639355445
7.366666666666666 -0.2971906086106849 0.000732741645743662
7.4 -0.43612264909509096 0.0007790048425455609
7.433333333333334 -0.5670862560236899 0.0008089760227634191
7.466666666666667 -0.6823438737762345 0.0008233117915241728
7.5 -0.7812732468793386 0.0008246796846489435
7.533333333333333 -0.86182346532149 0.0008214690572329042
7.566666666666666 -0.9255048049242885 0.0008141671578886234
7.6 -0.9668632518666997 0.0008084060241330127
7.633333333333334 -0.9838487300215941 0.0008061945876775001
7.666666666666667 -0.9801693450502162 0.0008086772956197308
7.7 -0.9512267748615286 0.0008106681038130281
7.733333333333333 -0.8990136630006592 0.0008181995499944028
7.766666666666667 -0.8212339466093977 0.0008254643314283827
7.8 -0.7260678979507985 0.0008256630437034618
7.833333333333333 -0.610056834662 0.0008169011636267598
7.866666666666666 -0.4809430046165336 0.0007924958221535716
7.9 -0.33752159062790865 0.0007480707988657409
7.933333333333334 -0.18758660694508056 0.0006840237503773772
7.966666666666667 -0.032304593484375005 0.0006044671277767311
8.0 0.1183904693116746 0.00065631075168468
8.033333333333333 0.26992140401433184 0.0007256279887021266
8.066666666666666 0.4066359115269947 0.0007772392253190819
8.1 0.5372731811499538 0.0008092317223173939
8.133333333333333 0.6501732399093615 0.0008283361920479182
8.166666666666666 0.7492793413675296 0.0008350707477999819
8.2 0.8299936362183299 0.000838048183807838
8.233333333333333 0.8923916392241081 0.0008337868386930625
8.266666666666667 0.9320559094458343 0.0008277011013591018
8.3 0.9509090311974243 0.0008271816623864892
8.333333333333334 0.9494930992669327 0.0008281069709997757
8.366666666666667 0.9251227542134668 0.0008321301363498623
8.4 0.8772979709105665 0.0008347933478610736
8.433333333333334 0.8088730400128541 0.0008385952633954696
8.466666666666667 0.7161690867609485 0.0008371581133678196
8.5 0.6077671279454061 0.0008270234435400203
8.533333333333333 0.4833498206277755 0.0007984530104278575
8.566666666666666 0.34141895666553884 0.0007555366551670328
8.6 0.19453726512539013 0.0006944578793416367
8.633333333333333 0.0469529571571101 0.0006144587053291337
8.666666666666666 -0.1087482034524714 0.0006461551478679356
8.7 -0.2598340845419949 0.0007181337665556065
8.733333333333333 -0.3963747713880219 0.0007682333559166366
8.766666666666667 -0.528503287873545 0.0008009176207866009
8.8 -0.6445794094279154 0.000816575203725245
8.833333333333334 -0.7466320612625109 0.0008250615085776403
8.866666666666667 -0.8324241306119506 0.0008221218120801899
8.9 -0.8962181855019278 0.0008174718620168608
8.933333333333334 -0.9401429556894813 0.0008129017099907099
8.966666666666667 -0.962602283253104 0.000809222251104913
9.0 -0.9628346894264314 0.0008100296338845459
9.033333333333333 -0.9419392998045598 0.0008136302175860699
9.066666666666666 -0.8912542088148288 0.0008212464701805589
9.1 -0.8232565621773074 0.0008269151505900796
9.133333333333333 -0.7310340073533788 0.0008263058639417231
9.166666666666666 -0.6215126791932687 0.0008182710437254492
9.2 -0.49461373906163486 0.0007956656369860204
9.233333333333333 -0.35624498130666443 0.0007553198488048363
9.266666666666667 -0.2119152247786801 0.0006988064017957596
9.3 -0.060741404735316244 0.0006250087640409796
9.333333333333334 0.08995215808875535 0.0006391178115057461
9.366666666666667 0.2412044961094144 0.0007148262955099793
9.4 0.37542413084064186 0.000765541090835653
9.433333333333334 0.5063195363612455 0.000802039716773395
9.466666666666667 0.6198825934918671 0.0008221471085513299
9.5 0.7187435370941776 0.0008339454782495537
9.533333333333333 0.8044718282140497 0.0008362803542116826
9.566666666666666 0.8654753452035019 0.0008373505995623587
9.6 0.9114370074729456 0.0008314674096654429
9.633333333333333 0.934222627085535 0.0008300860767221918
9.666666666666666 0.9349686696378899 0.0008296788601299676
9.7 0.913640353256413 0.0008323384011031942
9.733333333333333 0.8707126199657184 0.0008381643029113928
9.766666666666667 0.8068966826762308 0.0008376952931385961
9.8 0.7144576671424145 0.000835491833941826
9.833333333333334 0.6157666742081728 0.0008277993002352435
9.866666666666667 0.4911559162449486 0.0008012502452701686
9.9 0.3569548626354466 0.0007614999094622821
9.933333333333334 0.21174431930187898 0.0006994052816121366
9.966666666666667 0.06401421428137109 0.0006250108177979358
10.0 -0.0859546077890292 0.000635156276697621
10.033333333333333 -0.2350841045669525 0.0007081436644119088
10.066666666666666 -0.37292945038680503 0.0007593817464109365
10.1 -0.502958264200829 0.0007955877948281342
10.133333333333333 -0.6208555497270102 0.0008152684333375682
10.166666666666666 -0.7222446779145797 0.0008251753905690329
10.2 -0.806295284641313 0.0008245277100774606
10.233333333333333 -0.8731068431276083 0.0008210630407259334
10.266666666666667 -0.9207059511237354 0.0008157831093555945
10.3 -0.9441125372599523 0.0008143700204262805
10.333333333333334 -0.9470096606154763 0.0008133503619485172
10.366666666666667 -0.9265994395391307 0.0008158653900312007
10.4 -0.8818099944912882 0.0008232882369402228
10.433333333333334 -0.814486114789058 0.0008263143127624772
10.466666666666667 -0.7257569178613407 0.0008266765356170769
10.5 -0.6208772027357946 0.0008184379910193273
10.533333333333333 -0.4988825163635734 0.0007986092920309051
10.566666666666666 -0.3630540537501471 0.000757933255592036
10.6 -0.2229488222826185 0.0007047402330283281
10.633333333333333 -0.07568479613760869 0.0006299891601811436
10.666666666666666 0.07588658528674386 0.0006322492546369102
10.7 0.22210700501167083 0.0007062894230387695
10.733333333333333 0.3573043301018943 0.0007585208411219901
10.766666666666667 0.486233783655976 0.0007980876430089268
10.8 0.6023318608415207 0.0008208423610760462
10.833333333333334 0.702503280165118 0.0008324387392572019
10.866666666666667 0.7848139702525416 0.0008344155231151396
10.9 0.8505052413788339 0.0008376333517016166
10.933333333333334 0.8927715952080747 0.0008323616921261934
10.966666666666667 0.9173414653465974 0.0008305577883546134
11.0 0.9197370032956499 0.0008314331582847112
11.033333333333333 0.8996544713656792 0.0008346491620669916
11.066666666666666 0.8549968695248465 0.0008374848628416309
11.1 0.7941300073130847 0.0008409928310498804
11.133333333333333 0.7085661853408995 0.0008385283448795189
11.166666666666666 0.6090705092326669 0.0008291483367290908
11.2 0.48582202066252383 0.0008004424679464717
11.233333333333333 0.3563364424153927 0.0007624543669305095
11.266666666666667 0.21262684965279127 0.0007026586971312088
11.3 0.06965742836625573 0.0006274579935963143
11.333333333333334 -0.07645572942389017 0.0006293756499695657
11.366666666666667 -0.2253074407300299 0.0007060595096862743
11.4 -0.3608558368046726 0.0007573315483697662
11.433333333333334 -0.4887142799544887 0.0007936867015688742
11.466666666666667 -0.6057272894780864 0.0008145789144686777
11.5 -0.7080576426866809 0.0008234739609997987
11.533333333333333 -0.7928456218098731 0.0008246135240109753
11.566666666666666 -0.8586579710754282 0.0008214347114384735
11.6 -0.9052565340099651 0.0008176423955356116
11.633333333333333 -0.928515189919067 0.0008144409659930352
11.666666666666666 -0.9305346349680986 0.0008142881610981867
11.7 -0.9105700082015576 0.0008177266128805982
11.733333333333333 -0.8675831733269276 0.0008239554422668771
11.766666666666667 -0.8014241986143944 0.0008276177305162058
11.8 -0.7135388974686742 0.0008257448152357849
11.833333333333334 -0.6112651411500264 0.0008166516670679025
11.866666666666667 -0.4892826622565417 0.0007949668016560829
11.9 -0.3562553284877299 0.0007568929978595818
11.933333333333334 -0.2148001028628303 0.0007002937873052673
11.966666666666667 -0.06945212871907325 0.0006290056958365292
12.0 0.07617675354961806 0.0006309320708739186
12.033333333333333 0.21951140127723695 0.0007044730869198157
12.066666666666666 0.3550467605983668 0.0007583312173802259
12.1 0.4797897495654344 0.0007953986686825565
12.133333333333333 0.5940945573017625 0.0008209514469875723
12.166666666666666 0.689133712297152 0.0008344742819834661
12.2 0.7721274045043399 0.0008369939185608466
12.233333333333333 0.834166152419985 0.0008344010540645153
12.266666666666667 0.8791446277835316 0.0008339509407842005
12.3 0.9013156956131746 0.0008336158629289603
12.333333333333334 0.9030002841460155 0.000833666161463853
12.366666666666667 0.8825170682814106 0.0008369791208018285
12.4 0.8396617472532474 0.0008393441392755552
12.433333333333334 0.7759073241008497 0.0008394370340887303
12.466666666666667 0.6927836398887165 0.0008356538469965757
12.5 0.590726457139358 0.0008226838735764241
12.533333333333333 0.4782608766584334 0.0007976640882496056
12.566666666666666 0.34572937878859233 0.0007570210764561436
12.6 0.20766446996853166 0.0007011951669954886
12.633333333333333 0.06235704547796707 0.0006279037729059189
12.666666666666666 -0.08328076884508122 0.0006347817884253676
12.7 -0.22804877207933066 0.000705337432455988
12.733333333333333 -0.3628802771107916 0.0007591052478920224
12.766666666666667 -0.48735012175721776 0.0007933921183850834
12.8 -0.5983146690832106 0.0008142617574987687
12.833333333333334 -0.6979163652094559 0.0008241692796469025
12.866666666666667 -0.7798616817657819 0.0008257429742236644
12.9 -0.8463376956926233 0.0008211952741593587
12.933333333333334 -0.8893731008816331 0.0008195876239306399
12.966666666666667 -0.9105775714440221 0.0008148799535340201
13.0 -0.9123409782611259 0.0008165608509806965
13.033333333333333 -0.8907798171508732 0.0008204678160244061
13.066666666666666 -0.8473933308754933 0.0008232017242777445
13.1 -0.7792785824223226 0.0008264779056191829
13.133333333333333 -0.6942264904438766 0.0008261028223014444
13.166666666666666 -0.591293623787459 0.0008140812245276408
13.2 -0.47193973048294136 0.0007910030579701965
13.233333333333333 -0.33985612492481243 0.0007489343610430077
13.266666666666667 -0.20016524371820582 0.0006929271129929859
13.3 -0.056601681510366264 0.0006206571121789364
13.333333333333334 0.08574053624956984 0.000639057741743429
13.366666666666667 0.22740299844580011 0.0007095439573881479
13.4 0.35854829913228725 0.0007588914459488172
13.433333333333334 0.4811574786198553 0.0007979832197016479
13.466666666666667 0.5885156121286419 0.0008196619068177036
13.5 0.6850077578890472 0.0008330828568564597
13.533333333333333 0.7636799525644908 0.0008373404607757706
13.566666666666666 0.8223828636635301 0.0008377946490719657
13.6 0.8642551852587985 0.0008339907153893655
13.633333333333333 0.8842590868676348 0.0008340783882809788
13.666666666666666 0.8837636519453962 0.0008345909811747765
13.7 0.861596001116478 0.0008356758336157677
13.733333333333333 0.8193995628028847 0.000836437141310431
13.766666666666667 0.7558614136933522 0.0008358142636057941
13.8 0.6721377945849153 0.0008301847422830244
13.833333333333334 0.5717064702611795 0.0008183759843002347
13.866666666666667 0.4540441923929636 0.0007924895391506204
13.9 0.32211417357680305 0.0007488500601325332
13.933333333333334 0.18317633515045628 0.0006870266861392915
13.966666666666667 0.04390304306215247 0.0006173176397490029
14.0 -0.09824116964059337 0.000643438181848352
14.033333333333333 -0.23510709809442978 0.0007098831173917852
14.066666666666666 -0.369466199676229 0.0007608248593482525
14.1 -0.4914932082518823 0.0007940336665607783
14.133333333333333 -0.6009050611232085 0.0008125918147890987
14.166666666666666 -0.6965021410987424 0.0008207219660346654
14.2 -0.7735261681756725 0.0008230677953537935
14.233333333333333 -0.8341486274804409 0.0008221726712667188
14.266666666666667 -0.8734987765197869 0.0008214769465194616
14.3 -0.8931255492821303 0.0008196537499187695
14.333333333333334 -0.8923825868459693 0.0008230269711699822
14.366666666666667 -0.8682546465237407 0.0008223462271131909
14.4 -0.822084051126 0.0008250765270839677
14.433333333333334 -0.7527964338134864 0.0008252678732604268
14.466666666666667 -0.6677788146848171 0.0008229709725550149
14.5 -0.5631250144009965 0.0008072681590942654
14.533333333333333 -0.4428332324465017 0.0007817428709681051
14.566666666666666 -0.3128933302543686 0.0007398842749985479
14.6 -0.17627414094829363 0.0006823857391375088
14.633333333333333 -0.03829377543941731 0.0006122458953374335
14.666666666666666 0.10546087578716633 0.0006483701274626191
14.7 0.24075261096527398 0.0007116834991542642
14.733333333333333 0.37111925958662434 0.0007650208138539338
14.766666666666667 0.4895127047896886 0.0008008676331948683
14.8 0.5936864122754005 0.0008212026975004116
14.833333333333334 0.6856698636936004 0.0008317853064592207
14.866666666666667 0.7617967211763843 0.0008376621162154985
14.9 0.8166435228039738 0.0008381853509379367
14.933333333333334 0.8536285845325325 0.0008374074419448263
14.966666666666667 0.87021661608449 0.000838380297554675
15.0 0.865331981226147 0.0008385638029010378
15.033333333333333 0.8416697543492653 0.0008383129897370223
15.066666666666666 0.7949255954767169 0.000837611338053601
15.1 0.7267248174489365 0.0008385247825712927
15.133333333333333 0.6410180089510135 0.0008283621096293325
15.166666666666666 0.5382987635573553 0.000812403118673255
15.2 0.42052602037265535 0.0007800885755507858
15.233333333333333 0.29165811303628675 0.0007369067268083174
15.266666666666667 0.15576048120174552 0.000672821464820561
15.3 0.016162420169354628 0.0005987189881468818
15.333333333333334 -0.1235947889155359 0.0006587556398668232
15.366666666666667 -0.2589113626802405 0.0007188281527147344
15.4 -0.3881768751239921 0.0007653971121482361
15.433333333333334 -0.5060457380675842 0.000797082138971339
15.466666666666667 -0.611197104811089 0.0008154009168858112
15.5 -0.7002545252249451 0.000823538386829914
15.533333333333333 -0.7757313535604353 0.0008257796843583742
15.566666666666666 -0.8304831642136664 0.0008238479823838851
15.6 -0.8664268204179785 0.0008226458534099645
15.633333333333333 -0.8812219157010509 0.0008210080075325976
15.666666666666666 -0.8732465950485706 0.0008234135734797032
15.7 -0.8437880616299185 0.0008265428159776045
15.733333333333333 -0.7945732564613889 0.000828219887904047
15.766666666666667 -0.7208647059070094 0.000825181790681917
15.8 -0.6323072009008527 0.0008182469312959517
15.833333333333334 -0.528153791489343 0.000805798022803228
15.866666666666667 -0.40716347767740996 0.0007729404230886749
15.9 -0.2757627253128098 0.0007265150680969557
15.933333333333334 -0.14053060967778142 0.0006658404034060872
15.966666666666667 -0.0012873550941971837 0.0005889573144167346
16.0 0.13791905962518602 0.0006671537530300864
16.033333333333335 0.27004931496714984 0.000728181317105836
16.066666666666666 0.3964671012649126 0.0007709365035670213
16.1 0.5044138141417478 0.0008033557134543567
16.133333333333333 0.6105387877206108 0.000824234464145035
16.166666666666668 0.6952043819799304 0.000831015227107712
16.2 0.7642649068519942 0.0008369204595486401
16.233333333333334 0.8134658485084526 0.0008380803357049826
16.266666666666666 0.8458163721527978 0.000836732307832655
16.3 0.856460545718007 0.0008352898960918287
16.333333333333332 0.847246962939257 0.0008373734811635281
16.366666666666667 0.8167375821823538 0.0008387362954773714
16.4 0.7650219669311167 0.0008401902733573552
16.433333333333334 0.6934056692865544 0.0008343480278896198
16.466666666666665 0.6059484100907875 0.0008258272777875719
16.5 0.4990571092533451 0.0008050905611999282
16.533333333333335 0.3831720520847594 0.0007725398574010001
16.566666666666666 0.2536517325283678 0.000722363501824308
16.6 0.11556257956256268 0.000653171387305071
16.633333333333333 -0.020699892761072286 0.0006013299116973403
16.666666666666668 -0.15871348674374555 0.000673601438802518
16.7 -0.28957196444844757 0.000729973134870554
16.733333333333334 -0.4149817732689994 0.0007752821426905143
16.766666666666666 -0.5256140740998894 0.0007985860082522223
16.8 -0.6272804744701783 0.000814697250843821
16.833333333333332 -0.7122410818810815 0.000823238561504791
16.866666666666667 -0.7807471423550656 0.0008225724520513067
16.9 -0.8296160962822751 0.0008229378451644065
16.933333333333334 -0.8587004686262392 0.0008230898867894743
16.966666666666665 -0.8670139113759587 0.0008240452870269532
17.0 -0.8535283393838087 0.0008225549178499936
17.033333333333335 -0.818784246429705 0.0008246930670577912
17.066666666666666 -0.7628993999678809 0.0008246005697937209
17.1 -0.6872563776694227 0.0008236658563354204
17.133333333333333 -0.5932981224166572 0.0008150307607556195
17.166666666666668 -0.4851325510370674 0.0007940936459917003
17.2 -0.360214840492276 0.0007596237797939942
17.233333333333334 -0.23301148275693445 0.000710137526449689
17.266666666666666 -0.09801264560320491 0.000644233440158723
17.3 0.03729836430224741 0.0006104892177008353
17.333333333333332 0.16977215070770688 0.0006810255951170407
17.366666666666667 0.3058824847998299 0.0007422484790920447
17.4 0.42403659070799726 0.0007812437089411151
17.433333333333334 0.5317451504042013 0.0008087747112538457
17.466666666666665 0.6263747282010983 0.0008240403537722596
17.5 0.7070323007511878 0.0008330140915661088
17.533333333333335 0.7684722687868362 0.0008350569880027914
17.566666666666666 0.812124399864815 0.0008367363473510414
17.6 0.837131213570597 0.0008319447694900006
17.633333333333333 0.8424304071601483 0.0008357247098730314
17.666666666666668 0.8265011054616125 0.0008349073531440654
17.7 0.7887398980005297 0.0008348597686896886
17.733333333333334 0.7327067323252264 0.0008349869613334393
17.766666666666666 0.6575111351075001 0.0008291944914411431
17.8 0.5629587303486543 0.0008163514641676972
17.833333333333332 0.4539638149282832 0.0007917278564730235
17.866666666666667 0.3370329901514158 0.0007524792825821525
17.9 0.20580771802006115 0.0006980694328466708
17.933333333333334 0.06908045954282617 0.0006296408725798008
17.966666666666665 -0.06337266203005261 0.0006257182465521094
18.0 -0.19936257744639263 0.0006921015837182409
18.033333333333335 -0.32582393227344647 0.0007436674503639162
18.066666666666666 -0.4449300939276927 0.0007818886982280948
18.1 -0.5510199212121649 0.0008049008492894139
18.133333333333333 -0.6454151631072371 0.0008180228804204326
18.166666666666668 -0.7222655707150677 0.0008231726135352613
18.2 -0.7829799147723319 0.0008224962544731707
18.233333333333334 -0.825625504417706 0.0008247492045535543
18.266666666666666 -0.8466126157994354 0.0008247162563845833
18.3 -0.847985795878512 0.0008237651300161408
18.333333333333332 -0.8284328837066003 0.0008233237099687374
18.366666666666667 -0.7870893854646311 0.0008238576467817227
18.4 -0.7272806834556008 0.0008244850498427825
18.433333333333334 -0.6445933811772412 0.0008196252868154508
18.466666666666665 -0.5454740216887438 0.0008050199175151374
18.5 -0.4361585738558623 0.0007796648539245554
18.533333333333335 -0.31200942210962185 0.0007407138108075362
18.566666666666666 -0.18039953921795324 0.0006849504119354199
18.6 -0.04793413116366396 0.0006158874081856128
18.633333333333333 0.08472969020036598 0.0006360580235834773
18.666666666666668 0.21839675054643815 0.0007024433378614858
18.7 0.3428089075180939 0.0007572200341388058
18.733333333333334 0.45539030997264734 0.000790945731940329
18.766666666666666 0.5555793602041952 0.0008139735544873128
18.8 0.644742195380514 0.0008290479606442025
18.833333333333332 0.7171586872714396 0.0008361270218490979
18.866666666666667 0.7700112544126049 0.0008401547440917145
18.9 0.8080445281235117 0.0008389726016049259
18.933333333333334 0.8239474809344789 0.0008394592601982387
18.966666666666665 0.8211257527691611 0.000840017839394136
19.0 0.7987301164901058 0.0008394676103270493
19.033333333333335 0.7562807571316119 0.0008392459845093514
19.066666666666666 0.6910286477067755 0.0008343757242937899
19.1 0.6111620678344277 0.0008262910758916053
19.133333333333333 0.5115948098935917 0.0008076074921687937
19.166666666666668 0.40143087721100623 0.000776470253000594
19.2 0.27727839040479385 0.0007307971771856048
19.233333333333334 0.14864174614434666 0.0006730232861564822
19.266666666666666 0.01772985427698462 0.0006002054153678403
19.3 -0.1165814291417314 0.0006519907416775855
19.333333333333332 -0.245446638244665 0.0007122161460020038
19.366666666666667 -0.36835488746310324 0.0007575993050408791
19.4 -0.4835598365732847 0.0007895046433785691
19.433333333333334 -0.5839735333050967 0.0008105434993814775
19.466666666666665 -0.6699230018690139 0.0008214070643557392
19.5 -0.7380039841916988 0.0008250275955871134
19.533333333333335 -0.7905046473788561 0.0008262132239660325
19.566666666666666 -0.823564541205448 0.000825153026943859
19.6 -0.8353248953889897 0.000825181166596245
19.633333333333333 -0.8277515893097045 0.0008260491368784484
19.666666666666668 -0.79886459999336 0.0008290095453733493
19.7 -0.7496346547718427 0.0008297875561626977
19.733333333333334 -0.6796775485099608 0.0008262576217651363
19.766666666666666 -0.5914914321246628 0.0008170310333619479
19.8 -0.48995409976983617 0.0007976312883309911
19.833333333333332 -0.3741875043861557 0.0007639311529634152
19.866666666666667 -0.24984903078805287 0.0007184298086873597
19.9 -0.12013778497782462 0.0006570531835927845
19.933333333333334 0.009624935734718188 0.0005970139365462264
19.966666666666665 0.14222039868683536 0.0006673415580243092
20.0 0.2690794386692858 0.0007254267548530424
20.033333333333335 0.38752150131268204 0.0007694547642451699
20.066666666666666 0.4960201050908964 0.0008001513659259829
20.1 0.5890922543237336 0.0008202017655107863
20.133333333333333 0.6716637972749527 0.0008305541763343749
20.166666666666668 0.7339419786487966 0.0008349375517434643
20.2 0.7786109045048949 0.0008377183843656377
20.233333333333334 0.8064329975463684 0.0008369794705455069
20.266666666666666 0.8142090781881576 0.0008375026916181971
20.3 0.8022106875794179 0.0008376280994496499
20.333333333333332 0.7692038573979804 0.0008378327641441752
20.366666666666667 0.7159927076660755 0.000836026242147403
20.4 0.6435571673487013 0.0008344468645605785
20.433333333333334 0.5558684885824848 0.0008191474959653444
20.466666666666665 0.45069254321618457 0.0007937986719819268
20.5 0.3386194358432927 0.0007553522703732662
20.533333333333335 0.21433733616481965 0.0007064556814641021
20.566666666666666 0.08392652918824879 0.0006401226358287715
20.6 -0.045027044715946804 0.0006191811014774132
20.633333333333333 -0.17312664148495 0.0006818677976990484
20.666666666666668 -0.300249408562917 0.0007350946242542511
20.7 -0.4176979202861238 0.0007741202151605453
20.733333333333334 -0.5203825872284304 0.0007991069496696701
20.766666666666666 -0.6169491526573382 0.0008155906606059915
20.8 -0.6950993025296858 0.0008221897222752128
20.833333333333332 -0.7551416084693611 0.0008242987698136028
20.866666666666667 -0.7969951787916236 0.0008251055161465626
20.9 -0.8202568997978301 0.0008252463098503693
20.933333333333334 -0.8227899690048514 0.0008241959237512697
20.966666666666665 -0.8040372591804253 0.0008265018619075803
21.0 -0.7650746383886453 0.0008270533476421038
21.033333333333335 -0.7037260635522959 0.0008251246141188773
21.066666666666666 -0.6283330462408991 0.0008179276297136662
21.1 -0.5335427537430649 0.0008055023490648461
21.133333333333333 -0.4262755500494052 0.0007791438665591954
21.166666666666668 -0.3072201692777536 0.0007425469261764794
21.2 -0.18044945922281472 0.0006885518139219116
21.233333333333334 -0.05241316366152556 0.0006213757981397214
21.266666666666666 0.07353222878380677 0.0006337602161923805
21.3 0.2013617632169382 0.0006992019871660538
21.333333333333332 0.321985680215019 0.0007513544886058598
21.366666666666667 0.43643478635237887 0.0007854117283513373
21.4 0.5366749620907153 0.0008126592058588233
21.433333333333334 0.6207125063899909 0.0008251165769282975
21.466666666666665 0.6952806354958488 0.0008327745349470117
21.5 0.7486897726512298 0.0008351624198613683
21.533333333333335 0.7845853516360624 0.0008374416425411813
21.566666666666666 0.8010539652191825 0.0008361943954962037
21.6 0.798247893464114 0.0008353393159812317
21.633333333333333 0.7760344400929489 0.0008346382490918014
21.666666666666668 0.7346307045318811 0.0008352086670453396
21.7 0.6695125395880894 0.0008317501868231325
21.733333333333334 0.5897452132003929 0.0008216682467547809
21.766666666666666 0.4954726659531762 0.0008011473956981985
21.8 0.3875057638740825 0.000771896353496504
21.833333333333332 0.2684676921631128 0.0007305318983185094
21.866666666666667 0.14744410793774662 0.0006758208324303683
21.9 0.01500699533222157 0.000602216554886327
21.933333333333334 -0.11262103818162249 0.000653631556911366
21.966666666666665 -0.2380754962181133 0.0007130843739815984
22.0 -0.35729116067976946 0.0007583502460589697
22.033333333333335 -0.4668105505143772 0.0007897682436366904
22.066666666666666 -0.5664983815101758 0.0008088851145549025
22.1 -0.6488404535028408 0.0008196926668736504
22.133333333333333 -0.7166115451383878 0.0008247474502077745
22.166666666666668 -0.7671112759810058 0.0008256165149232997
22.2 -0.7980254645510451 0.0008266888108039439
22.233333333333334 -0.8105667788552107 0.0008256043336914987
22.266666666666666 -0.8027418331015234 0.0008252127860635117
22.3 -0.7736263761849714 0.000826229679659396
22.333333333333332 -0.7242086037514086 0.0008245161755565666
22.366666666666667 -0.6546626309376224 0.0008212525631273726
22.4 -0.5669131740035586 0.0008075367144302348
22.433333333333334 -0.4685037748066474 0.0007862413971871374
22.466666666666665 -0.35737540634585657 0.0007567022762884346
22.5 -0.23386389592564177 0.0007085999624398265
22.533333333333335 -0.1087929878688202 0.0006512814214810897
22.566666666666666 0.017442548957338284 0.000601986319513196
22.6 0.14528094269765154 0.0006687358137923427
22.633333333333333 0.2646796536903286 0.0007276797302634419
22.666666666666668 0.38165905748825707 0.0007716365023526239
22.7 0.48632481155964985 0.0007999159307767734
22.733333333333334 0.5777604728915839 0.0008214494835545594
22.766666666666666 0.6539719039576587 0.0008297237195888929
22.8 0.7144222469334014 0.0008357144403687844
22.833333333333332 0.7580396784327851 0.0008373628730817817
22.866666666666667 0.7818501724159721 0.000841063200817338
22.9 0.7882603878374462 0.0008385729256630281
22.933333333333334 0.7726014395396217 0.0008384507248089257
22.966666666666665 0.7416991643393409 0.0008356899259662764
23.0 0.689034413223573 0.0008328489187637844
23.033333333333335 0.6164419395097417 0.0008254279768411532
23.066666666666666 0.5294991809790585 0.0008081581431514939
23.1 0.4264923891126026 0.000779883735789022
23.133333333333333 0.31218179249488653 0.000740517943657204
23.166666666666668 0.19166072667805506 0.0006888458346051285
23.2 0.06771386355084441 0.0006261483111867638
23.233333333333334 -0.05965303794160777 0.0006220880154210115
23.266666666666666 -0.18282227681179067 0.0006842875667710524
23.3 -0.3030437789013603 0.0007337868751953747
23.333333333333332 -0.4169212137278974 0.0007747343811164153
23.366666666666667 -0.515198805210989 0.0007984258721863702
23.4 -0.6061050437913589 0.0008107318657450957
23.433333333333334 -0.6798769197246504 0.0008216366833416755
23.466666666666665 -0.7356585630991319 0.0008263236411958363
23.5 -0.7735841255681433 0.0008243188357577313
23.533333333333335 -0.7936414799618959 0.0008261960046536121
23.566666666666666 -0.793665879598035 0.0008267306156227727
23.6 -0.7740098093220928 0.0008257380670230186
23.633333333333333 -0.7330178834953545 0.0008244177691942856
23.666666666666668 -0.6754580302792518 0.000821104091601299
23.7 -0.5968702239261262 0.0008129425478644592
23.733333333333334 -0.5030238409641938 0.0007932202455199766
23.766666666666666 -0.39799305743686125 0.0007687038604023422
23.8 -0.2795946067047463 0.0007264674451478159
23.833333333333332 -0.15759308382225515 0.0006725844561266681
23.866666666666667 -0.03065979481184735 0.0006068505655208306
23.9 0.09504232517565031 0.0006401371171934206
23.933333333333334 0.21361914029868248 0.0007021547826962238
23.966666666666665 0.330111425361154 0.0007477169449491838
24.0 0.43822407169097866 0.0007828477845737147
24.033333333333335 0.5323169057444561 0.0008078350067720619
24.066666666666666 0.6126313745357954 0.0008219585582942557
24.1 0.6789243360674342 0.0008304836624278833
24.133333333333333 0.7299284843394291 0.0008354767545206698
24.166666666666668 0.7602841961845921 0.0008374210770973889
24.2 0.7738361850739434 0.0008391522466946189
24.233333333333334 0.7666513795206078 0.0008394582876614098
24.266666666666666 0.7414842771690224 0.0008390929625049504
24.3 0.6978018665091569 0.0008336631894843016
24.333333333333332 0.6331641645468564 0.0008243111198616981
24.366666666666667 0.5551358343368837 0.000814831442477626
24.4 0.45759793777228824 0.0007934470418440864
24.433333333333334 0.3520683390019833 0.0007614414585708773
24.466666666666665 0.23554342272149034 0.0007135984510033555
24.5 0.1134882471024193 0.0006517289703740353
24.533333333333335 -0.013623279020765124 0.0005961803697944312
24.566666666666666 -0.13622660728722846 0.0006615812028072932
24.6 -0.2560427566962807 0.0007177487672073712
24.633333333333333 -0.37088250474407486 0.0007595768348779286
24.666666666666668 -0.47271833695242316 0.0007900954457245035
24.7 -0.5679423523672923 0.0008086503260180677
24.733333333333334 -0.6436164903718282 0.0008167046713990489
24.766666666666666 -0.7038121133790225 0.0008222634970947995
24.8 -0.7493093142725079 0.0008252374886135172
24.833333333333332 -0.7756942262929565 0.0008253167473741829
24.866666666666667 -0.7817206884207794 0.0008267922355554846
24.9 -0.7698456548034806 0.0008254942509344776
24.933333333333334 -0.7378448666233052 0.0008252430969898361
24.966666666666665 -0.68611206124621 0.0008237217284584597
25.0 -0.615113624558797 0.0008173236711473963
25.033333333333335 -0.5297434358884245 0.0008017015019158302
25.066666666666666 -0.42834500467433156 0.0007762351225052977
25.1 -0.31843444834187073 0.0007435263709729689
25.133333333333333 -0.19789108475266312 0.000691319814468655
25.166666666666668 -0.073938174443877 0.0006292679886949759
25.2 0.04983352465126332 0.0006187781520268498
25.233333333333334 0.17233341887312872 0.000681958212314121
25.266666666666666 0.2877300338718741 0.0007330399333280169
25.3 0.3979788447463407 0.0007718918160381505
25.333333333333332 0.4948350937449965 0.0008005425394950749
25.366666666666667 0.5766779186125127 0.0008197090249878469
25.4 0.6530905869956005 0.0008282261146052017
25.433333333333334 0.704715732425894 0.0008337815020478256
25.466666666666665 0.7410875416799877 0.000836205532757428
25.5 0.7600212845345637 0.0008378098267213252
25.533333333333335 0.759882942573476 0.0008367524609714794
25.566666666666666 0.7415875709846576 0.0008365327021349067
25.6 0.7044717693624494 0.0008335821290788026
25.633333333333333 0.6469627065852097 0.0008296992049630081
25.666666666666668 0.5730879216440616 0.0008199812779350335
25.7 0.4823695983897152 0.0007995994981169763
25.733333333333334 0.38095407512894053 0.0007721631048476785
25.766666666666666 0.2701457783529719 0.0007278553534531551
25.8 0.1478512152994824 0.0006704992034172186
25.833333333333332 0.027392926398387345 0.0006056220273716675
25.866666666666667 -0.0945331218339828 0.0006419062570768436
25.9 -0.2155618204954762 0.0006984313009420762
25.933333333333334 -0.32692094348294903 0.0007427925537519253
25.966666666666665 -0.43359826824763154 0.0007795084263262364
26.0 -0.5279858656682141 0.000801130518164439
26.033333333333335 -0.6125239839021587 0.0008125596344851216
26.066666666666666 -0.6783197169851709 0.0008192602060125287
26.1 -0.7282669732366595 0.0008230457487099496
26.133333333333333 -0.7591545599162569 0.0008234206380784981
26.166666666666668 -0.7715233612741921 0.0008239124499606065
26.2 -0.7640803916298147 0.0008238744480064675
26.233333333333334 -0.7380804877807042 0.0008248160973596264
26.266666666666666 -0.6932598855306975 0.0008239896688607695
26.3 -0.62786284561541 0.0008201037674379075
26.333333333333332 -0.547392917668196 0.0008061834756694086
26.366666666666667 -0.45066956415246034 0.0007850793914816467
26.4 -0.3435954238480325 0.0007532563546230331
26.433333333333334 -0.23085511559119543 0.0007089454232450387
26.466666666666665 -0.10651440446743037 0.0006477880080552612
26.5 0.01216294436170909 0.0005992328808716082
26.533333333333335 0.13262114788084656 0.0006621947162217534
26.566666666666666 0.25059629305911624 0.0007179113235291079
26.6 0.35943058786551074 0.0007581667035692075
26.633333333333333 0.4578045613706193 0.0007883715221265186
26.666666666666668 0.548144487618291 0.0008106733696650048
26.7 0.6208535381692183 0.0008241173870114915
26.733333333333334 0.6806152125460037 0.0008314700501151906
26.766666666666666 0.72227461186369 0.0008332397887114151
26.8 0.7437987360391077 0.0008356318216982128
26.833333333333332 0.749443597859415 0.0008363166004656808
26.866666666666667 0.7352958851471268 0.0008361212596946777
26.9 0.7040359164953611 0.0008335723097203651
26.933333333333334 0.6535866447341941 0.0008300006465645771
26.966666666666665 0.5852421914485305 0.0008204992982564496
27.0 0.5014671504763153 0.0008034394479030649
27.033333333333335 0.40146936705434777 0.0007749201860838273
27.066666666666666 0.29441653980355265 0.000739159775441256
27.1 0.17892415649714985 0.0006868018552717847
27.133333333333333 0.059284666906589824 0.0006269338818710724
27.166666666666668 -0.06317321850946085 0.0006241038918151642
27.2 -0.18098693012835484 0.0006851091800110509
27.233333333333334 -0.2941882518287837 0.0007334899596497801
27.266666666666666 -0.40082141390000287 0.0007709420420792812
27.3 -0.49730887838783916 0.0007959049329068768
27.333333333333332 -0.5824303280558283 0.0008095989368390732
27.366666666666667 -0.6512778100150842 0.0008200237476083672
27.4 -0.7058369019782612 0.0008207579944971011
27.433333333333334 -0.741047926110066 0.0008234015556840557
27.466666666666665 -0.7575755250279376 0.0008242101254034573
27.5 -0.7552453264983792 0.0008246019812574445
27.533333333333335 -0.7338689024377155 0.0008241421423408335
27.566666666666666 -0.6938051047945368 0.0008229647808772889
27.6 -0.6353539435662479 0.0008168729247572948
27.633333333333333 -0.5620298971909199 0.0008068128563503141
27.666666666666668 -0.468702833760477 0.00078793771017871
27.7 -0.36472966919612765 0.0007580278657893791
27.733333333333334 -0.25604207439094306 0.0007185446802652207
27.766666666666666 -0.1379033905133146 0.0006645970300394322
27.8 -0.015317888513221764 0.0005986711990034772
27.833333333333332 0.10090953357528461 0.0006464525531303944
27.866666666666667 0.21794605477482604 0.0007050023106325298
27.9 0.32597145278839335 0.0007482709907337681
27.933333333333334 0.42965420404363164 0.0007833611836292609
27.966666666666665 0.5186357315310272 0.0008061479977613528
28.0 0.5938554070450054 0.0008218048943365863
28.033333333333335 0.6570931087080067 0.0008297412636432133
28.066666666666666 0.7019387341191687 0.0008338722974995383
28.1 0.7286841984710425 0.0008353308151116678
28.133333333333333 0.7373391848891505 0.0008354413725469856
28.166666666666668 0.7288755390691407 0.0008341085168978024
28.2 0.7023141895936141 0.0008331665671861277
28.233333333333334 0.6571313163190448 0.0008293608018622445
28.266666666666666 0.5937848210216904 0.0008202692707354187
28.3 0.5157303616468933 0.0008031716287089097
28.333333333333332 0.4217148872893151 0.0007808503272962453
28.366666666666667 0.317200942306825 0.0007443745554360226
28.4 0.20210051664204254 0.0006978502726418812
28.433333333333334 0.08442305533677873 0.0006381760021122868
28.466666666666665 -0.03233925659796287 0.0006068706157984008
28.5 -0.14921552430316268 0.0006702666273910307
28.533333333333335 -0.26480190220393834 0.0007205079869805897
28.566666666666666 -0.3736516751608858 0.0007598443296523705
28.6 -0.47161334240759667 0.0007863559950933019
28.633333333333333 -0.5563990857554397 0.0008054165002376878
28.666666666666668 -0.6283908565596025 0.0008145814147432207
28.7 -0.6846531058031867 0.0008214749679124056
28.733333333333334 -0.7240829701124032 0.0008235809085492818
28.766666666666666 -0.7456500512474675 0.000825119403963237
28.8 -0.7471663578504264 0.000825304149282502
28.833333333333332 -0.7299565920888719 0.0008241279503318211
28.866666666666667 -0.6938199029482779 0.0008224131623620901
28.9 -0.6410247071982247 0.0008182617628531563
28.933333333333334 -0.5700496781759753 0.0008090739392456747
28.966666666666665 -0.4846704132179011 0.0007920576838868487
29.0 -0.38318853427225236 0.0007642224853416368
29.033333333333335 -0.2760855500586291 0.0007260206422383675
29.066666666666666 -0.15916483700275913 0.0006739519323732956
29.1 -0.040004307588226685 0.0006117022724861643
29.133333333333333 0.07792111451226719 0.0006328452284486141
29.166666666666668 0.19238039336170829 0.0006923717644998217
29.2 0.3026447635681327 0.0007382532674958253
29.233333333333334 0.40098851052912027 0.0007757294160650741
29.266666666666666 0.4938624677797006 0.0008003501030733884
29.3 0.5719057379690137 0.0008180409708823388
29.333333333333332 0.6356252051235204 0.0008271913887530902
29.366666666666667 0.6852390174881288 0.0008333295238481808
29.4 0.7143186826961664 0.0008342403769112661
29.433333333333334 0.7279016423367136 0.0008358630018092672
29.466666666666665 0.722837893240652 0.0008347567864777083
29.5 0.6990594639388829 0.000833972609782685
29.533333333333335 0.6577995283205037 0.0008306797426411716
29.566666666666666 0.5999432160760365 0.000822158528867245
29.6 0.5235191527886586 0.0008093949973843051
29.633333333333333 0.43557147832406895 0.0007879228968790675
29.666666666666668 0.3348655259038348 0.0007484831715632856
29.7 0.22254142302864197 0.000706642167753152
29.733333333333334 0.10641167122513935 0.0006504207099836956
29.766666666666666 -0.011793367745800457 0.0005958834190431615
29.8 -0.1267533815196125 0.0006580606459950233
29.833333333333332 -0.24378950360858054 0.0007104082300326275
29.866666666666667 -0.3491725448011219 0.0007504166245603239
29.9 -0.4475837692110494 0.0007805143597041098
29.933333333333334 -0.5325563204708865 0.0008008451893996016
29.966666666666665 -0.6060779921994089 0.0008117425018508984
30.0 -0.6660147701424634 0.0008184383541059992
30.033333333333335 -0.7062965993694597 0.0008224002598375968
30.066666666666666 -0.7313272246454007 0.0008247569037118652
30.1 -0.7359355527295178 0.0008250184824589724
30.133333333333333 -0.7233033089406946 0.0008239398004593612
30.166666666666668 -0.6905709853244244 0.0008246462760946871
30.2 -0.6407941273233514 0.0008213857207834963
30.233333333333334 -0.5728239458970747 0.0008097086379577068
30.266666666666666 -0.4908899668341973 0.0007930149243174367
30.3 -0.39676953049906355 0.0007709717396051641
30.333333333333332 -0.2889272503423761 0.000733151028671164
30.366666666666667 -0.17326472501390014 0.0006829884243430839
30.4 -0.060044823851173684 0.0006249666438867887
30.433333333333334 0.05798301240041845 0.0006233726096989967
30.466666666666665 0.17168298371653143 0.0006825575692777364
30.5 0.2801435381440087 0.0007305606959816524
30.533333333333335 0.3852188514076051 0.0007691760104249767
30.566666666666666 0.47534211077645994 0.0007933431074981234
30.6 0.5542488890530753 0.0008091481304994819
30.633333333333333 0.6178629959996701 0.0008224221053823033
30.666666666666668 0.6687988431877082 0.0008276395180385476
30.7 0.7018487170497627 0.0008305060184201629
30.733333333333334 0.7166556616328308 0.0008325689926302893
30.766666666666666 0.7131475481924948 0.0008333820021600991
30.8 0.6930133062840139 0.0008328738909703093
30.833333333333332 0.655457474381435 0.0008300045739184636
30.866666666666667 0.5976342558820356 0.0008225232782096414
30.9 0.5260655756232409 0.0008085055305647737
30.933333333333334 0.4422838760782331 0.0007893472805997614
30.966666666666665 0.34413605034385786 0.0007552902984043763
31.0 0.2350958637358454 0.0007135888369353416
31.033333333333335 0.12088395873591164 0.0006587945310355947
31.066666666666666 0.008172101578522613 0.0005942680646361075
31.1 -0.10902048416865995 0.0006485982139188551
31.133333333333333 -0.2220934083815711 0.0007018984350235513
31.166666666666668 -0.3299013508087797 0.0007447475285938809
31.2 -0.42721142379066535 0.0007754745132009799
31.233333333333334 -0.5155332394393778 0.0007984894437693679
31.266666666666666 -0.5899948082276125 0.0008102224369317401
31.3 -0.6477896980218221 0.0008158793553530996
31.333333333333332 -0.6930325626189384 0.0008209204790347036
31.366666666666667 -0.718455171067074 0.0008225107585163594
31.4 -0.7257809714496762 0.00082380630337342
31.433333333333334 -0.7151741858427573 0.0008230965638120757
31.466666666666665 -0.6859851431423776 0.0008211026359414841
31.5 -0.63816461536867 0.0008190076055722972
31.533333333333335 -0.5717464011284786 0.0008093679239140616
31.566666666666666 -0.49389927858380045 0.0007939353190938303
31.6 -0.40248217857179014 0.0007693389217987567
31.633333333333333 -0.2981969213575548 0.0007350860697339923
31.666666666666668 -0.18767154625419408 0.000688359192415805
31.7 -0.070526990874055 0.0006317596230234757
31.733333333333334 0.04452405187922598 0.0006165285929458988
31.766666666666666 0.15542860411220213 0.0006753802519167407
31.8 0.26618960663169683 0.0007252153847941423
31.833333333333332 0.3638865563425296 0.0007620012029788681
31.866666666666667 0.45748888777423397 0.0007899974215100358
31.9 0.5372116243987884 0.0008099614557893764
31.933333333333334 0.602039628926431 0.0008224170019878185
31.966666666666665 0.652290558210419 0.0008280428927196493
32.0 0.6849567561922069 0.000831993545334031
32.03333333333333 0.7040550443460326 0.0008326402199697602
32.06666666666667 0.7034571229970049 0.0008321133163715633
32.1 0.6843757467380233 0.0008308913355554726
32.13333333333333 0.6473512816919886 0.0008277111487460243
32.166666666666664 0.5967532440216331 0.0008203329055055386
32.2 0.5267806764961024 0.0008077855614642138
32.233333333333334 0.4440971230136515 0.0007875484027375368
32.266666666666666 0.34852649156392823 0.0007601211784419859
32.3 0.2442584006778738 0.0007179497202629004
32.333333333333336 0.12986421108924293 0.0006631829330149275
32.36666666666667 0.015536754662603063 0.0005998405073379502
32.4 -0.09860857229103966 0.0006453345888527695
32.43333333333333 -0.21057848117240055 0.0006989960055379385
32.46666666666667 -0.31524284012736675 0.000740891480400907
32.5 -0.41343146065542546 0.0007742880561653065
32.53333333333333 -0.49805822273795236 0.0007932639091887128
32.56666666666667 -0.5726740957214274 0.0008092473046970028
32.6 -0.6336677724675107 0.0008170223513087604
32.63333333333333 -0.6771396442993394 0.0008218439462450711
32.666666666666664 -0.7047389056405478 0.0008230338619845678
32.7 -0.7137969965903894 0.0008247723605520063
32.733333333333334 -0.7048004894446775 0.000824459955248158
32.766666666666666 -0.6782293649371782 0.0008218903673016253
32.8 -0.6335497297182058 0.0008174835737241315
32.833333333333336 -0.569775382077912 0.0008090931805215806
32.86666666666667 -0.49273306663439803 0.0007941979173379798
32.9 -0.40529349458898545 0.0007679786547349354
32.93333333333333 -0.30335831634370863 0.0007354717596975702
32.96666666666667 -0.19582833417240614 0.0006921759814174921
33.0 -0.0824541414407827 0.000635299798280517
33.03333333333333 0.03290404971451896 0.00060692412827653
33.06666666666667 0.14509706398234987 0.0006691550530507073
33.1 0.25483030859202854 0.0007182596351485993
33.13333333333333 0.3547659593328658 0.0007585337512602819
33.166666666666664 0.4443322550683004 0.0007872984360001722
33.2 0.5218769294545352 0.0008064910720511076
33.233333333333334 0.5878784236509771 0.0008202366843887976
33.266666666666666 0.6399357091721796 0.000826213430283329
33.3 0.6751966187015535 0.000830265168818678
33.333333333333336 0.6942165100847777 0.000833025921115671
33.36666666666667 0.6941082879956161 0.0008327201562579045
33.4 0.6773167026076758 0.0008303574315704498
33.43333333333333 0.6421619454638011 0.0008270226812356896
33.46666666666667 0.5919802540955695 0.0008208243510893221
33.5 0.5257835157270176 0.00080828101599284
33.53333333333333 0.4433312123869842 0.0007868060670382371
33.56666666666667 0.34907951294593753 0.000759623077569771
33.6 0.24682452768847057 0.0007162287244315835
33.63333333333333 0.13936254155125244 0.0006655704969722454
33.666666666666664 0.023382129401123195 0.0006012166432913801
33.7 -0.092274889524042 0.0006399250504243309
33.733333333333334 -0.1991183437773194 0.0006945809424908911
33.766666666666666 -0.30379651484048886 0.0007363677063286223
33.8 -0.40089359510690703 0.0007685287218385239
33.833333333333336 -0.4872898210701056 0.0007918532501154374
33.86666666666667 -0.5600720832508804 0.0008078356623552052
33.9 -0.6183945862438195 0.0008164001290508205
33.93333333333333 -0.6660489215325862 0.0008200489708006797
33.96666666666667 -0.694365270266473 0.000822600859274436
34.0 -0.7034173853708376 0.00082213227136263
34.03333333333333 -0.6960123106557558 0.0008210228291234412
34.06666666666667 -0.6699594538701509 0.0008187338168784697
34.1 -0.6263981481878236 0.0008125035117505508
34.13333333333333 -0.5658970185654267 0.0008054150432027507
34.166666666666664 -0.4912756981457615 0.0007930823351811611
34.2 -0.4049547303562447 0.0007683105003897794
34.233333333333334 -0.30405954760047355 0.0007359333623065956
34.266666666666666 -0.19911363261320006 0.00069172950106694
34.3 -0.08611234052566337 0.0006377035891964034
34.333333333333336 0.02676185117543891 0.0006058033248534621
34.36666666666667 0.13841942804019824 0.0006666446785256186
34.4 0.24408040543706022 0.0007176943050828943
34.43333333333333 0.3427732420029713 0.0007553698345242332
34.46666666666667 0.4354470222155974 0.000786569254470737
34.5 0.512631462684446 0.0008067478093314318
34.53333333333333 0.5775085064649103 0.0008184182778054883
34.56666666666667 0.6274392749144319 0.0008241022665357312
34.6 0.6644337723988601 0.0008290582828472948
34.63333333333333 0.6840993487733175 0.0008319854703028318
34.666666666666664 0.6846059113804597 0.0008316631078263415
34.7 0.6704250835832488 0.0008255006369545237
34.733333333333334 0.6361190203667205 0.0008257364015805679
34.766666666666666 0.5873418261524913 0.0008166125787012479
34.8 0.5201439152109927 0.0008020422123951043
34.833333333333336 0.44058345513423297 0.0007856073110235617
34.86666666666667 0.35017148640169854 0.0007551799213971755
34.9 0.24856376533596783 0.0007154643323090959
34.93333333333333 0.14130413151148424 0.0006670817822752584
34.96666666666667 0.030567023965509456 0.0006067872053007427
35.0 -0.08387878828735622 0.000634548286421982
35.03333333333333 -0.19302384766452751 0.0006901965683820677
35.06666666666667 -0.29626234274016816 0.000732269415978315
35.1 -0.393077484981932 0.000766639529324098
35.13333333333333 -0.4786850556242736 0.0007912088959222685
35.166666666666664 -0.5507229559332102 0.000804799865499195
35.2 -0.6108643621976338 0.0008168580873015863
35.233333333333334 -0.6563400290101119 0.0008199224608516076
35.266666666666666 -0.6846040679770253 0.0008225629805957979
35.3 -0.69467116694353 0.0008231953160096062
35.333333333333336 -0.6879344650302011 0.000821354022471743
35.36666666666667 -0.6628582135573224 0.0008201694437626195
35.4 -0.6205393755743286 0.0008152275755309857
35.43333333333333 -0.563853030413967 0.0008085698569184618
35.46666666666667 -0.487700099810535 0.0007924765833777769
35.5 -0.401564117858122 0.0007688512612528675
35.53333333333333 -0.3042590127641906 0.000735325832516287
35.56666666666667 -0.20018181188503306 0.0006908305866275277
35.6 -0.09013324207289729 0.0006371897783457731
35.63333333333333 0.020076869106442248 0.0006000051621330507
35.666666666666664 0.13001469349361378 0.0006591836175786348
35.7 0.23723026654426355 0.0007098041954471113
35.733333333333334 0.3344590457753128 0.0007509887544104865
35.766666666666666 0.4257081648079756 0.0007792341113879719
35.8 0.5030638103544606 0.0008005955819889721
35.833333333333336 0.5680516164021548 0.0008171493516150319
35.86666666666667 0.6192151202860016 0.0008238113579176476
35.9 0.6556520168211065 0.0008282933126164682
35.93333333333333 0.6743662334395945 0.0008315532831988381
35.96666666666667 0.6767454400108228 0.00083156554114594
36.0 0.6623720878265293 0.00082964051060197
36.03333333333333 0.6283797017563211 0.0008270287871476878
36.06666666666667 0.58133869098598 0.0008170782593751591
36.1 0.5159438070821908 0.0008059633207239125
36.13333333333333 0.43924067796844746 0.0007844466899371572
36.166666666666664 0.3481595257015483 0.0007562597223465528
36.2 0.2483022800349817 0.0007180333496675795
36.233333333333334 0.14349535958398768 0.0006664881433925129
36.266666666666666 0.032947216344592016 0.0006080246445897136
36.3 -0.07617663629818255 0.0006296462576932671
36.333333333333336 -0.1861123825974673 0.0006865228018840819
36.36666666666667 -0.2880851647293318 0.0007282035998342762
36.4 -0.3833450180683851 0.000761331086536754
36.43333333333333 -0.4702931758174447 0.0007863202594632912
36.46666666666667 -0.542454285130515 0.0008026012810512517
36.5 -0.6018879162650207 0.0008111724156827371
36.53333333333333 -0.645656119519621 0.0008185090039375398
36.56666666666667 -0.6738099216934765 0.0008205507167458048
36.6 -0.6852755642705393 0.000821708274433286
36.63333333333333 -0.6790562121261533 0.0008222253732842466
36.666666666666664 -0.6557016800506582 0.000818193959230773
36.7 -0.6127049831395909 0.0008153378213285878
36.733333333333334 -0.554464236982855 0.0008064984986617674
36.766666666666666 -0.4840618497597107 0.0007912525964820505
36.8 -0.3987941407046201 0.0007694799580566514
36.833333333333336 -0.3035792640505475 0.0007352644867762992
36.86666666666667 -0.2023798210149053 0.0006948578522167348
36.9 -0.09207830267709113 0.0006398992620237354
36.93333333333333 0.016922657492620223 0.000598674099541105
36.96666666666667 0.12450345896393086 0.000658538469880593
37.0 0.2285256329006755 0.0007075040066173988
37.03333333333333 0.32822825233022185 0.0007480570660123309
37.06666666666667 0.41611270474214246 0.0007779530018793834
37.1 0.4939652893063562 0.0008008735090435648
37.13333333333333 0.5599744794991469 0.0008115906344134949
37.166666666666664 0.6104307686122353 0.000820575895820741
37.2 0.6458106006368168 0.0008249293842546024
37.233333333333334 0.6640588636300224 0.0008301431678940929
37.266666666666666 0.6672388443436609 0.0008296494577199054
37.3 0.6534240190202522 0.0008295731546817953
37.333333333333336 0.6201943143120435 0.0008248755980232447
37.36666666666667 0.5729699741472778 0.0008159664724607385
37.4 0.5106686398381919 0.0008037530349986888
37.43333333333333 0.43445631704739784 0.0007851959056903168
37.46666666666667 0.34339160824458226 0.0007540427944623951
37.5 0.24795561523766388 0.0007183192415371187
37.53333333333333 0.14209013713000948 0.0006668514877096743
37.56666666666667 0.034020074707939676 0.0006092894103945506
37.6 -0.07423018344819114 0.0006304622171553614
37.63333333333333 -0.1794883149818526 0.0006836984338094709
37.666666666666664 -0.2819596358409695 0.0007260548397067801
37.7 -0.3790084997631554 0.0007615562065789172
37.733333333333334 -0.46043662411033903 0.0007847273500684038
37.766666666666666 -0.5338659109338125 0.0007996367464624399
37.8 -0.5912253981333045 0.0008099944703061634
37.833333333333336 -0.6353056765678436 0.0008159619509664484
37.86666666666667 -0.6632279888087768 0.0008185981797973474
37.9 -0.6737324326958127 0.0008216264857110467
37.93333333333333 -0.6676004590713146 0.0008199263212372854
37.96666666666667 -0.6450685294566553 0.0008182869095780809
38.0 -0.603732138002814 0.0008136904453006633
38.03333333333333 -0.5456004548726227 0.0008039457458223209
38.06666666666667 -0.47535769892626106 0.0007896093785350611
38.1 -0.39137096821961337 0.0007665438039355377
38.13333333333333 -0.29482597396595334 0.0007344145582426909
38.166666666666664 -0.19504477029949663 0.0006915955685958819
38.2 -0.0888098594698611 0.0006382139434981116
38.233333333333334 0.02120585912300487 0.0006019184907504228
38.266666666666666 0.12543739225205608 0.0006597895632337591
38.3 0.22584269639788865 0.0007068014801602518
38.333333333333336 0.3241580144040184 0.0007465908578302427
38.36666666666667 0.41474356360513487 0.000778608782735446
38.4 0.48839146087015617 0.0007984045353970903
38.43333333333333 0.5532045018234099 0.0008134473865364367
38.46666666666667 0.6024290009088332 0.0008221895263799128
38.5 0.636647949949392 0.0008272344353439376
38.53333333333333 0.6538533495801645 0.0008272734439555007
38.56666666666667 0.6567030279319955 0.0008278782305664034
38.6 0.6421649744524309 0.0008259590117061233
38.63333333333333 0.6098681442204237 0.0008219848166644006
38.666666666666664 0.5637301430013905 0.0008156537349232051
38.7 0.4990640897016506 0.0008030676913128865
38.733333333333334 0.42149333096638 0.0007815764181425822
38.766666666666666 0.3314087785745734 0.0007483528238393933
38.8 0.2356454688393362 0.0007121962126647174
38.833333333333336 0.13381442549769348 0.0006627792142018807
38.86666666666667 0.0291671942183676 0.0006067398482038633
38.9 -0.08003158526096088 0.0006346470527892195
38.93333333333333 -0.18361872525690928 0.0006847719708471811
38.96666666666667 -0.2839937889255508 0.0007272308473688094
39.0 -0.37794321814438725 0.0007612594344675316
39.03333333333333 -0.46170604977989566 0.0007851053713064382
39.06666666666667 -0.5315564607436541 0.0008013498110207573
39.1 -0.5876709657893512 0.000812564740177657
39.13333333333333 -0.6294469933101687 0.0008178250499597528
39.166666666666664 -0.6549373816877657 0.0008197732482467801
39.2 -0.666324534350548 0.0008221676863905403
39.233333333333334 -0.6593830876191559 0.000820816219703091
39.266666666666666 -0.6341556396502828 0.0008193197803628705
39.3 -0.5915850095605943 0.0008114808976693588
39.333333333333336 -0.5348618294966356 0.0008038107272836381
39.36666666666667 -0.46301672511563 0.0007878652137251474
39.4 -0.3789939182470918 0.0007634213510544496
39.43333333333333 -0.283891447405015 0.0007316557327959883
39.46666666666667 -0.18258903529277493 0.0006862705812132053
39.5 -0.08008913323246997 0.0006339373196948273
39.53333333333333 0.02736041892927603 0.0006049264936331539
39.56666666666667 0.1304754239206324 0.0006633377571060306
39.6 0.23458459545226934 0.0007087176155673447
39.63333333333333 0.3261079714858372 0.0007475521556219444
39.666666666666664 0.41407759915561787 0.0007774645916197032
39.7 0.4884989821587317 0.000797024863715412
39.733333333333334 0.5512113771445254 0.0008130675757372918
39.766666666666666 0.5983554943385696 0.000819120391885586
39.8 0.6308857808838978 0.0008244437866238297
39.833333333333336 0.6473612719465451 0.0008278168741415737
39.86666666666667 0.6476993531813375 0.0008279919316254158
39.9 0.6307689253135745 0.0008259551083910077
39.93333333333333 0.5961967410083163 0.0008216274388579414
39.96666666666667 0.5485423523530917 0.0008124374442467497
40.0 0.4855152722303915 0.0008009135358679753
40.03333333333333 0.4053659825647773 0.000777257855333835
40.06666666666667 0.3194701488254082 0.0007445084829739157
40.1 0.22319266816954397 0.000706848147824457
40.13333333333333 0.1222379155620671 0.0006575692566610364
40.166666666666664 0.012501802576066538 0.0005978883293946136
40.2 -0.09131002707799421 0.0006401654687573921
40.233333333333334 -0.19188623991492482 0.0006889058441484353
40.266666666666666 -0.2882729745143387 0.0007288163907887557
40.3 -0.37956843853247846 0.0007631143373151295
40.333333333333336 -0.46247224200879966 0.0007848734833978965
40.36666666666667 -0.5323222798141699 0.0008020128740442445
40.4 -0.5861604887539076 0.000810608248964062
40.43333333333333 -0.6264427793641275 0.0008160524404174918
40.46666666666667 -0.6500592884074661 0.0008190404413594976
40.5 -0.656484639510404 0.0008202984490960352
40.53333333333333 -0.6478738539501037 0.0008198528356614387
40.56666666666667 -0.6208558546447772 0.0008162420619765021
40.6 -0.5790572691920308 0.0008112348562405725
40.63333333333333 -0.5189748781659731 0.0007997317275159066
40.666666666666664 -0.4448556248141185 0.000783516806365625
40.7 -0.36093752061808515 0.0007596696513136325
40.733333333333334 -0.26849141540222043 0.0007228984315380549
40.766666666666666 -0.1670112011424115 0.0006799416530421654
40.8 -0.06416723652424172 0.0006263951398315509
40.833333333333336 0.041360952083029576 0.0006145597039751843
40.86666666666667 0.1450325054737061 0.0006693702051403239
40.9 0.24348966498163177 0.0007146314209528493
40.93333333333333 0.33586264861615084 0.0007504865516346215
40.96666666666667 0.4176168101832914 0.0007779641998190145
41.0 0.4901389604659144 0.000798995895848198
41.03333333333333 0.5492270775749734 0.0008121075720317616
41.06666666666667 0.5953655304817389 0.0008191320545526404
41.1 0.6254758855369379 0.0008244946189933655
41.13333333333333 0.6359399391648209 0.0008236741302114492
41.166666666666664 0.6369334149799055 0.0008265412534443906
41.2 0.6195162406719851 0.0008244008446492979
41.233333333333334 0.5849840795074889 0.0008198977235815974
41.266666666666666 0.5347280280478717 0.0008095897147177844
41.3 0.4703419161242371 0.0007941322771453652
41.333333333333336 0.3936846314894676 0.0007732965416244464
41.36666666666667 0.30378019542882984 0.0007408883619309248
41.4 0.2070849190781992 0.0007013248196999777
41.43333333333333 0.1047680619647943 0.0006492873088311396
41.46666666666667 0.0038994573522719614 0.0005926377699992567
41.5 -0.1013781149246105 0.0006462641682681153
41.53333333333333 -0.20269982060782943 0.0006942288568053123
41.56666666666667 -0.2976231767273036 0.0007330119578033978
41.6 -0.38501746742101883 0.0007639487912919352
41.63333333333333 -0.4646303849212605 0.0007859781314351055
41.666666666666664 -0.5294043041159884 0.0008009436662592684
41.7 -0.5828393779826626 0.0008100657837568637
41.733333333333334 -0.6200649432875859 0.0008157207037483571
41.766666666666666 -0.6422354334181639 0.0008187902479185327
41.8 -0.6478050903172086 0.0008186988928674532
41.833333333333336 -0.6349364037988363 0.0008175920482027532
41.86666666666667 -0.6079115404875725 0.0008140691269117317
41.9 -0.5630772773596666 0.0008081650930397144
41.93333333333333 -0.5031679202005994 0.0007964186576165933
41.96666666666667 -0.4303953315554603 0.0007785654218186444
42.0 -0.3439921610306864 0.0007522283741553948
