0.0 -0.9274324103770588 0.0008354863213857477
0.03333333333333333 -0.8795769738086237 0.0008395020778018125
0.06666666666666667 -0.8091820466743701 0.0008418890904909881
0.1 -0.7159747838004328 0.0008419856548753657
0.13333333333333333 -0.6064881409892775 0.0008298175254202178
0.16666666666666666 -0.480512896446113 0.0008060977752427645
0.2 -0.342898472284876 0.0007608179590298247
0.23333333333333334 -0.1961227299673151 0.0007015930466347797
0.26666666666666666 -0.04242107125928276 0.0006218548021648604
0.3 0.10309960890672694 0.0006538744793225248
0.3333333333333333 0.25005072276943907 0.0007217001371858656
0.36666666666666664 0.38697761918847706 0.0007765532072681602
0.4 0.5166497615560967 0.0008127424083964607
0.43333333333333335 0.6317114089228553 0.000832724661705142
0.4666666666666667 0.731724255336138 0.0008458975271330438
0.5 0.8138093328209205 0.0008443574907184281
0.5333333333333333 0.8766645100350569 0.0008388160720553817
0.5666666666666667 0.9192650121675328 0.0008359983641685886
0.6 0.9400190455332903 0.0008341836176022355
0.6333333333333333 0.9381495734537993 0.000833586300096667
0.6666666666666666 0.9138158903889638 0.0008376743573166312
0.7 0.8682232258400548 0.0008414334332453866
0.7333333333333333 0.8000588095122229 0.0008434446170708654
0.7666666666666667 0.7080879649302299 0.0008428365741203203
0.8 0.601476970728677 0.0008321266541012617
0.8333333333333334 0.4763431393540691 0.0008064830940358592
0.8666666666666667 0.34075388557357716 0.0007614837936899543
0.9 0.19075267585820394 0.0006978406119280134
0.9333333333333333 0.04177430165879063 0.0006198967204124051
0.9666666666666667 -0.10454894006306187 0.0006554227586805239
1.0 -0.25021164410956387 0.0007202154553433981
1.0333333333333334 -0.38891464349395133 0.0007764551468871228
1.0666666666666667 -0.513976007254057 0.000810357382099447
1.1 -0.6259181270176724 0.0008304287626917928
1.1333333333333333 -0.7268740453046659 0.000839242388264938
1.1666666666666667 -0.8085441012944784 0.0008417967586914488
1.2 -0.872398845938521 0.0008380644333406684
1.2333333333333334 -0.9172255565366266 0.0008351343262383848
1.2666666666666666 -0.9385806748707436 0.0008338223888646468
1.3 -0.9378303009488479 0.0008343786262389186
1.3333333333333333 -0.9153011029170565 0.0008374053411737137
1.3666666666666667 -0.8701204463687784 0.0008409435659115783
1.4 -0.8007552054820398 0.0008439218781818303
1.4333333333333333 -0.7159532816824856 0.0008422192020791641
1.4666666666666666 -0.6074501937210772 0.0008326493510096844
1.5 -0.48662788733568735 0.0008067117653144384
1.5333333333333334 -0.35350748193525733 0.0007677646453850273
1.5666666666666667 -0.20867999207595078 0.0007087278028976851
1.6 -0.062386668430137335 0.0006329352113805808
1.6333333333333333 0.08508015281422603 0.0006442613497841393
1.6666666666666667 0.22908832940607285 0.0007151051837304412
1.7 0.3681057256304137 0.0007679057810764389
1.7333333333333334 0.49548179420891436 0.0008077354299057538
1.7666666666666666 0.6094007445087878 0.0008294488140958567
1.8 0.7068705286787094 0.0008388929630682718
1.8333333333333333 0.7929756540715022 0.0008406196270508426
1.8666666666666667 0.8545556487149525 0.0008411942645475401
1.9 0.8984017345625923 0.0008385002098046934
1.9333333333333333 0.920644985419988 0.0008377850206524595
1.9666666666666666 0.9204537424361062 0.0008375152005304365
2.0 0.8997600581441668 0.0008373078023484748
2.033333333333333 0.8544028895072442 0.0008430125613835271
2.066666666666667 0.7910981649560053 0.0008447572649230572
2.1 0.7027899710706873 0.0008414547137056694
2.1333333333333333 0.5994761333499784 0.0008290150223598802
2.1666666666666665 0.4800244930205812 0.0008068116870898479
2.2 0.3422744248700237 0.0007642811667014082
2.2333333333333334 0.19753950385313349 0.0007024447561603531
2.2666666666666666 0.054161210840891906 0.0006251734683481169
2.3 -0.09209179580548515 0.0006474407785597852
2.3333333333333335 -0.23483447297583518 0.0007177295258506133
2.3666666666666667 -0.3683735620699261 0.0007688026870627529
2.4 -0.49483011094309665 0.0008082599121700951
2.433333333333333 -0.6068759896366243 0.0008279851379345837
2.466666666666667 -0.7055263826269964 0.0008392160660961601
2.5 -0.7884727126746162 0.0008419936698879082
2.533333333333333 -0.8532072547676975 0.0008390436565044457
2.566666666666667 -0.8981739024647951 0.0008362125627380257
2.6 -0.920076038110637 0.0008344892080884847
2.6333333333333333 -0.9214946241971359 0.0008353369298501612
2.6666666666666665 -0.9011548706775311 0.0008381050019485858
2.7 -0.8576197129189423 0.0008418870236965859
2.7333333333333334 -0.7927427036239282 0.0008457436222052417
2.7666666666666666 -0.7064089969492132 0.0008407516045620955
2.8 -0.6014686347301952 0.0008305702100227519
2.8333333333333335 -0.48585102180622747 0.0008070561182616509
2.8666666666666667 -0.3540677477086841 0.0007664740180957086
2.9 -0.2104536071532783 0.000708315027839107
2.933333333333333 -0.06714668279444802 0.0006349212458086478
2.966666666666667 0.07658737372421998 0.0006408782558648268
3.0 0.21992805812374458 0.0007102038919629683
3.033333333333333 0.35842058669067184 0.0007670380752046735
3.066666666666667 0.4828584928095724 0.0008042264965067436
3.1 0.594059287712359 0.0008291297302190914
3.1333333333333333 0.6936797621478241 0.0008395387567107226
3.1666666666666665 0.7741653387662681 0.00084190953372687
3.2 0.8378072330161251 0.0008424847638345279
3.2333333333333334 0.8811368214217121 0.0008382151993703291
3.2666666666666666 0.9035105197486225 0.0008385831482415895
3.3 0.9039274663300798 0.00083880397340097
3.3333333333333335 0.8833702788660097 0.0008387585154984167
3.3666666666666667 0.8412149070407523 0.0008420102440782617
3.4 0.775473143740501 0.0008461090727477361
3.433333333333333 0.6908319093393538 0.0008438906349332864
3.466666666666667 0.5856908624197386 0.0008307481388578619
3.5 0.47113195182931594 0.0008051990956807753
3.533333333333333 0.3378220712857073 0.0007609082700408831
3.566666666666667 0.19492105046178057 0.0007018138478931402
3.6 0.04912861163387912 0.0006232306267964435
3.6333333333333333 -0.09001996597697971 0.0006483753070440357
3.6666666666666665 -0.23113143906915112 0.0007166756330281854
3.7 -0.3634279382435646 0.0007694102578027495
3.7333333333333334 -0.4890321419506178 0.0008023201201661223
3.7666666666666666 -0.5996347222458882 0.0008279078642978721
3.8 -0.696894955410124 0.000836761930728791
3.8333333333333335 -0.7789353811705518 0.0008418662175001534
3.8666666666666667 -0.8414603474160386 0.0008401664051594926
3.9 -0.8835517408603133 0.0008364512088859799
3.933333333333333 -0.9041077296396488 0.0008378710523354593
3.966666666666667 -0.9052105917094101 0.0008369384387719725
4.0 -0.8840720264736054 0.0008395871905331198
4.033333333333333 -0.839994207443054 0.0008432245021567919
4.066666666666666 -0.7749036107819576 0.000844224383696468
4.1 -0.6897436082162851 0.0008410759687064173
4.133333333333334 -0.5859217199053064 0.0008275259379615374
4.166666666666667 -0.47127936181188845 0.0008019456751178211
4.2 -0.3436264839418059 0.0007652045120388751
4.233333333333333 -0.20196828675460118 0.0007042679185112755
4.266666666666667 -0.05859814416810812 0.000631757719400293
4.3 0.08375861175242358 0.0006429563152959145
4.333333333333333 0.2222069930038868 0.0007110687478718847
4.366666666666666 0.3539294664159066 0.0007649763227477457
4.4 0.48047498227063085 0.000803751041627998
4.433333333333334 0.5889974600845839 0.0008260144118635848
4.466666666666667 0.6859514448315658 0.0008372154042358693
4.5 0.765710253943816 0.0008429904473147287
4.533333333333333 0.8257345366891863 0.0008416093900567301
4.566666666666666 0.8689403567725205 0.000840002497885961
4.6 0.8880873114970593 0.0008403162131995767
4.633333333333334 0.8879890219529348 0.000840474277585268
4.666666666666667 0.8659003042542174 0.0008420064366215785
4.7 0.8214432012300341 0.0008442963083701294
4.733333333333333 0.755855372052259 0.0008447723123640172
4.766666666666667 0.6702220607277763 0.0008407135564799662
4.8 0.5678896284464895 0.0008269235439285483
4.833333333333333 0.45084814256290034 0.000800425768438584
4.866666666666666 0.3198078530975817 0.0007568191559445547
4.9 0.1786685126701361 0.0006941294905246642
4.933333333333334 0.039078219473537186 0.0006203403462406373
4.966666666666667 -0.1036100054241473 0.0006532266397891451
5.0 -0.23845078355615473 0.0007199835344612326
5.033333333333333 -0.3691374561369769 0.0007680775870985701
5.066666666666666 -0.49168260944789877 0.000805903245552686
5.1 -0.6005178767213076 0.0008268056860488704
5.133333333333334 -0.6948316354609406 0.000837835922841812
5.166666666666667 -0.7707153179296429 0.000842190604228743
5.2 -0.8314854981964956 0.0008397206082162434
5.233333333333333 -0.8715338322570241 0.0008384394463099021
5.266666666666667 -0.8906918467316799 0.000838778528828299
5.3 -0.888700221951289 0.0008381488028044171
5.333333333333333 -0.8646879274331676 0.000840190647291128
5.366666666666666 -0.8193597393512658 0.0008423239330421772
5.4 -0.7535258510043268 0.000843709818117877
5.433333333333334 -0.6705522646565238 0.0008377537376480504
5.466666666666667 -0.5652761099193865 0.0008253418287054171
5.5 -0.4468819198565963 0.0007978855020892017
5.533333333333333 -0.3198059640281744 0.0007574749518590718
5.566666666666666 -0.1801954143580427 0.0006949410496312203
5.6 -0.039942925273252064 0.0006200324021301204
5.633333333333334 0.0981884712675055 0.0006517274703277814
5.666666666666667 0.2349212956118536 0.0007187554684419395
5.7 0.3655560939888813 0.0007695608350529737
5.733333333333333 0.48481680012567263 0.0008048893716762762
5.766666666666667 0.5931277973906371 0.000827075073812078
5.8 0.6855851671648474 0.0008380259828509873
5.833333333333333 0.7637201832222508 0.0008399411269371937
5.866666666666666 0.8202355058931151 0.0008420714165214838
5.9 0.8564413625376909 0.0008400822340881575
5.933333333333334 0.8743532066114496 0.0008401716442915097
5.966666666666667 0.8703988141614905 0.0008417961927948969
6.0 0.8444518477357643 0.0008411775888028661
6.033333333333333 0.7974575225778605 0.0008447836428736588
6.066666666666666 0.7313964485934575 0.0008455032148667607
6.1 0.6432559129405409 0.0008369543697106518
6.133333333333334 0.5394469192630633 0.0008209921795210295
6.166666666666667 0.42496507832852126 0.0007921881041309531
6.2 0.2912853973966745 0.0007464648574231347
6.233333333333333 0.15551052313469552 0.0006823706990391476
6.266666666666667 0.015242849707343022 0.0006073850986970403
6.3 -0.12181737453324254 0.0006633166823598324
6.333333333333333 -0.2555703676144616 0.0007284358310498118
6.366666666666666 -0.3834363106531837 0.0007763754480123453
6.4 -0.4994492215277993 0.0008082187757482706
6.433333333333334 -0.6055810756905038 0.0008275080597512918
6.466666666666667 -0.694918724967656 0.0008392241687629198
6.5 -0.766823697169282 0.0008430851390771599
6.533333333333333 -0.8237701652396912 0.0008404347856928451
6.566666666666666 -0.8593347009446464 0.0008396234575892558
6.6 -0.87537431813108 0.0008390952197796508
6.633333333333334 -0.8701211404662492 0.0008418415459665596
6.666666666666667 -0.8428181575477198 0.0008422161652996696
6.7 -0.7939937738691388 0.0008436638125740581
6.733333333333333 -0.7245449956820562 0.0008432838546945653
6.766666666666667 -0.6355553442647258 0.0008360983673917355
6.8 -0.5354484187794774 0.0008202190030083267
6.833333333333333 -0.41667176921181454 0.0007868530314013022
6.866666666666666 -0.28740322150020453 0.0007429043243732947
6.9 -0.15097787094041176 0.0006802109008374468
6.933333333333334 -0.011541739540423188 0.0006047703057295208
6.966666666666667 0.12592675828285463 0.0006668180198099449
7.0 0.2578550921603721 0.0007273576170994112
7.033333333333333 0.3856823939684252 0.0007758452648716219
7.066666666666666 0.5004708085940722 0.0008088961952867901
7.1 0.6025946938566067 0.000830328732358887
7.133333333333334 0.6907146727683526 0.0008401265059825302
7.166666666666667 0.7623860691552209 0.0008418432988356317
7.2 0.8154072628312953 0.0008418707837374306
7.233333333333333 0.8478338377478521 0.0008419264930655812
7.266666666666667 0.8591066232642671 0.0008416081858108049
7.3 0.8505395780402165 0.0008424341038356653
7.333333333333333 0.8209449736121606 0.0008442429987782774
7.366666666666666 0.7719122617192402 0.0008444822346799219
7.4 0.69945477564264 0.0008401228187563392
7.433333333333334 0.6100211755508556 0.0008308791363423884
7.466666666666667 0.5040053415472772 0.0008128969671075126
7.5 0.3872524786311917 0.0007802796254046673
7.533333333333333 0.25641347162752376 0.0007306776446139307
7.566666666666666 0.12200832296285705 0.0006640646637796066
7.6 -0.018082319436222117 0.000607537711042435
7.633333333333334 -0.1520566900656943 0.0006798957650727133
7.666666666666667 -0.2832711504144988 0.0007379288496122127
7.7 -0.40642054071444605 0.0007823531061707523
7.733333333333333 -0.5178347569754564 0.0008122470069547028
7.766666666666667 -0.6171477650983231 0.0008281442073309053
7.8 -0.7040054240356359 0.0008390474728677821
7.833333333333333 -0.7702759255364163 0.0008403511256763752
7.866666666666666 -0.8206867442392366 0.000842757312718101
7.9 -0.851064818697925 0.0008410397818388038
7.933333333333334 -0.8603691162831051 0.0008404664065470024
7.966666666666667 -0.8487601307625164 0.0008434292036533231
8.0 -0.8163087041878735 0.0008437655790235477
8.033333333333333 -0.7648857806558524 0.0008425384060347652
8.066666666666666 -0.6909573790973501 0.0008407608318806714
8.1 -0.6010409777062214 0.0008318616425614378
8.133333333333333 -0.4932773633050819 0.000808354122085686
8.166666666666666 -0.37565229053996524 0.0007770496603080046
8.2 -0.24646956251509586 0.0007246211990495077
8.233333333333333 -0.11262855416336877 0.0006596706151338338
8.266666666666667 0.021229316790725004 0.0006072163900866998
8.3 0.15929992001696772 0.0006836199022758338
8.333333333333334 0.2882136664978849 0.0007399842432099235
8.366666666666667 0.408126263405644 0.000785100828580132
8.4 0.520182946210456 0.0008132758966894471
8.433333333333334 0.6200375462682568 0.0008293442248697991
8.466666666666667 0.6999938615947342 0.0008391083880661121
8.5 0.7651803639436985 0.0008418331181464511
8.533333333333333 0.810933163854174 0.0008425324260015188
8.566666666666666 0.8377801854335198 0.0008419305506521813
8.6 0.8435841351932825 0.00084306440712556
8.633333333333333 0.8290452829222573 0.0008432575169785572
8.666666666666666 0.7946361005071051 0.0008437456719082581
8.7 0.7386513046654779 0.0008450015724873472
8.733333333333333 0.664560591422208 0.0008399376276407855
8.766666666666667 0.5718828686279581 0.0008271933325207925
8.8 0.4616062380651004 0.0008035327744993492
8.833333333333334 0.34186459199465613 0.0007648417721501932
8.866666666666667 0.21526502076844997 0.0007122955796267927
8.9 0.07859220600432268 0.0006437534564587566
8.933333333333334 -0.05637507405682813 0.0006296153035909302
8.966666666666667 -0.1889030676777991 0.0006940174623349671
9.0 -0.31680917660706065 0.0007512207404660187
9.033333333333333 -0.433416081235318 0.0007898948607936718
9.066666666666666 -0.5406051197738071 0.0008168321613054585
9.1 -0.6342149259144121 0.0008318812215363236
9.133333333333333 -0.7143707786620573 0.0008394682638603879
9.166666666666666 -0.7733099243052469 0.0008445358849766826
9.2 -0.8175601521384409 0.000843199766117686
9.233333333333333 -0.8421824593813211 0.0008416000852122796
9.266666666666667 -0.8455995285056603 0.0008414388772581827
9.3 -0.8286276557500162 0.0008423584233328008
9.333333333333334 -0.7889396608840614 0.0008429980673525517
9.366666666666667 -0.7308107985026278 0.000842779280112782
9.4 -0.652545128873279 0.0008375903566166798
9.433333333333334 -0.557640366506545 0.0008234369576776146
9.466666666666667 -0.4490488720008767 0.0007966598060622498
9.5 -0.328181316594772 0.000757789396006403
9.533333333333333 -0.20009568592597632 0.0007020362375343425
9.566666666666666 -0.06712225222607462 0.0006360058284277242
9.6 0.06831155788545867 0.0006350549450875737
9.633333333333333 0.1996066678708467 0.0007019321275351931
9.666666666666666 0.32544193205798905 0.0007560461242149819
9.7 0.43969130292666997 0.0007925306925717912
9.733333333333333 0.544867070693584 0.0008180173282741343
9.766666666666667 0.6375718482264928 0.0008328734019130701
9.8 0.7125389884774024 0.0008403378741626
9.833333333333334 0.7698786138560271 0.0008419151611160913
9.866666666666667 0.808498194456308 0.000842311588982958
9.9 0.827889779961025 0.0008424993969229355
9.933333333333334 0.8272953492835289 0.0008438434814392881
9.966666666666667 0.8059262296281546 0.0008446312786787313
10.0 0.7649502218988798 0.0008443985938170195
10.033333333333333 0.7008345535737679 0.0008438751208953432
10.066666666666666 0.6215544116426339 0.0008365356824938663
10.1 0.5259764047208094 0.0008178521615898049
10.133333333333333 0.4155613803143078 0.0007885901963184394
10.166666666666666 0.2915931706538948 0.0007465720812981913
10.2 0.16450650092409555 0.0006875131956179392
10.233333333333333 0.02860735594125939 0.0006136925194050215
10.266666666666667 -0.10341546237293886 0.0006557847926170479
10.3 -0.23394872719836643 0.0007194837667180709
10.333333333333334 -0.35598776696918444 0.0007656326898178856
10.366666666666667 -0.46503707616118434 0.0007987329142990496
10.4 -0.5685989622757849 0.0008205515959432974
10.433333333333334 -0.6566274533960657 0.0008342893993250611
10.466666666666667 -0.7266458892110791 0.0008408300583083728
10.5 -0.7801911571342895 0.0008416037823023581
10.533333333333333 -0.8160756538496775 0.0008415758569961795
10.566666666666666 -0.831146105279777 0.0008422050734804287
10.6 -0.8256949270946204 0.0008423062515894308
10.633333333333333 -0.8014802264683186 0.000842969503310087
10.666666666666666 -0.754573450084603 0.0008427571644339382
10.7 -0.6895841071934845 0.0008413086257473834
10.733333333333333 -0.6074563861352774 0.0008321982298183928
10.766666666666667 -0.5069820308442902 0.0008128316913899036
10.8 -0.39786012412444677 0.0007840574144266643
10.833333333333334 -0.27565098270567506 0.000740227368298596
10.866666666666667 -0.14816335936467975 0.0006787624217268196
10.9 -0.014088375011653213 0.000604257215408896
10.933333333333334 0.11944405896148691 0.0006610046896428495
10.966666666666667 0.24508338067085625 0.0007251043396818424
11.0 0.3680740661630556 0.0007713259580627296
11.033333333333333 0.4770349977702138 0.0008036901403232766
11.066666666666666 0.5741761236431814 0.0008246149289097282
11.1 0.6570329645177356 0.0008354020310994414
11.133333333333333 0.7256872723718759 0.0008398907160065416
11.166666666666666 0.7755805918167451 0.0008439334018921496
11.2 0.8060599643839075 0.0008431822562037228
11.233333333333333 0.8165805080576782 0.0008429340021228748
11.266666666666667 0.8082528059372803 0.0008461124836972589
11.3 0.7782991614820527 0.0008460867811226347
11.333333333333334 0.7284060043318371 0.0008414610602919259
11.366666666666667 0.6588487838246465 0.0008391440655294291
11.4 0.574193387880149 0.0008258414997065477
11.433333333333334 0.4707001560861349 0.00080308539633972
11.466666666666667 0.35794795199190094 0.0007689694414521608
11.5 0.23411380700628998 0.0007217252110438832
11.533333333333333 0.10509949407842681 0.0006578053012929463
11.566666666666666 -0.025052993269269287 0.000613271851288566
11.6 -0.1571367794824146 0.0006831288304747218
11.633333333333333 -0.2812443416747782 0.000738744094757604
11.666666666666666 -0.39774934785449895 0.0007792224960451732
11.7 -0.5041146126196083 0.0008089329370950527
11.733333333333333 -0.5959067962082396 0.0008266023239755782
11.766666666666667 -0.6764310611703234 0.0008360904526654167
11.8 -0.7404994198021742 0.000842680807662588
11.833333333333334 -0.7846752100853962 0.0008428898069583468
11.866666666666667 -0.8107960770430961 0.0008429032575587581
11.9 -0.8174051785466039 0.0008431613057807708
11.933333333333334 -0.8047818477653351 0.0008442952982550267
11.966666666666667 -0.7697664945280814 0.0008444829504460349
12.0 -0.7162892621163242 0.0008419173959843818
12.033333333333333 -0.6438019701775233 0.0008389824141936675
12.066666666666666 -0.5552828651371874 0.000822013966032209
12.1 -0.4512863804497669 0.0007987585396162511
12.133333333333333 -0.3384495269694081 0.0007628254025378034
12.166666666666666 -0.21296944102864665 0.0007110557887614333
12.2 -0.08688755466727542 0.0006478987487205795
12.233333333333333 0.04530220636850535 0.0006232751371638284
12.266666666666667 0.17574516967583026 0.0006921890806691755
12.3 0.29921998235729713 0.0007464406791182765
12.333333333333334 0.41101479071428065 0.0007847967111536125
12.366666666666667 0.514595810611724 0.0008112013379618643
12.4 0.6051439489171372 0.000828533433916534
12.433333333333334 0.6797383390017823 0.0008373666836855032
12.466666666666667 0.7366806064681055 0.0008409325516962607
12.5 0.7765833385723122 0.0008431120797950387
12.533333333333333 0.7997109573422017 0.0008432016896898764
12.566666666666666 0.7998240038657249 0.0008440598584952275
12.6 0.781323328561883 0.0008441618039193299
12.633333333333333 0.7425289357363489 0.0008435890626068421
12.666666666666666 0.6843549076557224 0.0008424735297519748
12.7 0.6089651069898347 0.0008333769610191499
12.733333333333333 0.5166031113769666 0.0008141735206977918
12.766666666666667 0.4091008191146402 0.0007852113968104812
12.8 0.29349932713105675 0.0007457590791304924
12.833333333333334 0.16975502936614267 0.0006912877145975604
12.866666666666667 0.04047503219250957 0.0006198514388247658
12.9 -0.08719260474277028 0.0006471336483004075
12.933333333333334 -0.21560080908452875 0.0007097690608844909
12.966666666666667 -0.33085404969049614 0.00075820025166351
13.0 -0.4433587227140798 0.0007937968380316018
13.033333333333333 -0.5445911407521016 0.0008170755335962232
13.066666666666666 -0.6291114804147206 0.0008308765370560467
13.1 -0.6997876540692805 0.0008381392038080415
13.133333333333333 -0.7516995539918754 0.000842237489495079
13.166666666666666 -0.7885920047318319 0.0008423569783148066
13.2 -0.8041866759163773 0.0008430643967375362
13.233333333333333 -0.8010128454526863 0.0008444023194932315
13.266666666666667 -0.7769302106781308 0.0008440036711117038
13.3 -0.7328138593409337 0.0008422208979641521
13.333333333333334 -0.6719694802877175 0.0008375090815539998
13.366666666666667 -0.5898730148115813 0.0008291768275860978
13.4 -0.49356292521707223 0.0008081506556132934
13.433333333333334 -0.3893293169537484 0.0007793186580688505
13.466666666666667 -0.27051355137944616 0.0007361406599074583
13.5 -0.14727594519097273 0.0006787082687318702
13.533333333333333 -0.0191971236192251 0.000608413505782078
13.566666666666666 0.10593115647717471 0.0006569833300817812
13.6 0.23494149170323064 0.0007196343544999262
13.633333333333333 0.3515308875306675 0.0007645269536518673
13.666666666666666 0.4589058088492205 0.0007976332613673365
13.7 0.5528468790044945 0.0008201880311157206
13.733333333333333 0.6342881514824499 0.0008326009690354796
13.766666666666667 0.7014708518218934 0.000839466951398804
13.8 0.7491018149667044 0.0008409587398839902
13.833333333333334 0.7796181932713292 0.0008436126282284073
13.866666666666667 0.78933686681186 0.0008443823660492233
13.9 0.7806935048158409 0.0008456445961332326
13.933333333333334 0.7511011857420373 0.0008454011279694917
13.966666666666667 0.7022693807483514 0.0008430322785050182
14.0 0.6372807200092003 0.0008378090941705274
14.033333333333333 0.5526442721451232 0.0008245070638160934
14.066666666666666 0.45399408222185833 0.0008036594756582471
14.1 0.3438814361783074 0.0007672376989386054
14.133333333333333 0.2253931491127943 0.0007170317244165059
14.166666666666666 0.09982684536622921 0.0006553273233579071
14.2 -0.02500976978012944 0.0006130095108709717
14.233333333333333 -0.15332816081995754 0.0006816430352669378
14.266666666666667 -0.2765456541526232 0.0007360315509475357
14.3 -0.3879175557098453 0.0007770028915800031
14.333333333333334 -0.493137581645594 0.0008054442814239837
14.366666666666667 -0.583955903328644 0.0008248088114188867
14.4 -0.6576784122382094 0.0008342087695255573
14.433333333333334 -0.7195186792682315 0.000840161646698312
14.466666666666667 -0.7618639686386807 0.0008407063722202235
14.5 -0.7865248878629889 0.0008423165463874449
14.533333333333333 -0.7919316451456808 0.0008435110460727202
14.566666666666666 -0.7778474306009898 0.0008441445340952036
14.6 -0.7440669965915749 0.0008437940179755188
14.633333333333333 -0.6886824647869643 0.0008408464524772841
14.666666666666666 -0.6191282244112382 0.0008340322632481856
14.7 -0.5322758060222235 0.0008193079526958025
14.733333333333333 -0.43110497025490097 0.0007932234835852925
14.766666666666667 -0.31643963810324366 0.000754020738045591
14.8 -0.199077173912588 0.0007057025238059733
14.833333333333334 -0.07304884259183422 0.0006390838630530721
14.866666666666667 0.05268413596833151 0.000627044941928126
14.9 0.17883409243917858 0.0006952884213284327
14.933333333333334 0.2981135485704198 0.0007457653745532866
14.966666666666667 0.40743024129228766 0.0007860929964934038
15.0 0.508453671042954 0.0008105069907002882
15.033333333333333 0.5943017565631569 0.0008276329620453549
15.066666666666666 0.6658619704510538 0.0008366129550068102
15.1 0.7206251412252057 0.0008418079081515817
15.133333333333333 0.7571767043292913 0.0008430396613828828
15.166666666666666 0.7751281120316714 0.0008438194390651965
15.2 0.7751482485449603 0.0008465132495567573
15.233333333333333 0.7553746369776324 0.0008442165177450223
15.266666666666667 0.7158228816727737 0.0008413647101011001
15.3 0.6561453082429407 0.0008367472558762357
15.333333333333334 0.5799216768061688 0.0008281542570414135
15.366666666666667 0.4896828306593238 0.0008106470009711653
15.4 0.38414239090588503 0.0007790122424448653
15.433333333333334 0.2688629065859963 0.0007361314900236615
15.466666666666667 0.14598269598782984 0.0006786045534461771
15.5 0.022269345528888894 0.000612843293360206
15.533333333333333 -0.10102838593734673 0.000653481608611825
15.566666666666666 -0.22430033239724134 0.000713926920119512
15.6 -0.34086482400168533 0.0007598585092789545
15.633333333333333 -0.4444329110418436 0.0007954339813177613
15.666666666666666 -0.5378557634500293 0.0008153487461476372
15.7 -0.62014221354099 0.0008298266659014786
15.733333333333333 -0.6878835538226631 0.0008379783472909352
15.766666666666667 -0.7361457217247819 0.0008407868064357338
15.8 -0.7670767077127358 0.0008421886698726233
15.833333333333334 -0.7803949956471329 0.0008428021542477016
15.866666666666667 -0.7737303596685294 0.000844169113289106
15.9 -0.7480047419641246 0.0008443316266951717
15.933333333333334 -0.7008525590174969 0.0008428884339836129
15.966666666666667 -0.6381373747562721 0.000835274156661181
16.0 -0.5578642315492323 0.0008237141319974439
16.033333333333335 -0.4629113152491456 0.0008015845215968431
16.066666666666666 -0.3553288430895904 0.0007681490157311899
16.1 -0.24049840540821021 0.0007228301875759624
16.133333333333333 -0.11889822766796124 0.000665547195060151
16.166666666666668 0.004416531467098612 0.0006006799573013899
16.2 0.12656968669079036 0.0006654453927083526
16.233333333333334 0.24866425867005218 0.000725604921372941
16.266666666666666 0.36232938703395035 0.0007714302927505634
16.3 0.4634426281823226 0.0007983070711387041
16.333333333333332 0.5527231512646954 0.000821079051150031
16.366666666666667 0.6291923333232217 0.0008314972157039691
16.4 0.6896492181958807 0.0008399300338836069
16.433333333333334 0.7330230708391071 0.0008424004435290122
16.466666666666665 0.7585704361253607 0.0008427812637634702
16.5 0.7644940626965517 0.0008445699864928491
16.533333333333335 0.7526812089968059 0.0008460737928637219
16.566666666666666 0.720703377167593 0.0008447646081404248
16.6 0.6697157608252442 0.000842908546186627
16.633333333333333 0.5999722689607767 0.0008309289899119943
16.666666666666668 0.5165583411034816 0.0008159289364950695
16.7 0.4150175408696619 0.00078956185440332
16.733333333333334 0.3049965382240607 0.0007542332925009609
16.766666666666666 0.19035162033345004 0.0007007680069295863
16.8 0.06549791065895012 0.000636044516637374
16.833333333333332 -0.05545617217041635 0.0006303667239080935
16.866666666666667 -0.17519118257552932 0.0006912344575717433
16.9 -0.2921007486530665 0.0007408635508699413
16.933333333333334 -0.40359864443481985 0.0007810853402966944
16.966666666666665 -0.49931842533474324 0.0008079797650574205
17.0 -0.5840699829041361 0.0008251914707713137
17.033333333333335 -0.6558285457647225 0.0008338695336558288
17.066666666666666 -0.7087275447206016 0.0008383806980410968
17.1 -0.7459357768818631 0.0008410511715818414
17.133333333333333 -0.7646451144495283 0.0008429565886883816
17.166666666666668 -0.7648092288324314 0.0008435028837587843
17.2 -0.7467243490762759 0.0008431941972480983
17.233333333333334 -0.7071261144393628 0.0008411794485527757
17.266666666666666 -0.6508320203161001 0.0008352980915321551
17.3 -0.5761951616880959 0.0008244099286348616
17.333333333333332 -0.4894797405463048 0.0008077502676782644
17.366666666666667 -0.3872736572486781 0.0007776152649337509
17.4 -0.2769916432704417 0.0007388693541572899
17.433333333333334 -0.15932333554021574 0.0006867580452239175
17.466666666666665 -0.034699621513323245 0.0006175671025487675
17.5 0.08236110860656164 0.000643562533220593
17.533333333333335 0.20415575608778905 0.0007058782449209378
17.566666666666666 0.31859259353603775 0.0007536727314777503
17.6 0.42396903550367565 0.000790110655723264
17.633333333333333 0.5163687333748231 0.0008120522965592292
17.666666666666668 0.5963808006007261 0.0008270263204517292
17.7 0.6619927861859353 0.0008359461278855118
17.733333333333334 0.711007476585315 0.0008401654662326674
17.766666666666666 0.7405065215173152 0.0008427897589118327
17.8 0.7533990972966893 0.000843822223831836
17.833333333333332 0.7463832971946751 0.0008430920977436918
17.866666666666667 0.7209297610754313 0.0008422362504471037
17.9 0.6765620104357326 0.0008401344998750782
17.933333333333334 0.6145793043984952 0.0008326209835880505
17.966666666666665 0.5340905793243992 0.0008190205316415122
18.0 0.4417086332526456 0.0007963621719866976
18.033333333333335 0.33783198984712215 0.000762988547891863
18.066666666666666 0.22371344415986716 0.0007173417243954705
18.1 0.10320399833127286 0.0006551734092988815
18.133333333333333 -0.01571846471425264 0.0006068301903960904
18.166666666666668 -0.1363481578497946 0.0006727678739123222
18.2 -0.2514416090995644 0.0007262660962284451
18.233333333333334 -0.36268230425252496 0.0007675360963322886
18.266666666666666 -0.4617997004706762 0.0007988087027238633
18.3 -0.5504405933421562 0.0008182201218679408
18.333333333333332 -0.6250610417410294 0.0008308417893996278
18.366666666666667 -0.6839673901539909 0.0008381382876249122
18.4 -0.725787756165792 0.000840613447810723
18.433333333333334 -0.749575250910533 0.0008432896426298075
18.466666666666665 -0.7559311244904457 0.0008439103916220159
18.5 -0.7426179770421212 0.0008422505649352541
18.533333333333335 -0.7115477279373683 0.0008431482205329965
18.566666666666666 -0.661051912446128 0.0008391439188919492
18.6 -0.5918666770714311 0.0008283570244912442
18.633333333333333 -0.5089742120673929 0.0008128972766578979
18.666666666666668 -0.4121674892457215 0.0007863274139034981
18.7 -0.30522407573818383 0.0007491032319817403
18.733333333333334 -0.18942477210595116 0.0006989660869876624
18.766666666666666 -0.07223647690615399 0.0006405017165398569
18.8 0.05033429514575586 0.0006267731633869747
18.833333333333332 0.16618475673578942 0.0006854856552409028
18.866666666666667 0.2802440967813775 0.0007370546816734547
18.9 0.3884089498639607 0.0007756165970827511
18.933333333333334 0.48385937406204066 0.0008017451851651258
18.966666666666665 0.5672311917022951 0.0008204947069163637
19.0 0.6340010836019099 0.0008298240642494736
19.033333333333335 0.6870037201949918 0.0008360218293733679
19.066666666666666 0.721963927185011 0.0008386149473710303
19.1 0.7378306335172462 0.0008404821190038936
19.133333333333333 0.7377277240700186 0.0008420513016326181
19.166666666666668 0.71930150551471 0.0008421471204667075
19.2 0.6789241402607383 0.0008396552920868494
19.233333333333334 0.6230693175537781 0.0008350904188244579
19.266666666666666 0.547913758911293 0.0008233091240240631
19.3 0.4612975867145019 0.0008030735411708734
19.333333333333332 0.35860000606330533 0.0007711919710101656
19.366666666666667 0.24898397813741813 0.0007281729716012153
19.4 0.13683278849954608 0.000674908754148773
19.433333333333334 0.015130783104684947 0.0006072625916471106
19.466666666666665 -0.10192094131752123 0.0006554895793130788
19.5 -0.22212929315072993 0.0007113191226707227
19.533333333333335 -0.3279435417231861 0.0007561095786658423
19.566666666666666 -0.4295128494820473 0.0007906166788331781
19.6 -0.5206887996499631 0.0008121674274660373
19.633333333333333 -0.5972465411069402 0.0008292362856202606
19.666666666666668 -0.6600344171320691 0.0008357537831459316
19.7 -0.7054053786791751 0.0008399434397985406
19.733333333333334 -0.734455482036912 0.000842211891206035
19.766666666666666 -0.7444741008783091 0.0008430986937747464
19.8 -0.7364220160566247 0.0008435040970203866
19.833333333333332 -0.7090125842255305 0.0008423936668132681
19.866666666666667 -0.6647910387395963 0.000838152887799648
19.9 -0.6014269985773609 0.0008313686720493596
19.933333333333334 -0.5216591784741126 0.0008161771839167997
19.966666666666665 -0.4295714543109582 0.0007952775492585662
20.0 -0.32675096625444205 0.0007586794662323704
20.033333333333335 -0.21455061985261986 0.0007125099480992381
20.066666666666666 -0.09809691417459196 0.0006547140493986248
20.1 0.019619539311324954 0.0006100401480692817
20.133333333333333 0.1376261133291334 0.0006727103824737124
20.166666666666668 0.25171648735597885 0.0007272840997866736
20.2 0.35706319930960906 0.000766341559469863
20.233333333333334 0.4553981913621979 0.0007970587292097098
20.266666666666666 0.5417141530194051 0.000818347571783784
20.3 0.6118830810015521 0.0008293543989292829
20.333333333333332 0.6675077352663026 0.0008362010588097712
20.366666666666667 0.7046782936191454 0.0008398575780025341
20.4 0.7263404628884581 0.0008424355823603014
20.433333333333334 0.7293002467580908 0.0008433890161017032
20.466666666666665 0.713659076111373 0.0008432634140386197
20.5 0.6796294261596894 0.0008401813856678819
20.533333333333335 0.6277767250058166 0.0008357455722142193
20.566666666666666 0.5594121340400786 0.0008254511007235177
20.6 0.4756908703582039 0.0008063914740724654
20.633333333333333 0.37693244107603296 0.0007781541380245671
20.666666666666668 0.2700865512218932 0.000738142290977295
20.7 0.15874659239905048 0.0006851919150808738
20.733333333333334 0.040116755538478654 0.0006216773798653971
20.766666666666666 -0.07695604140842548 0.0006423918785039839
20.8 -0.1924449113009436 0.0007014213600809727
20.833333333333332 -0.29920971220680515 0.0007458385904642317
20.866666666666667 -0.4028711392716448 0.000781975830174586
20.9 -0.4955058325049344 0.0008069402335688092
20.933333333333334 -0.574443158693427 0.000824288793451533
20.966666666666665 -0.638542734294103 0.0008326109918431746
21.0 -0.688243733705121 0.0008385054178807749
21.033333333333335 -0.719000167417325 0.0008413051455069542
21.066666666666666 -0.732905449200342 0.0008431455977304658
21.1 -0.7280893244216224 0.0008431743970551686
21.133333333333333 -0.7059598236037102 0.0008429094547540705
21.166666666666668 -0.6650055645484237 0.0008381260602279283
21.2 -0.6072924881183749 0.0008339640573410412
21.233333333333334 -0.5330679668511702 0.0008189778103373513
21.266666666666666 -0.443426132187411 0.000796973364020015
21.3 -0.34557941178130996 0.000765087677096099
21.333333333333332 -0.23336687410597975 0.0007192427016701752
21.366666666666667 -0.1194588364886888 0.0006644081521233469
21.4 -0.0037855573142535617 0.0006020500143364988
21.433333333333334 0.10970450420239633 0.0006597925402233584
21.466666666666665 0.2251772850062696 0.0007156217990373637
21.5 0.3315085393493689 0.0007584738102854871
21.533333333333335 0.4296162921732182 0.0007918466489994502
21.566666666666666 0.5163941677251824 0.0008099015498040929
21.6 0.5905758448622261 0.0008279014074692448
21.633333333333333 0.6477669924443735 0.0008349763151863643
21.666666666666668 0.6876442378412759 0.0008390089682822621
21.7 0.7124771596623476 0.000840827031543645
21.733333333333334 0.7185303374790867 0.0008405312066884774
21.766666666666666 0.7060577225178625 0.0008422464392821016
21.8 0.6768500578696356 0.0008386038125024475
21.833333333333332 0.6288260926314693 0.0008359403621084338
21.866666666666667 0.565075604108873 0.0008254502022534416
21.9 0.48297428196267506 0.000808256900382387
21.933333333333334 0.3880471038396676 0.0007799663162685322
21.966666666666665 0.2862596057144031 0.0007432025758260519
22.0 0.17484601985030912 0.0006930138460490565
22.033333333333335 0.05789125672519286 0.0006315628244619106
22.066666666666666 -0.05635818987631166 0.0006319674820002355
22.1 -0.16966215932901554 0.0006896197765659806
22.133333333333333 -0.2778255757973167 0.0007369359101318529
22.166666666666668 -0.37959026320074274 0.0007755705660121293
22.2 -0.47226528048257777 0.0008006211729826296
22.233333333333334 -0.5529623194845709 0.0008200401301737825
22.266666666666666 -0.6201720067041216 0.0008300556822421479
22.3 -0.6701175016813226 0.0008361980579957295
22.333333333333332 -0.704421629233531 0.0008405095075640912
22.366666666666667 -0.7210279169017352 0.0008420152988252161
22.4 -0.7196628603549214 0.0008425749099879587
22.433333333333334 -0.6994207006012602 0.0008413078608666691
22.466666666666665 -0.6627548788475972 0.0008387869954641358
22.5 -0.6071291950640043 0.0008311399384919316
22.533333333333335 -0.537410642641707 0.0008199634842460668
22.566666666666666 -0.4508201391751127 0.0007987867033771301
22.6 -0.35498131036670405 0.0007682179249622889
22.633333333333333 -0.2476691306741978 0.0007266966557242793
22.666666666666668 -0.13541437331583858 0.0006736011946529563
22.7 -0.021684869853351 0.0006118646371727592
22.733333333333334 0.09447076641501227 0.0006501769277464653
22.766666666666666 0.20527365691477104 0.0007057440172437701
22.8 0.31114420854477703 0.0007494574116947983
22.833333333333332 0.4078399578788408 0.0007842375389857104
22.866666666666667 0.49397266910621623 0.0008070378499091535
22.9 0.5709119975737884 0.000825838777139376
22.933333333333334 0.6300713875216214 0.0008325913198423684
22.966666666666665 0.6733334780915423 0.0008374790226067796
23.0 0.6989570597690198 0.0008397904589516614
23.033333333333335 0.7081634593793007 0.0008424592961341348
23.066666666666666 0.6988387442992239 0.0008421100836040196
23.1 0.6738857587343232 0.0008426216359279648
23.133333333333333 0.6282465233385838 0.0008373947545118332
23.166666666666668 0.567351437208223 0.0008273712356132723
23.2 0.4887350230273733 0.0008097890192420576
23.233333333333334 0.3983782181715832 0.0007844124469570946
23.266666666666666 0.2966111033384319 0.0007476160362791529
23.3 0.18826216721172634 0.0007037549883281979
23.333333333333332 0.0745878730480497 0.0006417934206776471
23.366666666666667 -0.03684135316355856 0.0006204398546021811
23.4 -0.15164374205232597 0.0006813073668848202
23.433333333333334 -0.26009718311957336 0.0007297324319421317
23.466666666666665 -0.36156353212607906 0.00076799161454566
23.5 -0.45329405282222746 0.0007962873269758974
23.533333333333335 -0.5349247954020581 0.0008150958442203482
23.566666666666666 -0.6015931189352295 0.0008270173178882567
23.6 -0.6556642982761409 0.0008353413658878095
23.633333333333333 -0.6904769288645874 0.0008387075236775399
23.666666666666668 -0.7088309089559216 0.0008415928158794772
23.7 -0.7101119068992936 0.0008419427848960215
23.733333333333334 -0.6938027781915203 0.0008406710852466581
23.766666666666666 -0.6585333914070609 0.0008373578439068163
23.8 -0.6072612233156042 0.0008318701032635767
23.833333333333332 -0.5382739168530648 0.0008194350866066458
23.866666666666667 -0.45597904132391 0.0008001220400954412
23.9 -0.36118222521578974 0.0007699614166567503
23.933333333333334 -0.2578827354449298 0.0007289328725521016
23.966666666666665 -0.1472874932433555 0.0006796106894599863
24.0 -0.03350104997173244 0.0006173243639858786
24.033333333333335 0.08104020241529468 0.0006426797385612887
24.066666666666666 0.19069682732737436 0.0006982423122991743
24.1 0.2943227930737409 0.0007442202852780966
24.133333333333333 0.3909337412963463 0.0007774781363014127
24.166666666666668 0.480367016776825 0.0008036957956132351
24.2 0.5532854463659854 0.0008201585321072624
24.233333333333334 0.6148378641291674 0.0008298693973765037
24.266666666666666 0.6601641142582416 0.0008363719442093798
24.3 0.6864220140278979 0.0008398571586951675
24.333333333333332 0.6973725412540027 0.0008407406031166742
24.366666666666667 0.6903284476943535 0.000840886087926429
24.4 0.6664082143022863 0.0008388444050220212
24.433333333333334 0.6239736504931158 0.000834569361592874
24.466666666666665 0.5647019681451149 0.0008239338688824649
24.5 0.48965010314962076 0.0008096118094612637
24.533333333333335 0.4037474257096586 0.0007838211475322265
24.566666666666666 0.3030830036638991 0.0007520144797169004
24.6 0.195672967299407 0.000702016601776212
24.633333333333333 0.08394955660937609 0.0006467064447387705
24.666666666666668 -0.02587314839628213 0.0006136305650881642
24.7 -0.1394498471605173 0.000674601879059461
24.733333333333334 -0.24614285826730903 0.0007222968668483265
24.766666666666666 -0.34740852345968687 0.0007614254002519805
24.8 -0.43696262723101825 0.0007914095409850552
24.833333333333332 -0.5176709788336005 0.0008122155185127378
24.866666666666667 -0.5857991852175473 0.0008250955365963764
24.9 -0.6408624787150046 0.0008341628564475512
24.933333333333334 -0.6769368127266233 0.00083951023152673
24.966666666666665 -0.6974998675056211 0.0008412871910712383
25.0 -0.6999122778889723 0.0008426893329190888
25.033333333333335 -0.6843193091559856 0.0008424938739172161
25.066666666666666 -0.6525105600003017 0.0008380187101590941
25.1 -0.6019567485803541 0.0008292275953608597
25.133333333333333 -0.5372727434418818 0.0008190063241831913
25.166666666666668 -0.4567839105305727 0.0007997908884403437
25.2 -0.36528835218003175 0.0007715046749835475
25.233333333333334 -0.26363556708567154 0.0007322700425205775
25.266666666666666 -0.15255201588930462 0.0006832197340836954
25.3 -0.04261448893250339 0.0006243815348867393
25.333333333333332 0.0686247249538705 0.0006393034855163848
25.366666666666667 0.1789672947475512 0.0006927978818883351
25.4 0.2835903669726933 0.0007402434593019591
25.433333333333334 0.38020286009161197 0.0007744213091270824
25.466666666666665 0.46590929338752457 0.0008003600988596982
25.5 0.5409967168710619 0.00081819364065705
25.533333333333335 0.6012003130407291 0.0008284790856096791
25.566666666666666 0.6474527848629967 0.0008355672225190958
25.6 0.6757272543204922 0.0008391587104557008
25.633333333333333 0.6867287164062484 0.0008413277154132315
25.666666666666668 0.6807967664915489 0.0008420080551541087
25.7 0.6584789658082123 0.0008392483682676533
25.733333333333334 0.6178299664082945 0.0008339579103501249
25.766666666666666 0.5617545231580378 0.0008255982566466313
25.8 0.48886883462973013 0.0008089881037626756
25.833333333333332 0.4021414530939513 0.0007846424566654298
25.866666666666667 0.30555815117365315 0.0007507241415352639
25.9 0.2010702781106855 0.0007081346585057768
25.933333333333334 0.09167591299258948 0.0006505089468911845
25.966666666666665 -0.021900774980359212 0.0006114355034440161
26.0 -0.13122366036739544 0.0006688714948490937
26.033333333333335 -0.23827341289098097 0.0007191757678672583
26.066666666666666 -0.3360180624414344 0.0007585514323607545
26.1 -0.4273879735647598 0.0007904278896348482
26.133333333333333 -0.5076954794734926 0.000810964602157016
26.166666666666668 -0.575785916675605 0.0008237720679915572
26.2 -0.6289616685814007 0.0008323218770142082
26.233333333333334 -0.665955096325577 0.0008373960771167477
26.266666666666666 -0.6873380830166965 0.0008393225880767297
26.3 -0.6898747448493471 0.0008402881807846319
26.333333333333332 -0.6745782584244406 0.0008394880282726058
26.366666666666667 -0.6453159209331519 0.0008369603809141868
26.4 -0.5960333126125275 0.0008300729737479307
26.433333333333334 -0.5322608753084928 0.0008197027618020991
26.466666666666665 -0.4543617241809038 0.0007984411339849729
26.5 -0.36462339029192686 0.0007746084896296246
26.533333333333335 -0.26788140263923615 0.0007352770720132074
26.566666666666666 -0.15894122985353867 0.0006853146246104114
26.6 -0.045953573456928506 0.000625090900941136
26.633333333333333 0.06193005999146749 0.0006331050819172734
26.666666666666668 0.1733436271742068 0.0006907817678780959
26.7 0.2743294805482651 0.0007362231643721628
26.733333333333334 0.3705686071975277 0.000773129897812419
26.766666666666666 0.45684288410253254 0.0007991429698729902
26.8 0.5320109782963848 0.0008146237850988891
26.833333333333332 0.5913406234143431 0.0008257018904850311
26.866666666666667 0.636580927927749 0.0008331299387027702
26.9 0.6646302005461384 0.0008365654590832827
26.933333333333334 0.6765780241449304 0.000839165387730989
26.966666666666665 0.6716804801242079 0.0008413220333054472
27.0 0.6489176830719341 0.000838735127147161
27.033333333333335 0.6091634072102238 0.0008321157222375142
27.066666666666666 0.5536839352216288 0.0008236055387935703
27.1 0.4831709326975492 0.000807645674970936
27.133333333333333 0.3993887493523468 0.0007855159511852561
27.166666666666668 0.30344797729147294 0.0007522441393126855
27.2 0.20296218724167053 0.000707758409203868
27.233333333333334 0.09383839375167406 0.0006514187711755964
27.266666666666666 -0.017643076479863226 0.0006081043535838271
27.3 -0.12590097934044264 0.0006680113720244352
27.333333333333332 -0.22873046485857979 0.0007167018560240157
27.366666666666667 -0.32861519868162314 0.0007584216900956564
27.4 -0.4194984835278203 0.0007852025384337824
27.433333333333334 -0.4987839104489549 0.000809516337455296
27.466666666666665 -0.5661054665530453 0.0008202197081779161
27.5 -0.6190898383685539 0.0008306862567998285
27.533333333333335 -0.6560013250115277 0.0008364354152311515
27.566666666666666 -0.6771694537493231 0.0008384400237426703
27.6 -0.6805641313575813 0.000839499848429015
27.633333333333333 -0.6672276286957266 0.0008400757727162755
27.666666666666668 -0.6371742328567513 0.0008354701448570756
27.7 -0.5884229607314122 0.0008299081265492614
27.733333333333334 -0.5261173327758062 0.0008172484483488507
27.766666666666666 -0.4482196983358474 0.0007980024257880358
27.8 -0.36236808181620983 0.0007726407072380925
27.833333333333332 -0.26455984761445783 0.0007346427236770148
27.866666666666667 -0.16065842111939424 0.0006855894628222947
27.9 -0.047853854056420356 0.000626211676834243
27.933333333333334 0.061574583427513964 0.0006345700556320208
27.966666666666665 0.16817616734441118 0.0006887894193159938
28.0 0.26879442506212564 0.0007351341861612792
28.033333333333335 0.36388398160242 0.0007667776496541046
28.066666666666666 0.4494954879656923 0.0007940279762745361
28.1 0.5222031536348894 0.0008135577156110907
28.133333333333333 0.583193000298784 0.0008250492207164672
28.166666666666668 0.6283868975750041 0.0008316786402892129
28.2 0.6566775782460192 0.0008357547046538016
28.233333333333334 0.6681586180728426 0.0008366928495548986
28.266666666666666 0.6625444140555012 0.0008376866719767007
28.3 0.6400560570485925 0.0008352593336850012
28.333333333333332 0.600778274528835 0.0008304906653197053
28.366666666666667 0.5447186331035405 0.0008215598150974612
28.4 0.4759931586264033 0.0008061464172357535
28.433333333333334 0.3938008216308859 0.000781897107927032
28.466666666666665 0.3011136319161749 0.0007495414022750113
28.5 0.19537611452600856 0.0007027631560836967
28.533333333333335 0.09502692832426936 0.0006522230031028725
28.566666666666666 -0.017721474232619605 0.0006094093466315759
28.6 -0.12587554130729167 0.000666949173910858
28.633333333333333 -0.22938746675738908 0.0007170622135468652
28.666666666666668 -0.3260474500028655 0.0007536655695519201
28.7 -0.41356530164254823 0.0007851423368100963
28.733333333333334 -0.493878466888892 0.0008078272550866017
28.766666666666666 -0.5601287156646414 0.0008192150993252545
28.8 -0.6101453196203166 0.0008291513765228409
28.833333333333332 -0.6472269490166164 0.0008337872476330555
28.866666666666667 -0.6675707218004916 0.000838755566739402
28.9 -0.6712857777254991 0.0008384270920007708
28.933333333333334 -0.6577730863413934 0.0008373068449714083
28.966666666666665 -0.6262283653797832 0.0008326180430260344
29.0 -0.5795845967208554 0.0008268112479205003
29.033333333333335 -0.5185887941946447 0.0008137038983558886
29.066666666666666 -0.44116873584707633 0.0007958100507299282
29.1 -0.3549604990227714 0.0007682996538987963
29.133333333333333 -0.2562641920642244 0.0007301917306326011
29.166666666666668 -0.15475850420796014 0.0006822476198480865
29.2 -0.04808217804311633 0.0006256901906965817
29.233333333333334 0.061601034630448914 0.0006320675008383431
29.266666666666666 0.16748216030426924 0.0006877387772270815
29.3 0.26602554839928017 0.0007324364297311425
29.333333333333332 0.36263207049151264 0.0007677376449269357
29.366666666666667 0.44418814973457077 0.0007947756121609029
29.4 0.5168180352264982 0.0008141278220960002
29.433333333333334 0.5747613804480307 0.0008256720179184995
29.466666666666665 0.6191651326432291 0.0008317440051968106
29.5 0.6446367140730933 0.0008335785186894817
29.533333333333335 0.6577374815861344 0.000837189125299953
29.566666666666666 0.6520613681369225 0.0008369642521879328
29.6 0.6293311232717149 0.0008350332996341914
29.633333333333333 0.5906503854270664 0.0008316080618903099
29.666666666666668 0.5348793012789889 0.0008207033791037821
29.7 0.4650979786173303 0.0008048784486952565
29.733333333333334 0.3837032325533236 0.0007788585200337872
29.766666666666666 0.2928319965394959 0.0007467073410919456
29.8 0.19387644241944163 0.0007018655271466834
29.833333333333332 0.08956729737696134 0.00064678792177221
29.866666666666667 -0.020554889857142895 0.0006108026135614522
29.9 -0.12716494555149543 0.0006682454805307381
29.933333333333334 -0.23030185320801247 0.0007153496631438772
29.966666666666665 -0.32619433156696315 0.0007566224385477938
30.0 -0.4123272436931975 0.0007857982617900938
30.033333333333335 -0.4881735525450899 0.0008051289804320017
30.066666666666666 -0.5536693953620475 0.0008212294818857879
30.1 -0.6043297433411354 0.0008275415700270683
30.133333333333333 -0.6389800361099713 0.0008346224878396091
30.166666666666668 -0.6589423721072213 0.0008364888788290337
30.2 -0.6619021659799534 0.0008379822337480913
30.233333333333334 -0.6475127320238443 0.0008367023860426093
30.266666666666666 -0.6150210928652646 0.0008321198682054165
30.3 -0.5675508271216474 0.0008248623655581211
30.333333333333332 -0.5061074158256397 0.0008125139373772461
30.366666666666667 -0.4318795993950036 0.0007919316754387284
30.4 -0.34568090295267306 0.0007641234323228496
30.433333333333334 -0.24869448764577567 0.0007271803160995849
30.466666666666665 -0.1474140787709655 0.0006799385918579148
30.5 -0.043135758622449505 0.0006241918255951301
30.533333333333335 0.06465426828394753 0.000634992559334413
30.566666666666666 0.17123729982483862 0.000689599816690728
30.6 0.27106155310460933 0.0007342931640498263
30.633333333333333 0.3627100965978182 0.000767668963506718
30.666666666666668 0.4429873797689166 0.0007949668491251671
30.7 0.5127729977219899 0.0008122757247855938
30.733333333333334 0.5706878837036788 0.0008243097516552611
30.766666666666666 0.6124796404582531 0.0008303632289566876
30.8 0.6386199907408338 0.0008314575603896035
30.833333333333332 0.6485187618626624 0.0008355484202127172
30.866666666666667 0.6422917421062369 0.0008352023577848922
30.9 0.6198125112524182 0.0008341872219422841
30.933333333333334 0.5794685720843686 0.0008267668130419459
30.966666666666665 0.524704369614922 0.0008176991797966826
31.0 0.45090521507542025 0.0007999685514755162
31.033333333333335 0.37270331679824287 0.0007741097832637545
31.066666666666666 0.28061451785659164 0.000740357627844912
31.1 0.18212625155455703 0.000696008844683127
31.133333333333333 0.08035880666818322 0.0006445705777075872
31.166666666666668 -0.023200367020931166 0.000612267339108942
31.2 -0.1319671328952601 0.0006727177509820992
31.233333333333334 -0.23121429369110855 0.0007174398231426238
31.266666666666666 -0.32560900239874613 0.0007542525849088544
31.3 -0.41223424274736653 0.0007842373803497726
31.333333333333332 -0.48912935133428737 0.0008059918005516864
31.366666666666667 -0.5508785451396545 0.0008183874558013171
31.4 -0.5986124431130194 0.0008294749878637875
31.433333333333334 -0.632632916220968 0.0008330928612495514
31.466666666666665 -0.6509060025348723 0.0008361748410924408
31.5 -0.6522614863710601 0.000837165066097767
31.533333333333335 -0.6361623023231712 0.0008345119368627918
31.566666666666666 -0.6047129607353384 0.000830452655265046
31.6 -0.5554002249638123 0.0008225773072573217
31.633333333333333 -0.4922444126309683 0.0008100768192626506
31.666666666666668 -0.4172755181220853 0.0007899541433034618
31.7 -0.3302791532219655 0.0007586164189294364
31.733333333333334 -0.23696044305540798 0.0007218898560880371
31.766666666666666 -0.13568434590082162 0.0006750046036822221
31.8 -0.030991370193541905 0.0006171428528513011
31.833333333333332 0.07083936132957715 0.0006390978047791096
31.866666666666667 0.17550412891259715 0.0006935159192799634
31.9 0.2729688391760116 0.0007334972450266375
31.933333333333334 0.36486400376514777 0.0007696005839067932
31.966666666666665 0.4434874988410887 0.0007928542267345295
32.0 0.5127719470187287 0.0008122874534720603
32.03333333333333 0.565487938802535 0.0008223519104572086
32.06666666666667 0.6058931208413678 0.000828394031684665
32.1 0.6306499411695593 0.0008319019969723618
32.13333333333333 0.6386251715763713 0.0008323311414405454
32.166666666666664 0.631302508054111 0.0008339806216800527
32.2 0.6083085330601441 0.0008321856985654685
32.233333333333334 0.5671203343950025 0.000824780784096979
32.266666666666666 0.5102196534197984 0.0008137884793216754
32.3 0.44016250962256764 0.000797363875807755
32.333333333333336 0.3588995993645722 0.0007702479555588559
32.36666666666667 0.26539249130158216 0.0007345962447618537
32.4 0.17055961565860475 0.0006901774159469021
32.43333333333333 0.06644458176831104 0.0006360971000298338
32.46666666666667 -0.03562656759471107 0.0006186403624506634
32.5 -0.14104209452503533 0.0006742254176388407
32.53333333333333 -0.2389807002735668 0.000720967342315193
32.56666666666667 -0.3318350473825973 0.0007583412648213828
32.6 -0.4132347432457778 0.0007830810181798653
32.63333333333333 -0.48789399050140636 0.0008046921894055425
32.666666666666664 -0.5492708477466817 0.0008186155963495478
32.7 -0.5958020886852301 0.000828338684326746
32.733333333333334 -0.6254702101957615 0.0008319551829665262
32.766666666666666 -0.6418883738894439 0.0008351200766332223
32.8 -0.6415728271498505 0.0008355899917532605
32.833333333333336 -0.6250184587406976 0.0008338989800733554
32.86666666666667 -0.5927494603799067 0.000830135404220167
32.9 -0.5417503430563406 0.0008220607190790874
32.93333333333333 -0.4790809902578328 0.000804809696362041
32.96666666666667 -0.40166281962559597 0.0007820219060201694
33.0 -0.31701078687197826 0.0007540286381285677
33.03333333333333 -0.22130738596142585 0.000713705514294477
33.06666666666667 -0.12138032421901347 0.0006660748886240658
33.1 -0.016964340608298312 0.0006076866165115463
33.13333333333333 0.0845217652205338 0.0006472608656385576
33.166666666666664 0.1827001504517522 0.000697053036040951
33.2 0.2792419243632302 0.0007388749541828443
33.233333333333334 0.36895031106398446 0.0007712234607243351
33.266666666666666 0.44810752036642565 0.0007963082564951818
33.3 0.512264933673111 0.0008088605890059775
33.333333333333336 0.5648321321688283 0.0008216118036133979
33.36666666666667 0.6020159912534166 0.0008276497730507204
33.4 0.6236460076686379 0.0008324566319690696
33.43333333333333 0.6299503904986729 0.0008351803613314557
33.46666666666667 0.6214377651919619 0.0008334617317941051
33.5 0.5942873212649147 0.0008312242651321577
33.53333333333333 0.5524673438079569 0.0008231011341908179
33.56666666666667 0.4941979231222947 0.0008130176636916842
33.6 0.4256817496907886 0.0007944873056842106
33.63333333333333 0.34226695157176645 0.0007661735496322097
33.666666666666664 0.25113101225979945 0.0007271907743615635
33.7 0.15382817651169037 0.0006838033207425542
33.733333333333334 0.05359700831245789 0.0006291562031193673
33.766666666666666 -0.04969575774833307 0.0006281459158485048
33.8 -0.14855913976956178 0.0006792789266433508
33.833333333333336 -0.24709319961859985 0.0007250184831883444
33.86666666666667 -0.3362593916543903 0.00076018916844528
33.9 -0.4195181784702261 0.0007866529233705455
33.93333333333333 -0.4900202209145534 0.0008052061267005972
33.96666666666667 -0.5480270085162887 0.0008184433999008922
34.0 -0.591770052037937 0.0008275107415934846
34.03333333333333 -0.6204707977380677 0.0008318319273230568
34.06666666666667 -0.6327636865385536 0.0008351084198398029
34.1 -0.6304785167576022 0.0008348755496565552
34.13333333333333 -0.6125914397040955 0.0008317618430921936
34.166666666666664 -0.5781717690873596 0.0008271409567144339
34.2 -0.5267981550871715 0.0008180851791553811
34.233333333333334 -0.46333258710788633 0.00080139676325508
34.266666666666666 -0.38513086687500614 0.0007785094973887796
34.3 -0.2987570653519675 0.0007462317586129918
34.333333333333336 -0.20508971540896478 0.0007085103799028825
34.36666666666667 -0.10649102566985216 0.0006575969650621238
34.4 -0.0022732703855820975 0.0005987932562154302
34.43333333333333 0.09773946114203627 0.0006521992322886944
34.46666666666667 0.19628924587729205 0.0007015649183659822
34.5 0.2895394103789297 0.0007409655685334249
34.53333333333333 0.37300411604203 0.0007719088195765611
34.56666666666667 0.44879441092819317 0.000794611304756776
34.6 0.5137993487057004 0.0008128554980291192
34.63333333333333 0.5633161471687453 0.0008212237120096555
34.666666666666664 0.5989156751138474 0.0008282359297920872
34.7 0.6173272534211628 0.0008322290987089476
34.733333333333334 0.6217198054345633 0.0008322393440208797
34.766666666666666 0.6093984721828186 0.000832817154278187
34.8 0.5805474531639756 0.0008258189889528422
34.833333333333336 0.5380018355026522 0.0008194487097492598
34.86666666666667 0.4790195500114735 0.0008065161598014847
34.9 0.40912604405613023 0.0007859707597017707
34.93333333333333 0.32617570274965907 0.0007585698529576912
34.96666666666667 0.22985600016952054 0.0007186400425074069
35.0 0.13765561784858352 0.0006756404940920502
35.03333333333333 0.03557598314591625 0.00061955535085189
35.06666666666667 -0.06440538466797623 0.0006355156296733028
35.1 -0.16568278272030154 0.0006857995427127506
35.13333333333333 -0.2571264593652228 0.0007291354864920607
35.166666666666664 -0.34717179898186307 0.0007624504340270621
35.2 -0.4238994613687598 0.0007870587409163909
35.233333333333334 -0.49360274874525056 0.0008058340093510807
35.266666666666666 -0.5486964012703573 0.0008187663660538247
35.3 -0.5899536506371221 0.0008269311757014286
35.333333333333336 -0.615899509729693 0.0008306789756118427
35.36666666666667 -0.6259893086929232 0.0008329085872359476
35.4 -0.6212927862482317 0.0008329975991163696
35.43333333333333 -0.5994450023258664 0.0008298655553233836
35.46666666666667 -0.5620466037420211 0.0008236763852952356
35.5 -0.5109699338557866 0.0008143946440133387
35.53333333333333 -0.445498294828867 0.0007975012212044774
35.56666666666667 -0.36651710435563645 0.0007726796529434199
35.6 -0.27973511979959803 0.0007399682480255798
35.63333333333333 -0.18554431815032918 0.0006981582137484121
35.666666666666664 -0.08776659438828174 0.0006484288051690906
35.7 0.014049685230339655 0.0006067069844837378
35.733333333333334 0.11281198992292851 0.0006584940818022827
35.766666666666666 0.2051032701096753 0.0007072123379011641
35.8 0.2991942902560204 0.0007455192200122029
35.833333333333336 0.3831777454037284 0.0007738730901004631
35.86666666666667 0.4537421731135903 0.000797768673472532
35.9 0.5154216083358747 0.0008125061707716652
35.93333333333333 0.5624480316635848 0.0008218921237312937
35.96666666666667 0.5935967941489272 0.000826910023959293
36.0 0.6108258945441158 0.0008314351095869421
36.03333333333333 0.6116202050559226 0.0008313054896177396
36.06666666666667 0.5953447045915646 0.000831095847151575
36.1 0.567109668751614 0.0008251668647458743
36.13333333333333 0.520654661152949 0.0008145557761234379
36.166666666666664 0.4616267834412946 0.0008001794978856891
36.2 0.38825336351464856 0.0007803241856286225
36.233333333333334 0.30535896270576146 0.0007511876586145938
36.266666666666666 0.2112437147730672 0.000711760179343629
36.3 0.11566690017250857 0.0006634536180626094
36.333333333333336 0.01664794681603019 0.0006062578907280354
36.36666666666667 -0.0829181725651618 0.0006436229119779341
36.4 -0.1781114750863098 0.0006924179497712069
36.43333333333333 -0.27121112656193513 0.0007366012095161301
36.46666666666667 -0.35693669347090634 0.0007694053322043759
36.5 -0.4311931066829013 0.0007889921284244816
36.53333333333333 -0.4988565986109554 0.0008074445521786267
36.56666666666667 -0.5508127555045108 0.0008192260174598731
36.6 -0.5881562757514723 0.0008265221930201516
36.63333333333333 -0.6111317222035001 0.0008306565975203517
36.666666666666664 -0.6185885992583932 0.0008319276973938194
36.7 -0.6101676547702587 0.0008316802221067787
36.733333333333334 -0.5861397634815262 0.0008291974040924854
36.766666666666666 -0.5464447695993028 0.0008212312195620131
36.8 -0.49488728683528166 0.0008098454735985805
36.833333333333336 -0.4268533463846567 0.0007929705392012432
36.86666666666667 -0.34860542814893375 0.0007657962141248698
36.9 -0.2606093241730039 0.0007329038877967875
36.93333333333333 -0.16514752748799294 0.0006893574292658466
36.96666666666667 -0.066960753286556 0.0006381157350569405
37.0 0.03259512524923961 0.0006177283459803812
37.03333333333333 0.13331605601206742 0.0006715087088192129
37.06666666666667 0.22538885378370896 0.0007160042871468542
37.1 0.31448182168500305 0.0007528524901747602
37.13333333333333 0.3916433513598107 0.000777178547048174
37.166666666666664 0.4626523616345952 0.0007985301103166087
37.2 0.5183622790438048 0.0008128076396479722
37.233333333333334 0.5612265707698455 0.0008220768185766003
37.266666666666666 0.5911658733425164 0.0008273203327205936
37.3 0.6037836437678794 0.0008290470723117949
37.333333333333336 0.6022586968900561 0.000829654106315858
37.36666666666667 0.5841700073409497 0.0008273680040767895
37.4 0.5498015638132984 0.0008230341231456606
37.43333333333333 0.5035511642202526 0.0008118617464264455
37.46666666666667 0.4411129097226398 0.0007968946164330637
37.5 0.3676138080091506 0.0007755716674996971
37.53333333333333 0.2842275697871643 0.0007432018451893896
37.56666666666667 0.19212893351915256 0.0007016481605488234
37.6 0.09413646521901863 0.0006504771836229745
37.63333333333333 -0.005056287926249538 0.0006022589602294659
37.666666666666664 -0.10283606846051149 0.0006569786601478278
37.7 -0.19619396110829368 0.0007017801386973166
37.733333333333334 -0.2858936011012778 0.0007386513654272786
37.766666666666666 -0.3671537421207035 0.0007696395792847199
37.8 -0.4413900855981921 0.000793682989964295
37.833333333333336 -0.5048543643225828 0.0008099043394748096
37.86666666666667 -0.5518092178271833 0.0008202493248022913
37.9 -0.5863452064643562 0.0008260259825769722
37.93333333333333 -0.6068935977520954 0.0008309326554890584
37.96666666666667 -0.610692648244516 0.0008315919257229076
38.0 -0.5994301165397138 0.0008321213148418938
38.03333333333333 -0.5712757909607796 0.0008262999261050563
38.06666666666667 -0.5290529666573875 0.0008171264195917516
38.1 -0.47282337049340806 0.0008040823523118301
38.13333333333333 -0.40275786790293017 0.0007844432288459102
38.166666666666664 -0.3232752957765389 0.0007602624632983002
38.2 -0.23779870856577323 0.0007221415532082387
38.233333333333334 -0.14232178860413483 0.0006760066815969801
38.266666666666666 -0.04287517435612752 0.0006234530984704709
38.3 0.053665489252740894 0.0006278452247817576
38.333333333333336 0.14982280179737545 0.000680404469218604
38.36666666666667 0.24252557328548197 0.0007239009071640379
38.4 0.3272200560956172 0.000755803552773604
38.43333333333333 0.4053647180623173 0.0007818209836769618
38.46666666666667 0.4691367380491604 0.0007989688430928843
38.5 0.5210793487668162 0.0008124134268759908
38.53333333333333 0.5617005317037713 0.0008207962778824518
38.56666666666667 0.5856044191622194 0.0008249201559658026
38.6 0.5961529195183106 0.0008287843479217738
38.63333333333333 0.5908269114015937 0.0008279645816479109
38.666666666666664 0.5711038964790047 0.000825710552732728
38.7 0.5338044534388809 0.000819214252346212
38.733333333333334 0.4831675798350764 0.0008068908937222119
38.766666666666666 0.42088605814280716 0.0007902743033182946
38.8 0.34444808398029203 0.0007667087053498944
38.833333333333336 0.2601935172212117 0.0007333731189789194
38.86666666666667 0.16859555091265177 0.0006886725760301138
38.9 0.07061635447764855 0.0006389749366608882
38.93333333333333 -0.02628479416985943 0.0006142844894311134
38.96666666666667 -0.12367652286315131 0.0006661882312745948
39.0 -0.2166257857330944 0.0007123459438688196
39.03333333333333 -0.3028742065912818 0.000746765143476491
39.06666666666667 -0.38096722206369343 0.0007749129279279177
39.1 -0.4522960927277988 0.0007970960100069924
39.13333333333333 -0.5084167575871966 0.0008109687510817754
39.166666666666664 -0.5523469258486374 0.0008195073232568628
39.2 -0.5836692941952915 0.0008260493281484482
39.233333333333334 -0.5989153506043727 0.0008292683840374071
39.266666666666666 -0.5999847239237611 0.0008308191608072946
39.3 -0.5844361445785863 0.000829611573051614
39.333333333333336 -0.553446826803165 0.0008230367185509957
39.36666666666667 -0.5094216908462021 0.000813166876263316
39.4 -0.4511282090606913 0.0007987187177515009
39.43333333333333 -0.378873521668155 0.0007762860764211621
39.46666666666667 -0.2986233329833098 0.0007476905060166961
39.5 -0.21137168819581342 0.0007095278511385361
39.53333333333333 -0.11748653429101459 0.0006630631647158852
39.56666666666667 -0.02034494440742941 0.000611437985371624
39.6 0.07711178373773682 0.0006427936042484456
39.63333333333333 0.1699609914616522 0.0006894878063828935
39.666666666666664 0.25807358392577107 0.0007282575642780231
39.7 0.34126253635171216 0.0007623356200590625
39.733333333333334 0.41409687887962726 0.0007853516545192063
39.766666666666666 0.4770272422786832 0.0008037926238468884
39.8 0.5273163401975461 0.0008147360479466847
39.833333333333336 0.5618518221862705 0.0008227768696588145
39.86666666666667 0.5822308198881851 0.0008273844861205193
39.9 0.5877032104217914 0.0008288179676855245
39.93333333333333 0.5795385103234632 0.0008272860886104905
39.96666666666667 0.5543397368443324 0.0008236306286778516
40.0 0.5155472695000066 0.0008144604927909915
40.03333333333333 0.46089291965521145 0.0008020333051774742
40.06666666666667 0.39618460312568915 0.0007858157713499514
40.1 0.3196319265978123 0.0007575065760216937
40.13333333333333 0.2311119940699133 0.0007207294768655781
40.166666666666664 0.1418159303889807 0.0006773558454363504
40.2 0.04625750152510876 0.0006240894180058326
40.233333333333334 -0.051832476388076636 0.0006265989484753806
40.266666666666666 -0.14614516182921466 0.0006775448596006151
40.3 -0.23775738406066635 0.0007203093023719631
40.333333333333336 -0.32081729568549416 0.0007524979827771561
40.36666666666667 -0.39646086587338825 0.0007769551743704861
40.4 -0.4615640562887415 0.0007986181015039451
40.43333333333333 -0.5148800059806218 0.0008117809037146984
40.46666666666667 -0.5552280050195538 0.0008214072351305779
40.5 -0.5817192541784667 0.0008255415211929629
40.53333333333333 -0.594058375293216 0.0008280894294091512
40.56666666666667 -0.589797956171824 0.0008281132029022142
40.6 -0.5696222156145958 0.000825282091860613
40.63333333333333 -0.5359429886789865 0.0008188669654196623
40.666666666666664 -0.487464019424216 0.0008081287124883096
40.7 -0.42572222762053524 0.0007909332507756717
40.733333333333334 -0.3551724014116625 0.0007681341959121513
40.766666666666666 -0.27340025023578984 0.0007382731041693513
40.8 -0.18312619861690715 0.0006980830891388512
40.833333333333336 -0.08983162378246758 0.0006494593574794816
40.86666666666667 0.004552201652090824 0.0006006935503141131
40.9 0.0990385038132531 0.0006536952714318173
40.93333333333333 0.19328419261490187 0.000700129714126696
40.96666666666667 0.279442135717284 0.000736342699968584
41.0 0.3595104686773212 0.0007676732183568014
41.03333333333333 0.4275573359734194 0.0007889870019405221
41.06666666666667 0.4844159400700685 0.0008055513196040254
41.1 0.529445476924754 0.0008163214617437076
41.13333333333333 0.5607139994069623 0.0008237626131896159
41.166666666666664 0.5776650383984632 0.0008252518809496179
41.2 0.5789035740472228 0.0008280395638593507
41.233333333333334 0.5672486699775279 0.0008242393413916416
41.266666666666666 0.5380389772806997 0.0008193450788241963
41.3 0.49536426391508237 0.0008106174871833072
41.333333333333336 0.43851717540386487 0.0007952062361750167
41.36666666666667 0.37015350855671797 0.0007738928819309154
41.4 0.2924406927260567 0.0007457238661057186
41.43333333333333 0.2048294692099256 0.0007097508711769174
41.46666666666667 0.11299015599694681 0.0006611365838138233
41.5 0.021397865573919886 0.0006113038751537174
41.53333333333333 -0.07470728306260575 0.000639468812561772
41.56666666666667 -0.1677278871061479 0.0006886220860571612
41.6 -0.2578740084724297 0.0007301795129956434
41.63333333333333 -0.33870402993746523 0.0007597287382057338
41.666666666666664 -0.4098684443931399 0.0007840966280988626
41.7 -0.4720993696067398 0.0008018955702565056
41.733333333333334 -0.5217943619427347 0.0008133829129891579
41.766666666666666 -0.5565894456137984 0.0008218133023537577
41.8 -0.5785655860497056 0.0008262561863821016
41.833333333333336 -0.5865039753375688 0.0008282779247182903
41.86666666666667 -0.5786236402374725 0.0008269743979824051
41.9 -0.5554010380062028 0.0008231779710654585
41.93333333333333 -0.5172599776234965 0.0008156268348604723
41.96666666666667 -0.46642834582083237 0.0008027787770695238
42.0 -0.40139968849773155 0.000784592898950387
