0.0 -0.8789721866633493 0.0008382233096188019
0.03333333333333333 -0.9266785747871856 0.0008336940281878924
0.06666666666666667 -0.9518982094231604 0.0008312468778519655
0.1 -0.9554627246725245 0.0008331361346299859
0.13333333333333333 -0.9375849901935689 0.0008350532245965381
0.16666666666666666 -0.8962369482122204 0.0008406480011368123
0.2 -0.8317867187833826 0.0008424405233354859
0.23333333333333334 -0.7443909833787248 0.0008423956063762228
0.26666666666666666 -0.6402751839089014 0.0008348902349764042
0.3 -0.5147913900613802 0.0008096993357017412
0.3333333333333333 -0.38392541081326437 0.0007750831866086272
0.36666666666666664 -0.2375451430413478 0.000717714076374415
0.4 -0.09182497486958184 0.0006468608675807702
0.43333333333333335 0.058064423097072396 0.0006298348061758718
0.4666666666666667 0.20779817620232552 0.0007044102642180528
0.5 0.34653326736108697 0.0007644010638436227
0.5333333333333333 0.4803290435441643 0.000803992871171888
0.5666666666666667 0.601652006178282 0.0008279519694465165
0.6 0.7032610189397853 0.0008385244341688747
0.6333333333333333 0.7906579820783257 0.0008423385516337367
0.6666666666666666 0.8599066318971821 0.0008409550538156507
0.7 0.9081105464274944 0.0008388137513921645
0.7333333333333333 0.9340468306553523 0.0008368501627734615
0.7666666666666667 0.9388359540976853 0.000835358223915561
0.8 0.9217274748945923 0.0008385495000207133
0.8333333333333334 0.8811394288408966 0.0008447955076176239
0.8666666666666667 0.8183251769778538 0.0008477342016982581
0.9 0.7328585255403463 0.0008461286045079452
0.9333333333333333 0.6273719834397506 0.0008340383759029013
0.9666666666666667 0.5113698924619794 0.0008153090542757369
1.0 0.37888260282324066 0.0007792982388894476
1.0333333333333334 0.23312506842514658 0.00071742071235123
1.0666666666666667 0.0862073549948934 0.0006441543635802849
1.1 -0.06194227588377915 0.0006306777265532165
1.1333333333333333 -0.20886388248646506 0.0007049981390805926
1.1666666666666667 -0.34807191621909633 0.0007613132535340128
1.2 -0.4777275154746881 0.0008018673334496684
1.2333333333333334 -0.5971571341450391 0.0008279578164471779
1.2666666666666666 -0.7015885321654467 0.0008382556692327903
1.3 -0.7894859111630603 0.0008405566991066538
1.3333333333333333 -0.8565217366865944 0.0008400420375097584
1.3666666666666667 -0.905837980694064 0.0008352878579874767
1.4 -0.9330820730037577 0.0008321537253122013
1.4333333333333333 -0.9387260850209255 0.0008332382423473783
1.4666666666666666 -0.9219415355240798 0.0008346836653430056
1.5 -0.8832517395402257 0.0008400074894606702
1.5333333333333334 -0.8220732157918246 0.0008434434047824846
1.5666666666666667 -0.7393312669483049 0.0008417147285244564
1.6 -0.6347951811673493 0.0008344541526288385
1.6333333333333333 -0.5165250957203966 0.000813914444178887
1.6666666666666667 -0.3865212239545752 0.0007780646210306386
1.7 -0.24537700947288923 0.0007235392255452722
1.7333333333333334 -0.10001232257426547 0.0006534155374913198
1.7666666666666666 0.04805246115737292 0.0006225505371134227
1.8 0.19245018585179433 0.000700800490973652
1.8333333333333333 0.33446170551785276 0.0007614410285591844
1.8666666666666667 0.46208466090358885 0.0008001371290043968
1.9 0.5812914888166422 0.0008247152372869992
1.9333333333333333 0.6859533193508428 0.0008378440907225171
1.9666666666666666 0.7737265362938693 0.0008429146566342194
2.0 0.8414146233136778 0.0008409769911562615
2.033333333333333 0.8892069370696761 0.0008379569433853984
2.066666666666667 0.9160371495170236 0.000836986341236523
2.1 0.9217797578187417 0.0008370770575165665
2.1333333333333333 0.9050282805231239 0.0008386709606250653
2.1666666666666665 0.8682789953098637 0.0008417861530152226
2.2 0.8072842251383473 0.0008439671261539772
2.2333333333333334 0.7231686020675024 0.000845768043724271
2.2666666666666666 0.6193123650334338 0.0008340724272377642
2.3 0.5062589964074227 0.000811560028526559
2.3333333333333335 0.3732961441160204 0.0007757451729659692
2.3666666666666667 0.2345902174168146 0.0007213248724720345
2.4 0.0885735629314028 0.0006478744902857908
2.433333333333333 -0.05664119814829579 0.0006304070985443527
2.466666666666667 -0.20128352943343888 0.0007026169312592256
2.5 -0.33613059981357707 0.0007598524306369203
2.533333333333333 -0.4658234740165941 0.0007982059533674923
2.566666666666667 -0.5829151845145086 0.0008219943587789436
2.6 -0.6866141986816187 0.000837950150569311
2.6333333333333333 -0.7739591597119165 0.0008410139697819785
2.6666666666666665 -0.8404735300858092 0.0008403590620630341
2.7 -0.8893421005765457 0.0008353511765725186
2.7333333333333334 -0.9159694021092994 0.0008335142548773211
2.7666666666666666 -0.9220815930949094 0.0008333520119307991
2.8 -0.9058608626544719 0.0008355677844258391
2.8333333333333335 -0.8676267005125426 0.0008384212760249588
2.8666666666666667 -0.8072222828504613 0.0008415551127832765
2.9 -0.7232295071686508 0.0008410358539323592
2.933333333333333 -0.6264684137479536 0.0008305915457559321
2.966666666666667 -0.5072948695498336 0.0008088710227691642
3.0 -0.37765546237603 0.0007727979980823307
3.033333333333333 -0.2403441111566729 0.0007221694259100242
3.066666666666667 -0.09782627251900747 0.0006525622161838718
3.1 0.04368475989498828 0.0006205176556308492
3.1333333333333333 0.1892233388187182 0.0006968369437113653
3.1666666666666665 0.32264769558555556 0.000756717591365974
3.2 0.45493030787872984 0.0007987680418140575
3.2333333333333334 0.5702181441255574 0.000826743175873057
3.2666666666666666 0.6746154825575864 0.0008407798903407038
3.3 0.757261487117391 0.0008463086488587068
3.3333333333333335 0.824288255863868 0.0008452644495725581
3.3666666666666667 0.8737351907262727 0.0008417045301252202
3.4 0.9008548308440638 0.0008403373052797702
3.433333333333333 0.9059823759402613 0.0008393336116619965
3.466666666666667 0.8904191376971086 0.0008408257500853722
3.5 0.8516218364438592 0.0008446362367218185
3.533333333333333 0.7908284480433087 0.000846080551299977
3.566666666666667 0.7100742226474197 0.0008438580055010192
3.6 0.6082398417628101 0.0008322827598851168
3.6333333333333333 0.49109419118299064 0.0008080619408858958
3.6666666666666665 0.36526821042102936 0.0007685390800920011
3.7 0.22522641432786553 0.0007167076315392762
3.7333333333333334 0.08329333198291632 0.0006434338933637845
3.7666666666666666 -0.06366717954736816 0.0006324402662102602
3.8 -0.19986124274831008 0.0007044900683050859
3.8333333333333335 -0.33729600680618244 0.0007612025645241105
3.8666666666666667 -0.46283424526244477 0.0007999486183278282
3.9 -0.5776148457447827 0.0008235509402522156
3.933333333333333 -0.6776516670003621 0.0008384093542921356
3.966666666666667 -0.764091394636857 0.0008447278307394113
4.0 -0.8288792781223486 0.0008419182766622457
4.033333333333333 -0.8743579563600139 0.0008419774526218227
4.066666666666666 -0.8999034045354184 0.0008381160490490425
4.1 -0.905668363947393 0.0008379072087058015
4.133333333333334 -0.8894088073080869 0.0008417949141811265
4.166666666666667 -0.8490120171446555 0.0008433334119021252
4.2 -0.7897654974507174 0.0008455452683429066
4.233333333333333 -0.7074307270577898 0.0008429084010229682
4.266666666666667 -0.6061811101797433 0.0008297878179888141
4.3 -0.49289261341112967 0.0008071882654266949
4.333333333333333 -0.3652809232503642 0.0007712437556534057
4.366666666666666 -0.22605803160991642 0.0007126837494350613
4.4 -0.08546801155784427 0.0006463178227801014
4.433333333333334 0.05827436241459171 0.0006310284926481571
4.466666666666667 0.19927560154551313 0.0007045984909163638
4.5 0.33011967990791663 0.0007568893206340022
4.533333333333333 0.45618440449995973 0.0007988950762269353
4.566666666666666 0.5718394818172293 0.0008246464712488022
4.6 0.6727963690948661 0.000838490367203848
4.633333333333334 0.753870962343091 0.0008443191132102568
4.666666666666667 0.8194389251671377 0.0008429460216659024
4.7 0.8632698836197785 0.0008416909020212415
4.733333333333333 0.8861899225678671 0.0008401785802982786
4.766666666666667 0.888203404610405 0.0008412745102911456
4.8 0.871479732154222 0.0008412788630697277
4.833333333333333 0.8323455404883754 0.0008448352167360618
4.866666666666666 0.76841830777442 0.0008460448583370583
4.9 0.6867910109030259 0.0008431711396613695
4.933333333333334 0.583688908971645 0.0008312846521523198
4.966666666666667 0.4680300394194945 0.0008036315285865903
5.0 0.34219572960874645 0.0007629715250228042
5.033333333333333 0.2062740601725775 0.0007093681152817444
5.066666666666666 0.06423171374725063 0.0006338976339728408
5.1 -0.07639441002135429 0.0006403981041904899
5.133333333333334 -0.21456272691891407 0.0007102810036545559
5.166666666666667 -0.34520559389163274 0.0007609311772330818
5.2 -0.4688840719955833 0.0007995446822803842
5.233333333333333 -0.5832176706273737 0.0008214642270512051
5.266666666666667 -0.679551485698261 0.0008339192301123344
5.3 -0.7586000495839075 0.0008400530904667525
5.333333333333333 -0.8226319287441944 0.0008384378261009351
5.366666666666666 -0.8654484515808843 0.0008380203917884854
5.4 -0.8883483151805767 0.000835666632487575
5.433333333333334 -0.8892351122465292 0.0008358050464218891
5.466666666666667 -0.8688791970610484 0.0008379846814277059
5.5 -0.8269579595680125 0.0008412638570192144
5.533333333333333 -0.7652817687701886 0.0008412920605269658
5.566666666666666 -0.6813984199758543 0.0008385638797344663
5.6 -0.5793224416436585 0.000824842022494443
5.633333333333334 -0.4645886100997244 0.000802097199122831
5.666666666666667 -0.33683341814113904 0.0007598629019431868
5.7 -0.20065495323608437 0.00070422180741192
5.733333333333333 -0.06178849181216493 0.0006351398883256837
5.766666666666667 0.08013548065961645 0.0006427442093450281
5.8 0.21694448922912982 0.000711279919627994
5.833333333333333 0.34819924118532547 0.0007631631147509976
5.866666666666666 0.46711903236643465 0.0008018523932717403
5.9 0.5789632583588675 0.0008270373480970816
5.933333333333334 0.6750432001859707 0.0008372097773517995
5.966666666666667 0.7539890654868668 0.0008436348503684243
6.0 0.8118553382409233 0.0008427293139140479
6.033333333333333 0.8539464425779011 0.000841949454058355
6.066666666666666 0.8726698944047019 0.0008394929648525284
6.1 0.8721683511077469 0.0008404470646133921
6.133333333333334 0.8512975254118165 0.0008414955492083154
6.166666666666667 0.8079491540324584 0.0008438174879086269
6.2 0.7425118600874795 0.000844418867025909
6.233333333333333 0.6566259963603082 0.0008382404422317968
6.266666666666667 0.5537318224273606 0.0008222582808949941
6.3 0.43791189654258256 0.000793586958470871
6.333333333333333 0.3093203318356608 0.0007532605577221796
6.366666666666666 0.1737383038638887 0.0006923288026365604
6.4 0.03489132243207034 0.00061701036341405
6.433333333333334 -0.10554277038110879 0.0006564049393804339
6.466666666666667 -0.23996718125629307 0.000720795204647795
6.5 -0.3674140829596834 0.0007689198718443535
6.533333333333333 -0.4846001155553566 0.0008049348142139534
6.566666666666666 -0.592613446099844 0.0008282295968564668
6.6 -0.6849071831856465 0.0008388145606820219
6.633333333333334 -0.7619012566195711 0.0008424754075855301
6.666666666666667 -0.819644781009605 0.0008411385093632928
6.7 -0.8572699834087664 0.0008395461764802992
6.733333333333333 -0.8749514413394504 0.0008385207113998927
6.766666666666667 -0.8717317856301694 0.0008393975826982425
6.8 -0.8472430855943875 0.0008409863063384426
6.833333333333333 -0.8004137088202751 0.0008429261952186407
6.866666666666666 -0.7325782994441338 0.0008406487816725594
6.9 -0.6495723024562814 0.0008357162057389678
6.933333333333334 -0.5440115761803562 0.0008172442855992612
6.966666666666667 -0.42925415248852455 0.0007914339558369177
7.0 -0.29980102539161574 0.0007477975835010198
7.033333333333333 -0.16615433814016556 0.0006877522825996796
7.066666666666666 -0.0267268626178276 0.0006120822076040831
7.1 0.10757033577647246 0.0006556338802976847
7.133333333333334 0.2410987392822985 0.000722364449018631
7.166666666666667 0.36904230500547314 0.0007721778406392654
7.2 0.4873067086183494 0.0008079495943282278
7.233333333333333 0.5888680507329497 0.0008289573712754184
7.266666666666667 0.6816772518413159 0.0008405409011856824
7.3 0.755933598268506 0.000843103229090536
7.333333333333333 0.8086084890247427 0.0008460065991787724
7.366666666666666 0.8440067447557947 0.0008455815455443716
7.4 0.8590452736182858 0.0008420882790394213
7.433333333333334 0.8535326259539023 0.0008431490855875801
7.466666666666667 0.8273633167662654 0.0008436384296027777
7.5 0.7785280790287837 0.0008440933171500742
7.533333333333333 0.7104431783846814 0.0008424511293225745
7.566666666666666 0.6217627536860668 0.0008341067397980018
7.6 0.5168170994890917 0.0008142917266417138
7.633333333333334 0.39747309449669 0.0007829283150287969
7.666666666666667 0.26956052796491065 0.0007357768151057265
7.7 0.13565697901075388 0.0006747336892657663
7.733333333333333 -0.00269995472339761 0.0006015171056417529
7.766666666666667 -0.13869069032753673 0.0006729700298845342
7.8 -0.2698520308935858 0.0007341167696648943
7.833333333333333 -0.39210283373893184 0.0007798903756070508
7.866666666666666 -0.5057491604190685 0.0008105846011121631
7.9 -0.6087068947241694 0.000829793060933226
7.933333333333334 -0.6967855811391005 0.000839190064382711
7.966666666666667 -0.7650900714984005 0.0008411475480932795
8.0 -0.817521347263798 0.0008402305967638579
8.033333333333333 -0.8495056311506876 0.0008395245192577283
8.066666666666666 -0.8609820516116754 0.0008381508384787129
8.1 -0.8520052345726227 0.0008394307085339836
8.133333333333333 -0.821736698747911 0.0008404641290807868
8.166666666666666 -0.7707384233919099 0.0008412401082678045
8.2 -0.7001541908234257 0.0008393520027366597
8.233333333333333 -0.6098422285623386 0.0008301055923075618
8.266666666666667 -0.5035406947086407 0.0008100449576139424
8.3 -0.3880971126699941 0.0007763151733297668
8.333333333333334 -0.2589218754520795 0.0007313503545143818
8.366666666666667 -0.12407078800487845 0.0006686081196819044
8.4 0.01162880482752376 0.000604317255424796
8.433333333333334 0.1450923743104383 0.0006766164837857247
8.466666666666667 0.2752814110216192 0.0007379155635202639
8.5 0.39986732931804003 0.0007804793537232735
8.533333333333333 0.5108943220693618 0.000811875313110999
8.566666666666666 0.6119217305171418 0.0008298162057026603
8.6 0.6950424050035483 0.0008389165411231136
8.633333333333333 0.7621395768108069 0.0008423801392608565
8.666666666666666 0.8085696309902274 0.0008411383943114359
8.7 0.83745383085621 0.0008419391436860213
8.733333333333333 0.8453556353024558 0.0008409892589851253
8.766666666666667 0.8338553506042741 0.0008424982240308188
8.8 0.800262108456943 0.0008438817851099678
8.833333333333334 0.7472481581585216 0.0008431481426045551
8.866666666666667 0.6734125276894367 0.0008382750341612288
8.9 0.5786222729501399 0.0008244860268604715
8.933333333333334 0.4735506577674171 0.0008036138966548423
8.966666666666667 0.35349714141593874 0.0007676338648375247
9.0 0.22290806327439724 0.0007143020667473854
9.033333333333333 0.08957829332436455 0.000647794201399432
9.066666666666666 -0.0452137559426067 0.0006239593747492805
9.1 -0.17940436554917025 0.000692550572409828
9.133333333333333 -0.3062239222225422 0.0007469730832678767
9.166666666666666 -0.42348041615301796 0.0007871193528677378
9.2 -0.5332581668845829 0.000814654725603492
9.233333333333333 -0.6274580335358114 0.0008287730850605746
9.266666666666667 -0.7085860849310527 0.0008368055358147775
9.3 -0.7713571433794064 0.0008400372677913603
9.333333333333334 -0.8170995551178816 0.0008402777265921202
9.366666666666667 -0.8412451153909563 0.0008411788468376535
9.4 -0.8453064898921019 0.0008416751638126163
9.433333333333334 -0.8293148618269766 0.0008429135952574551
9.466666666666667 -0.793586146103411 0.0008440746373680197
9.5 -0.7357611593157032 0.0008438057005522026
9.533333333333333 -0.6604697336239933 0.0008382138070666123
9.566666666666666 -0.5630181042665556 0.0008245140098658288
9.6 -0.45395476101117505 0.0008001889387579397
9.633333333333333 -0.3348658949847721 0.000760429219852421
9.666666666666666 -0.2085558834630614 0.0007082671288620168
9.7 -0.07548696154249991 0.0006412549668134426
9.733333333333333 0.05807955800086835 0.0006291004851992424
9.766666666666667 0.19124920354436248 0.0007006900532700588
9.8 0.31573674301092947 0.0007540869811201167
9.833333333333334 0.43369709455763006 0.0007953391057791692
9.866666666666667 0.5390846370768532 0.0008199102996053753
9.9 0.6325474115966789 0.0008339357091207145
9.933333333333334 0.71018465915049 0.0008397015849093137
9.966666666666667 0.7691003407974202 0.0008417570717088596
10.0 0.8094001477352238 0.0008427125695870119
10.033333333333333 0.8292332006564158 0.0008432213175468828
10.066666666666666 0.8285292919648211 0.0008419625558730992
10.1 0.8094071596856078 0.0008438172410797362
10.133333333333333 0.7690932442963478 0.000842302381555915
10.166666666666666 0.7074301823692273 0.0008402046988718048
10.2 0.6265148987221386 0.0008345095172187511
10.233333333333333 0.5309494844423228 0.0008190637657341515
10.266666666666667 0.4207024444514221 0.0007894847786350523
10.3 0.2963068711495485 0.0007463876953497373
10.333333333333334 0.16955136385982483 0.0006922755760475907
10.366666666666667 0.035791437527156446 0.0006175066061923293
10.4 -0.09530008322548056 0.0006508681317993065
10.433333333333334 -0.22696587638897475 0.0007167106284566294
10.466666666666667 -0.34745425015757625 0.0007624008642071467
10.5 -0.4607427261822281 0.0007976773718147978
10.533333333333333 -0.5620353377335873 0.0008183580178618977
10.566666666666666 -0.6523133802282848 0.00083336901744957
10.6 -0.7253041745945787 0.0008392966528109058
10.633333333333333 -0.7798965365982251 0.0008396985515877198
10.666666666666666 -0.8162104705188735 0.0008389294121547985
10.7 -0.8324772861278106 0.0008396652290787454
10.733333333333333 -0.8287549869742905 0.0008403053051331266
10.766666666666667 -0.8052599692307782 0.0008412798740522476
10.8 -0.7602420248183794 0.0008410377066419006
10.833333333333334 -0.6962577357807241 0.0008392816316075136
10.866666666666667 -0.6155162677754236 0.000829697860023737
10.9 -0.5153163145917771 0.0008128729673569923
10.933333333333334 -0.40282474407714286 0.0007816166242399225
10.966666666666667 -0.2811658315272777 0.0007384408685490729
11.0 -0.15179952311622008 0.0006800239530833363
11.033333333333333 -0.020618893795693583 0.0006115287273809819
11.066666666666666 0.11075928482504167 0.0006594351155918277
11.1 0.2397536473093186 0.0007200381314900473
11.133333333333333 0.35974045620158307 0.0007672779688965292
11.166666666666666 0.4713231058949258 0.000803931152753401
11.2 0.5688776619011986 0.0008222842908396366
11.233333333333333 0.6550761079248382 0.0008349534800601299
11.266666666666667 0.7244441008618413 0.0008404490364939399
11.3 0.7747362429365907 0.0008427392699533742
11.333333333333334 0.8049656943197654 0.0008424345450296356
11.366666666666667 0.8175117369518068 0.0008427097844426745
11.4 0.8091945347801598 0.0008426845735602928
11.433333333333334 0.7807136180630527 0.0008426207539946606
11.466666666666667 0.7330775625215735 0.0008417486345762004
11.5 0.6662091194258888 0.0008382009394802825
11.533333333333333 0.579857879238245 0.000827606477030951
11.566666666666666 0.4780864231656835 0.0008077889699176777
11.6 0.3629211345604975 0.0007678525722698004
11.633333333333333 0.2398599753638027 0.0007217756795337427
11.666666666666666 0.11070691706206319 0.0006594900705471501
11.7 -0.02086166485552592 0.000608086115395156
11.733333333333333 -0.15200016506857453 0.0006796375993491921
11.766666666666667 -0.2734937727430826 0.0007349531335079096
11.8 -0.393316368044392 0.0007767640018112587
11.833333333333334 -0.4976575859307256 0.0008071010133587908
11.866666666666667 -0.5947728274339283 0.0008266613335097261
11.9 -0.6742612557805717 0.0008364783032652756
11.933333333333334 -0.7381638573336422 0.0008405197435812362
11.966666666666667 -0.7843090164100149 0.0008423286246463935
12.0 -0.8112392329693955 0.0008411355411562793
12.033333333333333 -0.8183455151313714 0.0008422663156468779
12.066666666666666 -0.8052852834417775 0.0008444992206179114
12.1 -0.7730061422993141 0.0008441189141297212
12.133333333333333 -0.7209075338061798 0.000843356965295361
12.166666666666666 -0.6497724904480383 0.0008365072252295436
12.2 -0.560571017153426 0.0008218218683706535
12.233333333333333 -0.4551071381719877 0.0007996146662963555
12.266666666666667 -0.3402507315015546 0.0007617822251114736
12.3 -0.21711962925909392 0.0007145953264308669
12.333333333333334 -0.08722247319832191 0.00064864194162359
12.366666666666667 0.04238329644524341 0.0006210380957660661
12.4 0.16871555160952392 0.000688013578351937
12.433333333333334 0.29135682419455194 0.0007448127245139324
12.466666666666667 0.40631302012978576 0.0007831325164153191
12.5 0.5122698732886753 0.0008107952801535978
12.533333333333333 0.60272167024904 0.0008294050616510784
12.566666666666666 0.679011035938454 0.000839293676816899
12.6 0.7380168890723545 0.0008436225429783173
12.633333333333333 0.7791699525735748 0.0008423746322868686
12.666666666666666 0.8005083475331027 0.0008435106945354764
12.7 0.8018055869701547 0.0008444172959568563
12.733333333333333 0.783510566332488 0.0008437229177929995
12.766666666666667 0.7457273807282517 0.0008440537908259715
12.8 0.6881901625183645 0.0008406847257028671
12.833333333333334 0.6127063970699952 0.0008330298791063839
12.866666666666667 0.5214636763263489 0.0008171172828822515
12.9 0.4135345387172656 0.0007869879688572889
12.933333333333334 0.2964173638192172 0.0007454644185869719
12.966666666666667 0.16945858915129844 0.0006903843295373857
13.0 0.04433747326709836 0.0006239133623931539
13.033333333333333 -0.0857081279770547 0.0006471870935739338
13.066666666666666 -0.2097996837955774 0.0007084203770145736
13.1 -0.32976921027180983 0.0007582711835914524
13.133333333333333 -0.44222713888017684 0.0007948364679394304
13.166666666666666 -0.5414318730226876 0.0008180783300569816
13.2 -0.6259790926056512 0.0008316203941652889
13.233333333333333 -0.6992874128172349 0.000839601616742236
13.266666666666667 -0.7537845884830102 0.0008422676654482597
13.3 -0.7890306278527244 0.0008415562877058802
13.333333333333334 -0.8063560216026323 0.0008420363204609815
13.366666666666667 -0.8029734285394856 0.0008420232847015097
13.4 -0.7791178657283839 0.0008428985353323704
13.433333333333334 -0.7375828025821705 0.0008421208616014031
13.466666666666667 -0.6737490661965899 0.0008361236114752257
13.5 -0.592962869563413 0.0008265727731479044
13.533333333333333 -0.498202434050687 0.0008104596508000661
13.566666666666666 -0.3888616368721326 0.0007796471780457948
13.6 -0.269280552313459 0.0007347991312685043
13.633333333333333 -0.14424870429393494 0.0006775221916456298
13.666666666666666 -0.018693083705219677 0.0006094090838143496
13.7 0.10750939903702798 0.0006576134274127593
13.733333333333333 0.23114376715803892 0.000718070814580446
13.766666666666667 0.3493756034122199 0.000765961225205336
13.8 0.454841945878431 0.0007996701501956083
13.833333333333334 0.5518876419538896 0.000820941491072702
13.866666666666667 0.6335419132752695 0.0008336433801247045
13.9 0.7000456029898006 0.000841308440333699
13.933333333333334 0.7490223457263804 0.000846460818267003
13.966666666666667 0.777971311255586 0.0008451563183030641
14.0 0.78804611171865 0.0008446220178834896
14.033333333333333 0.7790514304656018 0.0008452850913732712
14.066666666666666 0.7513624260823789 0.0008443835339104755
14.1 0.7037143283550586 0.0008421386449029011
14.133333333333333 0.6370857649177363 0.000835431319753166
14.166666666666666 0.5532993876137278 0.0008241506236336127
14.2 0.45645198096448597 0.0008002566968298708
14.233333333333333 0.34261126817606585 0.0007641105901247114
14.266666666666667 0.22166975685889673 0.0007153309621548976
14.3 0.09829253440353629 0.000652098499670864
14.333333333333334 -0.028590431102138738 0.0006136326130564522
14.366666666666667 -0.15426527926902273 0.0006802122466606497
14.4 -0.2760776785280592 0.0007366952038692087
14.433333333333334 -0.38742930330677544 0.0007779588634530543
14.466666666666667 -0.4898685442119243 0.0008057380235246825
14.5 -0.5823130689155039 0.0008238395000715881
14.533333333333333 -0.657090397054692 0.0008352671377437337
14.566666666666666 -0.7177434013231242 0.0008403640562403281
14.6 -0.7622047597831502 0.0008432673026436133
14.633333333333333 -0.7866985307609643 0.0008441510810521802
14.666666666666666 -0.7912792531653138 0.0008439461468812137
14.7 -0.7767020662981677 0.0008437996813744908
14.733333333333333 -0.7424712184074104 0.0008441265389171893
14.766666666666667 -0.689517045458669 0.0008403164465679014
14.8 -0.6178906630647385 0.0008320604403557752
14.833333333333334 -0.530030174974875 0.0008172784395079624
14.866666666666667 -0.4279135908900814 0.0007911787880675036
14.9 -0.31570383570094346 0.0007516022035102821
14.933333333333334 -0.19312152366752375 0.000700753793856479
14.966666666666667 -0.06914093054552789 0.0006370128712884088
15.0 0.055256701603389816 0.0006289315228772199
15.033333333333333 0.17953777031354554 0.0006916384576833856
15.066666666666666 0.2999923324250563 0.0007472636121445553
15.1 0.4083896519393423 0.000784374739811966
15.133333333333333 0.5096493443987852 0.0008120533566716714
15.166666666666666 0.594415486799457 0.0008292525843894838
15.2 0.6658002693649614 0.0008365983304905455
15.233333333333333 0.7214533568861623 0.000839917451602723
15.266666666666667 0.7580109183808812 0.0008421508468432481
15.3 0.7748238059371472 0.000844917246772936
15.333333333333334 0.7724520788490801 0.000845935291581057
15.366666666666667 0.7518876705249024 0.000846248821599227
15.4 0.7123484260331022 0.0008444575256976172
15.433333333333334 0.6536952905805985 0.0008413108434578431
15.466666666666667 0.5755190787276893 0.0008292471138258151
15.5 0.48381170633869935 0.0008097948758573059
15.533333333333333 0.3821366533618773 0.0007794378429779036
15.566666666666666 0.266118461641924 0.0007364239342879664
15.6 0.14159901870306257 0.0006770757274146277
15.633333333333333 0.017398830634968148 0.0006087225944369189
15.666666666666666 -0.10700800211154816 0.0006579878663356548
15.7 -0.2292565557869391 0.0007162170652404154
15.733333333333333 -0.3422666606844494 0.0007594848748552763
15.766666666666667 -0.4487073710486962 0.0007931604835105799
15.8 -0.5441809463924538 0.0008164996510070521
15.833333333333334 -0.6238609566705329 0.0008316945917054008
15.866666666666667 -0.6892741252346443 0.0008374475819825644
15.9 -0.7386381776116336 0.0008423990634873757
15.933333333333334 -0.7683951791707859 0.0008419274235154095
15.966666666666667 -0.7800841852983375 0.0008424602450286534
16.0 -0.7724696821330299 0.0008427233847703164
16.033333333333335 -0.7446233221803973 0.0008424102177092552
16.066666666666666 -0.6980912738723332 0.0008413582440017775
16.1 -0.6323718771097329 0.0008350338968596827
16.133333333333333 -0.5509936447337361 0.0008219005645063726
16.166666666666668 -0.45634199113864915 0.0007998312194689161
16.2 -0.34807226518285106 0.0007672267533036514
16.233333333333334 -0.23217587619487562 0.0007205314038098154
16.266666666666666 -0.10865359970683805 0.0006593257995374802
16.3 0.015405876010230954 0.0006078960832116287
16.333333333333332 0.13922768179089617 0.0006750676272312961
16.366666666666667 0.25563427389635046 0.0007295180861334738
16.4 0.3681473735883961 0.0007714549798933379
16.433333333333334 0.46968485963666773 0.0008021328862395372
16.466666666666665 0.5585018678769871 0.0008188126320851641
16.5 0.6344134107267243 0.0008319024701008981
16.533333333333335 0.6940824299293721 0.000836230712817132
16.566666666666666 0.7359682833198896 0.0008395367405501508
16.6 0.760691230254124 0.0008407028513369719
16.633333333333333 0.765131458316814 0.0008410874233549803
16.666666666666668 0.7505784010219689 0.000840744693034412
16.7 0.716250299410681 0.0008408713290979364
16.733333333333334 0.6658486047187105 0.0008373430827227635
16.766666666666666 0.593061461154552 0.0008293138982712334
16.8 0.507521696532672 0.0008131695451405463
16.833333333333332 0.40865248927432146 0.0007862697561654697
16.866666666666667 0.2988245648651534 0.0007474520219387104
16.9 0.17841113265154343 0.0006965696665425791
16.933333333333334 0.05567384665684125 0.0006305237218353354
16.966666666666665 -0.069965855344493 0.0006375996809298845
17.0 -0.18802790783136547 0.0006986366805908362
17.033333333333335 -0.30093464141068266 0.000747226252984734
17.066666666666666 -0.4088603562187114 0.0007851768049102481
17.1 -0.5064621175101953 0.0008119606287928516
17.133333333333333 -0.5878542155371193 0.0008255464416185854
17.166666666666668 -0.6602255410405663 0.0008348525121356642
17.2 -0.7124115493332159 0.0008388562146299794
17.233333333333334 -0.748737400023524 0.0008415373681351923
17.266666666666666 -0.7662552581070516 0.000841863498847184
17.3 -0.7652409900729051 0.0008414238718147393
17.333333333333332 -0.7434930673081498 0.0008414944146621917
17.366666666666667 -0.7029178587541453 0.0008401096679172548
17.4 -0.6462287014804144 0.0008341235825686244
17.433333333333334 -0.5695747648277582 0.0008246781276729509
17.466666666666665 -0.48002165051164236 0.0008063469557153535
17.5 -0.3763186134760592 0.0007757019574237689
17.533333333333335 -0.26571765837306777 0.000736452211132832
17.566666666666666 -0.14680585688756126 0.000679138953231545
17.6 -0.02153984950223004 0.0006135090129813919
17.633333333333333 0.0993318492134204 0.0006563035809330625
17.666666666666668 0.2191043502750285 0.0007138030136044637
17.7 0.3295076903585249 0.0007592268998982132
17.733333333333334 0.4351316553021664 0.000793526311739845
17.766666666666666 0.5267205534590276 0.0008161029786822871
17.8 0.6032000379931332 0.0008305269569910401
17.833333333333332 0.6677743125213359 0.0008379792810466746
17.866666666666667 0.7140043104936521 0.0008419545247975169
17.9 0.7433491680977555 0.000843994637886758
17.933333333333334 0.7530288299330058 0.0008446167222110335
17.966666666666665 0.7446178789461835 0.0008431508146340416
18.0 0.7175646033925609 0.0008424723498278164
18.033333333333335 0.6714454050681801 0.0008380446780703599
18.066666666666666 0.6049985142466604 0.0008285231579117092
18.1 0.5228254304214167 0.0008161832150276327
18.133333333333333 0.4280807931907834 0.0007914527446158393
18.166666666666668 0.32253349331493303 0.0007570507592853937
18.2 0.20896412216635962 0.0007088369775591075
18.233333333333334 0.08661602237302214 0.0006481869042952448
18.266666666666666 -0.032844513056233586 0.000618056621103584
18.3 -0.15278542905552928 0.0006808579867823572
18.333333333333332 -0.2703518688906022 0.0007362960210406388
18.366666666666667 -0.37766863182389593 0.0007759895258833693
18.4 -0.47441140062156767 0.0008022624992883864
18.433333333333334 -0.5617256233269516 0.0008210218184082629
18.466666666666665 -0.6342369963834944 0.0008336091457361583
18.5 -0.6905673193483326 0.0008386688475341408
18.533333333333335 -0.7306578580874884 0.0008418308913259454
18.566666666666666 -0.7513399327035573 0.0008425548163460972
18.6 -0.7545893609739249 0.0008433800419634929
18.633333333333333 -0.7394140084773504 0.0008420285055775745
18.666666666666668 -0.7037077868895688 0.0008403486922849979
18.7 -0.651651264203334 0.0008367011048654449
18.733333333333334 -0.5802565768402981 0.0008249105037311244
18.766666666666666 -0.49198183447633215 0.0008076691411214032
18.8 -0.39675499654227264 0.0007795122876144145
18.833333333333332 -0.286807314149929 0.0007412032923032053
18.866666666666667 -0.1716002656265497 0.0006901450766424455
18.9 -0.05272243796791797 0.0006286034627147608
18.933333333333334 0.07049080306282582 0.0006384071880234793
18.966666666666665 0.18567509789679812 0.0006967897063715756
19.0 0.29827270301520753 0.000747930295589283
19.033333333333335 0.40216295545703434 0.0007837257462818825
19.066666666666666 0.49580999994377734 0.0008074404428522475
19.1 0.5773797858208718 0.0008251581412804798
19.133333333333333 0.6427871979308607 0.0008344008084366639
19.166666666666668 0.6939758110583373 0.0008404409955224956
19.2 0.7242218196205722 0.0008428571182423905
19.233333333333334 0.7392406860971613 0.0008425914922181033
19.266666666666666 0.7345976735109325 0.0008434974738203982
19.3 0.7119878884221668 0.0008427199754896808
19.333333333333332 0.6708617302524523 0.0008396151629814774
19.366666666666667 0.610745797782015 0.0008329286732562391
19.4 0.5355034027521318 0.0008194178978122579
19.433333333333334 0.4457961777417696 0.000798612838216195
19.466666666666665 0.3405008525454023 0.0007621194179098234
19.5 0.23084547539102396 0.0007190572641472548
19.533333333333335 0.11370423351340252 0.0006588586806034469
19.566666666666666 -0.006229449311363382 0.0006023150055908411
19.6 -0.12661896781319393 0.0006666683059773915
19.633333333333333 -0.23943295176698418 0.0007206932743255567
19.666666666666668 -0.34611642376445756 0.0007620017777280053
19.7 -0.4465066610603848 0.0007944632959736575
19.733333333333334 -0.5336966010656361 0.0008153971785418435
19.766666666666666 -0.6089181763206015 0.0008294159413723134
19.8 -0.6660847874392463 0.0008355698574914472
19.833333333333332 -0.7099070664094573 0.0008401144550721495
19.866666666666667 -0.7351284891018134 0.000842653917082381
19.9 -0.7427622595669789 0.0008424283522167064
19.933333333333334 -0.7308076290798821 0.0008413072738601146
19.966666666666665 -0.7009331039506698 0.0008389132821531309
20.0 -0.6519787784257626 0.0008351664367929335
20.033333333333335 -0.5872012011976806 0.0008263889929155388
20.066666666666666 -0.5045142158736161 0.000809112323797212
20.1 -0.41126326004346336 0.000783760857330118
20.133333333333333 -0.3065154957147303 0.000748946406029849
20.166666666666668 -0.19532839606335836 0.0007013927752660964
20.2 -0.07856708066719419 0.0006428173851878299
20.233333333333334 0.04395172827645567 0.0006221946848679674
20.266666666666666 0.1607734836420269 0.0006857345191473019
20.3 0.27327709920777893 0.00073598373271061
20.333333333333332 0.3770927568098261 0.0007746086576730926
20.366666666666667 0.4712311425964523 0.0008009334896824649
20.4 0.5524140723492654 0.0008205377732468655
20.433333333333334 0.6212633825283307 0.000832197037382687
20.466666666666665 0.6743707220765399 0.000839315307477384
20.5 0.7072562626048954 0.0008424190670383025
20.533333333333335 0.7263497063391227 0.0008449605560962858
20.566666666666666 0.7255689813790048 0.0008442944004484199
20.6 0.7068656178109576 0.0008423264257320096
20.633333333333333 0.6686714916679419 0.0008382494557390707
20.666666666666668 0.6131342376208894 0.0008317064829762577
20.7 0.5428462054819104 0.0008200839454897135
20.733333333333334 0.4532464365733332 0.0007978247951805906
20.766666666666666 0.3555579576996802 0.0007688687233962099
20.8 0.24740276545610773 0.0007258824713411438
20.833333333333332 0.13536254109636606 0.0006733557393965861
20.866666666666667 0.016442523759092335 0.0006074302527256971
20.9 -0.10305517009536974 0.0006553330138162755
20.933333333333334 -0.2155478355760795 0.0007105003206699934
20.966666666666665 -0.3242482846219902 0.0007559319073594528
21.0 -0.4234366242584037 0.0007904413927446452
21.033333333333335 -0.5130205854198594 0.0008117020892856042
21.066666666666666 -0.5882808522589015 0.0008258265875870086
21.1 -0.6493193409610257 0.000837339264373238
21.133333333333333 -0.6944949828443102 0.000841151371296367
21.166666666666668 -0.7225537209876377 0.0008425154789042377
21.2 -0.7325651863140829 0.0008419279737253982
21.233333333333334 -0.7242043823341966 0.000842271807015682
21.266666666666666 -0.6968594418913513 0.0008409700054897717
21.3 -0.6531497402218972 0.0008369549767239803
21.333333333333332 -0.5913186455367232 0.0008285890581071209
21.366666666666667 -0.5122400871481828 0.0008137441255382516
21.4 -0.4210709425942337 0.000790616815178169
21.433333333333334 -0.31935683361834494 0.0007540381799666651
21.466666666666665 -0.2095459289084886 0.0007086756597186605
21.5 -0.09455503041791105 0.0006510805928537367
21.533333333333335 0.020523895771031093 0.0006089514346057957
21.566666666666666 0.14088169076253068 0.00067642149842706
21.6 0.2510587469391448 0.0007268583048973265
21.633333333333333 0.35834385007478986 0.0007672288129530469
21.666666666666668 0.44977018770452604 0.00079512459937503
21.7 0.5318191502153433 0.00081637620455699
21.733333333333334 0.602491027107246 0.0008267636200329775
21.766666666666666 0.6577666625615806 0.0008348458236711043
21.8 0.6933731220224829 0.0008397757724313282
21.833333333333332 0.71445099065669 0.0008417113021591538
21.866666666666667 0.7166585085841252 0.0008417039607580001
21.9 0.6995109096302252 0.0008424922336592866
21.933333333333334 0.6649187124810666 0.0008390172851510114
21.966666666666665 0.6145827653170186 0.0008327323664565345
22.0 0.544649409592662 0.0008201720462825968
22.033333333333335 0.46000495097422595 0.0008038656520373832
22.066666666666666 0.3656693226818421 0.0007731090838813404
22.1 0.25927337999842026 0.0007332113861487355
22.133333333333333 0.14524801822603997 0.0006805282993277983
22.166666666666668 0.032857750686800365 0.0006162533112197346
22.2 -0.08389684937822894 0.0006457207222410055
22.233333333333334 -0.19779914751045685 0.0007023954463427629
22.266666666666666 -0.30565051204290944 0.0007476123111917476
22.3 -0.40322426706928916 0.0007822922549249323
22.333333333333332 -0.49396781507995036 0.0008066143968756267
22.366666666666667 -0.5712656738670906 0.0008211650875562526
22.4 -0.6316882160579163 0.0008304993127078442
22.433333333333334 -0.6787222287213476 0.0008367778374583912
22.466666666666665 -0.7089301999596496 0.0008386947196670214
22.5 -0.7210460356858556 0.0008405897746790458
22.533333333333335 -0.7146838321270038 0.0008401271083359196
22.566666666666666 -0.6909778588674454 0.000839156951908393
22.6 -0.6467865729932255 0.0008339665148308084
22.633333333333333 -0.58863984343318 0.0008256514933100423
22.666666666666668 -0.5155802601719001 0.0008131786750859016
22.7 -0.4241439971637865 0.0007895264502114085
22.733333333333334 -0.3273050271543506 0.000757576608792554
22.766666666666666 -0.2193537034043609 0.0007132627381384593
22.8 -0.10655495132912983 0.0006586983399825691
22.833333333333332 0.006924812072624535 0.00060232197127411
22.866666666666667 0.12311926521306721 0.0006643599042440995
22.9 0.23518127504591474 0.0007213448683522361
22.933333333333334 0.33636111058476387 0.0007654644576520209
22.966666666666665 0.4326554719922121 0.0007921979742906426
23.0 0.5173458541773408 0.0008132270329231917
23.033333333333335 0.5857701729979695 0.000827026332582137
23.066666666666666 0.6419297397063788 0.0008333790652114148
23.1 0.6810227019014389 0.0008385013567243638
23.133333333333333 0.7024003550924393 0.0008394320409306211
23.166666666666668 0.7066580288087116 0.0008397303547894586
23.2 0.6935927626684888 0.0008372190280424574
23.233333333333334 0.6607153075625575 0.0008355740354750729
23.266666666666666 0.6111752244824847 0.000830528647797979
23.3 0.5436775056720217 0.0008195802983144151
23.333333333333332 0.46332421368292154 0.0008009950196679605
23.366666666666667 0.37029129910580016 0.0007725639128496331
23.4 0.2667403079912459 0.0007344589861214001
23.433333333333334 0.15484956081607307 0.0006863511305678083
23.466666666666665 0.0411386838895599 0.0006234061397367846
23.5 -0.07050764847256367 0.0006375900135317802
23.533333333333335 -0.18156910434658288 0.0006946760875644331
23.566666666666666 -0.28938567980032714 0.0007419818614360363
23.6 -0.3905713035082693 0.0007766894022253057
23.633333333333333 -0.47748055499250575 0.0008017575989220371
23.666666666666668 -0.5545753669548557 0.0008186259099943749
23.7 -0.6164571886627429 0.000828905032591698
23.733333333333334 -0.6642997507873202 0.0008350712743209199
23.766666666666666 -0.6949720475577595 0.0008385393819552167
23.8 -0.7089504953838496 0.0008407746118657133
23.833333333333332 -0.7045543314418627 0.0008417834702585392
23.866666666666667 -0.6834276575289681 0.0008405216308386976
23.9 -0.6446231973595001 0.0008368237412376134
23.933333333333334 -0.5861443781102045 0.0008275662444509058
23.966666666666665 -0.5141116365867842 0.0008138184093289258
24.0 -0.4272378871157959 0.0007941131820808356
24.033333333333335 -0.32740000566527167 0.000757461487257971
24.066666666666666 -0.22528857542886663 0.0007162007650617919
24.1 -0.11336524587183623 0.0006627979817269702
24.133333333333333 -0.0014586521758688607 0.0005984614446952808
24.166666666666668 0.10968865505643495 0.0006601124600867508
24.2 0.2209988904376614 0.0007138270603485319
24.233333333333334 0.3244913473302422 0.0007577808580532808
24.266666666666666 0.4216457552422056 0.0007915604249853492
24.3 0.5016965760455779 0.0008114403355902189
24.333333333333332 0.5727862889425258 0.0008268056214892905
24.366666666666667 0.6273046853463374 0.0008340566859363907
24.4 0.6677052991983203 0.0008382242388919048
24.433333333333334 0.6894404975793345 0.0008404385931051195
24.466666666666665 0.6945918878273316 0.0008421892233001493
24.5 0.6825501393306778 0.0008409586627202703
24.533333333333335 0.652314856708234 0.000838665343838696
24.566666666666666 0.6053850473010285 0.0008323315656995067
24.6 0.5404812790536349 0.0008188367510397754
24.633333333333333 0.46172487197830486 0.0008009304659025163
24.666666666666668 0.3729721445813525 0.0007714791476133298
24.7 0.268882919308616 0.0007362896950890985
24.733333333333334 0.16041042619126927 0.0006856287836088382
24.766666666666666 0.04944596437065601 0.0006281511909096565
24.8 -0.06305011934192953 0.0006341561457154504
24.833333333333332 -0.1730100852605334 0.0006918586673604898
24.866666666666667 -0.2776149057760935 0.0007399908685768453
24.9 -0.3760763237356688 0.0007740399500262285
24.933333333333334 -0.46640283710956143 0.0007972216478712713
24.966666666666665 -0.545228776519193 0.0008170614216466143
25.0 -0.6072573776618282 0.0008289533927257065
25.033333333333335 -0.6541530446205537 0.0008343043902080405
25.066666666666666 -0.6838148022300153 0.0008379823419184529
25.1 -0.6978860191772995 0.0008400135965270783
25.133333333333333 -0.6945377025104209 0.0008389499393367528
25.166666666666668 -0.6733267735030204 0.0008378831372293227
25.2 -0.6334961104253702 0.0008325027748077307
25.233333333333334 -0.5796674337118473 0.0008238210932186574
25.266666666666666 -0.5072857309006583 0.0008105218125988856
25.3 -0.42243849507023307 0.0007901571019355291
25.333333333333332 -0.3279531992519578 0.0007573106659043427
25.366666666666667 -0.22493576003457277 0.0007165822850919434
25.4 -0.11703454843064912 0.0006656000658388228
25.433333333333334 -0.004822339766104878 0.0006007116648117953
25.466666666666665 0.10601261680952444 0.0006574829590565157
25.5 0.2146996746620483 0.0007112772493926001
25.533333333333335 0.31698495682859107 0.0007530176513756426
25.566666666666666 0.4091945437268725 0.0007865591149924245
25.6 0.49461453631621805 0.0008079510121632438
25.633333333333333 0.5649652338244328 0.0008213233908591633
25.666666666666668 0.6201592507857246 0.0008307550464142777
25.7 0.6586207348816797 0.0008356768118383817
25.733333333333334 0.6797494087032524 0.0008375845480205202
25.766666666666666 0.6854614177446554 0.0008383388112537249
25.8 0.6744067796392369 0.0008384945110180286
25.833333333333332 0.6447138758831228 0.0008360956202954073
25.866666666666667 0.5972222723164281 0.0008289799716983959
25.9 0.5340578693493562 0.0008186511146682784
25.933333333333334 0.4559838525450597 0.0008016857697105695
25.966666666666665 0.3660065669222036 0.0007731371334986359
26.0 0.2667258060337331 0.0007360748594684163
26.033333333333335 0.16047541075915722 0.0006865294224360774
26.066666666666666 0.05120275726099569 0.0006295937360211237
26.1 -0.05898542886156889 0.0006338255778517224
26.133333333333333 -0.16902802960456878 0.0006899998108973737
26.166666666666668 -0.2713061695612745 0.0007359558856510628
26.2 -0.36914121585710225 0.0007718590345923704
26.233333333333334 -0.4583739955637174 0.0007994080470522524
26.266666666666666 -0.5337132510547458 0.0008158637848963979
26.3 -0.5952873064411133 0.0008265349739841055
26.333333333333332 -0.643068508111578 0.000833157838721732
26.366666666666667 -0.6745128461777071 0.0008361068908284697
26.4 -0.6882826844314179 0.0008377063068235602
26.433333333333334 -0.6858172707525911 0.0008374085584581525
26.466666666666665 -0.66558523083072 0.0008365297308700059
26.5 -0.6256512290285663 0.0008310743950361577
26.533333333333335 -0.5722174242471887 0.0008241041258492121
26.566666666666666 -0.4998528729050063 0.0008098956225084941
26.6 -0.4166065634877937 0.0007872545275467435
26.633333333333333 -0.32234019075383286 0.000756068867129922
26.666666666666668 -0.22045385619874147 0.0007164459137485313
26.7 -0.11379263213015843 0.0006623272374648714
26.733333333333334 -0.0029564523690354624 0.0006009385781653468
26.766666666666666 0.10412134117005092 0.000657150707904175
26.8 0.21157343807689968 0.0007111644964470643
26.833333333333332 0.31209652634096047 0.0007528455630583797
26.866666666666667 0.402912870891712 0.0007846657419011138
26.9 0.48839045690969374 0.0008070651655570638
26.933333333333334 0.5567425490726744 0.0008228730449029165
26.966666666666665 0.6116740291447993 0.00082996008632652
27.0 0.6501990266883854 0.0008355433451879835
27.033333333333335 0.6720193027130245 0.0008381757547479829
27.066666666666666 0.6773938287234164 0.0008387848002719966
27.1 0.6651888176813388 0.000836345679273709
27.133333333333333 0.6350968124437344 0.0008333039310978174
27.166666666666668 0.5890069450892125 0.0008260806790626463
27.2 0.5278088486773924 0.0008147399309531567
27.233333333333334 0.44961593674926487 0.0007952104606177013
27.266666666666666 0.36009390265349106 0.0007697112713078158
27.3 0.2607481975189531 0.0007310091531099183
27.333333333333332 0.15424000033921773 0.0006816367875764617
27.366666666666667 0.04640565664660377 0.0006265775057608461
27.4 -0.061153567945546626 0.0006339832344736882
27.433333333333334 -0.1695082212121257 0.0006907664049703166
27.466666666666665 -0.2696650506757624 0.0007358445913165923
27.5 -0.3658730320293438 0.0007717331440015851
27.533333333333335 -0.45226634798712156 0.0007980550769675077
27.566666666666666 -0.5265620572864725 0.0008174119734969398
27.6 -0.5899360609358754 0.0008281041275106649
27.633333333333333 -0.6365546126697457 0.0008348031927736255
27.666666666666668 -0.6667716466058653 0.0008376610121402228
27.7 -0.6797085724667405 0.0008382145104782746
27.733333333333334 -0.6759259160578117 0.0008373690084769736
27.766666666666666 -0.6546630891062285 0.0008344769920047845
27.8 -0.6157675182439578 0.0008293372732901538
27.833333333333332 -0.5627654374079994 0.0008216600972563715
27.866666666666667 -0.49476651872409383 0.0008066015931560977
27.9 -0.41029539314688873 0.0007858897417842847
27.933333333333334 -0.3156617045330408 0.0007531224864515962
27.966666666666665 -0.21478846507058677 0.0007115662995678396
28.0 -0.11038796885846716 0.0006602485024958249
28.033333333333335 -0.00010523569091324422 0.0005985612791774648
28.066666666666666 0.10778966304670098 0.000659649292592962
28.1 0.21610604083320403 0.0007123599976044948
28.133333333333333 0.31134653523777384 0.0007529533593753079
28.166666666666668 0.4023377234515091 0.0007822906864941581
28.2 0.48111661285773133 0.0008078930199132417
28.233333333333334 0.5504441309070015 0.0008202373195892454
28.266666666666666 0.6032568978582193 0.0008334063943160608
28.3 0.6403026936734452 0.0008373567693938933
28.333333333333332 0.6614021291895426 0.0008391407898916681
28.366666666666667 0.6669373835084098 0.0008400343440553293
28.4 0.6542212459477614 0.0008378945185557596
28.433333333333334 0.6249031109093165 0.000834069515234126
28.466666666666665 0.578125944875555 0.0008270087522427305
28.5 0.516085563638164 0.0008139282244666868
28.533333333333335 0.4404187586357646 0.0007947295775933005
28.566666666666666 0.3519258356759278 0.0007679180767435345
28.6 0.2526612997717551 0.0007304305414724266
28.633333333333333 0.14898553679342794 0.0006812477358504598
28.666666666666668 0.040110487392927316 0.0006214074619916021
28.7 -0.06535409465094656 0.0006372314771449505
28.733333333333334 -0.1717226243819904 0.000691182103293192
28.766666666666666 -0.27195292476154875 0.0007366598594541474
28.8 -0.365826302689947 0.0007726581730791993
28.833333333333332 -0.45045729294296943 0.0007979423664845608
28.866666666666667 -0.522233852598013 0.0008154668456196168
28.9 -0.5837845075534307 0.0008282319110310965
28.933333333333334 -0.6296844435367169 0.0008334626391457434
28.966666666666665 -0.6574111947947873 0.0008359869523345553
29.0 -0.6699848634851954 0.0008371605417584194
29.033333333333335 -0.6647246962704084 0.0008367546398795334
29.066666666666666 -0.6431833120311361 0.0008344572727524424
29.1 -0.6049122126084885 0.0008324592295406719
29.133333333333333 -0.550066258774525 0.0008197385530335222
29.166666666666668 -0.48070935642170703 0.0008047673771512942
29.2 -0.40150606354709417 0.0007830520026463894
29.233333333333334 -0.30776873893949624 0.0007499248524222568
29.266666666666666 -0.20365021391758723 0.0007056908825013863
29.3 -0.09943025996733414 0.0006552960852100331
29.333333333333332 0.008871316997095672 0.0006061677898178512
29.366666666666667 0.11482579974869059 0.0006607739264166829
29.4 0.21882046349400247 0.0007133097845027359
29.433333333333334 0.3144971773900209 0.0007517155219104454
29.466666666666665 0.4035285108163525 0.0007818855569232674
29.5 0.48026904872156273 0.0008048993814266936
29.533333333333335 0.5455141305753405 0.000817701461582887
29.566666666666666 0.5952702913771357 0.0008277033630474939
29.6 0.6337708391361987 0.0008314337290117324
29.633333333333333 0.6527443390748395 0.0008340631182425229
29.666666666666668 0.6558930724806068 0.0008364475496596135
29.7 0.6413600591960845 0.0008337873761518066
29.733333333333334 0.6111618059470953 0.0008307992652240026
29.766666666666666 0.5636646488860805 0.0008249796636728979
29.8 0.5038956755545442 0.0008097157869235705
29.833333333333332 0.4284651170606812 0.0007929603119563033
29.866666666666667 0.34107489721040546 0.0007647753936352863
29.9 0.24349046849144138 0.00072559525436805
29.933333333333334 0.14056941763371006 0.0006745292020085003
29.966666666666665 0.03384556456825766 0.00061770799984847
30.0 -0.07339436759346968 0.0006398520497215981
30.033333333333335 -0.1772111102855692 0.0006926988670912515
30.066666666666666 -0.2768953400245354 0.0007370040105540432
30.1 -0.3691282707262334 0.0007705795149833272
30.133333333333333 -0.44982570696036717 0.0007965192588423875
30.166666666666668 -0.5204408036578402 0.0008137173391209451
30.2 -0.5787923497197061 0.0008269391198748588
30.233333333333334 -0.6227552460225235 0.0008321959155557224
30.266666666666666 -0.6502425064053421 0.0008355239704950224
30.3 -0.661356081080965 0.0008367060587455288
30.333333333333332 -0.6557027244241471 0.0008359785391972574
30.366666666666667 -0.63387595747046 0.000833147956194269
30.4 -0.5926180163120518 0.0008283669527467952
30.433333333333334 -0.5380445209981178 0.0008175007957493818
30.466666666666665 -0.46946219280447693 0.0008030880354185088
30.5 -0.38631843764118756 0.0007773330103972853
30.533333333333335 -0.29321339665826485 0.0007450439022297362
30.566666666666666 -0.1940479411158844 0.0007045771457173944
30.6 -0.08861421195140638 0.0006494985791913599
30.633333333333333 0.016780738926390242 0.0006093446662503825
30.666666666666668 0.12428256305829037 0.0006680192325186213
30.7 0.2251530992286919 0.0007176028951648983
30.733333333333334 0.3196603711155862 0.0007549555422710075
30.766666666666666 0.40600467079357105 0.0007841461056491972
30.8 0.4827096435721739 0.0008059314011907848
30.833333333333332 0.5442514663130896 0.0008200258407120575
30.866666666666667 0.5945242636527155 0.0008285529107460166
30.9 0.6279579271270004 0.000833462526456219
30.933333333333334 0.6462422671349232 0.000835736882361382
30.966666666666665 0.6470280809389958 0.000836212133578651
31.0 0.6319331354190646 0.0008350821849630874
31.033333333333335 0.5986677758446182 0.0008317694718902313
31.066666666666666 0.551311959284635 0.0008217553201288474
31.1 0.49037983909080674 0.000806765513373664
31.133333333333333 0.412307572368203 0.0007877029279644843
31.166666666666668 0.3276992000176444 0.0007584347524460244
31.2 0.2316039593374043 0.0007188444727344312
31.233333333333334 0.1252032401289908 0.0006684850697845912
31.266666666666666 0.020091258019680522 0.0006104475262403153
31.3 -0.08558196687978414 0.0006469969534682735
31.333333333333332 -0.1894641928286826 0.0006990422319734513
31.366666666666667 -0.2845118760445148 0.0007397865847261209
31.4 -0.3749808284583909 0.0007726119302722823
31.433333333333334 -0.45460248957107013 0.0007971421431071102
31.466666666666665 -0.5232609357754984 0.0008132178842942261
31.5 -0.5785017090751015 0.0008236969217004786
31.533333333333335 -0.6184004372695009 0.0008300734203651183
31.566666666666666 -0.6435255739011041 0.0008340921904921306
31.6 -0.6528633488224167 0.0008357736903363833
31.633333333333333 -0.6444773748177913 0.0008352190386845537
31.666666666666668 -0.6193465671863796 0.0008322095025450338
31.7 -0.5782389404405757 0.0008274481160768232
31.733333333333334 -0.5215002898152236 0.0008167933226729263
31.766666666666666 -0.4514508622111488 0.00079688649819043
31.8 -0.37055800813249484 0.0007745066901976849
31.833333333333332 -0.2792664436341343 0.0007393336120007366
31.866666666666667 -0.17952927698268314 0.0006950573479026778
31.9 -0.07649218892333783 0.0006428444638785502
31.933333333333334 0.029292050649428976 0.0006147237721880229
31.966666666666665 0.1340060431028745 0.0006714364278680718
32.0 0.23393222416500997 0.0007181030735381733
32.03333333333333 0.325451457209123 0.000754715448993859
32.06666666666667 0.41166842317646485 0.0007841555165135627
32.1 0.48158934967842554 0.0008035061514998221
32.13333333333333 0.5444909412518304 0.0008185242999736442
32.166666666666664 0.5908972200450009 0.0008262485078155413
32.2 0.6220692688077698 0.0008322293820518523
32.233333333333334 0.6381083149216544 0.0008339256072761314
32.266666666666666 0.6376155796288623 0.0008348707060867877
32.3 0.6200298249857754 0.0008344960320401107
32.333333333333336 0.5862584834025016 0.0008294405835120866
32.36666666666667 0.5381929558584424 0.0008198148080217349
32.4 0.47101874359387025 0.0008051067946168722
32.43333333333333 0.39397046161699717 0.00078345288355125
32.46666666666667 0.3103340693160188 0.0007541684204247501
32.5 0.21396891065445367 0.0007129266921128974
32.53333333333333 0.1131116268860149 0.0006608009175049501
32.56666666666667 0.008342725932256474 0.0006037704756906154
32.6 -0.09703103422256207 0.0006530941872004425
32.63333333333333 -0.19798200688903136 0.00070372383899589
32.666666666666664 -0.2942834174258951 0.0007435641050713704
32.7 -0.3795454347209737 0.0007748223873881854
32.733333333333334 -0.4584042342651657 0.0007978219298837574
32.766666666666666 -0.5221060627309876 0.000812456895915914
32.8 -0.5751308628027191 0.0008242858538410891
32.833333333333336 -0.6133098814174242 0.0008305249663203007
32.86666666666667 -0.6359165525913688 0.0008347530798148428
32.9 -0.6421650201745616 0.0008345068029248504
32.93333333333333 -0.6327610405968772 0.0008325421239115949
32.96666666666667 -0.6060858797759906 0.000828125704827376
33.0 -0.5643374429867444 0.0008214372956515392
33.03333333333333 -0.5058361626910749 0.0008096824201735409
33.06666666666667 -0.4360917559486078 0.0007934063976005046
33.1 -0.3536711063346651 0.000765727585065934
33.13333333333333 -0.25958794420209286 0.0007293211163495461
33.166666666666664 -0.1636575568796572 0.0006864882032114605
33.2 -0.06171452721113241 0.0006337070403990425
33.233333333333334 0.04185494744401866 0.0006228100195987199
33.266666666666666 0.14574876068516024 0.000678075895276492
33.3 0.24226212527208882 0.0007220644976617119
33.333333333333336 0.33396822324342695 0.0007614763838967864
33.36666666666667 0.41318289331054037 0.0007837185712906702
33.4 0.4841393374212891 0.0008055295451031563
33.43333333333333 0.544652634051301 0.000817385769278367
33.46666666666667 0.5860815828027941 0.0008269950903828649
33.5 0.6150838772378913 0.0008336748837297625
33.53333333333333 0.6274244362651743 0.0008331474685157048
33.56666666666667 0.6236384173413547 0.000835051667931408
33.6 0.6062953890689529 0.0008306283792330893
33.63333333333333 0.5713293742439272 0.0008253083287658169
33.666666666666664 0.5201320427144495 0.0008152454350925931
33.7 0.4526102423478416 0.0007994124480983911
33.733333333333334 0.37706004295033907 0.0007749589513421085
33.766666666666666 0.28861508383318596 0.0007439492567815065
33.8 0.19588036969354133 0.0007030744059107474
33.833333333333336 0.09276612225135732 0.0006502316562851523
33.86666666666667 -0.007769059704480918 0.0006021866051839336
33.9 -0.11136070724759776 0.0006597530582009847
33.93333333333333 -0.21138647527851995 0.0007081939831374562
33.96666666666667 -0.30174529502309366 0.0007460902347714571
34.0 -0.3867447501604787 0.0007789858540721006
34.03333333333333 -0.46144603820453706 0.0008001339694577725
34.06666666666667 -0.5238400651474778 0.0008158728870156784
34.1 -0.5747344587140736 0.0008250892473735671
34.13333333333333 -0.6082887402743455 0.0008314339934412107
34.166666666666664 -0.6293789165362045 0.0008339744951773032
34.2 -0.6318763025404089 0.0008343452052611555
34.233333333333334 -0.6202267002529491 0.0008332469962971656
34.266666666666666 -0.591436024688706 0.0008285723844541071
34.3 -0.5465381388412774 0.0008214057393934882
34.333333333333336 -0.487245045670702 0.0008091090207054674
34.36666666666667 -0.41509699942096745 0.0007883055518745352
34.4 -0.3315100214264794 0.0007595422722597167
34.43333333333333 -0.24003224444843285 0.0007214342670146534
34.46666666666667 -0.14304287285380202 0.0006764178232834261
34.5 -0.04318693448249787 0.0006238798989858102
34.53333333333333 0.06087041301820766 0.0006312272561222812
34.56666666666667 0.16039016267947606 0.000684937330105273
34.6 0.2563771064792162 0.000728059575449691
34.63333333333333 0.3415579161450683 0.0007614035509601047
34.666666666666664 0.4209615921753493 0.0007882756127173263
34.7 0.4911092013770012 0.000806992894704428
34.733333333333334 0.5469657378944908 0.0008206845955706088
34.766666666666666 0.5869545410352601 0.0008286263456434018
34.8 0.6124163233372169 0.0008319953208520969
34.833333333333336 0.6203294040766067 0.0008326850211277659
34.86666666666667 0.6151848983918017 0.0008330574725291529
34.9 0.5932108642047423 0.0008312482049079861
34.93333333333333 0.5526782238640567 0.0008244099879859412
34.96666666666667 0.5006619909297665 0.000811970889154856
35.0 0.4351933381980484 0.0007946026544302098
35.03333333333333 0.35601889427027444 0.000769354881604789
35.06666666666667 0.26736492235478254 0.0007331130291163279
35.1 0.17171026603465359 0.000689879313672842
35.13333333333333 0.07356935140362456 0.0006409853027815604
35.166666666666664 -0.02732759128516223 0.0006135994339576158
35.2 -0.1277469530801872 0.0006682366689202135
35.233333333333334 -0.22594514210835448 0.0007138694031487702
35.266666666666666 -0.3155907798075849 0.0007506298258621591
35.3 -0.3982096251708775 0.0007813872869776306
35.333333333333336 -0.4706374973209315 0.0008024544388119947
35.36666666666667 -0.5298210196930777 0.0008153877666831066
35.4 -0.5756164447787369 0.0008241593741891151
35.43333333333333 -0.6080157513680419 0.0008299023899724922
35.46666666666667 -0.6236261017658035 0.000833047881087845
35.5 -0.6240524520155406 0.0008336666397850134
35.53333333333333 -0.6076701457312466 0.0008309420433150194
35.56666666666667 -0.5765820883649965 0.0008266681637341122
35.6 -0.5274752034458908 0.0008179799460106274
35.63333333333333 -0.4664380676275713 0.0008041235993099249
35.666666666666664 -0.39389815850956056 0.000785040906222445
35.7 -0.3112717020461199 0.0007539465593466854
35.733333333333334 -0.21774881369797383 0.0007142520153398946
35.766666666666666 -0.12092188931174122 0.0006668064120013695
35.8 -0.019766454245244515 0.0006111800282416167
35.833333333333336 0.07696407880494471 0.0006421338436289198
35.86666666666667 0.17694855673361884 0.000694549427898733
35.9 0.27036559005677346 0.0007359789916550619
35.93333333333333 0.35711414732447494 0.0007680838358126163
35.96666666666667 0.4345168690777081 0.0007920984072188331
36.0 0.4974108740533962 0.000808348288968308
36.03333333333333 0.5484729498379126 0.0008198601622384505
36.06666666666667 0.5861020219811907 0.000825615216644815
36.1 0.6081285788129479 0.0008294815280152079
36.13333333333333 0.6140525630093658 0.000830048183081078
36.166666666666664 0.6036882895935402 0.0008298272168679732
36.2 0.5791275774271876 0.0008259807292213539
36.233333333333334 0.5374389640286852 0.000817645904630071
36.266666666666666 0.4799021012533422 0.0008049867473491346
36.3 0.4098108474781322 0.0007882692789604184
36.333333333333336 0.3299604395973689 0.0007612206610743133
36.36666666666667 0.24435772024086863 0.0007270295627483103
36.4 0.14415030076101124 0.0006839580249657917
36.43333333333333 0.04840039763503995 0.000627373696203852
36.46666666666667 -0.05156813362695405 0.0006283666511926952
36.5 -0.15093777348473067 0.0006818336833028238
36.53333333333333 -0.24454288057006476 0.0007237825923975261
36.56666666666667 -0.33049928558658914 0.0007603713448113836
36.6 -0.4098215508983845 0.0007857897574380379
36.63333333333333 -0.4795933284487617 0.0008044806079238742
36.666666666666664 -0.5371214597297197 0.0008198185312675577
36.7 -0.5772843381225875 0.0008234707636901595
36.733333333333334 -0.6053639358778052 0.0008280169342332888
36.766666666666666 -0.6171481789960143 0.000829721898203184
36.8 -0.6140870245155915 0.0008299598377895512
36.833333333333336 -0.5945218933580709 0.0008271297913666764
36.86666666666667 -0.558397399901185 0.0008202398937063871
36.9 -0.5105240051004172 0.0008107381730081409
36.93333333333333 -0.4435552395590037 0.0007955454540762852
36.96666666666667 -0.3695544681235143 0.0007738140658515302
37.0 -0.28101517484156086 0.0007392038766632636
37.03333333333333 -0.19159988926820018 0.0007009110345761738
37.06666666666667 -0.0960981301005392 0.0006538606999063612
37.1 0.00435156354720687 0.0006008542080844182
37.13333333333333 0.10226512158931689 0.00065760765896207
37.166666666666664 0.19871167103364443 0.0007055612215536577
37.2 0.2875800590127754 0.0007453071088898144
37.233333333333334 0.37168921892764284 0.000771662268055473
37.266666666666666 0.44162901586417447 0.00079603429477898
37.3 0.5032205607872037 0.0008116464435856674
37.333333333333336 0.5515204363878525 0.0008231496725535914
37.36666666666667 0.5844534319205547 0.0008266240073605546
37.4 0.6008938318428606 0.0008300374517545839
37.43333333333333 0.604316807634359 0.0008298168864733224
37.46666666666667 0.5904002312244673 0.0008264527531097743
37.5 0.5618337701465799 0.0008230547873084859
37.53333333333333 0.5185442104831001 0.0008146863825253536
37.56666666666667 0.4586324992653543 0.000798919036060497
37.6 0.3879571261380252 0.0007785143828387131
37.63333333333333 0.3068681009044904 0.0007495164367154472
37.666666666666664 0.21598937984127592 0.000711875717372884
37.7 0.1194169048871155 0.0006655728553160573
37.733333333333334 0.021373497267279908 0.0006123209847140043
37.766666666666666 -0.07606460623732848 0.0006420235195617879
37.8 -0.1724689818532935 0.0006931414876109321
37.833333333333336 -0.26270440681717117 0.0007330988693180496
37.86666666666667 -0.3471050630890397 0.000765732459964974
37.9 -0.4220272996401269 0.0007899514699080123
37.93333333333333 -0.48804818314135967 0.0008068271080746703
37.96666666666667 -0.5401913044635132 0.0008189797089620532
38.0 -0.5784032263645035 0.0008264821670086464
38.03333333333333 -0.6013606231741164 0.0008305269559533146
38.06666666666667 -0.6093425169424597 0.0008313209718050496
38.1 -0.6012935550679668 0.000830909879765418
38.13333333333333 -0.5776970471787144 0.0008249434641035558
38.166666666666664 -0.5392165553611771 0.0008173122985845049
38.2 -0.4862248456643138 0.0008052320859051054
38.233333333333334 -0.42003694749285925 0.0007878849332994542
38.266666666666666 -0.34357918052843206 0.0007627867127087407
38.3 -0.25696356889883304 0.0007280374348750396
38.333333333333336 -0.16460398334134138 0.0006869494480234717
38.36666666666667 -0.06950049437067354 0.0006364216081666679
38.4 0.03034304832657887 0.0006148737342835768
38.43333333333333 0.1279561701492083 0.0006697479368965864
38.46666666666667 0.22064087061304125 0.0007133680209890081
38.5 0.30801654102103554 0.0007503771573471041
38.53333333333333 0.385091476120178 0.0007766931604734073
38.56666666666667 0.4536523808647403 0.0007976563997447728
38.6 0.512782928800193 0.0008132613099776087
38.63333333333333 0.555434914688381 0.0008218047671340045
38.666666666666664 0.5826589504001699 0.0008266750471958018
38.7 0.595349503416313 0.0008304705969749415
38.733333333333334 0.5933077952920228 0.0008298636738869325
38.766666666666666 0.5772305316832405 0.000824850053338988
38.8 0.5449262667164138 0.0008197979791146892
38.833333333333336 0.4961519143917037 0.0008105344827992189
38.86666666666667 0.4370378923265412 0.0007932901034796713
38.9 0.3611886966543075 0.000769878333788554
38.93333333333333 0.2761379504371044 0.0007395444557671271
38.96666666666667 0.18695094912118615 0.0006991727907933731
39.0 0.09372643507191115 0.0006519035745779223
39.03333333333333 -0.0036510442091830094 0.0006009071176381262
39.06666666666667 -0.10038403434132548 0.0006557478464391392
39.1 -0.19461286858533902 0.0007010673618299545
39.13333333333333 -0.28162324877243383 0.0007393366267697266
39.166666666666664 -0.3625050100478633 0.0007692744995309031
39.2 -0.4339202923035871 0.000792981759944078
39.233333333333334 -0.4975047096542217 0.0008088876616089702
39.266666666666666 -0.5438555803373547 0.0008182564116533397
39.3 -0.5791557280758322 0.0008239995468047878
39.333333333333336 -0.5980449581810462 0.0008270821598258538
39.36666666666667 -0.6015935792128722 0.0008272825234705294
39.4 -0.5900880291739946 0.0008260642522511796
39.43333333333333 -0.5630443489115395 0.0008226131457943486
39.46666666666667 -0.5209227170287741 0.0008130791218786682
39.5 -0.46536711761270805 0.0008013403171797662
39.53333333333333 -0.39734908334044877 0.000781001271644044
39.56666666666667 -0.31671801750294953 0.0007534761314803573
39.6 -0.22850090739312773 0.0007163231208024978
39.63333333333333 -0.1346890769755672 0.0006729211811503932
39.666666666666664 -0.03808804045709923 0.0006208483239278431
39.7 0.057736106350605096 0.0006304687479192841
39.733333333333334 0.1527279411546922 0.0006830433594705587
39.766666666666666 0.24295116795963528 0.0007237113542403195
39.8 0.32684112100536006 0.0007580032480999366
39.833333333333336 0.4018640922014766 0.0007827011674306772
39.86666666666667 0.46647098872880666 0.0008007318339651182
39.9 0.5181451604718342 0.0008131997603582075
39.93333333333333 0.5585161436461864 0.0008203733435578897
39.96666666666667 0.582299911019508 0.0008253217093017184
40.0 0.5908607043015046 0.0008275199565199731
40.03333333333333 0.5853617280505475 0.0008265392003548033
40.06666666666667 0.5637545012531733 0.0008222776135261567
40.1 0.5270891657802675 0.0008142762303691153
40.13333333333333 0.4762356141729951 0.0008034785444844816
40.166666666666664 0.41190270898164255 0.0007851229192014642
40.2 0.3367102005718093 0.0007603680916442035
40.233333333333334 0.2510478938143778 0.0007267319225652269
40.266666666666666 0.15775704921345407 0.0006843831637879938
40.3 0.06262948418544313 0.0006345343410006504
40.333333333333336 -0.031320983644499076 0.0006155777109470642
40.36666666666667 -0.12683453827587438 0.000668714751590832
40.4 -0.2168406966962852 0.0007115206224446446
40.43333333333333 -0.30425714732813697 0.000748934990605632
40.46666666666667 -0.38101469837134266 0.0007759673354488794
40.5 -0.4503772544538928 0.0007977977956972748
40.53333333333333 -0.5063426423414906 0.0008117249713237573
40.56666666666667 -0.5502409760116171 0.0008222428793241976
40.6 -0.580833464070679 0.0008267301212816491
40.63333333333333 -0.593978476670249 0.0008301269390037502
40.666666666666664 -0.5934549533039659 0.0008298107403134081
40.7 -0.5779231242095088 0.000826842033314068
40.733333333333334 -0.5453035846953153 0.0008209095321658477
40.766666666666666 -0.5004306829534839 0.0008106931751650226
40.8 -0.4431584372746683 0.0007960015111513896
40.833333333333336 -0.3702968485107095 0.0007730592484705423
40.86666666666667 -0.28930021677848416 0.0007431249024342224
40.9 -0.2004782576744187 0.0007048449156219494
40.93333333333333 -0.10463406763065185 0.0006581048930683342
40.96666666666667 -0.009069087169931852 0.0006043651351527318
41.0 0.08579659930621907 0.0006462996813606514
41.03333333333333 0.17878942064956754 0.0006927477437014273
41.06666666666667 0.2654252298423375 0.0007331453540521116
41.1 0.34651423332513404 0.0007641422814117504
41.13333333333333 0.4184191603710153 0.0007875491262849255
41.166666666666664 0.4767719161677499 0.0008025349377975277
41.2 0.5259218577389582 0.0008147757376369968
41.233333333333334 0.5591754026899142 0.0008210220447899541
41.266666666666666 0.5769841795356629 0.0008267681654147152
41.3 0.5824169091176641 0.0008257125779963514
41.333333333333336 0.5718561684143115 0.0008250395059937743
41.36666666666667 0.5445774008149193 0.0008200175494946782
41.4 0.5052991448933544 0.0008114954955621423
41.43333333333333 0.4513322808102056 0.0007979387363832857
41.46666666666667 0.38364029719827486 0.000778239321372387
41.5 0.3050440209805714 0.0007512782135112861
41.53333333333333 0.22127887885937517 0.0007158436074389263
41.56666666666667 0.12918417035258287 0.0006696996657231113
41.6 0.03234798462168749 0.0006172503310869007
41.63333333333333 -0.06196744082452881 0.0006355550661761231
41.666666666666664 -0.15317095886179805 0.0006818998791225939
41.7 -0.2439057430892883 0.0007228524805196479
41.733333333333334 -0.32511053468120127 0.0007561259342258042
41.766666666666666 -0.3976214871594096 0.0007801254467167396
41.8 -0.46406867899487464 0.0007995940967385207
41.833333333333336 -0.5147882408418171 0.0008109226483914433
41.86666666666667 -0.5533595782104861 0.0008200715162627326
41.9 -0.5783925502993029 0.0008237895040986709
41.93333333333333 -0.5876226258921653 0.0008258363880591091
41.96666666666667 -0.5825855560631964 0.0008251209532854631
42.0 -0.5626729864747197 0.0008223347358370381
