0.0 0.49859666717581014 0.0008212262236638734
0.03333333333333333 0.4929867078413044 0.0008210091225510641
0.06666666666666667 0.4757555942929011 0.0008130530613725262
0.1 0.4442254915157682 0.0008071004142105043
0.13333333333333333 0.40061034805175266 0.0007932580722161409
0.16666666666666666 0.34651965687020003 0.0007722166598371216
0.2 0.28158677639135804 0.0007485685658707442
0.23333333333333334 0.21043597032383304 0.0007176019262743194
0.26666666666666666 0.13115428508581348 0.0006770984565035165
0.3 0.04954758917693407 0.0006314962535303656
0.3333333333333333 -0.02926816321332962 0.0006199506448301625
0.36666666666666664 -0.11088186750145657 0.0006638744224401055
0.4 -0.18803817056401595 0.0007015493541031037
0.43333333333333335 -0.26144048025972205 0.0007345297254564565
0.4666666666666667 -0.32738720105778574 0.0007584481876866112
0.5 -0.3833164024698403 0.00077939196202087
0.5333333333333333 -0.43078809179183464 0.0007929176676544358
0.5666666666666667 -0.46668705943336897 0.0008020551392607933
0.6 -0.4902533883281777 0.0008103017705855531
0.6333333333333333 -0.4995072821597614 0.0008129552536281781
0.6666666666666666 -0.49752109126108485 0.0008135306558440525
0.7 -0.48146261411604957 0.0008083373969332008
0.7333333333333333 -0.4525023481837936 0.0008008010215185823
0.7666666666666667 -0.4116451634305978 0.0007895620825594252
0.8 -0.3602114533931373 0.0007721647500760209
0.8333333333333334 -0.2988288809583175 0.0007504885769375469
0.8666666666666667 -0.23021349125921187 0.0007222883506944056
0.9 -0.150555141215103 0.0006842810621334183
0.9333333333333333 -0.07354218530759132 0.0006460250744753648
0.9666666666666667 0.008701042768724639 0.0006086505111882554
1.0 0.08839476874247401 0.0006546191510982818
1.0333333333333334 0.1667609910780167 0.0006945502440939832
1.0666666666666667 0.24189525096934092 0.000729522612044009
1.1 0.3061637783705457 0.0007570741199708908
1.1333333333333333 0.3663420982624398 0.000777776072344083
1.1666666666666667 0.41572339842913364 0.0007947023769259154
1.2 0.4509545269647273 0.0008036242902082491
1.2333333333333334 0.4780078082791987 0.0008124580816020188
1.2666666666666666 0.49050929099927565 0.000817487854054888
1.3 0.49070983022439524 0.0008183623696175202
1.3333333333333333 0.4804237365050378 0.0008152624350244442
1.3666666666666667 0.45230404526232865 0.0008077567759939841
1.4 0.4167475189723674 0.0007974454023757516
1.4333333333333333 0.3679078615739214 0.0007814049601466144
1.4666666666666666 0.3125819565357409 0.0007616175305428796
1.5 0.2419847898089861 0.0007297850148328122
1.5333333333333334 0.16911337185857184 0.0006964044421167992
1.5666666666666667 0.08997241687782855 0.0006536754917445681
1.6 0.008827258601242305 0.0006056929282678893
1.6333333333333333 -0.07180368950430684 0.000643121783174383
1.6666666666666667 -0.15203707888632798 0.0006838818350648479
1.7 -0.22550451468797392 0.0007173977933932763
1.7333333333333334 -0.2939758044086811 0.000745667724584731
1.7666666666666666 -0.3532017256060989 0.0007684532843083014
1.8 -0.4038952935895784 0.0007850039756160943
1.8333333333333333 -0.4448758324151073 0.0007972974574755876
1.8666666666666667 -0.47342654686763014 0.0008049594693799733
1.9 -0.49040505725779054 0.00081045428104487
1.9333333333333333 -0.4928120606445417 0.0008104620591438128
1.9666666666666666 -0.48362354313030176 0.0008087102931188528
2.0 -0.4608414927893859 0.0008032288234245399
2.033333333333333 -0.42623006203139213 0.000794658705077389
2.066666666666667 -0.381672968011057 0.0007792570711909197
2.1 -0.32298845884043315 0.0007583087500985242
2.1333333333333333 -0.2561304488210431 0.0007312512052654041
2.1666666666666665 -0.18460386924656205 0.0006995426592149023
2.2 -0.11018245156779316 0.0006620662424708657
2.2333333333333334 -0.02803765468139411 0.0006163064118319059
2.2666666666666666 0.05342112101504273 0.0006337922525646578
2.3 0.13039139622572146 0.0006746447909419251
2.3333333333333335 0.20409888219386707 0.0007114440678771816
2.3666666666666667 0.2718156018622394 0.0007408502736119815
2.4 0.33499521803772575 0.0007639328974090587
2.433333333333333 0.38908332890813957 0.0007839962293667013
2.466666666666667 0.43088539338232146 0.0007995496624313425
2.5 0.46068736926118575 0.0008104892911702244
2.533333333333333 0.48101382340246357 0.0008164247867918917
2.566666666666667 0.48659928337241865 0.0008186156760219832
2.6 0.48018187731079776 0.0008153270288633885
2.6333333333333333 0.46314758054959626 0.0008114026602222824
2.6666666666666665 0.43096366855002854 0.0008007025955973912
2.7 0.38814833675011023 0.0007855262217411618
2.7333333333333334 0.3343468470285585 0.0007700940519033694
2.7666666666666666 0.2710172265136991 0.000743235415579635
2.8 0.20186052705216656 0.0007120804658899693
2.8333333333333335 0.12892243619989338 0.0006744411705586206
2.8666666666666667 0.0490092761175543 0.0006300450080688053
2.9 -0.030165424796860685 0.0006191578749338948
2.933333333333333 -0.11196602313087618 0.0006625778455937037
2.966666666666667 -0.1880125235122644 0.0007014055769441196
3.0 -0.25964630553231366 0.0007338666602167421
3.033333333333333 -0.32087798729452954 0.0007576236091730859
3.066666666666667 -0.3771178523334791 0.0007767235657900051
3.1 -0.42289158838675367 0.0007902530982779599
3.1333333333333333 -0.4577159518763772 0.0008016493053379925
3.1666666666666665 -0.47889410145004896 0.0008073186050452374
3.2 -0.48933371745490983 0.000809575078793201
3.2333333333333334 -0.4860612479439192 0.0008093607474924935
3.2666666666666666 -0.46834518491342275 0.0008056582084791652
3.3 -0.44018394367861735 0.0007983741233459907
3.3333333333333335 -0.3977665555287026 0.0007868655004768521
3.3666666666666667 -0.3465302581917462 0.0007683833757822778
3.4 -0.2869711624808017 0.0007455757393914353
3.433333333333333 -0.2202168424033293 0.0007179137591094287
3.466666666666667 -0.14534121787911586 0.0006833004010917687
3.5 -0.06399197999788504 0.0006384300289841577
3.533333333333333 0.012494113807585949 0.000608586709262884
3.566666666666667 0.08948964377362094 0.0006512217690640004
3.6 0.16965804730225384 0.000694731871926868
3.6333333333333333 0.24158209111173656 0.000728673182651296
3.6666666666666665 0.3067712358967902 0.0007568979070926019
3.7 0.36386066609246626 0.0007797300313260869
3.7333333333333334 0.4082052907776877 0.0007949702295190764
3.7666666666666666 0.4457671151743254 0.0008044275629185416
3.8 0.4702121199226346 0.0008124119723473266
3.8333333333333335 0.4811231460322789 0.0008129136494986478
3.8666666666666667 0.4824583639315235 0.0008148715412766294
3.9 0.4682742403326898 0.0008115265168516239
3.933333333333333 0.44085651655930946 0.0008024072525288917
3.966666666666667 0.40311710505048576 0.0007968583705688648
4.0 0.35727247059525424 0.0007768793948161878
4.033333333333333 0.2969927721937845 0.0007587467042464158
4.066666666666666 0.22884651131370215 0.0007296942005470541
4.1 0.15935895414177612 0.0006932766444699701
4.133333333333334 0.08129795869407172 0.0006489267679067184
4.166666666666667 0.003904313386385002 0.0006061257382059802
4.2 -0.07533656558664195 0.0006454075644004437
4.233333333333333 -0.1537747285774528 0.00068634273244772
4.266666666666667 -0.22569583884820085 0.000718978888366556
4.3 -0.29379419989216743 0.0007474840803584071
4.333333333333333 -0.3515231273604649 0.000767799991090945
4.366666666666666 -0.399187521459229 0.0007830141784394562
4.4 -0.4381888820027515 0.0007953424309738999
4.433333333333334 -0.4660234369970125 0.000803806502715998
4.466666666666667 -0.4808289668280756 0.0008078521069132538
4.5 -0.4841671102720578 0.0008091182765194715
4.533333333333333 -0.4732145220346806 0.0008062897428116611
4.566666666666666 -0.44944090052002184 0.0008001871698811724
4.6 -0.41384906528538656 0.0007908777501169362
4.633333333333334 -0.366958196333417 0.0007746318466426705
4.666666666666667 -0.3107203965213258 0.0007547164016303842
4.7 -0.24661268277503853 0.000728557200628227
4.733333333333333 -0.1744629750095514 0.0006953364121303207
4.766666666666667 -0.09897794716899831 0.0006580269421009172
4.8 -0.021043662080411127 0.0006146203124582882
4.833333333333333 0.05851452688104907 0.0006358705034652176
4.866666666666666 0.1323515348914001 0.0006744377537677981
4.9 0.20704127173004688 0.0007141903994563326
4.933333333333334 0.27697661849284355 0.0007412226573156322
4.966666666666667 0.3347639522579952 0.0007658321735831697
5.0 0.3848309113796908 0.0007840237065178668
5.033333333333333 0.42402071128364394 0.0007967744585453129
5.066666666666666 0.4529443675861329 0.0008054709402481319
5.1 0.4707259789082211 0.0008119394700381588
5.133333333333334 0.47515452326205143 0.0008130414445103873
5.166666666666667 0.4689804428273707 0.0008109606867033325
5.2 0.4483755377225504 0.0008050266434365683
5.233333333333333 0.4145762717220813 0.0007956676595193279
5.266666666666667 0.37185628586283265 0.0007831489395327962
5.3 0.3203275930317876 0.0007631278534713792
5.333333333333333 0.25742147622865147 0.000739023751158252
5.366666666666666 0.18628639577353706 0.0007036308852362838
5.4 0.1147297018170355 0.0006668184784143355
5.433333333333334 0.03644873435343247 0.0006241729452007988
5.466666666666667 -0.04222920481598369 0.0006269147376100417
5.5 -0.11892382110065257 0.000668551201640652
5.533333333333333 -0.19325069597328273 0.0007038419874579316
5.566666666666666 -0.2612685521419394 0.0007342720724292096
5.6 -0.32365896860083065 0.000757622168375327
5.633333333333334 -0.37784533155416533 0.0007769386917474419
5.666666666666667 -0.42013272193960916 0.000788103057897338
5.7 -0.4504581921731861 0.0007985366896005597
5.733333333333333 -0.46949457876316936 0.0008033361752064483
5.766666666666667 -0.47857183263869607 0.0008076758967471287
5.8 -0.47346843827480767 0.0008073442282144905
5.833333333333333 -0.45542969721943516 0.000802525490040229
5.866666666666666 -0.4249668907045662 0.0007902169165695527
5.9 -0.3847142542633448 0.0007828943879013561
5.933333333333334 -0.3327402058900139 0.0007606587317550151
5.966666666666667 -0.27033437298896384 0.0007381274410306338
6.0 -0.20269388869986954 0.0007103455486217602
6.033333333333333 -0.12992178898125104 0.0006737810339088324
6.066666666666666 -0.05326008131474356 0.0006322520843046464
6.1 0.024033158072797503 0.0006149122053056115
6.133333333333334 0.09986986297860356 0.0006584704251553497
6.166666666666667 0.17542515387372967 0.0006951321329222993
6.2 0.241481059942517 0.0007264806331750417
6.233333333333333 0.3070744142763147 0.0007528632462527884
6.266666666666667 0.3598631948083441 0.0007750715996033275
6.3 0.40421187030328637 0.0007905204724981685
6.333333333333333 0.4395424389527527 0.0008006235759733804
6.366666666666666 0.4606058440187194 0.000805180586875287
6.4 0.47137394618658446 0.000809463149922196
6.433333333333334 0.4685985639576524 0.0008105959283402631
6.466666666666667 0.45333583099742625 0.0008063478932220369
6.5 0.42522445343683746 0.0007974650692254004
6.533333333333333 0.3884429659087021 0.0007887289733147784
6.566666666666666 0.3394985195995201 0.0007690537589863933
6.6 0.2812192915054403 0.0007467511199192867
6.633333333333334 0.21512337697715542 0.000719188030786827
6.666666666666667 0.14273230418857796 0.0006828117765296793
6.7 0.06920519022117066 0.000642623852415411
6.733333333333333 -0.007337043705832684 0.0006062160523088687
6.766666666666667 -0.08479885582852692 0.0006497203314305006
6.8 -0.15751908177300894 0.0006848448612640778
6.833333333333333 -0.22743676591812 0.0007198510370089728
6.866666666666666 -0.29420758699076294 0.000745650519680563
6.9 -0.34979586461837664 0.0007665969968583819
6.933333333333334 -0.39688319933433314 0.0007819165725284627
6.966666666666667 -0.43246836640561187 0.0007930822098102253
7.0 -0.4573337494834825 0.0007993846926087067
7.033333333333333 -0.46792073803095113 0.0008030491708704846
7.066666666666666 -0.46973193980163064 0.0008052762294195603
7.1 -0.45948471065203295 0.0008027239324864821
7.133333333333334 -0.43503039982503183 0.0007981300538890679
7.166666666666667 -0.399043566855671 0.0007876059212258424
7.2 -0.3506470180390762 0.0007689186442017548
7.233333333333333 -0.2944485885646556 0.0007497403154998472
7.266666666666667 -0.23130645321617258 0.0007242117507270385
7.3 -0.15948526679840064 0.0006904572382248342
7.333333333333333 -0.08497160716936092 0.0006496994948157475
7.366666666666666 -0.007767654218648331 0.0006058939446860409
7.4 0.06814001636585636 0.0006412901875926663
7.433333333333334 0.140986785978299 0.0006815067170663491
7.466666666666667 0.21282904447161036 0.000717262154913717
7.5 0.27562422621736005 0.0007438033413705858
7.533333333333333 0.3321917537551192 0.0007644858851537095
7.566666666666666 0.3829673713850841 0.000783826406277055
7.6 0.42156061773716424 0.0007989253704261401
7.633333333333334 0.4462613728822891 0.0008050735333362535
7.666666666666667 0.462628596233433 0.000809264250881514
7.7 0.46615888742330086 0.0008103353950773551
7.733333333333333 0.45668946671077937 0.0008082941341456817
7.766666666666667 0.43220665074261405 0.0008018633120434049
7.8 0.40078564223801166 0.0007907470682389506
7.833333333333333 0.35645881016070335 0.0007750720179889314
7.866666666666666 0.3031801482334314 0.0007547621584770847
7.9 0.239609321915262 0.0007270089863532503
7.933333333333334 0.1733119467708382 0.000699988991123307
7.966666666666667 0.10039267607977646 0.0006609668321919532
8.0 0.02424986229135656 0.0006149944479550036
8.033333333333333 -0.053390781953522495 0.0006322983178282254
8.066666666666666 -0.12604796942939658 0.000670017630130415
8.1 -0.19733386717914442 0.0007060468139384324
8.133333333333333 -0.2642033990347004 0.000735397857786535
8.166666666666666 -0.3226583278898712 0.0007573806855123988
8.2 -0.37324826443165193 0.0007760310273478566
8.233333333333333 -0.41348714288565597 0.0007886503006869772
8.266666666666667 -0.44547321066886286 0.0007986345557645658
8.3 -0.46205371288356556 0.000802884729805553
8.333333333333334 -0.46729062861139203 0.0008047361339876269
8.366666666666667 -0.46028872399012394 0.0008026816720734797
8.4 -0.44143861709947685 0.0007989191919082761
8.433333333333334 -0.41031354089821986 0.0007889341492978152
8.466666666666667 -0.36874249436991596 0.0007761561024417496
8.5 -0.31674926307974116 0.0007577754540685766
8.533333333333333 -0.25466451483026536 0.0007316171988250297
8.566666666666666 -0.18762365833451156 0.0007045712938048565
8.6 -0.11280420694536815 0.0006646927025840965
8.633333333333333 -0.03910750309562823 0.0006247256793693243
8.666666666666666 0.03599420709796982 0.0006233318037778615
8.7 0.11218075191881081 0.0006650302402137209
8.733333333333333 0.18407674244155994 0.0007043084795367582
8.766666666666667 0.250063193350979 0.0007340831894966371
8.8 0.31123801785737876 0.0007572835542868361
8.833333333333334 0.36270403458100314 0.000776345412011048
8.866666666666667 0.40120048581939827 0.0007900037970105522
8.9 0.4346832170217553 0.0007998259504767846
8.933333333333334 0.4542287543264357 0.0008063677874857733
8.966666666666667 0.4614149752778358 0.0008073548954163345
9.0 0.45657347621127076 0.000804731545156423
9.033333333333333 0.4402872384627357 0.0008030876670506726
9.066666666666666 0.4113484837828814 0.0007937628442913902
9.1 0.37219275799418594 0.0007811775180959768
9.133333333333333 0.3216081326544209 0.0007640621691042959
9.166666666666666 0.26616487849173265 0.0007392012151788419
9.2 0.2008690624835751 0.0007108336945404192
9.233333333333333 0.13102391900021848 0.0006769346683793143
9.266666666666667 0.05368658280581713 0.0006326700077610367
9.3 -0.02313182921509382 0.0006144147028425903
9.333333333333334 -0.09761769917199987 0.0006574183285590618
9.366666666666667 -0.16894584381144748 0.0006916686201076105
9.4 -0.23700660305307736 0.0007240184929838689
9.433333333333334 -0.29741520215750294 0.0007498874147143231
9.466666666666667 -0.3506873973470613 0.0007693396952784815
9.5 -0.3929030356341029 0.0007829329970449606
9.533333333333333 -0.4286158563262455 0.0007932125219209385
9.566666666666666 -0.4512471159716364 0.0007996986944505124
9.6 -0.46186020742857864 0.000802472489489392
9.633333333333333 -0.460793062449557 0.0008025608951559016
9.666666666666666 -0.44577240748184155 0.0008000680468279175
9.7 -0.41889496208574123 0.0007926288592283726
9.733333333333333 -0.3800300545488275 0.0007796354332777478
9.766666666666667 -0.33234985633338987 0.0007626000935019306
9.8 -0.2764035574420579 0.0007413571791679563
9.833333333333334 -0.21170651850881964 0.0007144284876221263
9.866666666666667 -0.14461789039474213 0.0006806117684393376
9.9 -0.06826285713162487 0.0006428953546179922
9.933333333333334 0.008587706010391157 0.0006070560873951292
9.966666666666667 0.08102021951672705 0.0006476361804372
10.0 0.152898263150657 0.0006847308856863799
10.033333333333333 0.22169994095857143 0.0007181118980158774
10.066666666666666 0.28342908380051235 0.0007482839410185571
10.1 0.3374511646608844 0.0007682399115951921
10.133333333333333 0.38195747585005085 0.0007822807336182458
10.166666666666666 0.4163998088883506 0.0007923531481205393
10.2 0.44147506788054414 0.0008014081632335968
10.233333333333333 0.4546691859849639 0.0008052880936815776
10.266666666666667 0.4550918276099856 0.000806245373440373
10.3 0.44355828804569897 0.0008036451064647454
10.333333333333334 0.42032774746532486 0.0007960270193843599
10.366666666666667 0.3862938217647618 0.0007859318659724224
10.4 0.339323616719877 0.0007683190169935905
10.433333333333334 0.2852261877485495 0.0007472759216310965
10.466666666666667 0.22380958538256104 0.0007241750126316948
10.5 0.15548392704878883 0.000688487024966683
10.533333333333333 0.08269593545655937 0.0006490540377373788
10.566666666666666 0.008181124910986586 0.0006052465644855714
10.6 -0.07007006616816847 0.0006409271960636787
10.633333333333333 -0.13987177288619748 0.0006769469971945052
10.666666666666666 -0.20854116646601567 0.0007113317078829839
10.7 -0.2718747670942664 0.0007378824268531314
10.733333333333333 -0.32710218100073146 0.0007591140850116695
10.766666666666667 -0.3748341168895973 0.0007764722312654793
10.8 -0.4123616869811803 0.0007884751859119632
10.833333333333334 -0.4381650487357648 0.0007952660586342253
10.866666666666667 -0.45289788813990745 0.0008012307985007516
10.9 -0.4561976969049942 0.0008009844730500482
10.933333333333334 -0.4475472678406607 0.000798962420224647
10.966666666666667 -0.4260803081060665 0.0007925135955080265
11.0 -0.39206882117562536 0.0007843244680179606
11.033333333333333 -0.34825577178778555 0.0007669407056143385
11.066666666666666 -0.296141434822167 0.0007501463093563809
11.1 -0.23645148906431082 0.0007257535410284677
11.133333333333333 -0.16776250107475177 0.0006931000021335731
11.166666666666666 -0.09692905779040771 0.0006569483866211007
11.2 -0.023750374480689403 0.0006162991316688606
11.233333333333333 0.0509195446712955 0.0006306850518995738
11.266666666666667 0.12701767244162293 0.000672576802039887
11.3 0.1939135944757584 0.0007049139181639352
11.333333333333334 0.2577080402353382 0.000735416534412836
11.366666666666667 0.3141999098040142 0.000761197889741605
11.4 0.3621904165742981 0.0007759655964760803
11.433333333333334 0.4007947532863851 0.0007895415359107094
11.466666666666667 0.4272240708456367 0.0007966006295800354
11.5 0.4454879105728503 0.0008026429002624957
11.533333333333333 0.4504871236222831 0.0008049603578911269
11.566666666666666 0.44311108103462443 0.0008025813296932971
11.6 0.42422845219427036 0.0007994730811475281
11.633333333333333 0.3936522034522248 0.0007887772780408309
11.666666666666666 0.3535221019233049 0.0007753312228691578
11.7 0.3016756999330573 0.0007551307532434048
11.733333333333333 0.24465360187053864 0.000732395505532446
11.766666666666667 0.18122582725799807 0.0007010475860680654
11.8 0.10981585733180547 0.0006640896856281719
11.833333333333334 0.038079662568790085 0.0006235551649930657
11.866666666666667 -0.0372267017606553 0.0006235917873232202
11.9 -0.1106722176401241 0.0006608040210439314
11.933333333333334 -0.18296168104354776 0.0006989105139077467
11.966666666666667 -0.2460729908985969 0.0007276243299417506
12.0 -0.3049366315619313 0.0007501840782422886
12.033333333333333 -0.35453690294734685 0.00076978088759877
12.066666666666666 -0.39516506642296073 0.0007836740032047262
12.1 -0.4255439626514242 0.000793207074304525
12.133333333333333 -0.4449003740554678 0.0007990396733337235
12.166666666666666 -0.45137586020124587 0.0008024501119044403
12.2 -0.4466945218049001 0.0007988944234344486
12.233333333333333 -0.4306590276310158 0.0007968986132725897
12.266666666666667 -0.40201267807363716 0.0007872631153404974
12.3 -0.36330998925169844 0.0007766186832033894
12.333333333333334 -0.3125246083655195 0.0007557665628210031
12.366666666666667 -0.2548556372384431 0.0007300440885844584
12.4 -0.1921637084519863 0.0007052621158865346
12.433333333333334 -0.12308789390707645 0.0006705195999232305
12.466666666666667 -0.05246940737680359 0.000630817078784339
12.5 0.021666683351822577 0.0006151697076878515
12.533333333333333 0.09532678771137275 0.0006575852563745627
12.566666666666666 0.16588366447862027 0.0006953887299089578
12.6 0.23333487820796703 0.0007243808104643035
12.633333333333333 0.2902706238181403 0.0007468574273505335
12.666666666666666 0.3420457675417641 0.000769446539041152
12.7 0.38364807252095956 0.0007821712618940602
12.733333333333333 0.414991496775904 0.0007936710640466527
12.766666666666667 0.4360018102951748 0.0008011035928735533
12.8 0.44390678123421073 0.0008033797608142934
12.833333333333334 0.442076332582534 0.000806668700663038
12.866666666666667 0.42942579711221573 0.0008000289345459488
12.9 0.4024169015455676 0.0007924606462245687
12.933333333333334 0.3655083581702155 0.000780835349573461
12.966666666666667 0.31815250994301636 0.0007618931616389935
13.0 0.26295541573650255 0.0007410661470741986
13.033333333333333 0.200816103720216 0.0007122705024245057
13.066666666666666 0.13349769502997427 0.0006781856994759194
13.1 0.06333750704250365 0.0006383675392975657
13.133333333333333 -0.00972202199490848 0.000607982675719751
13.166666666666666 -0.08118823387564394 0.0006467955346856208
13.2 -0.15128133662615467 0.000683374578431345
13.233333333333333 -0.2199304292904213 0.000714241731314097
13.266666666666667 -0.2817152491894886 0.0007398782218984157
13.3 -0.33386876301252266 0.0007606156437042766
13.333333333333334 -0.3770461543022402 0.0007753923255300887
13.366666666666667 -0.41147169507651465 0.0007862499269589707
13.4 -0.4346899168009348 0.0007950313045858581
13.433333333333334 -0.4464472333308782 0.0007978292594396641
13.466666666666667 -0.4453521084998828 0.0007990962384240019
13.5 -0.4337290287081822 0.0007966231904980026
13.533333333333333 -0.409735488427914 0.0007891896404238485
13.566666666666666 -0.3736741077896405 0.0007755182654551884
13.6 -0.32919245672976427 0.0007607435315761801
13.633333333333333 -0.2753238315237922 0.0007409493774690468
13.666666666666666 -0.21407981405423523 0.000714966313772547
13.7 -0.14783603703286463 0.0006826547349032819
13.733333333333333 -0.0749246413078989 0.0006451601929733652
13.766666666666667 -0.0046182049126121255 0.0006050319749375237
13.8 0.0688438346972716 0.0006424783595087719
13.833333333333334 0.1417051684844328 0.0006817393090756407
13.866666666666667 0.20675618564510959 0.000712735249719515
13.9 0.2667909917664049 0.0007383796351316807
13.933333333333334 0.3208745502751416 0.0007595308029255676
13.966666666666667 0.3668092422417097 0.0007773351253875793
14.0 0.40196736392487 0.0007887163459759372
14.033333333333333 0.42620630946054444 0.0007961361834974423
14.066666666666666 0.43920854688840105 0.0008012501743172584
14.1 0.4388667725796084 0.0008024096141647785
14.133333333333333 0.42886957426567107 0.00079726907772526
14.166666666666666 0.4098212988478425 0.0007932635720047099
14.2 0.3758132796050596 0.0007833123067355063
14.233333333333333 0.3351076175820172 0.0007694599192891172
14.266666666666667 0.2829167911638777 0.0007470251460525157
14.3 0.22340828642895375 0.0007226596868034341
14.333333333333334 0.15857805831741237 0.0006895523364760514
14.366666666666667 0.08826974663296737 0.0006542801341306304
14.4 0.016469015914519457 0.0006119358392086792
14.433333333333334 -0.0554458594805198 0.0006335006726847156
14.466666666666667 -0.12459389339248923 0.0006700738591367411
14.5 -0.19404944656988687 0.0007051961834635412
14.533333333333333 -0.2554860725983909 0.0007326864185562831
14.566666666666666 -0.3135961053023869 0.0007542068856365991
14.6 -0.36029305692742697 0.0007724840989286608
14.633333333333333 -0.39666369994898226 0.0007856386989590347
14.666666666666666 -0.42224807547421017 0.0007898232733656863
14.7 -0.4385249969282419 0.0007966294800240137
14.733333333333333 -0.4414839666597133 0.000797495377332702
14.766666666666667 -0.4336267400406988 0.0007960248847418416
14.8 -0.41444546744207644 0.00079063900108306
14.833333333333334 -0.3840923425317378 0.0007811786491803696
14.866666666666667 -0.34220318432017066 0.0007671807343612169
14.9 -0.29267423611807264 0.0007495372581673432
14.933333333333334 -0.2333356143712876 0.0007239447333695082
14.966666666666667 -0.16983323483147877 0.0006941841507547564
15.0 -0.09991363014797788 0.0006597957469314242
15.033333333333333 -0.027118445646622132 0.000616851996723157
15.066666666666666 0.04199739077816535 0.0006272247682001519
15.1 0.1122844113308706 0.0006670951849502282
15.133333333333333 0.18221514929919233 0.00069904846343527
15.166666666666666 0.24563098583061407 0.0007296337720547885
15.2 0.30008748455512635 0.0007524101750966961
15.233333333333333 0.34734517467147913 0.0007712119424603814
15.266666666666667 0.38666667330447235 0.0007874701034892295
15.3 0.4143309789721576 0.0007953654478187189
15.333333333333334 0.4307025362183383 0.0007998408103571109
15.366666666666667 0.4358712922972288 0.0008026212263423371
15.4 0.4316021656217952 0.0008011433107321109
15.433333333333334 0.41304846203298334 0.0007995491939659094
15.466666666666667 0.38669084522299974 0.0007883027603697301
15.5 0.3475300364037268 0.0007744142970812495
15.533333333333333 0.2979445590284548 0.000753920342197012
15.566666666666666 0.2418045179013436 0.0007313737432110279
15.6 0.17750801519503603 0.0007008752085667647
15.633333333333333 0.10960150181196478 0.0006647875797702041
15.666666666666666 0.04021433876476537 0.0006252559314503248
15.7 -0.02944552432971048 0.0006188530128200496
15.733333333333333 -0.10262785741209157 0.0006585306301145205
15.766666666666667 -0.1690205392951338 0.0006940288340104572
15.8 -0.23293968593549708 0.0007209482960175151
15.833333333333334 -0.29058541245253994 0.0007465539598084381
15.866666666666667 -0.3379696484189178 0.0007636629849099852
15.9 -0.3786891360768829 0.0007777040878803043
15.933333333333334 -0.4113823158730885 0.0007903342864287732
15.966666666666667 -0.4297336318584207 0.0007952130139903812
16.0 -0.43733148546388684 0.0007966150234168246
16.033333333333335 -0.4332764094712373 0.0007999946366034627
16.066666666666666 -0.419032291529714 0.000795416633360968
16.1 -0.3914702553871493 0.000784496026772552
16.133333333333333 -0.3541972700079656 0.0007705257620341799
16.166666666666668 -0.308259413500797 0.0007555429441663541
16.2 -0.2515902802920886 0.0007326202412973326
16.233333333333334 -0.1921687025849991 0.0007038317865387667
16.266666666666666 -0.12270959483425893 0.0006706534830575733
16.3 -0.05421292486433935 0.0006327627919979276
16.333333333333332 0.018016374135900532 0.0006117903418384682
16.366666666666667 0.0877207751493471 0.0006516277290779249
16.4 0.15665901384705253 0.0006868439931166925
16.433333333333334 0.2200373993747753 0.0007172359399531814
16.466666666666665 0.2759572334779085 0.0007416635349248302
16.5 0.3254727863939176 0.0007624080944571565
16.533333333333335 0.3679563755349652 0.0007784771011428715
16.566666666666666 0.3994533977858084 0.000785521692096447
16.6 0.4203399594342452 0.0007988714726886448
16.633333333333333 0.43025176083362654 0.0008004972276526856
16.666666666666668 0.428244585458893 0.0008008642162249946
16.7 0.4154564239783918 0.0007954078434644907
16.733333333333334 0.3888663616854414 0.0007923813544782332
16.766666666666666 0.35535342984412804 0.0007807986805031808
16.8 0.3092827928850444 0.0007650810676780861
16.833333333333332 0.25998812622304307 0.0007406836774517811
16.866666666666667 0.19952451259812545 0.0007112792974983129
16.9 0.13359626593150256 0.0006787361742912335
16.933333333333334 0.06457872641248359 0.0006403449277121442
16.966666666666665 -0.008835326728802577 0.0006059041588266888
17.0 -0.07600209674410296 0.0006434663564389431
17.033333333333335 -0.14578161366371106 0.0006802115803963837
17.066666666666666 -0.21225492859389095 0.0007130473691938644
17.1 -0.2673912802530453 0.0007357939522474322
17.133333333333333 -0.3210386227003952 0.0007572695842352206
17.166666666666668 -0.36287233205302327 0.0007707037884149837
17.2 -0.39583181011635304 0.0007822403809140122
17.233333333333334 -0.4200324308626731 0.0007912809302176305
17.266666666666666 -0.43145835042254194 0.0007950965403902832
17.3 -0.430793802972796 0.0007954871183982193
17.333333333333332 -0.41893326829930344 0.000791199076583371
17.366666666666667 -0.39718083932030823 0.0007846902576448822
17.4 -0.36356075259846604 0.0007738166665088864
17.433333333333334 -0.3211950152714448 0.0007583511527105014
17.466666666666665 -0.2697912484240009 0.000738906778991244
17.5 -0.2118987122890902 0.0007138688164754214
17.533333333333335 -0.1465242487805728 0.0006808119803045909
17.566666666666666 -0.0763850120142809 0.0006398219531479066
17.6 -0.004863053764575877 0.0006045611532513144
17.633333333333333 0.06432406743119032 0.0006393039735431011
17.666666666666668 0.13231556781202397 0.0006754080495720849
17.7 0.19533162170543106 0.0007070652645876363
17.733333333333334 0.2553732540886008 0.0007341889922061751
17.766666666666666 0.30801859838727097 0.0007570348182182607
17.8 0.34955451474228544 0.0007725021694020562
17.833333333333332 0.38523177919177726 0.000785917594720742
17.866666666666667 0.40965824418528424 0.000793242308130715
17.9 0.42386405315953257 0.0007986275389190722
17.933333333333334 0.42541927576697386 0.0007990159857686474
17.966666666666665 0.4161987319178674 0.000796560885246711
18.0 0.39528095288798815 0.0007920228849670474
18.033333333333335 0.3641283950531581 0.0007802789700482871
18.066666666666666 0.32454340181440744 0.0007634553626497675
18.1 0.27674367220549506 0.000746480401837224
18.133333333333333 0.21844896652262996 0.0007200181474000811
18.166666666666668 0.15506034923355802 0.0006868464274429331
18.2 0.08813732274233216 0.0006532285845161079
18.233333333333334 0.01643056225392066 0.0006105936361915226
18.266666666666666 -0.054622285932825455 0.0006347601447454845
18.3 -0.12148171545402335 0.0006672768549665087
18.333333333333332 -0.1868994852927216 0.0006992647901217508
18.366666666666667 -0.24636652944417625 0.000727573710829349
18.4 -0.3005581800286107 0.0007490920091027253
18.433333333333334 -0.3462138965002441 0.0007652440985989606
18.466666666666665 -0.3836959937376798 0.00077864213616885
18.5 -0.40939802096260525 0.0007872875303112647
18.533333333333335 -0.42450162605697667 0.0007916451329696983
18.566666666666666 -0.42737967800637316 0.0007928499814058854
18.6 -0.42076634625964576 0.0007923560198286328
18.633333333333333 -0.40127215359514834 0.000786418525187127
18.666666666666668 -0.37219431828124705 0.0007772815898146046
18.7 -0.33210900837252033 0.0007637442157074625
18.733333333333334 -0.2846383690697938 0.000743972709346008
18.766666666666666 -0.2290251882272536 0.0007218581475980645
18.8 -0.16295276261022157 0.000692012776103923
18.833333333333332 -0.09584738387971875 0.000655383100804291
18.866666666666667 -0.030042749082174105 0.0006196067298290114
18.9 0.0408037249627955 0.000625750040274077
18.933333333333334 0.11070216171661917 0.0006638914449372674
18.966666666666665 0.17402059485299395 0.0006959695464689442
19.0 0.23705290980510302 0.0007272323490380428
19.033333333333335 0.29043762589221034 0.0007504969322298938
19.066666666666666 0.3370802794412183 0.000768474360503868
19.1 0.3736223028124463 0.0007801967795961762
19.133333333333333 0.40090245900229515 0.0007894233173083021
19.166666666666668 0.4177170795684472 0.0007945222858640744
19.2 0.42137252451161217 0.0007947407583912547
19.233333333333334 0.41732089619455154 0.0007970898130149617
19.266666666666666 0.3983143737634933 0.0007896657431139542
19.3 0.371682868489865 0.0007839235238256692
19.333333333333332 0.3344491248056583 0.0007674641867891352
19.366666666666667 0.28829855838417684 0.0007501572196322859
19.4 0.2344320218429869 0.0007267725378910517
19.433333333333334 0.1710016916835875 0.0006977273941477513
19.466666666666665 0.1070358282188531 0.0006635675741773345
19.5 0.040246211843120556 0.0006244153793177401
19.533333333333335 -0.029781215165590045 0.0006195412126192533
19.566666666666666 -0.0971102077805501 0.000656644320760319
19.6 -0.16514613252290453 0.000689584551675948
19.633333333333333 -0.22672038087139917 0.000719128921006229
19.666666666666668 -0.2815500225650304 0.0007417963905114733
19.7 -0.33014516575812275 0.0007607295838507611
19.733333333333334 -0.3675948394300661 0.000774233626155918
19.766666666666666 -0.39788371200183376 0.0007848038854084138
19.8 -0.41644835437702515 0.0007910839401038539
19.833333333333332 -0.4233972775137579 0.0007926334293202331
19.866666666666667 -0.41992717968849375 0.0007911353255273257
19.9 -0.40490668104415894 0.0007878391100736848
19.933333333333334 -0.3778921388212793 0.0007792474772286284
19.966666666666665 -0.3427320789756705 0.0007669450463831939
20.0 -0.2955522219466071 0.0007508607201905937
20.033333333333335 -0.24329813753978707 0.0007287100415696024
20.066666666666666 -0.18151798704684804 0.0007004210729768257
20.1 -0.11739006735910874 0.0006676726626804463
20.133333333333333 -0.04939076271956583 0.0006308187222267489
20.166666666666668 0.018836492396689955 0.0006129775272649511
20.2 0.0884212273835741 0.0006521292857271516
20.233333333333334 0.15543312662226508 0.0006847329941966074
20.266666666666666 0.21477581663037984 0.0007163228670761801
20.3 0.2707618766028763 0.0007407455862507573
20.333333333333332 0.31670917621659256 0.0007586237302194543
20.366666666666667 0.35738510264982815 0.000773655723478428
20.4 0.3875929019068818 0.0007840761901063975
20.433333333333334 0.4063788423628327 0.0007925826740615705
20.466666666666665 0.4144952556061518 0.0007955399928457063
20.5 0.41541998756097737 0.0007942004626498855
20.533333333333335 0.4004209086390281 0.0007915763321690306
20.566666666666666 0.37977392801690757 0.000783832180909827
20.6 0.3429091295914451 0.0007697641413972889
20.633333333333333 0.30203476777988536 0.0007553043745107124
20.666666666666668 0.25074243882284475 0.000734435717213322
20.7 0.1878657918118404 0.0007055668890628142
20.733333333333334 0.12835987049670664 0.0006751696485765846
20.766666666666666 0.0612727853681451 0.0006378083950177166
20.8 -0.008907471026019204 0.0006072164471556778
20.833333333333332 -0.0766704026189053 0.0006448106171626639
20.866666666666667 -0.14356951716414473 0.000679015336191191
20.9 -0.20453621610496953 0.0007104653307180298
20.933333333333334 -0.2627536509569873 0.0007349959038763232
20.966666666666665 -0.31350140461353604 0.0007559366700776171
21.0 -0.35329361414271016 0.0007691936475616168
21.033333333333335 -0.38636829744788714 0.0007809978660286987
21.066666666666666 -0.40649423877220797 0.0007862527517480955
21.1 -0.4184379201868219 0.0007904262951695662
21.133333333333333 -0.41754757489815886 0.0007902752189899998
21.166666666666668 -0.4057075743697743 0.0007872441091634208
21.2 -0.3840035796081913 0.000779821015134019
21.233333333333334 -0.3502086581241878 0.0007694987183083368
21.266666666666666 -0.30709385928954663 0.0007533905002725105
21.3 -0.2554393818074606 0.0007325722091751086
21.333333333333332 -0.19923885341346648 0.0007083381362101571
21.366666666666667 -0.1368174480786324 0.0006766022725360754
21.4 -0.07002306912495024 0.0006437500490911741
21.433333333333334 -0.0032996853749130473 0.0006050603795177216
21.466666666666665 0.06482915233772284 0.0006408700142768176
21.5 0.13064440288504128 0.0006736737853701158
21.533333333333335 0.19062493036806683 0.0007059317713334068
21.566666666666666 0.2501299602663176 0.0007323028405360477
21.6 0.3012116371996033 0.0007526705816316426
21.633333333333333 0.3437685678206501 0.000770357962841417
21.666666666666668 0.3765324223724464 0.0007820524646976468
21.7 0.3983037453823087 0.0007888195385226671
21.733333333333334 0.4116573067799173 0.0007956759770545996
21.766666666666666 0.4121586278095268 0.0007925794766702743
21.8 0.40124970518609354 0.0007918958540328314
21.833333333333332 0.3805464215325993 0.0007866560174230597
21.866666666666667 0.349584401832621 0.0007729723141343681
21.9 0.31117572486449874 0.0007611667549262124
21.933333333333334 0.26178300086580714 0.0007400876058801242
21.966666666666665 0.20561776632912832 0.0007143029034656911
22.0 0.14480202768163083 0.0006844492200348273
22.033333333333335 0.08026322243953685 0.0006483471001611785
22.066666666666666 0.013506708190273876 0.0006108341016920274
22.1 -0.05476189507894769 0.0006323656613926032
22.133333333333333 -0.11855370024402737 0.0006697689412066832
22.166666666666668 -0.18348878878719138 0.0007008643402465486
22.2 -0.2424446354598543 0.0007236888877050485
22.233333333333334 -0.29652443137652823 0.0007474534380104703
22.266666666666666 -0.33881927348733326 0.0007646172499734538
22.3 -0.37379966122347486 0.0007758606124901313
22.333333333333332 -0.3974073314224284 0.0007839717827837767
22.366666666666667 -0.4130319381370529 0.0007902000069872073
22.4 -0.41538865128663116 0.0007908785333112234
22.433333333333334 -0.40596365307444604 0.0007882773338773186
22.466666666666665 -0.38885115703734086 0.0007845216249110498
22.5 -0.3586526386880988 0.0007727776672346032
22.533333333333335 -0.31956452733131924 0.0007596421294003286
22.566666666666666 -0.2706301898113285 0.0007398538458720516
22.6 -0.21643162653914924 0.000715740147520183
22.633333333333333 -0.1562156600230448 0.00068603268022005
22.666666666666668 -0.0903786156950871 0.0006522233093419899
22.7 -0.02252017487327214 0.0006151505516928842
22.733333333333334 0.04382006754378079 0.0006300935716343561
22.766666666666666 0.11054709542215123 0.0006651916471460545
22.8 0.17432622128177985 0.0006959613819384758
22.833333333333332 0.2305087314132255 0.0007253027696775549
22.866666666666667 0.2836635795325184 0.0007457763045737309
22.9 0.3273162859371539 0.00076486054535152
22.933333333333334 0.3626016378167227 0.0007780463390296144
22.966666666666665 0.3887192733408515 0.0007868996677597995
23.0 0.4044010280976092 0.0007916898466269751
23.033333333333335 0.4083035853657237 0.0007940966097822466
23.066666666666666 0.40323253954257027 0.0007918667194620754
23.1 0.3863423459439234 0.0007873215885303986
23.133333333333333 0.3575827734291923 0.0007779407622545698
23.166666666666668 0.31925523070390394 0.0007636200276860405
23.2 0.273647753491765 0.0007438167220002456
23.233333333333334 0.2201069053545182 0.0007202687146351805
23.266666666666666 0.16107977092506348 0.0006925553083549363
23.3 0.09685059340553163 0.0006581762866992996
23.333333333333332 0.02898149665385147 0.0006186404982242294
23.366666666666667 -0.03566346058569896 0.0006220728878207488
23.4 -0.10353463075328954 0.0006595386848015361
23.433333333333334 -0.16815057613247067 0.0006907592564657228
23.466666666666665 -0.22490470481202574 0.0007185909602071272
23.5 -0.27905858422898705 0.0007390433222068671
23.533333333333335 -0.3229087505948556 0.0007559479634454691
23.566666666666666 -0.360498351475513 0.0007712089974886149
23.6 -0.38831045359329136 0.0007804664981492793
23.633333333333333 -0.4051578176484255 0.0007854010376663334
23.666666666666668 -0.410882725937226 0.0007889123428184153
23.7 -0.4066019742494458 0.0007862489397456596
23.733333333333334 -0.3904134383677453 0.00078250868753732
23.766666666666666 -0.36415374150437735 0.0007745743929090665
23.8 -0.3282895964429236 0.0007607378642350282
23.833333333333332 -0.2841846841839357 0.0007435655746107495
23.866666666666667 -0.23016102272706607 0.0007239647961090057
23.9 -0.1705049719465458 0.0006965083007201833
23.933333333333334 -0.10798990439765518 0.0006642609749161199
23.966666666666665 -0.04079607823548939 0.000625684121432997
24.0 0.026377124714658695 0.0006178474408254642
24.033333333333335 0.09148600549730643 0.0006533501532160063
24.066666666666666 0.1531418732935414 0.0006851551136090595
24.1 0.21316172785996873 0.0007154819776148125
24.133333333333333 0.26705589076277425 0.0007395524477045723
24.166666666666668 0.31222407356942905 0.0007569771818878857
24.2 0.35055292100813557 0.0007706891099276691
24.233333333333334 0.37920905873358274 0.0007798669068114772
24.266666666666666 0.3958983553714653 0.0007869416043273514
24.3 0.4026904153528903 0.0007892634821450306
24.333333333333332 0.39872633874788255 0.0007903052068546357
24.366666666666667 0.3874450848736242 0.0007867934426409318
24.4 0.36394917909047697 0.0007782571432835006
24.433333333333334 0.3292617977212058 0.0007658635696906613
24.466666666666665 0.28522916877600873 0.0007476129237670159
24.5 0.23664068910341043 0.0007261179524088723
24.533333333333335 0.17826597527277635 0.0006998486806460702
24.566666666666666 0.1165335012151058 0.0006689940969377833
24.6 0.05054682000199006 0.0006313998544137667
24.633333333333333 -0.016625635383483047 0.0006107058344423932
24.666666666666668 -0.0812830630092897 0.0006467966971830524
24.7 -0.14702320772612268 0.0006819189366060185
24.733333333333334 -0.20462064783165748 0.0007088473882741475
24.766666666666666 -0.25924958001348675 0.0007323844028261917
24.8 -0.30767308759136625 0.0007527191553859947
24.833333333333332 -0.345444003601674 0.0007658967911421399
24.866666666666667 -0.37630020714178264 0.0007764083565356406
24.9 -0.3961802638347419 0.0007831212689932143
24.933333333333334 -0.40529365158814484 0.0007863657994759965
24.966666666666665 -0.40424099154468207 0.0007866516041440397
25.0 -0.39250248610658234 0.0007845456668213457
25.033333333333335 -0.36886606301717056 0.000776121528851037
25.066666666666666 -0.33547123065236223 0.0007643909286860762
25.1 -0.2943035407997625 0.0007488396252627316
25.133333333333333 -0.24315980398174908 0.0007285778390294928
25.166666666666668 -0.186239895054082 0.0007034354686433764
25.2 -0.12619681694926133 0.0006726826417112475
25.233333333333334 -0.060946700806925956 0.0006380055160126602
25.266666666666666 0.0071723004578611044 0.0006064018428123133
25.3 0.07361579632415594 0.00064521280638552
25.333333333333332 0.13572516742261548 0.0006749362452958818
25.366666666666667 0.19638280076181647 0.0007095136165932714
25.4 0.24969759749561804 0.0007321513593870899
25.433333333333334 0.29895441492129027 0.00075185316042925
25.466666666666665 0.3374711324716529 0.0007644568386601103
25.5 0.36589247443113876 0.0007791305175201546
25.533333333333335 0.3894115360409835 0.0007887088426432598
25.566666666666666 0.3996227384131371 0.0007891025807902907
25.6 0.39926828822251875 0.0007898456408397259
25.633333333333333 0.38765460910151345 0.0007862918561712395
25.666666666666668 0.36493024350194886 0.0007780832158319484
25.7 0.33517870304769504 0.0007668492477947986
25.733333333333334 0.29567180489389555 0.0007530790809652244
25.766666666666666 0.2482163794722456 0.0007340030398586272
25.8 0.19464449261932024 0.0007093304115476373
25.833333333333332 0.13114517199060483 0.0006784562043539166
25.866666666666667 0.06930908458787256 0.0006431949110725921
25.9 -2.5399262135700277e-05 0.000603790887667928
25.933333333333334 -0.06265032733644729 0.0006393034061295544
25.966666666666665 -0.12758898481526681 0.0006722678413108862
26.0 -0.1877285481203151 0.0007024109202676265
26.033333333333335 -0.2446384981482362 0.0007264804921553458
26.066666666666666 -0.29228668934950836 0.0007465394607781839
26.1 -0.3340823472622556 0.0007620698381833324
26.133333333333333 -0.36723949740901746 0.0007751047773291164
26.166666666666668 -0.38714467875040254 0.0007813431779522539
26.2 -0.40122461126229264 0.0007859351137256554
26.233333333333334 -0.40236390003542266 0.0007862135922795943
26.266666666666666 -0.39254173510223966 0.0007837297159033474
26.3 -0.3725676481542329 0.0007779772743686797
26.333333333333332 -0.34193673804935787 0.0007670019667123662
26.366666666666667 -0.30147090601699583 0.0007539190076767399
26.4 -0.25449703849032196 0.0007352273924643438
26.433333333333334 -0.19990941985983057 0.0007090857886312418
26.466666666666665 -0.14037925766598414 0.0006787983515165741
26.5 -0.07733521442262417 0.0006457619848393853
26.533333333333335 -0.013141416049889797 0.0006076699456462973
26.566666666666666 0.054710910067811654 0.0006327604413413693
26.6 0.11863215195305887 0.0006679327538522128
26.633333333333333 0.17708335217867482 0.0006985305690322685
26.666666666666668 0.23342476657787506 0.0007218846023053505
26.7 0.2833362833724171 0.0007474852946957045
26.733333333333334 0.3254620126633344 0.0007636242099576807
26.766666666666666 0.3559158068854531 0.0007738962363381119
26.8 0.3801087245899589 0.0007831059227724202
26.833333333333332 0.3932579891943258 0.0007885551925791989
26.866666666666667 0.39604271775571775 0.0007898049057915024
26.9 0.3878979181656649 0.0007886367338341138
26.933333333333334 0.36883446653988666 0.0007833094109016003
26.966666666666665 0.3406958315346884 0.0007719002709672407
27.0 0.3038978082874431 0.0007566735249512901
27.033333333333335 0.2589893991937108 0.0007384330722865484
27.066666666666666 0.20512900810246498 0.0007138519227904705
27.1 0.1486720551659838 0.0006863383034559911
27.133333333333333 0.08498764794697475 0.0006525226118734989
27.166666666666668 0.02240409823007798 0.0006154401796125246
27.2 -0.04235572070309997 0.0006270959985590005
27.233333333333334 -0.10528382102712645 0.000660732422186075
27.266666666666666 -0.1694114681797196 0.0006919288334068796
27.3 -0.22775949427261147 0.0007203321735482771
27.333333333333332 -0.2775502306557397 0.0007398968988648336
27.366666666666667 -0.321937955651795 0.0007583772659501831
27.4 -0.3563278172268184 0.0007705044172815478
27.433333333333334 -0.37973500382877196 0.000777642026668468
27.466666666666665 -0.39450971801927576 0.0007831079378857742
27.5 -0.3977639280805146 0.00078362512446295
27.533333333333335 -0.39198420498333486 0.0007822428010650362
27.566666666666666 -0.3756373382187124 0.0007785960091635236
27.6 -0.34821258504706903 0.0007721901512019458
27.633333333333333 -0.31167496062682293 0.000757638176105524
27.666666666666668 -0.26672972332819417 0.0007398598045260107
27.7 -0.21506459586668944 0.0007152065524130835
27.733333333333334 -0.15535029108823104 0.0006878816642383323
27.766666666666666 -0.09477700500303249 0.000655759856339394
27.8 -0.02892409294295502 0.0006185543307477039
27.833333333333332 0.034387121188629154 0.0006216835373890894
27.866666666666667 0.0978574961893017 0.0006578722009854404
27.9 0.15930521032661438 0.0006864920397544605
27.933333333333334 0.21643137682923586 0.0007180080966225078
27.966666666666665 0.2650728164228602 0.0007398895336938605
28.0 0.31143685238131014 0.000758992216062071
28.033333333333335 0.3463401115348656 0.0007693264792012489
28.066666666666666 0.3713738433256606 0.0007785127133891345
28.1 0.38575921325822615 0.0007849006408737758
28.133333333333333 0.3907479744583535 0.0007864529777067975
28.166666666666668 0.38592770668562043 0.0007854868615751465
28.2 0.37143493043385534 0.000779832335365771
28.233333333333334 0.3456006954761682 0.0007710510390664393
28.266666666666666 0.31151219519282297 0.0007584053548160274
28.3 0.26821124427621723 0.0007405319708247982
28.333333333333332 0.21902144418085961 0.0007200791920958238
28.366666666666667 0.16090559159811366 0.0006925979653302217
28.4 0.09945121999588112 0.0006585745613075095
28.433333333333334 0.03730148956288681 0.0006249029282108798
28.466666666666665 -0.029079692603243393 0.000619265707808278
28.5 -0.09273172319208366 0.0006534892958471178
28.533333333333335 -0.15054345258428564 0.0006832253055637227
28.566666666666666 -0.20945985391780939 0.0007115023797980013
28.6 -0.2616631074822499 0.0007347043705276946
28.633333333333333 -0.3047687168978869 0.0007515424305870044
28.666666666666668 -0.3420022038428372 0.0007653243477140914
28.7 -0.37101805140787397 0.0007742489521684881
28.733333333333334 -0.3869621285835927 0.0007807098058091877
28.766666666666666 -0.3941308825159418 0.0007836966180885807
28.8 -0.3909265098594541 0.0007837522222784443
28.833333333333332 -0.3771754974520849 0.0007793847943479149
28.866666666666667 -0.35300171182900747 0.000772154828113436
28.9 -0.3188903440111967 0.0007571934996036256
28.933333333333334 -0.2764682594848195 0.0007416803466789301
28.966666666666665 -0.22577271214120914 0.000721771132652177
29.0 -0.1705378087227748 0.0006953207460716759
29.033333333333335 -0.11089710947283195 0.0006655406751434473
29.066666666666666 -0.046587985219478496 0.0006289836085894493
29.1 0.018096403493959735 0.0006133407309796245
29.133333333333333 0.08033574305420468 0.0006494850744596936
29.166666666666668 0.14161414139880815 0.0006828357763144222
29.2 0.19970494971990266 0.0007088064778879022
29.233333333333334 0.2515946584420484 0.0007323817000975397
29.266666666666666 0.2963119236847619 0.0007522576333344189
29.3 0.3344760163076712 0.0007651550202696367
29.333333333333332 0.3616151107563623 0.0007756862564181066
29.366666666666667 0.3799020765754678 0.0007830488736658148
29.4 0.38695536867831903 0.0007868007738491278
29.433333333333334 0.386417331101871 0.0007863291482029799
29.466666666666665 0.37365511679177105 0.0007831755420347752
29.5 0.35141939451470805 0.0007747173340581504
29.533333333333335 0.3167624112606844 0.0007595608127696218
29.566666666666666 0.27805508510768034 0.0007470287634095962
29.6 0.2291141154719404 0.000726196205245111
29.633333333333333 0.1749449026036381 0.0006986150139049185
29.666666666666668 0.11386637502443966 0.0006681579249702002
29.7 0.053591851660919294 0.0006339571741799319
29.733333333333334 -0.011324968399653697 0.0006084075341111286
29.766666666666666 -0.07176272590872336 0.0006422771900570917
29.8 -0.13510242994908409 0.0006760277126166558
29.833333333333332 -0.19334075571814616 0.0007043344701200827
29.866666666666667 -0.247303567504275 0.000727136277824364
29.9 -0.2925026469225018 0.0007463501893991142
29.933333333333334 -0.33152094179587943 0.0007622817271843996
29.966666666666665 -0.35999917263232384 0.0007720322306583038
30.0 -0.3798983058686394 0.0007789405112257342
30.033333333333335 -0.3893357687712921 0.0007826739150860185
30.066666666666666 -0.3886412066164438 0.000783054051613441
30.1 -0.37617638673760906 0.0007788014960309342
30.133333333333333 -0.3562306643030529 0.0007725448756307207
30.166666666666668 -0.3245960831861367 0.0007612813475819102
30.2 -0.28537529915977267 0.0007456490269627247
30.233333333333334 -0.23618115023324707 0.0007259956403317391
30.266666666666666 -0.18390452929520318 0.000705670006351522
30.3 -0.12218521913045859 0.0006731700482317665
30.333333333333332 -0.06081395345798842 0.000639176030373001
30.366666666666667 0.004002693615706572 0.0006048147285306737
30.4 0.06645708120471781 0.0006404323897669789
30.433333333333334 0.12498633589720105 0.0006728900660199905
30.466666666666665 0.18470312994936572 0.0007024701784518472
30.5 0.2377527575140616 0.0007265994528691255
30.533333333333335 0.28438380653775774 0.0007458361072095188
30.566666666666666 0.321818029368649 0.0007610259332582747
30.6 0.3515517197677798 0.0007710526463383105
30.633333333333333 0.3723854778241794 0.0007795323806281118
30.666666666666668 0.38035394801944883 0.0007862033213824615
30.7 0.3825504475240258 0.0007849576237848321
30.733333333333334 0.3736102541458341 0.0007820109689684052
30.766666666666666 0.35377495449766433 0.0007787969114388948
30.8 0.3252951299480278 0.0007654825165702706
30.833333333333332 0.28590117057671416 0.0007493129329139703
30.866666666666667 0.23971190198888573 0.0007348686241626934
30.9 0.1886488878327476 0.0007104659391535262
30.933333333333334 0.12862315171155034 0.0006763588264651899
30.966666666666665 0.06755391677518045 0.0006419927432907147
31.0 0.0043410402006059026 0.0006037767749613914
31.033333333333335 -0.05822811639155959 0.0006349996235811908
31.066666666666666 -0.12178948325007595 0.0006689843792632988
31.1 -0.17840419261610446 0.0006963000049735046
31.133333333333333 -0.2309641106699881 0.0007198264742860616
31.166666666666668 -0.27849642785143364 0.0007410258076820941
31.2 -0.3169465414753142 0.0007561251837902572
31.233333333333334 -0.350736088629412 0.0007680233869858943
31.266666666666666 -0.3729083286170291 0.0007764460456894384
31.3 -0.3837709198446252 0.0007797396537411183
31.333333333333332 -0.3851075384697519 0.0007805264739150775
31.366666666666667 -0.3768671606565051 0.0007788425165356494
31.4 -0.35794042695957096 0.0007730018790140791
31.433333333333334 -0.3294937197233664 0.0007640089879532019
31.466666666666665 -0.29115407458330694 0.0007488720959056838
31.5 -0.2466146201386623 0.0007283724269539493
31.533333333333335 -0.19438835857189712 0.0007060971439571129
31.566666666666666 -0.13588623409261263 0.0006777365507034117
31.6 -0.0750223980094027 0.0006462083984798694
31.633333333333333 -0.012742744475309889 0.0006093169643525305
31.666666666666668 0.05037460746382954 0.0006311660145942796
31.7 0.10953732981474024 0.000662175164762302
31.733333333333334 0.16713807618676196 0.0006924788614474653
31.766666666666666 0.22113880045382336 0.000718690755445256
31.8 0.2695878840608892 0.0007414284872742094
31.833333333333332 0.3091457089223037 0.0007571598488022024
31.866666666666667 0.3411068345490603 0.0007677804606296967
31.9 0.3633144109968946 0.0007767055278091739
31.933333333333334 0.37771883361755654 0.0007819735234356195
31.966666666666665 0.3798988548837359 0.0007833909095349423
32.0 0.3703523321148692 0.0007817820275110576
32.03333333333333 0.3542470247826389 0.0007749837624114186
32.06666666666667 0.326896918727848 0.000764302815575324
32.1 0.29245124116028404 0.0007527359916582599
32.13333333333333 0.24921078037661415 0.000733627405077375
32.166666666666664 0.19876160305192522 0.0007106199743230623
32.2 0.1429884093834838 0.000683737889338093
32.233333333333334 0.08284169955992604 0.0006483101639395417
32.266666666666666 0.021758107817577386 0.0006152566728540067
32.3 -0.04437255284428761 0.0006267955302431821
32.333333333333336 -0.10304869943933719 0.0006590943972609731
32.36666666666667 -0.1622798495085013 0.0006900147548480617
32.4 -0.2184787791159266 0.0007129752932918676
32.43333333333333 -0.26463196458170024 0.0007344353942033144
32.46666666666667 -0.3068988051314021 0.0007512338939036356
32.5 -0.339697468998673 0.0007630822633396539
32.53333333333333 -0.3637734172683219 0.0007717703476394222
32.56666666666667 -0.37710446509271234 0.0007769207430833869
32.6 -0.381664684781138 0.0007796219160148277
32.63333333333333 -0.3755250589400692 0.0007783128502457104
32.666666666666664 -0.3588684781572943 0.0007733755677176157
32.7 -0.33462292604007754 0.0007657472931410503
32.733333333333334 -0.2996062274336813 0.0007516153153230287
32.766666666666666 -0.2555008243019924 0.0007333676235311559
32.8 -0.20688667667703106 0.0007118482727811459
32.833333333333336 -0.1506114100567749 0.0006832270868706303
32.86666666666667 -0.08950262450754938 0.0006531413759432586
32.9 -0.029346100143992093 0.0006185411072396341
32.93333333333333 0.03362043711878379 0.00062277654591672
32.96666666666667 0.09509432152098976 0.0006568172693717234
33.0 0.15158430180165008 0.0006838556155701891
33.03333333333333 0.20643020268284784 0.000709574735448748
33.06666666666667 0.2557592060790092 0.0007314469616492292
33.1 0.2968289480017778 0.000750381687417645
33.13333333333333 0.3288144562789803 0.0007631716762387941
33.166666666666664 0.35422165286841334 0.0007730017003561573
33.2 0.37051623744081885 0.0007799609357991288
33.233333333333334 0.37564601388112107 0.0007831134601050671
33.266666666666666 0.3690892659174268 0.0007804131932096503
33.3 0.3570866556248964 0.0007751284621204113
33.333333333333336 0.3313699488947015 0.0007670413344292859
33.36666666666667 0.2974478201269191 0.000752792824482984
33.4 0.2557161953232513 0.0007353989250796222
33.43333333333333 0.20748922982336832 0.0007145014957261886
33.46666666666667 0.15446788500878691 0.0006889820385631851
33.5 0.09536200666310672 0.0006575118095020066
33.53333333333333 0.035867392268744795 0.000623251837360124
33.56666666666667 -0.024588918721751132 0.0006163319654296992
33.6 -0.08905345204039425 0.0006517116576315041
33.63333333333333 -0.14730619115763066 0.0006812741891525087
33.666666666666664 -0.20283385418232067 0.000707523469408583
33.7 -0.2517123684835928 0.0007299236168240575
33.733333333333334 -0.2940164297029768 0.0007478668897066831
33.766666666666666 -0.32938803249968973 0.0007609635600324682
33.8 -0.35546270144297937 0.0007702238428644037
33.833333333333336 -0.3720623215090118 0.0007774680392176325
33.86666666666667 -0.3791347498742236 0.0007797936615800971
33.9 -0.3749603870824252 0.0007787264436485697
33.93333333333333 -0.3607848434254223 0.0007736061121283999
33.96666666666667 -0.3376341941350692 0.0007650648241934177
34.0 -0.30603530536991375 0.0007557101812701306
34.03333333333333 -0.2639132366506884 0.0007371874412216428
34.06666666666667 -0.21816488821899835 0.0007168232364490601
34.1 -0.16397712835428638 0.0006919095305022716
34.13333333333333 -0.10451603963686872 0.0006611374953857524
34.166666666666664 -0.0431299768301427 0.0006273153896755659
34.2 0.017608990173823134 0.0006133055453167204
34.233333333333334 0.08032175004731414 0.0006486660055920607
34.266666666666666 0.1389867790296609 0.0006807216440640196
34.3 0.19571660505953198 0.0007092418567162806
34.333333333333336 0.24374937336455071 0.0007312396062707782
34.36666666666667 0.28507819302841103 0.0007457788891875317
34.4 0.321826225187936 0.0007592094997452836
34.43333333333333 0.3471930145410927 0.0007698919783511449
34.46666666666667 0.36396487056161836 0.0007752467760095416
34.5 0.3705738904026105 0.0007801341456262212
34.53333333333333 0.36929223229472424 0.0007778184125432075
34.56666666666667 0.35676021818557657 0.0007761076088394492
34.6 0.33469997830240883 0.0007662357265525443
34.63333333333333 0.30337959228828737 0.000757291574883967
34.666666666666664 0.2637509965607539 0.0007410719544129196
34.7 0.2165220655898494 0.0007194842776191701
34.733333333333334 0.16492668272475366 0.0006945602041487919
34.766666666666666 0.10697996113709078 0.0006651565174288776
34.8 0.04870408728986033 0.0006307983820614954
34.833333333333336 -0.01493348190500691 0.0006125546531373354
34.86666666666667 -0.0732625035379277 0.000641709966062623
34.9 -0.1320932310086915 0.0006743545672119322
34.93333333333333 -0.18827078380970272 0.0007020518791554797
34.96666666666667 -0.24013779877855843 0.000724198931243647
35.0 -0.2824307214432453 0.0007414565248163862
35.03333333333333 -0.319624012227431 0.0007544846666430738
35.06666666666667 -0.34760775855761666 0.0007656929598824913
35.1 -0.3647092762411861 0.0007737216693021187
35.13333333333333 -0.3748197628894709 0.0007779373549065549
35.166666666666664 -0.37343022342631427 0.0007762909393119743
35.2 -0.36322588351863333 0.000774803416845049
35.233333333333334 -0.34042100627716504 0.0007667072574395473
35.266666666666666 -0.3087600427853203 0.0007546522515436971
35.3 -0.27041605468927277 0.0007392078444600769
35.333333333333336 -0.22530911966693232 0.0007200837525668802
35.36666666666667 -0.17271577977987249 0.0006951484813561559
35.4 -0.11607545910515137 0.0006657459609160088
35.43333333333333 -0.05791775464489183 0.0006352771710005992
35.46666666666667 0.002636628467384834 0.0006035196565142599
35.5 0.06509034688224037 0.0006384636155345041
35.53333333333333 0.12540856952429968 0.0006714473261984211
35.56666666666667 0.17818097031642288 0.000698309030614408
35.6 0.23158430337075075 0.0007238280926670504
35.63333333333333 0.27523100959998187 0.0007446094163914285
35.666666666666664 0.3121899447151759 0.0007568207122417014
35.7 0.3387735578540533 0.0007663709207116898
35.733333333333334 0.35668769838854747 0.0007735450106211572
35.766666666666666 0.36618162628192286 0.0007769806152712055
35.8 0.3661694347036134 0.0007772987230678097
35.833333333333336 0.3539508046644982 0.0007745430110011609
35.86666666666667 0.33644667011352924 0.0007670920296685702
35.9 0.3080502687627583 0.0007570066853741508
35.93333333333333 0.26957651532707655 0.0007401245359524022
35.96666666666667 0.2252998261538922 0.0007268164268809663
36.0 0.17603549212427613 0.0006994058095808331
36.03333333333333 0.12034393288307312 0.0006695185077407739
36.06666666666667 0.06135251358807608 0.0006386229079111821
36.1 0.0019985417836501504 0.0006028168188870922
36.13333333333333 -0.060369584130879055 0.0006362119915965872
36.166666666666664 -0.11824368149487798 0.000667065015905563
36.2 -0.1738480254013213 0.0006932301304903299
36.233333333333334 -0.22670001301464782 0.0007186570773555223
36.266666666666666 -0.27008269064264745 0.0007378020017402287
36.3 -0.30680166818991034 0.0007519066806083718
36.333333333333336 -0.3372623742963983 0.0007642151755965498
36.36666666666667 -0.35760949082221066 0.0007709561405723209
36.4 -0.3690399296640951 0.0007760047373004952
36.43333333333333 -0.3692602896632529 0.0007755827664921444
36.46666666666667 -0.36217309210706444 0.0007734835463841239
36.5 -0.34248428194686514 0.0007675211180578345
36.53333333333333 -0.31480460540244565 0.0007592703674572099
36.56666666666667 -0.2790584072615895 0.0007440942669102446
36.6 -0.23237248141190955 0.0007256193796498223
36.63333333333333 -0.1813384449347857 0.0007003680168300996
36.666666666666664 -0.12612339519678065 0.0006730331063963813
36.7 -0.06968136727517651 0.000642047783794425
36.733333333333334 -0.008204310922971995 0.0006076290299564281
36.766666666666666 0.05233731522537668 0.0006341534043519531
36.8 0.109604594857542 0.0006644939729047866
36.833333333333336 0.1662193907486016 0.0006922666611525741
36.86666666666667 0.2156202413693834 0.0007159698359860411
36.9 0.26448069324279166 0.0007378313982673856
36.93333333333333 0.3011954435665716 0.0007532797560227955
36.96666666666667 0.33068011200372127 0.0007633644195546574
37.0 0.3513673688407643 0.0007736197698543501
37.03333333333333 0.36392897071124364 0.0007777921775382612
37.06666666666667 0.36522235216650645 0.0007794856535799366
37.1 0.3564846300167053 0.0007758939629845529
37.13333333333333 0.3371157905114376 0.0007678858575572711
37.166666666666664 0.3122297761112172 0.0007603508258707259
37.2 0.27914226786943774 0.0007452942047608824
37.233333333333334 0.23199966461645108 0.0007264670537373841
37.266666666666666 0.18235894251194085 0.0007033721971103635
37.3 0.12868893922074634 0.0006737437539907354
37.333333333333336 0.07218103261194575 0.0006442491892752339
37.36666666666667 0.011590905168399588 0.0006098055076810757
37.4 -0.04666697015412686 0.0006291043002420657
37.43333333333333 -0.10508797440593268 0.0006602772294805326
37.46666666666667 -0.16031332086928754 0.0006895954717560104
37.5 -0.21237247108503104 0.0007133620032204468
37.53333333333333 -0.25898955593402045 0.0007311678632730412
37.56666666666667 -0.2991552304115062 0.0007496203995940309
37.6 -0.3293699287973716 0.0007609429684772295
37.63333333333333 -0.3514261587585371 0.0007685847419220959
37.666666666666664 -0.3644151328869688 0.0007741779953026051
37.7 -0.3671382036991076 0.000775357034007107
37.733333333333334 -0.3596856689748573 0.0007731249037178367
37.766666666666666 -0.34389922160292213 0.0007679503691140344
37.8 -0.3188049585737969 0.0007585445386094625
37.833333333333336 -0.2848008607959677 0.0007446230512168639
37.86666666666667 -0.24286680848834033 0.0007308494242503072
37.9 -0.1922637983700066 0.0007060816010676374
37.93333333333333 -0.13768051785642282 0.0006779001216083713
37.96666666666667 -0.08056046442570308 0.0006479474249350692
38.0 -0.01891031464493427 0.0006143966621926268
38.03333333333333 0.03872389922415334 0.0006259392039073691
38.06666666666667 0.09673251114150744 0.0006565974079743991
38.1 0.15199256913973935 0.0006866284756987806
38.13333333333333 0.2030650807682065 0.0007142991002472565
38.166666666666664 0.25178257758678824 0.0007321872654593164
38.2 0.29116305836656015 0.0007490208802717335
38.233333333333334 0.32237209022188396 0.000761981205392448
38.266666666666666 0.34599217850260927 0.0007695770693696979
38.3 0.3569695603081117 0.000775464080161048
38.333333333333336 0.3619517728145934 0.0007768212866250401
38.36666666666667 0.35633206805378226 0.0007764545488581076
38.4 0.3405793735810137 0.0007684343122248971
38.43333333333333 0.31535608750312105 0.0007584785248830883
38.46666666666667 0.2830906780169528 0.0007470784624218907
38.5 0.24270107426535675 0.0007319817408053264
38.53333333333333 0.19547019820382466 0.0007076678800259362
38.56666666666667 0.14246467852828595 0.0006832419670308454
38.6 0.0838081485319786 0.0006505905663855976
38.63333333333333 0.023710202694197817 0.0006158297971164163
38.666666666666664 -0.033660463102891856 0.0006210990247941528
38.7 -0.09244534946345477 0.0006542318200896402
38.733333333333334 -0.14758701022808363 0.0006814749764697814
38.766666666666666 -0.20070240989527327 0.0007072998456489621
38.8 -0.24588618445041682 0.0007276266175745838
38.833333333333336 -0.2869678743475461 0.0007437611026621105
38.86666666666667 -0.3196895182703307 0.0007569741243522166
38.9 -0.3436276157344254 0.0007658605794273465
38.93333333333333 -0.3576928852781527 0.0007707109473099605
38.96666666666667 -0.3636630131413257 0.0007741351193013002
39.0 -0.35919882999355096 0.0007733461958571719
39.03333333333333 -0.3459957513529983 0.0007706755779266494
39.06666666666667 -0.3204593091627947 0.0007615821361688924
39.1 -0.2900941864818507 0.0007514722458833445
39.13333333333333 -0.24983666068446242 0.0007329277461037287
39.166666666666664 -0.20295937416401885 0.0007109266950673931
39.2 -0.14851842888814984 0.0006842017713029613
39.233333333333334 -0.0906102771333609 0.0006531057969018234
39.266666666666666 -0.031596348694291884 0.0006178314970553128
39.3 0.025528602949234223 0.0006174759932629434
39.333333333333336 0.08356529009260442 0.0006490324885202597
39.36666666666667 0.13917866352141547 0.0006797215097225362
39.4 0.19091447448015597 0.0007033647205075544
39.43333333333333 0.23727023011194265 0.0007261534598480279
39.46666666666667 0.28067764142528884 0.0007444416382712538
39.5 0.3109049979155565 0.0007545128073958574
39.53333333333333 0.33552548193392157 0.0007661026324856657
39.56666666666667 0.3519894261874345 0.0007702711912978
39.6 0.35837061809519516 0.0007745177113390733
39.63333333333333 0.3533766889331144 0.0007742833042629904
39.666666666666664 0.3403362303721439 0.000768648157226659
39.7 0.3179679228213367 0.0007604004412363752
39.733333333333334 0.28677631179011537 0.0007502004151808128
39.766666666666666 0.2476723673177158 0.0007348793612678706
39.8 0.20392901989803844 0.000714460248338572
39.833333333333336 0.15265662536937025 0.0006877912930965957
39.86666666666667 0.09572467024239625 0.0006570280571407683
39.9 0.0381444097718978 0.0006252213859355635
39.93333333333333 -0.021211846169163755 0.0006142440390274131
39.96666666666667 -0.07857571732346659 0.0006469422621746407
40.0 -0.13416866840199457 0.0006742391558653971
40.03333333333333 -0.1884169424739139 0.0007026933771112076
40.06666666666667 -0.23583767829425767 0.000722894057042206
40.1 -0.27781277095745677 0.0007403997599648715
40.13333333333333 -0.3119141274016371 0.0007535258642741849
40.166666666666664 -0.33711226314639786 0.0007618361800188489
40.2 -0.35341631843786253 0.0007689278976605318
40.233333333333334 -0.3611917308430887 0.0007729106733186386
40.266666666666666 -0.3577989664403724 0.0007724225465499668
40.3 -0.3444163844461576 0.0007668680993537236
40.333333333333336 -0.32310404393804715 0.0007595581450792754
40.36666666666667 -0.29387443776171923 0.0007475064948722632
40.4 -0.25424629700413476 0.0007341000899435679
40.43333333333333 -0.20886585239975747 0.0007130291702730496
40.46666666666667 -0.15834921540873031 0.0006915086290813222
40.5 -0.10370902089122191 0.0006598778089614843
40.53333333333333 -0.04513924011622495 0.0006267979508520899
40.56666666666667 0.013992759723995652 0.000610252616283273
40.6 0.07438864471651188 0.000642816650865366
40.63333333333333 0.12983079400005373 0.0006731268199824114
40.666666666666664 0.18241208577180995 0.0006996935778472158
40.7 0.23022335397759242 0.0007234658566064589
40.733333333333334 0.2702538282797079 0.0007401078416690576
40.766666666666666 0.3033924067626129 0.0007527833252097271
40.8 0.328733407906869 0.0007638929838547082
40.833333333333336 0.3448431019053986 0.0007708698445004214
40.86666666666667 0.3527089810854487 0.0007726672594238204
40.9 0.3511320294538051 0.0007729400573427414
40.93333333333333 0.3389885019384625 0.0007691947578660208
40.96666666666667 0.3193074311046487 0.0007624433843343437
41.0 0.28993300054618354 0.0007506153045656605
41.03333333333333 0.252606436444096 0.0007384854342103453
41.06666666666667 0.20841952483650267 0.0007178659553944977
41.1 0.15863357186875274 0.0006922469054650715
41.13333333333333 0.10635002696192579 0.0006625660788916604
41.166666666666664 0.04919035429130274 0.0006303293766068141
41.2 -0.0082517728791702 0.0006062988416428144
41.233333333333334 -0.06611913304989445 0.0006396696998655499
41.266666666666666 -0.12316193055737014 0.0006695096881095541
41.3 -0.1772150402076611 0.0006969174519305954
41.333333333333336 -0.22482311945040628 0.0007180525041665387
41.36666666666667 -0.2682498543085217 0.0007370819505813642
41.4 -0.30296845768208785 0.0007497146644932506
41.43333333333333 -0.3286261091746158 0.0007600637482891304
41.46666666666667 -0.3474877999921393 0.0007672968846785255
41.5 -0.3559977430803375 0.0007699008618356484
41.53333333333333 -0.3560776336706408 0.0007695084099305638
41.56666666666667 -0.3458116904493767 0.000766587805296981
41.6 -0.32556129513160215 0.0007599618846537703
41.63333333333333 -0.2968653096579049 0.0007483510651434266
41.666666666666664 -0.26237594589398017 0.000735828478022893
41.7 -0.21917863872718554 0.0007174948478633203
41.733333333333334 -0.16849261294160733 0.0006926238036210064
41.766666666666666 -0.11408380113369603 0.0006664914885721462
41.8 -0.05751816992300124 0.0006374223059021772
41.833333333333336 -0.000525722739690944 0.0006035002026296379
41.86666666666667 0.056224543815942184 0.0006361882604590599
41.9 0.114529195366877 0.0006680887905653327
41.93333333333333 0.16755771500059555 0.0006942744983917948
41.96666666666667 0.2161687536863113 0.0007179277031815756
42.0 0.2589070267153318 0.0007371595258838792
