0.0 0.034420973699794445 0.0006276652740046448
0.03333333333333333 -0.07353664133501778 0.0006496189381192674
0.06666666666666667 -0.17997376396624704 0.0007043946702434689
0.1 -0.27971022304360443 0.0007490941241904969
0.13333333333333333 -0.3745660291322109 0.0007855991788618955
0.16666666666666666 -0.45925112872456675 0.0008084974146622681
0.2 -0.5309196819630166 0.0008283888800521
0.23333333333333334 -0.5904249765447064 0.0008378506206457859
0.26666666666666666 -0.6356659313061477 0.0008442135783532922
0.3 -0.6639738808940187 0.0008477049428516903
0.3333333333333333 -0.6759454814929792 0.0008486245696786021
0.36666666666666664 -0.6708002048753284 0.0008479809097238222
0.4 -0.648538170390783 0.0008458134180814314
0.43333333333333335 -0.6092526755090475 0.0008400774891275109
0.4666666666666667 -0.554637215696699 0.0008323501859436311
0.5 -0.48628814000238835 0.0008167929193348966
0.5333333333333333 -0.40351304104190955 0.0007971023190627702
0.5666666666666667 -0.3085750712992675 0.0007619926259962995
0.6 -0.20706923159661608 0.0007170263975126712
0.6333333333333333 -0.10140080918420259 0.0006644449054528517
0.6666666666666666 0.008639905961859456 0.0006110491528899323
0.7 0.11227960750126527 0.0006704710533653596
0.7333333333333333 0.2139714664232832 0.000723657429467145
0.7666666666666667 0.31425336284834876 0.0007654743884878412
0.8 0.4021247509833047 0.0007970359611165212
0.8333333333333334 0.4793950312385929 0.0008171471280087328
0.8666666666666667 0.5441820548374591 0.0008323842139270621
0.9 0.5970847765758472 0.0008429390235744627
0.9333333333333333 0.6341959500337485 0.0008486037335023733
0.9666666666666667 0.6522546236430422 0.0008502321119285838
1.0 0.6546853121711885 0.0008509441939075213
1.0333333333333334 0.6417776335573643 0.0008491295556728451
1.0666666666666667 0.6106487006710685 0.000844824476575079
1.1 0.5627521912208356 0.0008380826107529105
1.1333333333333333 0.500181078409846 0.0008234161365278103
1.1666666666666667 0.42383588106221703 0.0008009092550875785
1.2 0.3344809589368895 0.0007719925918902026
1.2333333333333334 0.23910648813261765 0.0007290002592533484
1.2666666666666666 0.13324018480679242 0.0006809422231965345
1.3 0.026111600349333016 0.000620620943020414
1.3333333333333333 -0.0799008210990583 0.0006528118572681901
1.3666666666666667 -0.18479853328675377 0.0007058312259784483
1.4 -0.2836948606323656 0.0007508829149847074
1.4333333333333333 -0.3738943878037436 0.0007835552536808454
1.4666666666666666 -0.4566241606901897 0.0008088761608956996
1.5 -0.5267815047946408 0.0008251792886455611
1.5333333333333334 -0.5840877842188563 0.0008361042809895691
1.5666666666666667 -0.6288195626772546 0.000844037054207103
1.6 -0.6562485783791115 0.0008475447305841266
1.6333333333333333 -0.6668668675741082 0.0008487217387643797
1.6666666666666667 -0.6594282691873662 0.0008481467682179833
1.7 -0.6359017267988492 0.0008449348309587101
1.7333333333333334 -0.5955257934108498 0.0008387616156454447
1.7666666666666666 -0.5410760315977836 0.0008292302888386338
1.8 -0.4708030907337471 0.0008131839622393389
1.8333333333333333 -0.38746435297248266 0.0007891777356102136
1.8666666666666667 -0.2960947192739296 0.0007545974396686583
1.9 -0.19561856937468242 0.0007122538535949408
1.9333333333333333 -0.08929393011033372 0.0006570964066744539
1.9666666666666666 0.015535965135021644 0.0006159551380595287
2.0 0.12132983508923455 0.0006765282448251281
2.033333333333333 0.22319893495598328 0.0007272035512644881
2.066666666666667 0.3149794085141027 0.0007626346174920418
2.1 0.40574726692436625 0.0007971771419409968
2.1333333333333333 0.47921873409764115 0.0008178798902921391
2.1666666666666665 0.5426603436520384 0.0008329640891193701
2.2 0.5918630567608351 0.0008429751285202736
2.2333333333333334 0.6273918795831859 0.0008462887511815342
2.2666666666666666 0.6448926157461321 0.0008483376446075663
2.3 0.6464597815451196 0.0008501736666811643
2.3333333333333335 0.6314447489409578 0.0008483732235974317
2.3666666666666667 0.5989853131978193 0.0008417813714479694
2.4 0.5501123498542132 0.0008335590893751021
2.433333333333333 0.4890188185146921 0.0008205976941380033
2.466666666666667 0.411950911154867 0.0007986045060891511
2.5 0.32486143672816553 0.0007668064757868076
2.533333333333333 0.22822248896967143 0.0007263874893487232
2.566666666666667 0.12364215840985789 0.000675297832947605
2.6 0.017405933765397584 0.0006155621097347005
2.6333333333333333 -0.08873887714262108 0.0006588005996446961
2.6666666666666665 -0.1887101900739935 0.0007073086562166819
2.7 -0.2883329216527256 0.0007490023865517337
2.7333333333333334 -0.37755195743232217 0.0007835438637303627
2.7666666666666666 -0.4561407951914488 0.0008063315380644198
2.8 -0.5249188070947591 0.0008256213029287363
2.8333333333333335 -0.5806836567203381 0.0008353440008681545
2.8666666666666667 -0.6214781532101215 0.0008412609991255149
2.9 -0.6471036858531815 0.0008477956461214742
2.933333333333333 -0.6558230669775678 0.0008468650404305222
2.966666666666667 -0.6482680243990281 0.0008464372311369761
3.0 -0.6234230310306799 0.0008438275681301732
3.033333333333333 -0.5809759965137588 0.0008374211567717671
3.066666666666667 -0.5271143371656289 0.000825904103393782
3.1 -0.45805388071702535 0.0008098093011213447
3.1333333333333333 -0.3746034359625969 0.0007851636379019866
3.1666666666666665 -0.2839375182848062 0.0007506207142179422
3.2 -0.18483297301588247 0.0007060548525276988
3.2333333333333334 -0.07932268154801479 0.0006524779317201579
3.2666666666666666 0.02737943946738906 0.0006224422980291543
3.3 0.12862005161991744 0.0006766454816560796
3.3333333333333335 0.22990841164559345 0.0007281180726148584
3.3666666666666667 0.32441139597747626 0.0007663314541795363
3.4 0.4060430373085969 0.0007934853099162975
3.433333333333333 0.4812182337705757 0.0008155170354761099
3.466666666666667 0.5416939519013111 0.0008316693933414498
3.5 0.586068732311906 0.0008389615093378211
3.533333333333333 0.6198061270553222 0.0008447977367753712
3.566666666666667 0.6354747269297143 0.0008474348628411121
3.6 0.6348956323702852 0.0008467293663765307
3.6333333333333333 0.6191031426644331 0.0008452856743713655
3.6666666666666665 0.5852298579289469 0.0008396244902068029
3.7 0.5343522219149935 0.0008312946414283928
3.7333333333333334 0.47245543477407087 0.0008159451410787444
3.7666666666666666 0.39585223604661873 0.0007928897792920941
3.8 0.3048295744466045 0.0007597804048863344
3.8333333333333335 0.21321554038935792 0.0007210138806316435
3.8666666666666667 0.11004582447636505 0.0006680104592102776
3.9 0.007081072345215276 0.0006085814652231633
3.933333333333333 -0.09830777219780594 0.0006619978966934531
3.966666666666667 -0.2010325184814145 0.0007110539923370351
4.0 -0.2956351002351724 0.0007542786347434771
4.033333333333333 -0.38350036841385254 0.0007867952236174092
4.066666666666666 -0.4623550637646847 0.000808209641353641
4.1 -0.5278214705305349 0.0008250104837149719
4.133333333333334 -0.580641486890952 0.0008354884136896334
4.166666666666667 -0.6167280606209217 0.0008406746124129949
4.2 -0.6403224523748621 0.0008448695723143329
4.233333333333333 -0.6471655297222597 0.000845809850973045
4.266666666666667 -0.6383640172429066 0.0008446263791331843
4.3 -0.6117226018953076 0.00084128526431404
4.333333333333333 -0.5700075485052142 0.0008342310341309389
4.366666666666666 -0.5122529375236153 0.00082259813566532
4.4 -0.44070613467394765 0.0008048442467348815
4.433333333333334 -0.35829147602009903 0.000779003063122452
4.466666666666667 -0.2653747888033468 0.0007417251447661144
4.5 -0.16784412961329911 0.0006978811929394257
4.533333333333333 -0.06651399909091874 0.0006449128125478182
4.566666666666666 0.03911204259283312 0.0006286776070795613
4.6 0.14313817116217717 0.0006850022952863966
4.633333333333334 0.23860489977937238 0.0007320810974052461
4.666666666666667 0.33010757449373485 0.0007667338042792737
4.7 0.4110746288415993 0.000796531520009025
4.733333333333333 0.48381968436953376 0.0008159571208282701
4.766666666666667 0.541995086244791 0.0008305372585480919
4.8 0.5853637203532077 0.0008382849085388777
4.833333333333333 0.6157664817365313 0.0008433111932044657
4.866666666666666 0.6283492336297181 0.0008468653450564023
4.9 0.6263970484894837 0.0008460355766706229
4.933333333333334 0.6061079857291934 0.0008456658303486186
4.966666666666667 0.5706590583446213 0.0008397904774376519
5.0 0.5195661869079069 0.0008268260731182364
5.033333333333333 0.4536585604171558 0.0008113527519055808
5.066666666666666 0.3765037613618999 0.0007871716971349363
5.1 0.2909501837064959 0.0007549188724134681
5.133333333333334 0.19533897921198828 0.0007128100265243464
5.166666666666667 0.09240794519541323 0.0006600291542546571
5.2 -0.008528154116912592 0.0006106235989795719
5.233333333333333 -0.11233162085482781 0.0006696770775995869
5.266666666666667 -0.21262230546816616 0.0007185657940823043
5.3 -0.3062749726608616 0.0007580031944305898
5.333333333333333 -0.3894031537788434 0.000787329808206727
5.366666666666666 -0.46617659005326695 0.0008104554100686334
5.4 -0.5284791667556781 0.0008248315078906998
5.433333333333334 -0.5785369821933962 0.0008339930820913111
5.466666666666667 -0.6140533757385936 0.0008401087262190909
5.5 -0.6353236427479627 0.0008439494454517416
5.533333333333333 -0.6400770723367561 0.0008447637545031528
5.566666666666666 -0.6280149344795932 0.0008426367618804553
5.6 -0.598859215167386 0.0008399062700121807
5.633333333333334 -0.5523258262061127 0.000832359368485247
5.666666666666667 -0.494372738612154 0.0008198560710198644
5.7 -0.42132753015478175 0.0007993210124636607
5.733333333333333 -0.3392887406873072 0.0007712138863399942
5.766666666666667 -0.2485176909923252 0.0007374363975412301
5.8 -0.15030574286862147 0.0006904093904312458
5.833333333333333 -0.048520053614058076 0.0006345433132407471
5.866666666666666 0.0535935686802011 0.0006372295932396202
5.9 0.15471228202006446 0.000691194633314629
5.933333333333334 0.25129476567866005 0.0007348361845700424
5.966666666666667 0.33821728295540704 0.0007703270247810257
6.0 0.41950787508215553 0.0007999865899676606
6.033333333333333 0.4882379266477128 0.0008213944614802182
6.066666666666666 0.5421294836106049 0.0008327667076694079
6.1 0.582104191882313 0.000840722483857248
6.133333333333334 0.60919076762628 0.0008426169597488542
6.166666666666667 0.6183455593282372 0.0008462957724151288
6.2 0.6148229638033738 0.0008455739228777626
6.233333333333333 0.5934149390672169 0.000842729858107516
6.266666666666667 0.555227159720539 0.0008347416106833094
6.3 0.5027226349483197 0.0008232872848179529
6.333333333333333 0.43886360133139046 0.0007998815481622956
6.366666666666666 0.35842405778936365 0.0007774421101569562
6.4 0.2700927795971688 0.0007441291587673704
6.433333333333334 0.17536824250025299 0.0007026444852638036
6.466666666666667 0.07544863339696031 0.0006521206188910278
6.5 -0.027091524583099384 0.00062284801154186
6.533333333333333 -0.1267129428921168 0.0006767018884855924
6.566666666666666 -0.22538631057821276 0.0007244094683247493
6.6 -0.3171539275429656 0.0007634329981306975
6.633333333333334 -0.4003304455939116 0.0007917219565871658
6.666666666666667 -0.4700766564773826 0.0008119230830134216
6.7 -0.5300241926905018 0.0008262796566718134
6.733333333333333 -0.5769520625627016 0.0008353608205785568
6.766666666666667 -0.6097156185540171 0.0008418581342208853
6.8 -0.6271597444714123 0.0008437581353201162
6.833333333333333 -0.6281863089173346 0.0008441458239611954
6.866666666666666 -0.6134433197136916 0.00084397372418199
6.9 -0.5827967338755609 0.0008381933039416367
6.933333333333334 -0.5363005426047367 0.0008296163271991341
6.966666666666667 -0.4741485719873286 0.0008134121031157515
7.0 -0.4026191562638264 0.0007951531259410283
7.033333333333333 -0.3164876372241155 0.0007646545557219442
7.066666666666666 -0.2251396997678568 0.0007261303961548782
7.1 -0.1291594604063372 0.0006775733130454376
7.133333333333334 -0.027876088448884135 0.0006219306914328933
7.166666666666667 0.07187667483245398 0.000645633643037935
7.2 0.17183637033986754 0.0007003902714892152
7.233333333333333 0.2641551773234979 0.0007430485537670006
7.266666666666667 0.3501026428020156 0.0007754594217596611
7.3 0.4288447928899999 0.0007999822804146683
7.333333333333333 0.49404711741782015 0.0008201975744616119
7.366666666666666 0.5460677267316609 0.0008290383238230836
7.4 0.5824089277303538 0.0008380083113179726
7.433333333333334 0.6047934818785083 0.0008418452117272546
7.466666666666667 0.6129523324666775 0.0008436809496825681
7.5 0.6039245055149214 0.0008433100709603902
7.533333333333333 0.5790004645203921 0.0008379725840820251
7.566666666666666 0.5391527286369422 0.0008329952900293369
7.6 0.483176840577939 0.0008184141323296368
7.633333333333334 0.4130667662347047 0.0008013203057825047
7.666666666666667 0.335351606811855 0.0007712611148638082
7.7 0.24779629323226407 0.0007368826844247334
7.733333333333333 0.1511548484360947 0.0006920454997056957
7.766666666666667 0.051685717610263304 0.0006380318239136706
7.8 -0.047392630319248216 0.0006337163532365783
7.833333333333333 -0.14681624301401702 0.0006871946834579312
7.866666666666666 -0.24123061538110346 0.0007311861640989792
7.9 -0.33057711665722656 0.0007672100591964992
7.933333333333334 -0.41245596415948726 0.0007946393610719915
7.966666666666667 -0.4801410956688518 0.000813739770728128
8.0 -0.5378836327379233 0.0008279354436808717
8.033333333333333 -0.5825277356739503 0.0008355553833847562
8.066666666666666 -0.6089789624942685 0.000842236030315413
8.1 -0.6220167247281911 0.0008431685917255072
8.133333333333333 -0.6193737026558944 0.0008425682768343767
8.166666666666666 -0.6014799632833855 0.0008412879930816963
8.2 -0.5674569986175448 0.0008346069665410294
8.233333333333333 -0.5173040694939482 0.000824298598376072
8.266666666666667 -0.45530107304107786 0.0008096829589001042
8.3 -0.3816837571892628 0.0007863474198093745
8.333333333333334 -0.29507083760942027 0.0007550896799603524
8.366666666666667 -0.20405562294136773 0.0007164204838761568
8.4 -0.10771614408955336 0.0006683089921932783
8.433333333333334 -0.006996970244636119 0.000611451708094797
8.466666666666667 0.09363715527397588 0.0006607833185721251
8.5 0.1879462956290106 0.0007093656881306809
8.533333333333333 0.27745874768180656 0.0007499608412990244
8.566666666666666 0.3635183918809896 0.0007803715407134204
8.6 0.43676577957268586 0.0008038412353103541
8.633333333333333 0.4990640775979191 0.0008217236949358275
8.666666666666666 0.5468083950739772 0.0008318795934367795
8.7 0.5823165588823658 0.0008381913072389446
8.733333333333333 0.60118941425163 0.0008409627412587772
8.766666666666667 0.6046488798130032 0.0008416220502276417
8.8 0.5926113871099092 0.0008405267648776693
8.833333333333334 0.5654301782918417 0.0008345468644155307
8.866666666666667 0.5225539825256023 0.0008270701656216684
8.9 0.46440908473074627 0.0008130730521841989
8.933333333333334 0.3918817184337871 0.0007930192121659019
8.966666666666667 0.3117321324874958 0.0007652782664488433
9.0 0.2229244340753088 0.00072531875092674
9.033333333333333 0.12357704062152323 0.0006779213042705928
9.066666666666666 0.027476830845227992 0.0006232688944924347
9.1 -0.07084912177746551 0.0006490596146635774
9.133333333333333 -0.16668187767163825 0.0006977468459616054
9.166666666666666 -0.2616688934699427 0.0007416200059623956
9.2 -0.34468627035146954 0.0007736736223435403
9.233333333333333 -0.42073414806990467 0.000799139422434314
9.266666666666667 -0.48929326660892825 0.0008183078793005394
9.3 -0.5420906313180948 0.0008294789041378703
9.333333333333334 -0.5818998333351177 0.00083860019508053
9.366666666666667 -0.6065438814601528 0.0008420418034403854
9.4 -0.616303586592604 0.0008416678028213553
9.433333333333334 -0.610043450660622 0.0008411767990496033
9.466666666666667 -0.5880268185518839 0.0008368176520641146
9.5 -0.5492340856270304 0.0008292873046988891
9.533333333333333 -0.4975222064995684 0.000820154736148826
9.566666666666666 -0.43372083712074394 0.0008030578790393927
9.6 -0.3545248775577873 0.0007764525033601144
9.633333333333333 -0.26828270872933746 0.0007426458548543957
9.666666666666666 -0.17530102630263927 0.000701133624740724
9.7 -0.0807853243170941 0.0006520268525204292
9.733333333333333 0.01836669446898764 0.0006175080465218481
9.766666666666667 0.11464436021003327 0.0006721265014560801
9.8 0.21197653873661002 0.0007208027153920993
9.833333333333334 0.2998519922086589 0.0007586233125905228
9.866666666666667 0.3764668849701709 0.0007864502402383233
9.9 0.44851537294219357 0.0008090472677503846
9.933333333333334 0.5079020184477004 0.0008235077412932501
9.966666666666667 0.5501138833652235 0.0008321935325354968
10.0 0.5803798832838685 0.000839344632637351
10.033333333333333 0.5946908387910136 0.0008407990253004316
10.066666666666666 0.5961148526570574 0.0008437206980520529
10.1 0.5794609724202527 0.000838306127428412
10.133333333333333 0.5478130668838247 0.0008319810269991068
10.166666666666666 0.5016064443745968 0.0008219636495395699
10.2 0.4416636223160457 0.0008063645945773357
10.233333333333333 0.3673619757922341 0.0007834533365083662
10.266666666666667 0.2856311616195111 0.0007562584957617746
10.3 0.19428214860507229 0.0007100604463363136
10.333333333333334 0.09843580412881618 0.0006642922912995508
10.366666666666667 0.0006145861272190718 0.0006067468058589912
10.4 -0.09710334561246997 0.0006613486906778265
10.433333333333334 -0.19013822495538563 0.000709636796294183
10.466666666666667 -0.28064731521202096 0.0007492434206768372
10.5 -0.36375173171094877 0.0007791876393570263
10.533333333333333 -0.4357920984385495 0.0008035731433609361
10.566666666666666 -0.498986975215349 0.0008210707900292991
10.6 -0.5498261663689623 0.0008323298761908626
10.633333333333333 -0.5833734812126382 0.000836394761648207
10.666666666666666 -0.6027301784389217 0.0008401300337669282
10.7 -0.608891941240841 0.0008411286748789548
10.733333333333333 -0.5983575078837452 0.0008393039226848309
10.766666666666667 -0.5724686267396013 0.0008356012622693365
10.8 -0.5316044871640504 0.000827438105433731
10.833333333333334 -0.4770123908606241 0.0008151435842033705
10.866666666666667 -0.4088375622735971 0.0007986179920257963
10.9 -0.32897210602261895 0.0007703493752021506
10.933333333333334 -0.2403015974180132 0.0007329847028762215
10.966666666666667 -0.14594195305851776 0.0006868601872286328
11.0 -0.05105150275744135 0.0006374271505200022
11.033333333333333 0.04646397191151539 0.0006343209155167603
11.066666666666666 0.14159560529790055 0.0006897156296706286
11.1 0.23325312405730808 0.0007295083314792228
11.133333333333333 0.3187865005841892 0.0007665031461847049
11.166666666666666 0.3952702560924825 0.0007924943125528494
11.2 0.45939492841838914 0.000813096298827698
11.233333333333333 0.5140601341612437 0.0008261554572406293
11.266666666666667 0.5539450772770586 0.000832479454102697
11.3 0.5791108484520838 0.0008376550009256967
11.333333333333334 0.5894671165914496 0.0008399134747446579
11.366666666666667 0.5843778231402187 0.0008397887914790569
11.4 0.5642626573445092 0.0008354717596392724
11.433333333333334 0.5291244653422292 0.0008286621662720872
11.466666666666667 0.47873308415459004 0.0008162181801806279
11.5 0.41749776584410364 0.0007995202133677659
11.533333333333333 0.34381496656630683 0.0007760891551779059
11.566666666666666 0.2579899689257854 0.0007424825449579009
11.6 0.16499212961053272 0.0006978059341902487
11.633333333333333 0.06999990643276495 0.000647436742644128
11.666666666666666 -0.026387837492574544 0.0006219275161457767
11.7 -0.12383586213027983 0.0006762366911455819
11.733333333333333 -0.21397243479433362 0.0007211923246114027
11.766666666666667 -0.3003955811070996 0.0007566919474439326
11.8 -0.38020022360179506 0.0007869395992413653
11.833333333333334 -0.4471196227436763 0.0008071497580043885
11.866666666666667 -0.5064725705314421 0.0008221304829738596
11.9 -0.5512159061397718 0.000831101860869099
11.933333333333334 -0.5822846434195047 0.000837522587599282
11.966666666666667 -0.5976193190830907 0.0008383865935496226
12.0 -0.5974983667495819 0.0008382551311942876
12.033333333333333 -0.582416020474179 0.0008351197126376109
12.066666666666666 -0.5524276469468256 0.0008288043336206474
12.1 -0.5095066420108998 0.0008205554811423488
12.133333333333333 -0.4507416842316861 0.0008040930094064813
12.166666666666666 -0.3788529535188665 0.0007843569119398985
12.2 -0.30016386052952704 0.0007558841624654145
12.233333333333333 -0.2129006506729159 0.0007175703364015185
12.266666666666667 -0.11881475606416073 0.0006727237087244958
12.3 -0.022531038203704928 0.0006182733667490989
12.333333333333334 0.07248266801441897 0.0006482092178203974
12.366666666666667 0.16528296727356545 0.0006975780082953131
12.4 0.2540580661650575 0.0007382906457292782
12.433333333333334 0.33727272932535407 0.000772733411195381
12.466666666666667 0.4078162259021493 0.0007968895723713953
12.5 0.47066490703179287 0.0008141410863034548
12.533333333333333 0.5189993221150527 0.0008279832877151616
12.566666666666666 0.5556785346191627 0.0008359303284926067
12.6 0.5756646056765201 0.0008367806379029341
12.633333333333333 0.5820859710295189 0.0008411650790786096
12.666666666666666 0.5744731855082368 0.0008382682335882352
12.7 0.5512706622502529 0.0008345569042464973
12.733333333333333 0.5109954820675643 0.0008262305423348826
12.766666666666667 0.45844309277718664 0.0008125005787608663
12.8 0.39072345980654266 0.0007932286950863565
12.833333333333334 0.31749617288852006 0.0007645707727362838
12.866666666666667 0.2322275835548194 0.0007301392945364693
12.9 0.1372642895323203 0.0006853105918037117
12.933333333333334 0.04197950505594857 0.0006304939195297468
12.966666666666667 -0.05370440569850455 0.0006379808402313045
13.0 -0.14896841214757964 0.0006885189119653079
13.033333333333333 -0.23764149557574096 0.0007298135549705931
13.066666666666666 -0.32158649211648965 0.0007631964182082673
13.1 -0.3959330252525558 0.0007886390301620749
13.133333333333333 -0.4595017814293455 0.0008091969038164781
13.166666666666666 -0.5130443104291746 0.0008217921792661453
13.2 -0.5535095692676203 0.0008303221275675066
13.233333333333333 -0.5805663515231722 0.000835635972285198
13.266666666666667 -0.5924116256482581 0.0008375451015574242
13.3 -0.5885081531622602 0.0008381794150291721
13.333333333333334 -0.5682376160181998 0.0008342621397753325
13.366666666666667 -0.5350894510459656 0.00082740110016577
13.4 -0.48749852076243777 0.0008176507903078778
13.433333333333334 -0.4274847861027228 0.0008001978145814048
13.466666666666667 -0.3558445884819804 0.0007780783735553687
13.5 -0.27154634532908206 0.0007455607858935509
13.533333333333333 -0.18454664247018218 0.0007065419821348506
13.566666666666666 -0.0913263513994715 0.0006588147353398383
13.6 0.006287956572347136 0.0006090566880304809
13.633333333333333 0.0994476098745356 0.0006643029581646503
13.666666666666666 0.1884335120582672 0.0007092701822285497
13.7 0.2785355126677048 0.0007466677437824587
13.733333333333333 0.3536539630038077 0.0007756073637484318
13.766666666666667 0.42204883750069067 0.0007997274091082751
13.8 0.4816863608634432 0.00081821905803936
13.833333333333334 0.5250224648123158 0.000825734294176983
13.866666666666667 0.5564648990539747 0.0008333387844453588
13.9 0.571767547173674 0.0008362651964084478
13.933333333333334 0.5732451134799674 0.0008367323103420921
13.966666666666667 0.5594555529820576 0.0008334561440231925
14.0 0.5306398842074496 0.0008273504138447407
14.033333333333333 0.48885677981854503 0.0008180987417035768
14.066666666666666 0.4305816099879294 0.0008023339104621385
14.1 0.36320815692255176 0.0007802447931540835
14.133333333333333 0.28709679949036804 0.0007533045603663191
14.166666666666666 0.19861006563540476 0.0007143961702331669
14.2 0.1072119047950805 0.0006674488394495526
14.233333333333333 0.01143100314580815 0.0006138680427813792
14.266666666666667 -0.08364446241684872 0.0006542255839762923
14.3 -0.1722172635265192 0.0006994994533927601
14.333333333333334 -0.2610640982437398 0.0007391674296885475
14.366666666666667 -0.340945810650187 0.0007725637972901822
14.4 -0.41352040713144256 0.0007942385388863271
14.433333333333334 -0.4737495422292847 0.000813197928610121
14.466666666666667 -0.5216802904117565 0.0008243308808564276
14.5 -0.5587860890162013 0.0008365941818158085
14.533333333333333 -0.5793030393124252 0.0008362828144687917
14.566666666666666 -0.5859750285854418 0.0008379896217521887
14.6 -0.5778212584953559 0.000836683270723948
14.633333333333333 -0.5534976393191373 0.0008319965550046549
14.666666666666666 -0.5136947361890812 0.0008233490075816308
14.7 -0.46245995977533516 0.0008118005114821081
14.733333333333333 -0.3989060594169896 0.0007935742061503936
14.766666666666667 -0.32459488052253316 0.0007670684280581819
14.8 -0.24073481899068686 0.0007328517972381432
14.833333333333334 -0.15023780636096287 0.0006894934116103701
14.866666666666667 -0.060321171087868185 0.0006413902086997436
14.9 0.035307634693176916 0.0006259722688887748
14.933333333333334 0.1281934361706022 0.0006779577372199308
14.966666666666667 0.21865530375814624 0.0007230018449404241
15.0 0.301349003147151 0.0007568996059258981
15.033333333333333 0.3734882615723984 0.0007836201542552601
15.066666666666666 0.4373398779095254 0.000803156257861537
15.1 0.49241361620139096 0.0008180299144894265
15.133333333333333 0.5316602073280413 0.0008276771255918414
15.166666666666666 0.5583434981328885 0.0008332028086742715
15.2 0.5680511653948698 0.000836871405468731
15.233333333333333 0.563966175541211 0.0008354489274065013
15.266666666666667 0.5437873350486839 0.0008336871692279368
15.3 0.5087344336507359 0.0008254481016652937
15.333333333333334 0.4637885755328142 0.0008142983079761912
15.366666666666667 0.4044022799499986 0.0007981001857023107
15.4 0.33159722521605955 0.0007715472927787292
15.433333333333334 0.25094505803042694 0.0007395935633289774
15.466666666666667 0.16438387128230364 0.0006975274999580505
15.5 0.07402482542624372 0.00064872300997737
15.533333333333333 -0.01777944746399226 0.0006176240502776958
15.566666666666666 -0.11222035090854772 0.0006699043025014534
15.6 -0.20269034355755564 0.0007158330844760918
15.633333333333333 -0.2869539911759904 0.000751604974183695
15.666666666666666 -0.3636480694504371 0.0007798158781383013
15.7 -0.42985249400904857 0.0008008940169105805
15.733333333333333 -0.4870815574811014 0.0008165580269925976
15.766666666666667 -0.5313603642595532 0.0008269480581961641
15.8 -0.5612853273990288 0.0008320891164512734
15.833333333333334 -0.5765198413988607 0.0008359101395645219
15.866666666666667 -0.5776654791308249 0.0008359256017248518
15.9 -0.5636626014597057 0.0008332779967822335
15.933333333333334 -0.5348998358220222 0.0008280253342343169
15.966666666666667 -0.49114199252626756 0.0008192413969635992
16.0 -0.43574466967743253 0.000803503107649095
16.033333333333335 -0.3670388936323557 0.0007836953063580232
16.066666666666666 -0.2915232026581176 0.0007544675949489044
16.1 -0.2075585865695457 0.0007186592079037046
16.133333333333333 -0.11781634301791438 0.000672700195318246
16.166666666666668 -0.024617075433808745 0.000621761753066833
16.2 0.06818939457562984 0.0006471817531941843
16.233333333333334 0.16116243903460645 0.0006950444699908853
16.266666666666666 0.24533657063489964 0.0007363583079096903
16.3 0.322472368732767 0.0007674665990730634
16.333333333333332 0.3952668591046437 0.0007915665689184337
16.366666666666667 0.455718943237935 0.000810507611006428
16.4 0.5012673198002016 0.0008221116700500852
16.433333333333334 0.536957134636439 0.0008295895048507917
16.466666666666665 0.5575824328260179 0.0008343128067395122
16.5 0.5629766170315813 0.0008349341590269121
16.533333333333335 0.5521782962262733 0.0008320910399193249
16.566666666666666 0.52858495272746 0.0008287982836604479
16.6 0.4894661501480784 0.0008210847765453
16.633333333333333 0.43695691686394056 0.0008062627632990371
16.666666666666668 0.3730088595004842 0.0007882139959652368
16.7 0.30062931581523933 0.0007593749538823968
16.733333333333334 0.21641430063521597 0.0007240711254244414
16.766666666666666 0.12917065894506571 0.0006826078730413354
16.8 0.03789435574417634 0.0006306311751639385
16.833333333333332 -0.05408005744531206 0.0006407055178373686
16.866666666666667 -0.14536117977061466 0.0006904067299811079
16.9 -0.2324166532449941 0.0007288716199079781
16.933333333333334 -0.3128097857910253 0.0007625754042988042
16.966666666666665 -0.38509414053078467 0.0007879849033100017
17.0 -0.4490673675526856 0.0008066947547440417
17.033333333333335 -0.49964676776122924 0.0008196474052644676
17.066666666666666 -0.5373994571677112 0.0008272431062832375
17.1 -0.5627176427947984 0.0008325675272974342
17.133333333333333 -0.5728554401672203 0.0008355619485215238
17.166666666666668 -0.568686163544576 0.0008343280986098378
17.2 -0.5493097975640344 0.0008317652814028298
17.233333333333334 -0.5151996095805454 0.00082611413410838
17.266666666666666 -0.4670020535855689 0.0008112385827898638
17.3 -0.40471221727531753 0.0007931045948134652
17.333333333333332 -0.33438571488961216 0.0007686264038268553
17.366666666666667 -0.25797506699765627 0.0007394367072855457
17.4 -0.1711973407908351 0.0006996190172867123
17.433333333333334 -0.08203583256828173 0.0006542318017978416
17.466666666666665 0.009611088245375479 0.0006128619833988391
17.5 0.10083354279020737 0.0006645072322089274
17.533333333333335 0.1872761416398069 0.0007081975578934196
17.566666666666666 0.2724781228760316 0.0007482736867037709
17.6 0.34861703140878064 0.0007787290760870591
17.633333333333333 0.4142189995963104 0.000798739221874234
17.666666666666668 0.46846009954418094 0.0008127758185660916
17.7 0.5089426401521048 0.0008237184569814815
17.733333333333334 0.5379860501030755 0.0008306264489724713
17.766666666666666 0.5536364798243545 0.0008330881505964616
17.8 0.5534019958917193 0.0008321548317798966
17.833333333333332 0.5396580960451063 0.0008301808061588201
17.866666666666667 0.509302641846814 0.0008262459279573253
17.9 0.46604291559307826 0.0008134916345939325
17.933333333333334 0.40956510983483874 0.00079882672185555
17.966666666666665 0.3408698207820531 0.0007742460942898322
18.0 0.2659870336230812 0.0007450321406184957
18.033333333333335 0.18136877428021728 0.0007056797327447129
18.066666666666666 0.09229911051030387 0.0006598293558440077
18.1 0.0028146136951469037 0.000608139621188043
18.133333333333333 -0.09065962362331846 0.0006589091346283077
18.166666666666668 -0.1768943072566173 0.0007011715954982622
18.2 -0.2587192608653842 0.0007393630944781959
18.233333333333334 -0.33743480597197606 0.0007708704021472945
18.266666666666666 -0.40630568290388075 0.0007949014847151714
18.3 -0.46326821078037494 0.0008110341593948189
18.333333333333332 -0.5096359359808921 0.0008213296462716846
18.366666666666667 -0.5427959030479025 0.0008286291202975749
18.4 -0.5604763025303007 0.0008331781978687669
18.433333333333334 -0.5634070379653171 0.0008324272521951226
18.466666666666665 -0.5542812381713791 0.0008313148577865359
18.5 -0.5301292430610867 0.000826099727668006
18.533333333333335 -0.49140851650034284 0.0008175172116300922
18.566666666666666 -0.4383614272943483 0.0008031925384893723
18.6 -0.3732966464173392 0.0007820700328732832
18.633333333333333 -0.3013342286033304 0.0007571190139988304
18.666666666666668 -0.2203246179249198 0.0007237142548458531
18.7 -0.13588573395607093 0.0006814340524949336
18.733333333333334 -0.04467382787193707 0.0006334930415719808
18.766666666666666 0.04591889637533503 0.0006329428950585733
18.8 0.13478489487262385 0.0006833887424546325
18.833333333333332 0.22053053366261186 0.000722826965425416
18.866666666666667 0.2971873163316594 0.0007592857687840904
18.9 0.3698813549220368 0.0007839174519283509
18.933333333333334 0.4302549071447832 0.0008040573009910901
18.966666666666665 0.47933070926313437 0.0008180752826852378
19.0 0.5151205067803231 0.0008241236052123346
19.033333333333335 0.5388949641611475 0.0008306104326468722
19.066666666666666 0.54690558285175 0.0008324415394170837
19.1 0.5420308624821231 0.0008322645267755391
19.133333333333333 0.5222091980885066 0.0008280222374021928
19.166666666666668 0.48734452954794955 0.0008215627618642918
19.2 0.44123774233737123 0.0008060810356959602
19.233333333333334 0.3801192475015479 0.0007857778798970316
19.266666666666666 0.30956079875325254 0.0007624289180909738
19.3 0.22943219838592332 0.0007258119259562212
19.333333333333332 0.14241366791192545 0.0006853943107278382
19.366666666666667 0.05795830923470256 0.0006387231219755624
19.4 -0.030577502738680803 0.0006236865885848493
19.433333333333334 -0.12425698998803938 0.0006772980004994406
19.466666666666665 -0.20474579029958914 0.0007140767417752603
19.5 -0.2888696018252292 0.0007483012306532255
19.533333333333335 -0.35951415603985515 0.0007759953506097927
19.566666666666666 -0.42301235422963285 0.0007966125471849939
19.6 -0.4750808512376629 0.000811676868579414
19.633333333333333 -0.5165657979768931 0.0008231291287362774
19.666666666666668 -0.5437492894412498 0.0008279742425186809
19.7 -0.5570231267963324 0.000831860336855561
19.733333333333334 -0.55454175731516 0.0008329595457691186
19.766666666666666 -0.5391331669454182 0.0008309005276495585
19.8 -0.5089580090370321 0.0008234102070484584
19.833333333333332 -0.46621856225296626 0.0008099593696274665
19.866666666666667 -0.41026588956434473 0.0007956688920757182
19.9 -0.3428971954891488 0.0007740213333366497
19.933333333333334 -0.2658228478925417 0.0007420677868935632
19.966666666666665 -0.1836113957084866 0.0007044360453908327
20.0 -0.09672091219274266 0.000663629699594756
20.033333333333335 -0.005878477267673154 0.0006085504475612704
20.066666666666666 0.08105672107705869 0.0006522289229681788
20.1 0.1686604403374184 0.0006985915481255989
20.133333333333333 0.24865229461077742 0.0007347425803446994
20.166666666666668 0.32509863935139227 0.000768380557654269
20.2 0.39066043727715527 0.0007893735098103982
20.233333333333334 0.44560164289452525 0.000808536598621068
20.266666666666666 0.4898223785632577 0.0008199958410087804
20.3 0.5211993956614468 0.0008261606335916438
20.333333333333332 0.5374164510496048 0.0008329592213373038
20.366666666666667 0.539725200505356 0.0008320948054476585
20.4 0.5272595522399934 0.0008300754965012702
20.433333333333334 0.5022684101918162 0.0008245094638857919
20.466666666666665 0.4636017686250285 0.000813764945615747
20.5 0.4120822109313564 0.0007980179318319292
20.533333333333335 0.3483151581371092 0.0007775718272615695
20.566666666666666 0.27144197527540553 0.0007477601000562273
20.6 0.1930325469020569 0.0007124385278054757
20.633333333333333 0.10946447051258251 0.0006664430307301017
20.666666666666668 0.016780576362782497 0.0006171434249122552
20.7 -0.07079376968650135 0.00064703976046461
20.733333333333334 -0.1565439020386026 0.0006930173487227353
20.766666666666666 -0.23946144270549047 0.0007307533025697754
20.8 -0.31419718600350105 0.0007617855214479552
20.833333333333332 -0.38429919219862535 0.0007877915093895127
20.866666666666667 -0.44197764508393617 0.0008048347054529503
20.9 -0.4900584573155215 0.0008191906048211073
20.933333333333334 -0.5246248443857662 0.0008278462911961437
20.966666666666665 -0.5448475637192604 0.0008314531318441842
21.0 -0.5514297875203648 0.000832880873017916
21.033333333333335 -0.5427512047991794 0.0008311295394312079
21.066666666666666 -0.5202670981778711 0.000826348430010837
21.1 -0.4856541047797876 0.0008183507015256941
21.133333333333333 -0.4370154169507133 0.0008049436553940192
21.166666666666668 -0.3779795724771075 0.0007868598946520478
21.2 -0.30756682005919717 0.0007629675855365115
21.233333333333334 -0.2306356064153889 0.0007290907612341191
21.266666666666666 -0.14518052953006272 0.0006879218107370411
21.3 -0.05742016060641834 0.0006413722659766932
21.333333333333332 0.03144470779468443 0.0006239013239591126
21.366666666666667 0.11646760450412807 0.0006724062276648873
21.4 0.2022144896544216 0.000715868996689073
21.433333333333334 0.2797089037525337 0.0007485718019379362
21.466666666666665 0.35187918957531666 0.0007780967045926679
21.5 0.41169162597676573 0.0007976468530245251
21.533333333333335 0.4620574057641665 0.0008115188621774516
21.566666666666666 0.4994802220078315 0.0008202742135829943
21.6 0.5237029305132747 0.0008260136474470547
21.633333333333333 0.5343239591118868 0.0008289278668409672
21.666666666666668 0.5302363216042426 0.0008281196332665663
21.7 0.512762666000245 0.000824327995861962
21.733333333333334 0.4821200348664646 0.0008172519110236087
21.766666666666666 0.4374459018687075 0.0008065902372165201
21.8 0.3813315597998552 0.0007887314217455699
21.833333333333332 0.31148394440802324 0.0007644910117058368
21.866666666666667 0.23689487858413608 0.0007316435595549342
21.9 0.1534912297314389 0.0006924425440661408
21.933333333333334 0.0656684773648686 0.0006450850287143817
21.966666666666665 -0.021481398168032365 0.0006199901749594124
22.0 -0.10800397495535023 0.0006681884971157653
22.033333333333335 -0.19216342222395308 0.000711124483992992
22.066666666666666 -0.2697280655723079 0.0007448292095282305
22.1 -0.341791686530243 0.0007725527495704987
22.133333333333333 -0.4053295172558363 0.0007944697091249453
22.166666666666668 -0.45826550342920924 0.0008094323200113496
22.2 -0.5009103505722255 0.0008205961848455345
22.233333333333334 -0.527577733514616 0.0008244715182142981
22.266666666666666 -0.5420702737453614 0.0008286735457131433
22.3 -0.5426326042698477 0.0008284704296392942
22.333333333333332 -0.5291533536787426 0.0008262177915607793
22.366666666666667 -0.501967105350638 0.0008186972965195105
22.4 -0.4623270558135332 0.0008112009615582338
22.433333333333334 -0.4098174313439573 0.0007956337987146123
22.466666666666665 -0.3454370189516193 0.0007734316305755828
22.5 -0.2719679582065969 0.0007454053012105888
22.533333333333335 -0.19130197158911652 0.0007092698931515928
22.566666666666666 -0.10618322537457568 0.0006675783404264252
22.6 -0.018870029855704806 0.0006167442467466602
22.633333333333333 0.06643936858724564 0.0006444323707792132
22.666666666666668 0.15320477399020002 0.0006906648528244852
22.7 0.23517753206875633 0.0007302753069922396
22.733333333333334 0.30570906496879574 0.0007617331005114192
22.766666666666666 0.3728134409836909 0.000785346316124369
22.8 0.4272433162991411 0.0008014536331301114
22.833333333333332 0.47294642977080187 0.000813978538894311
22.866666666666667 0.5039158120762478 0.0008212905224800338
22.9 0.5209706549379467 0.0008264499183312513
22.933333333333334 0.5265086434853605 0.0008263157735312054
22.966666666666665 0.5169713354906186 0.0008250254875974417
23.0 0.49311842588311716 0.0008191560078188997
23.033333333333335 0.45735227140191886 0.0008102262057238518
23.066666666666666 0.4064795964075938 0.0007929721294412939
23.1 0.34687166767092825 0.000775098933984808
23.133333333333333 0.2760781974330667 0.0007478645785743421
23.166666666666668 0.19717868441161168 0.0007117902726546665
23.2 0.11512244533483931 0.0006714659712364623
23.233333333333334 0.024471318540461234 0.000620583315227817
23.266666666666666 -0.061820973247095304 0.0006432710768217026
23.3 -0.1433476356968646 0.0006865167072658551
23.333333333333332 -0.22574749257499743 0.0007263719646778688
23.366666666666667 -0.3020611016589612 0.0007565945413483544
23.4 -0.3674332970145851 0.0007802203561247389
23.433333333333334 -0.42730492889530625 0.0007984925809331744
23.466666666666665 -0.47351760659326375 0.0008107436592527661
23.5 -0.5092121176464115 0.0008214070980498978
23.533333333333335 -0.5310572436536327 0.000826174831568327
23.566666666666666 -0.53996643608449 0.0008283240226667488
23.6 -0.5329241990778648 0.0008270136985022436
23.633333333333333 -0.512884783991658 0.0008223744160787971
23.666666666666668 -0.4801638142979693 0.0008143632900959319
23.7 -0.4335990853074839 0.000801399049890128
23.733333333333334 -0.375483202833813 0.0007842108922266888
23.766666666666666 -0.31017470710457784 0.0007607938710231799
23.8 -0.23385187504110247 0.0007290924006993771
23.833333333333332 -0.15194706118529228 0.0006904975199180929
23.866666666666667 -0.06575726124635589 0.0006449549661825399
23.9 0.021660421048371833 0.0006192217330302993
23.933333333333334 0.10795721639817027 0.0006687395566192661
23.966666666666665 0.19188627882711728 0.0007098471601197365
24.0 0.26763685548766336 0.0007445363144661377
24.033333333333335 0.33722482515221436 0.000770688320344104
24.066666666666666 0.3976687900095011 0.0007928011996969353
24.1 0.44550632686597225 0.0008082995580290797
24.133333333333333 0.48471171292594656 0.0008195178430390193
24.166666666666668 0.5109083216804705 0.0008245779071646142
24.2 0.5216255224951359 0.0008279488663145429
24.233333333333334 0.5194389110158394 0.0008267338166203508
24.266666666666666 0.501962830370252 0.0008223519491612485
24.3 0.47424714594824663 0.0008159704710899995
24.333333333333332 0.42793957993818005 0.0008037591084706919
24.366666666666667 0.3779816965385422 0.0007873572726130873
24.4 0.31042270748638096 0.0007611596835894185
24.433333333333334 0.23826778585540354 0.0007327428424915017
24.466666666666665 0.15639237836686903 0.0006922580692190206
24.5 0.0732103643202663 0.0006482146862366311
24.533333333333335 -0.010730046861617304 0.0006121925861708403
24.566666666666666 -0.10026659321239682 0.0006623337043725752
24.6 -0.1826114255239164 0.0007028984745544031
24.633333333333333 -0.26133585301207335 0.0007393235613081806
24.666666666666668 -0.33214878046681506 0.0007673554901246327
24.7 -0.39337407734244473 0.0007890600873129427
24.733333333333334 -0.44542347591516374 0.0008050017204674353
24.766666666666666 -0.48635367342418706 0.00081705076888694
24.8 -0.5153867588645931 0.0008240253425204624
24.833333333333332 -0.5305005261285956 0.000827292616406905
24.866666666666667 -0.5312440711438574 0.0008275422822339173
24.9 -0.5190192912916685 0.0008257333881381834
24.933333333333334 -0.49242152700963887 0.0008188406821729166
24.966666666666665 -0.45275495723864795 0.0008081298036037854
25.0 -0.40482817208121097 0.0007944244725520688
25.033333333333335 -0.34035377333720473 0.0007712650595441128
25.066666666666666 -0.27047271686117436 0.0007446671145436845
25.1 -0.19271940282743935 0.0007113642990132507
25.133333333333333 -0.10924405280760593 0.0006667473456003631
25.166666666666668 -0.02599525409672814 0.0006215407479226512
25.2 0.06090278655662108 0.0006421661787230221
25.233333333333334 0.14626524657240128 0.0006844449916276751
25.266666666666666 0.22203726048022862 0.0007210916108328635
25.3 0.29662617693474247 0.0007554359367412666
25.333333333333332 0.3628994338992407 0.0007833329306715653
25.366666666666667 0.4177847083562776 0.0008010716495437387
25.4 0.4589613633485295 0.0008157735298837676
25.433333333333334 0.4929022092088394 0.0008191974173432093
25.466666666666665 0.5119817298766611 0.0008231911787732749
25.5 0.515007237110903 0.0008246152228620351
25.533333333333335 0.5076464260437293 0.000822929773576897
25.566666666666666 0.4837207953446201 0.0008175493542270096
25.6 0.44834381508275656 0.000808221779843521
25.633333333333333 0.40117727282386734 0.0007952029011611961
25.666666666666668 0.34073623342850934 0.0007732803709222247
25.7 0.2741866996158896 0.0007490963410021756
25.733333333333334 0.19577548423061844 0.0007133155421314985
25.766666666666666 0.1139088937894342 0.0006740358976619898
25.8 0.030084499147418158 0.0006243403650805363
25.833333333333332 -0.05462319165817282 0.0006384635494846302
25.866666666666667 -0.135433304303681 0.0006827804838724916
25.9 -0.2184470598359839 0.0007222300943550974
25.933333333333334 -0.2927613112201191 0.0007555824116243226
25.966666666666665 -0.36065747815177 0.000782333270143043
26.0 -0.4159599275633121 0.0007978836757128183
26.033333333333335 -0.46353674723347327 0.0008121413161616409
26.066666666666666 -0.49648211492814087 0.0008196988706506425
26.1 -0.5186627038989642 0.0008237137429376595
26.133333333333333 -0.5271351417908036 0.0008252786427499492
26.166666666666668 -0.5219440815453401 0.000824702254576315
26.2 -0.5022366910393383 0.0008197475136004773
26.233333333333334 -0.4690652503737261 0.0008120854888556406
26.266666666666666 -0.42537193505398035 0.0008003598484299101
26.3 -0.3695474136487757 0.0007822263657409345
26.333333333333332 -0.30512764973439055 0.0007588043536884137
26.366666666666667 -0.2284102534165337 0.0007276056761933991
26.4 -0.15111853606416814 0.0006914165815985474
26.433333333333334 -0.0672928325889744 0.0006453906855984209
26.466666666666665 0.016510547701824592 0.0006159745390593267
26.5 0.10155704465467003 0.0006649086444184549
26.533333333333335 0.1801403002674283 0.000708140452360867
26.566666666666666 0.25801852421073 0.0007427815860015508
26.6 0.3300451695966883 0.0007677604669771854
26.633333333333333 0.38937105168275393 0.0007897476274361659
26.666666666666668 0.43734783815326184 0.000802189467187131
26.7 0.4742244942233327 0.0008134619781928198
26.733333333333334 0.49856994095990426 0.0008189522110192415
26.766666666666666 0.5103552969003056 0.0008243784929843345
26.8 0.5081873827777004 0.0008216644458166611
26.833333333333332 0.4919032638335844 0.0008201413803182178
26.866666666666667 0.46452755791116834 0.0008113542729886736
26.9 0.4220914146774949 0.0008002063976167983
26.933333333333334 0.3680175841558416 0.0007830770256376796
26.966666666666665 0.30366149028568656 0.0007563645974396072
27.0 0.2350286211818594 0.0007305548688711083
27.033333333333335 0.15595946168939215 0.0006947889506764837
27.066666666666666 0.07314435064155189 0.000650291445517745
27.1 -0.011827325552398422 0.000615247580762035
27.133333333333333 -0.09525060222164734 0.0006615157416901413
27.166666666666668 -0.17753012085349743 0.0007037158569240254
27.2 -0.25296535824293087 0.0007382726662736316
27.233333333333334 -0.32375960897831335 0.0007676355758333142
27.266666666666666 -0.3837115569523986 0.0007872714550862248
27.3 -0.4370967332159112 0.000806176071386111
27.333333333333332 -0.4770940372175052 0.0008140816085721037
27.366666666666667 -0.5035342311931057 0.0008209298150626543
27.4 -0.5183533191936406 0.0008232237486187621
27.433333333333334 -0.519805938840055 0.0008239560122828005
27.466666666666665 -0.5088847446785144 0.0008206213422928821
27.5 -0.48363515191259265 0.0008154765885443616
27.533333333333335 -0.4465861709403595 0.0008055660676024035
27.566666666666666 -0.3939630076431536 0.0007903859110531264
27.6 -0.3327152814462803 0.0007678115215922765
27.633333333333333 -0.2638252021716833 0.0007407506845950595
27.666666666666668 -0.18598109187894662 0.0007073834163911497
27.7 -0.10648083914167954 0.000666225738946466
27.733333333333334 -0.022993449479476454 0.0006197418344346846
27.766666666666666 0.05983562889615435 0.0006428548367239453
27.8 0.14281235015312904 0.000688060127480794
27.833333333333332 0.2195280913569544 0.0007247292571242459
27.866666666666667 0.2888006947695543 0.0007539225680160411
27.9 0.3540666079338524 0.0007793051999236966
27.933333333333334 0.4079914436599089 0.000796182196218409
27.966666666666665 0.45237578410214446 0.0008097977225841047
28.0 0.48251169173357633 0.0008186999181591381
28.033333333333335 0.49996177360195054 0.0008210025272581967
28.066666666666666 0.5052150224849794 0.0008236954664695428
28.1 0.49570226884212637 0.0008234406813368289
28.133333333333333 0.4734607983985039 0.0008174390131810982
28.166666666666668 0.43829392375775467 0.0008045369159793703
28.2 0.3923192053617216 0.0007899577729525986
28.233333333333334 0.33176066806283494 0.0007689694164543237
28.266666666666666 0.2647006020322413 0.0007443340515181363
28.3 0.19132009830472013 0.0007121034353668731
28.333333333333332 0.11275509993936894 0.000670996424207676
28.366666666666667 0.02691768553099705 0.0006215086510307707
28.4 -0.05473509572671688 0.0006365925148281645
28.433333333333334 -0.13735265465011767 0.0006845704233763295
28.466666666666665 -0.21677537723197013 0.0007215657888589855
28.5 -0.2866906106376335 0.0007564381183168822
28.533333333333335 -0.35230820652489564 0.0007799875012070023
28.566666666666666 -0.4090774448290302 0.0007990105425227934
28.6 -0.45610039796094937 0.0008091242017712608
28.633333333333333 -0.48804823644703144 0.0008167783977244825
28.666666666666668 -0.509539460753538 0.0008219240055654664
28.7 -0.5168153330520948 0.0008238424545844447
28.733333333333334 -0.5104858373933043 0.0008234202845430749
28.766666666666666 -0.492171019916286 0.0008183619501773154
28.8 -0.4609728498647262 0.0008097695069902988
28.833333333333332 -0.41536056995937193 0.0007988287619921097
28.866666666666667 -0.36051539411421746 0.0007781165409734836
28.9 -0.29706389403088107 0.0007549774002620913
28.933333333333334 -0.22284738553158415 0.0007235750882911007
28.966666666666665 -0.14197899613342177 0.0006841888511921468
29.0 -0.061803705564107234 0.0006419811747589224
29.033333333333335 0.020212207927881913 0.0006182808466697019
29.066666666666666 0.10191991529898538 0.0006638878301316875
29.1 0.18034879463121656 0.0007036080421828905
29.133333333333333 0.25468907340507635 0.0007371311959870619
29.166666666666668 0.32165762509122375 0.0007662846618488595
29.2 0.37795751932204386 0.0007897374420521852
29.233333333333334 0.4292225934089736 0.0008010280727305252
29.266666666666666 0.4642290342141731 0.0008104529960393236
29.3 0.4877131082098576 0.0008180867654482005
29.333333333333332 0.49757322376352237 0.0008208709893169908
29.366666666666667 0.49392828665497196 0.0008208237775361171
29.4 0.4768009769398256 0.0008173816504582487
29.433333333333334 0.4505726632100949 0.0008095392284934166
29.466666666666665 0.40974489980889556 0.0007967976960581713
29.5 0.3574727048187245 0.0007792136805906957
29.533333333333335 0.29664845164772086 0.0007572644313116328
29.566666666666666 0.22604245673296902 0.0007286498162209221
29.6 0.14873743904133843 0.0006898152179146688
29.633333333333333 0.06648225781927179 0.0006447603335978241
29.666666666666668 -0.013668861040153617 0.0006132687117987486
29.7 -0.09574943737804245 0.0006615909270128034
29.733333333333334 -0.1763443953051722 0.0007032456243382945
29.766666666666666 -0.2506643213132419 0.0007344482542241404
29.8 -0.31849240565004483 0.0007640407741001942
29.833333333333332 -0.37688677947272337 0.0007835060327816556
29.866666666666667 -0.4278271104399444 0.0008003336131178762
29.9 -0.4662217487894374 0.0008096888200836982
29.933333333333334 -0.4940927953763838 0.0008168524626326334
29.966666666666665 -0.5076186760455097 0.0008202492628349711
30.0 -0.508725647131071 0.0008216607166483536
30.033333333333335 -0.49770759403999887 0.0008185513762953289
30.066666666666666 -0.4695287015300658 0.0008115396483863724
30.1 -0.43131130026218933 0.0008006767250000046
30.133333333333333 -0.38435076854312583 0.0007848476432243401
30.166666666666668 -0.3244585504232457 0.0007644957155173993
30.2 -0.2559304059932374 0.000736423079902293
30.233333333333334 -0.1809733702446719 0.000703986178259397
30.266666666666666 -0.10114192325983624 0.0006621970846164976
30.3 -0.019190333468433 0.000618579375173671
30.333333333333332 0.06160035706676896 0.0006417751053932608
30.366666666666667 0.14230026261757586 0.0006875717616220967
30.4 0.21813640106960375 0.0007215136619088403
30.433333333333334 0.28743914722606956 0.0007528904217504184
30.466666666666665 0.35075240265134217 0.0007778875448723466
30.5 0.40296548770148055 0.0007949006411746007
30.533333333333335 0.44343012843242635 0.0008059849828298549
30.566666666666666 0.4717140839518298 0.0008154439354723375
30.6 0.48828749032035107 0.0008201784251197775
30.633333333333333 0.49232608083469337 0.0008209385673911274
30.666666666666668 0.48390750185219455 0.0008187060154038472
30.7 0.46339898012210823 0.000813354308118408
30.733333333333334 0.42836588651657737 0.0008039592506212112
30.766666666666666 0.38202973179196065 0.0007880696279987109
30.8 0.32636406538312923 0.0007698735553615665
30.833333333333332 0.25629891615427725 0.0007407313149573325
30.866666666666667 0.18364995653912844 0.0007059484165575225
30.9 0.1029734130638038 0.0006652113509933166
30.933333333333334 0.02231751036901704 0.0006190046647130618
30.966666666666665 -0.06167397765651632 0.0006409541555264728
31.0 -0.13866035628929377 0.0006842716386452341
31.033333333333335 -0.2164944952164499 0.0007210411426782359
31.066666666666666 -0.28494006740142985 0.000750187924826895
31.1 -0.3470713384624742 0.0007735246882761282
31.133333333333333 -0.4010869344114152 0.0007916558988672051
31.166666666666668 -0.445614859913809 0.000805908795693977
31.2 -0.47776715171212386 0.0008143584353560995
31.233333333333334 -0.49877520858653324 0.0008199439144879195
31.266666666666666 -0.5041845314741706 0.0008220672233734128
31.3 -0.4980242808654786 0.0008204462430320136
31.333333333333332 -0.47893658139596496 0.0008157343345112089
31.366666666666667 -0.44795314635423394 0.0008075862051858951
31.4 -0.4031066954813205 0.0007940326259102681
31.433333333333334 -0.34762999675942224 0.0007754930507146152
31.466666666666665 -0.2833711271929693 0.0007501114546633048
31.5 -0.2127244721278188 0.000719494240250862
31.533333333333335 -0.13716626016264827 0.0006825859887598373
31.566666666666666 -0.05543193130628947 0.0006372240339558299
31.6 0.026832094408505383 0.0006197333107729637
31.633333333333333 0.10624991144282449 0.0006647472947236971
31.666666666666668 0.1829741577955305 0.0007040310144038331
31.7 0.25376936296740865 0.0007347812541494969
31.733333333333334 0.316687813169695 0.0007613515705074403
31.766666666666666 0.3751588271794755 0.0007825420503538294
31.8 0.4200919322452588 0.000800292182160045
31.833333333333332 0.452683154367396 0.000809734654347749
31.866666666666667 0.4771900393190418 0.000817858410734007
31.9 0.4876117971767653 0.0008205993435145831
31.933333333333334 0.48504489650715177 0.0008232907975295745
31.966666666666665 0.4684241887649755 0.0008153898101374013
32.0 0.4395493984004598 0.0008061880376526998
32.03333333333333 0.39714042863493604 0.0007942439957228653
32.06666666666667 0.34563765765079224 0.0007766494120460266
32.1 0.28166785393591753 0.0007536470403606832
32.13333333333333 0.21539124779719251 0.0007228410732956492
32.166666666666664 0.13963015104358997 0.0006848432117766978
32.2 0.06029672100624168 0.0006420974470195198
32.233333333333334 -0.022636355682382783 0.0006189332212117316
32.266666666666666 -0.10305912707328888 0.000666109195067599
32.3 -0.17807393010271588 0.000703466330717134
32.333333333333336 -0.2506159246340127 0.0007358643148309141
32.36666666666667 -0.3176673938917467 0.0007638515521227185
32.4 -0.3760164374341134 0.0007844758220517112
32.43333333333333 -0.42427482911489406 0.0007997198537134653
32.46666666666667 -0.46002735879146495 0.0008097366688476493
32.5 -0.48523322069656855 0.0008168550412028797
32.53333333333333 -0.49755330088213057 0.000819703217786627
32.56666666666667 -0.4978612049596819 0.0008196543708127724
32.6 -0.4841509380108072 0.0008160254595915295
32.63333333333333 -0.4580128304322836 0.000808630403865418
32.666666666666664 -0.419261658215321 0.0007989340856985327
32.7 -0.37100405931474734 0.0007831182400143688
32.733333333333334 -0.30999847485412874 0.0007610042598057976
32.766666666666666 -0.24354154860726823 0.0007341757763892898
32.8 -0.169642725750757 0.0006999662286025221
32.833333333333336 -0.09230655157405379 0.0006586823519761642
32.86666666666667 -0.011955426752898455 0.0006130044022433397
32.9 0.07003332360961265 0.0006479240579182755
32.93333333333333 0.14655028253927288 0.0006892338039699852
32.96666666666667 0.22009436923053535 0.0007240503056352987
33.0 0.287353003751672 0.0007523872977275303
33.03333333333333 0.34734534889877194 0.0007738137546481338
33.06666666666667 0.3969149782961388 0.0007932179845779874
33.1 0.43595906848069826 0.0008059513377462468
33.13333333333333 0.46366351865711325 0.0008128003243679793
33.166666666666664 0.4785324603146744 0.0008166283741957714
33.2 0.4816222350113589 0.0008181567234215037
33.233333333333334 0.47014164134475817 0.0008148968397860834
33.266666666666666 0.4465047250280055 0.0008096993918272899
33.3 0.40861314673613236 0.0007993722606074449
33.333333333333336 0.3651893521315024 0.0007840895614239507
33.36666666666667 0.30807561518211896 0.0007628060200069453
33.4 0.24406435394331866 0.0007364641862450394
33.43333333333333 0.17083867581670265 0.0006993870375042732
33.46666666666667 0.09262258800244039 0.0006616905533650408
33.5 0.015539237070253578 0.0006182227450945467
33.53333333333333 -0.06341232002784995 0.0006423799944956787
33.56666666666667 -0.14094780609791427 0.0006846737867560182
33.6 -0.2180014161688304 0.0007213087453040723
33.63333333333333 -0.28640097140352466 0.0007499803887124901
33.666666666666664 -0.3467439591012055 0.0007741920877224473
33.7 -0.3978954879135591 0.000790411834960647
33.733333333333334 -0.44012226395181886 0.0008050369001690316
33.766666666666666 -0.4704840262529783 0.0008135794966163679
33.8 -0.48860691192298594 0.0008172648425371354
33.833333333333336 -0.4939457314445249 0.0008181470090767307
33.86666666666667 -0.48578985697452365 0.0008164342323248031
33.9 -0.4650548955365049 0.0008115047470161341
33.93333333333333 -0.4311084405341472 0.0008023386057280923
33.96666666666667 -0.38729797985785086 0.0007897269336556434
34.0 -0.33172076039553644 0.0007726625908167639
34.03333333333333 -0.269380304730094 0.000746507907980587
34.06666666666667 -0.1990097220158602 0.0007155060334101959
34.1 -0.12619226830831307 0.0006783263800249351
34.13333333333333 -0.044573999568640714 0.0006332523159478104
34.166666666666664 0.03458266792590075 0.000626257742012068
34.2 0.11249061081032719 0.000670096136246523
34.233333333333334 0.18795126270661033 0.0007068362957919627
34.266666666666666 0.25843909822512606 0.0007399183943428422
34.3 0.3178868864715081 0.0007659830624751618
34.333333333333336 0.37382970551446776 0.0007853456308593576
34.36666666666667 0.41894792004882947 0.0007984866673384494
34.4 0.4464071218063218 0.0008068478978019433
34.43333333333333 0.46912385790891364 0.0008138203747449224
34.46666666666667 0.47634911433717775 0.0008163151482923348
34.5 0.4721175183251606 0.0008149628756859428
34.53333333333333 0.45405273327430057 0.0008101205886962837
34.56666666666667 0.42321813424875526 0.000802721125611694
34.6 0.3821412620083041 0.0007892470858227862
34.63333333333333 0.32805065190380817 0.0007711887815602392
34.666666666666664 0.26658848520782313 0.0007464456605627001
34.7 0.19973181877388033 0.000716448065798736
34.733333333333334 0.1216936028021642 0.0006766013112148167
34.766666666666666 0.047094102679182404 0.0006363143789097567
34.8 -0.03084984886002881 0.0006264023372433841
34.833333333333336 -0.11034874955018015 0.0006709861190467292
34.86666666666667 -0.18469756222510905 0.0007065644391333337
34.9 -0.25396423876978086 0.0007371367079181956
34.93333333333333 -0.3206546370329215 0.0007630118184386303
34.96666666666667 -0.374822929398122 0.000784957101006456
35.0 -0.4205360247039883 0.0007982056371378388
35.03333333333333 -0.45568482708246194 0.0008082156926802475
35.06666666666667 -0.4783981067858491 0.0008148766543659147
35.1 -0.4878425556553078 0.0008166801169575688
35.13333333333333 -0.4859014841395302 0.0008176629433130911
35.166666666666664 -0.4701057724257768 0.0008138763109517
35.2 -0.4422663604194764 0.000806314959603982
35.233333333333334 -0.40197266657283987 0.0007944723676808763
35.266666666666666 -0.35277598332967436 0.0007774749084886734
35.3 -0.2921453902723835 0.0007553228807015144
35.333333333333336 -0.2246095820740713 0.0007263965999789179
35.36666666666667 -0.1515595895648578 0.0006921801989153986
35.4 -0.07464429844999627 0.0006492871101588665
35.43333333333333 0.002732038432744199 0.0006097282268692173
35.46666666666667 0.08144577630661728 0.0006551391952907409
35.5 0.1556878890405 0.0006931463112265224
35.53333333333333 0.2268013202119273 0.0007285060144812672
35.56666666666667 0.29123999703180564 0.0007553718187981451
35.6 0.3512235079313876 0.000777124795994788
35.63333333333333 0.39786758582304604 0.0007908216651333344
35.666666666666664 0.43279757575590067 0.0008033102042015461
35.7 0.45825999202195883 0.0008102911192977014
35.733333333333334 0.47051828245822785 0.0008146497480395753
35.766666666666666 0.47239915958234796 0.0008134493489763139
35.8 0.4563211346620852 0.0008108181523605595
35.833333333333336 0.4339740787098842 0.0008029527093512123
35.86666666666667 0.3974383753660031 0.0007907653753297383
35.9 0.3480971219538264 0.0007746935526721788
35.93333333333333 0.2894814427326729 0.0007532277607507631
35.96666666666667 0.22721360416719133 0.0007285005624366736
36.0 0.15279235075352995 0.0006920453300759688
36.03333333333333 0.07799525828721382 0.0006552867965017445
36.06666666666667 -0.00012908849286505538 0.0006080292155279381
36.1 -0.07961770795588123 0.0006523399823910037
36.13333333333333 -0.15312533602053155 0.0006922381763123098
36.166666666666664 -0.2244953325632631 0.0007264178451121817
36.2 -0.2909232299704173 0.000754786557470688
36.233333333333334 -0.3492747827074788 0.0007774481498919461
36.266666666666666 -0.3993585657485607 0.0007943277179443542
36.3 -0.43876415493783383 0.0008048560415828687
36.333333333333336 -0.46507939238379487 0.0008126617145906012
36.36666666666667 -0.4802110289495054 0.000815389123170418
36.4 -0.4840602233026166 0.0008162864188367425
36.43333333333333 -0.4738118901085161 0.0008129559182666335
36.46666666666667 -0.45079879155271935 0.0008071968626166548
36.5 -0.4166830232617206 0.0007974464326133135
36.53333333333333 -0.370321434379563 0.0007828708748378599
36.56666666666667 -0.3129971559724693 0.0007619405021912495
36.6 -0.24919594602687956 0.0007372488846356107
36.63333333333333 -0.18056824119254358 0.0007048239868261696
36.666666666666664 -0.10722297472994498 0.0006686770148961324
36.7 -0.02980478430539288 0.0006249086955160167
36.733333333333334 0.045205915619699194 0.0006342112154738636
36.766666666666666 0.1256148420569122 0.000675593997183227
36.8 0.19745603806649709 0.0007138525123281392
36.833333333333336 0.2626528042392803 0.00074380049717504
36.86666666666667 0.3226830333190119 0.0007670561925448571
36.9 0.3741177127356954 0.0007842233167750234
36.93333333333333 0.4155159598988187 0.0007982452899237269
36.96666666666667 0.4452407468083082 0.0008074537169079354
37.0 0.46150452842810685 0.0008104909520444958
37.03333333333333 0.4664308175697246 0.0008116454988481014
37.06666666666667 0.458419059578994 0.0008097709213403803
37.1 0.438120645965003 0.0008052590639646695
37.13333333333333 0.40776847698726565 0.0007953897815202726
37.166666666666664 0.3646548839613725 0.0007814341430964489
37.2 0.31115442354181144 0.0007622869441644697
37.233333333333334 0.25009049270762285 0.0007376635462039705
37.266666666666666 0.17940554245551454 0.000704271554995417
37.3 0.10816332619197602 0.0006694637389546287
37.333333333333336 0.028222403312712547 0.0006232664761765226
37.36666666666667 -0.04658680828289205 0.0006336259377526382
37.4 -0.1255385995443898 0.0006761974867142417
37.43333333333333 -0.19690344064320114 0.0007121922457084817
37.46666666666667 -0.26404787328714346 0.0007430975635083215
37.5 -0.32526099517391394 0.0007674764913708221
37.53333333333333 -0.37786190748643134 0.0007858538306994012
37.56666666666667 -0.42096961840285513 0.0008005050962495708
37.6 -0.45221098100634105 0.0008115113000444762
37.63333333333333 -0.47301521826401094 0.0008178805339177919
37.666666666666664 -0.4794384184376083 0.0008162895567530026
37.7 -0.47374742911884454 0.0008143149548416329
37.733333333333334 -0.4569210430808821 0.0008098742981343943
37.766666666666666 -0.42768404603609933 0.0008011867120993332
37.8 -0.38610595948243476 0.0007891656956747206
37.833333333333336 -0.3350030326025876 0.0007704847568033579
37.86666666666667 -0.27608172709495127 0.0007476717125078358
37.9 -0.20694866932250514 0.0007157154869032178
37.93333333333333 -0.13370802422528066 0.0006814986271404255
37.96666666666667 -0.05859759604018339 0.0006398159197872066
38.0 0.017983286627952847 0.0006161480981198078
38.03333333333333 0.09519957517643957 0.0006596780403609753
38.06666666666667 0.1670356637348284 0.0006965774984393769
38.1 0.23448723037233785 0.0007295840654207297
38.13333333333333 0.29562924848918526 0.0007540056090186709
38.166666666666664 0.35227413434628246 0.0007747265540249404
38.2 0.3948322800178797 0.0007927690304607715
38.233333333333334 0.42849062534203175 0.0008017991990345585
38.266666666666666 0.4513540218828536 0.0008105048756543165
38.3 0.46052392407641046 0.0008141439089656699
38.333333333333336 0.4579592630349627 0.0008136991502682434
38.36666666666667 0.4451296469627765 0.0008079935053235121
38.4 0.4176348205574782 0.0008011273852438494
38.43333333333333 0.3787001541193249 0.0007890269893601753
38.46666666666667 0.32993185268286046 0.0007714913191476658
38.5 0.274624326931706 0.0007479238411993716
38.53333333333333 0.2090110724292997 0.0007188969353650876
38.56666666666667 0.13529968316640867 0.0006822726452472838
38.6 0.05655831299397911 0.0006384161175978509
38.63333333333333 -0.01642154938424409 0.0006155489187140498
38.666666666666664 -0.09340835812288821 0.000657073100432129
38.7 -0.16526231629844176 0.0006963464906704631
38.733333333333334 -0.23541296890051613 0.000731148642897167
38.766666666666666 -0.29811869663463736 0.0007588852471118734
38.8 -0.35276153854384257 0.0007775572443945999
38.833333333333336 -0.3991612398807851 0.0007934074151976223
38.86666666666667 -0.43495653601232215 0.0008036367331459293
38.9 -0.459076245847418 0.0008096789641274249
38.93333333333333 -0.47181700173287633 0.00081298916607081
38.96666666666667 -0.4721793906413555 0.0008132918539686118
39.0 -0.45851971168955963 0.0008091484401719362
39.03333333333333 -0.43410519641354023 0.000802654784660628
39.06666666666667 -0.398917238503651 0.0007922656861522603
39.1 -0.35287005937988225 0.0007773302068025401
39.13333333333333 -0.29486803025061 0.0007541412319613805
39.166666666666664 -0.232374305699109 0.000729231251625162
39.2 -0.16446942132902723 0.0006965797098065218
39.233333333333334 -0.08876778290316047 0.000656959269577137
39.266666666666666 -0.011056377139674162 0.0006137043006100868
39.3 0.06401672504685904 0.0006445395963099038
39.333333333333336 0.1370298588826007 0.0006842243290884065
39.36666666666667 0.20613923257817404 0.0007180629287193152
39.4 0.2721724845570937 0.000745092673314407
39.43333333333333 0.3261560297751584 0.0007693564383761675
39.46666666666667 0.37539991822013735 0.0007878033314525634
39.5 0.41296966466993196 0.0008033537727003548
39.53333333333333 0.4398938926045298 0.0008117538616130293
39.56666666666667 0.45371685229892383 0.000815272368005604
39.6 0.4561007206074965 0.0008137679699749545
39.63333333333333 0.4460057711782363 0.0008093732050554747
39.666666666666664 0.42331014226731817 0.0008021693622112802
39.7 0.38959340710351137 0.0007929280052574317
39.733333333333334 0.34590743707863253 0.000776132452281586
39.766666666666666 0.29103019383785883 0.0007530790872621873
39.8 0.23122284007462732 0.0007289441964757615
39.833333333333336 0.1627944090096944 0.0006970401533854531
39.86666666666667 0.0889281147275804 0.0006578453665957162
39.9 0.013072721198998048 0.0006126921030658542
39.93333333333333 -0.06252851071863284 0.0006436262671810911
39.96666666666667 -0.13774377306124164 0.0006825503386073406
40.0 -0.20732496321179375 0.0007166148632741787
40.03333333333333 -0.2719278072282718 0.0007447485830872069
40.06666666666667 -0.3295622221377868 0.0007684011554036085
40.1 -0.3791564933749616 0.000784882482927074
40.13333333333333 -0.41828684149481227 0.0007970568425003655
40.166666666666664 -0.4466027390887108 0.0008056119229716829
40.2 -0.4637116710545091 0.0008108543068685026
40.233333333333334 -0.46790961393704084 0.0008123205468323902
40.266666666666666 -0.46013172913418254 0.0008114441829752961
40.3 -0.4405743664313598 0.0008055066920277798
40.333333333333336 -0.4093869253527859 0.0007955062973681315
40.36666666666667 -0.366639633265095 0.00078222500593772
40.4 -0.3153387201673782 0.0007612129937590861
40.43333333333333 -0.2542118654980098 0.0007385676720457202
40.46666666666667 -0.18823244791285898 0.0007087945523174544
40.5 -0.11602117489351668 0.000671497961016565
40.53333333333333 -0.04171015939186749 0.0006329104095825072
40.56666666666667 0.03687464277547795 0.0006271119226952879
40.6 0.10932575164857486 0.000668752321900723
40.63333333333333 0.17963136994323844 0.0007046531452784277
40.666666666666664 0.2457953972165634 0.0007356617712098446
40.7 0.3053256369815302 0.0007669829838410913
40.733333333333334 0.35428239405612116 0.0007816307245798737
40.766666666666666 0.3955364983511274 0.0007939542916094444
40.8 0.4257072520468951 0.0008033058958369921
40.833333333333336 0.44596266276049606 0.0008083234148735241
40.86666666666667 0.45114911400446683 0.0008107079216865265
40.9 0.4464636337970382 0.0008081944681332942
40.93333333333333 0.42847306369482574 0.000800819308052092
40.96666666666667 0.39877799767213223 0.0007934975772193598
41.0 0.3596950578562733 0.0007803684784115639
41.03333333333333 0.3088514753842124 0.0007617882027268208
41.06666666666667 0.2508110700478618 0.0007380215483962504
41.1 0.18530690388522322 0.0007078667540030559
41.13333333333333 0.11684510290933911 0.0006775703262763139
41.166666666666664 0.041600026209228515 0.0006317562780725622
41.2 -0.0319715600904115 0.0006222468207394694
41.233333333333334 -0.10720978063031045 0.0006661935006481712
41.266666666666666 -0.1803622679062677 0.0007032311533960445
41.3 -0.24620306152815352 0.0007336708863520114
41.333333333333336 -0.3074816474438814 0.0007592086830012779
41.36666666666667 -0.3601550300553775 0.0007795097707711807
41.4 -0.40132241720946327 0.0007930708860890978
41.43333333333333 -0.43443067702124416 0.0008032519270599336
41.46666666666667 -0.45497983544786175 0.0008097217030758053
41.5 -0.4639424590535487 0.0008128839617291828
41.53333333333333 -0.4614844353013837 0.0008113770062964654
41.56666666666667 -0.44757726817779925 0.0008092796816920877
41.6 -0.4202358396019255 0.00079973956250462
41.63333333333333 -0.3823923423617275 0.000788557084609065
41.666666666666664 -0.331761286971486 0.0007682999150335212
41.7 -0.2784074364837388 0.0007490022838284038
41.733333333333334 -0.21271220069627572 0.000718765092233481
41.766666666666666 -0.1432973408433394 0.0006860187115298733
41.8 -0.07096480719765134 0.0006460932382747059
41.833333333333336 0.004567856915583314 0.0006112973332569917
41.86666666666667 0.08250384608818911 0.0006528619210097175
41.9 0.15197541360936984 0.0006912151415403023
41.93333333333333 0.21930890298248742 0.0007231500469208618
41.96666666666667 0.28132313115163615 0.0007513472503504204
42.0 0.3345514054334195 0.0007728369312566818
