0.0 1.0327636987367723 0.0008154225677392546
0.03333333333333333 0.9831904579436654 0.000824833860020302
0.06666666666666667 0.9141605626679487 0.0008356163836175101
0.1 0.8181991695757288 0.0008392741374870782
0.13333333333333333 0.7030773828915864 0.0008365230634167498
0.16666666666666666 0.5680422578071086 0.0008188158455956218
0.2 0.41915020631870625 0.0007806333656291131
0.23333333333333334 0.25980546447864405 0.0007207339916629474
0.26666666666666666 0.09445767318023879 0.0006356842461904127
0.3 -0.07137292767572499 0.0006256654421435554
0.3333333333333333 -0.2319835874593685 0.0007005899063389776
0.36666666666666664 -0.3891837356972384 0.0007598760556379869
0.4 -0.5326335859903085 0.0007980229709261266
0.43333333333333335 -0.6655365458018412 0.000817348061560863
0.4666666666666667 -0.7822982268420338 0.0008216886323316741
0.5 -0.8795374785595 0.0008173499568041587
0.5333333333333333 -0.959512045935226 0.0008072096744820012
0.5666666666666667 -1.014260330600013 0.0007992318407643584
0.6 -1.045968822050246 0.0007935850152653856
0.6333333333333333 -1.0556764040422593 0.0007923899218318375
0.6666666666666666 -1.0399128735176533 0.0007977470657622998
0.7 -1.0002714638090349 0.0008055648960851869
0.7333333333333333 -0.9346232565226757 0.0008164531103203032
0.7666666666666667 -0.8463632317617059 0.0008270316673553157
0.8 -0.7333493414199977 0.0008288136690747239
0.8333333333333334 -0.6011458140839268 0.0008180897102670892
0.8666666666666667 -0.4565386086526732 0.0007873965003419303
0.9 -0.2996411919315028 0.0007342073271081606
0.9333333333333333 -0.13824832484170632 0.0006618357598023317
0.9666666666666667 0.025633354181373136 0.0006039226202079265
1.0 0.19043111598729318 0.0006850114534060758
1.0333333333333334 0.34369382784497077 0.000748907653381814
1.0666666666666667 0.48866054356378597 0.0007982279495915012
1.1 0.6216027107443609 0.00082172797244362
1.1333333333333333 0.7423713387023658 0.0008349667107292458
1.1666666666666667 0.8456527816286894 0.0008334085286905157
1.2 0.9272969526821847 0.0008245847461593181
1.2333333333333334 0.9871635222017688 0.0008192201430134993
1.2666666666666666 1.023260778455029 0.000812338824179859
1.3 1.038772021797893 0.0008114038534330348
1.3333333333333333 1.030846367703433 0.0008120367924251415
1.3666666666666667 1.0010059405247564 0.0008224202293447558
1.4 0.9469337282574734 0.0008305489889436357
1.4333333333333333 0.8675420537116448 0.0008406337904579564
1.4666666666666666 0.7623100299173315 0.0008436984829142125
1.5 0.6446994820444836 0.0008346227772644266
1.5333333333333334 0.5045684026615084 0.0008051895489142868
1.5666666666666667 0.35358719551461315 0.0007547290054012445
1.6 0.19442628086106808 0.0006899166235812826
1.6333333333333333 0.0326247021269798 0.0006101102339835032
1.6666666666666667 -0.12927010461728214 0.0006564183171189619
1.7 -0.28554549815055275 0.0007217520423440926
1.7333333333333334 -0.43314502908682534 0.0007755312637356959
1.7666666666666666 -0.5735938377439829 0.000805532629448158
1.8 -0.6978147686671905 0.0008197492154667918
1.8333333333333333 -0.8093933731142673 0.0008199689333564519
1.8666666666666667 -0.8966479633033099 0.0008149227014782046
1.9 -0.9623445866492594 0.0008069265984990137
1.9333333333333333 -1.0071487780416954 0.0007969703542740625
1.9666666666666666 -1.030878131346773 0.0007947834187023162
2.0 -1.032128681291122 0.0007962515577368823
2.033333333333333 -1.0107467229444176 0.0007996170929938096
2.066666666666667 -0.9637635552108434 0.0008092010260465354
2.1 -0.8927692145040965 0.0008197025424354631
2.1333333333333333 -0.7949306029120875 0.0008231068742725611
2.1666666666666665 -0.6791485134718185 0.000822991376480009
2.2 -0.5448733832380183 0.0007951298957346031
2.2333333333333334 -0.4238989179175201 0.000766676896238494
2.2666666666666666 -0.23882472612951824 0.000699591950027556
2.3 -0.09406926656652449 0.0006307226828889123
2.3333333333333335 0.05092856766812504 0.0006127595207596828
2.3666666666666667 0.22000764195590886 0.0006913338160712268
2.4 0.3747337096783659 0.000751185087787043
2.433333333333333 0.5328458955381513 0.0008081138607803906
2.466666666666667 0.662471869359544 0.0008256374638877517
2.5 0.7716295480428339 0.000831963791685153
2.533333333333333 0.8624342729239993 0.0008305264606853768
2.566666666666667 0.9327332282419013 0.0008260093346620367
2.6 0.9819977461889886 0.0008215100549963106
2.6333333333333333 1.0117949204973902 0.000813789345864846
2.6666666666666665 1.0180838822769782 0.0008145285803378144
2.7 0.9999177082688374 0.000817749279816371
2.7333333333333334 0.9592231070576465 0.0008270210775298548
2.7666666666666666 0.8927395100888407 0.0008329093015573275
2.8 0.8026601437153429 0.0008379857549734027
2.8333333333333335 0.692517746318275 0.0008329519240510841
2.8666666666666667 0.5683969781460827 0.0008151099428836961
2.9 0.42682292429919716 0.000781871691512559
2.933333333333333 0.26909874174591303 0.000723964233938057
2.966666666666667 0.11664185074462669 0.0006520996004028556
3.0 -0.04620563514734982 0.0006114995799252065
3.033333333333333 -0.2013969115404749 0.0006874606539749029
3.066666666666667 -0.34766480610538003 0.0007465168178660275
3.1 -0.48795733124761204 0.0007928039199563974
3.1333333333333333 -0.617863177495896 0.0008162526307803342
3.1666666666666665 -0.734859448231305 0.0008240571778047601
3.2 -0.8328920544986712 0.0008223393849553506
3.2333333333333334 -0.9110461269354326 0.0008156322626303725
3.2666666666666666 -0.9671721659932709 0.0008074672841168473
3.3 -0.9998810290276876 0.0008028434514936178
3.3333333333333335 -1.0113506097327691 0.0008005882421950883
3.3666666666666667 -0.9999846960114062 0.0008025821051865778
3.4 -0.9634487566304173 0.0008088947516905476
3.433333333333333 -0.9038443562778583 0.0008189579834766425
3.466666666666667 -0.8152731270251274 0.0008276073816563256
3.5 -0.709120109641709 0.0008261093362300631
3.533333333333333 -0.5842781689861726 0.0008126477411373179
3.566666666666667 -0.4477157577244102 0.0007835287260217205
3.6 -0.2945708656532755 0.0007293532775052847
3.6333333333333333 -0.1365425387395348 0.000659393782846851
3.6666666666666665 0.020866558228419364 0.0005954961602930818
3.7 0.1745986443957799 0.0006789457455993464
3.7333333333333334 0.32482935729812 0.0007465835112187014
3.7666666666666666 0.46358638216709547 0.0007905082666282426
3.8 0.5933114890722261 0.0008199750940626194
3.8333333333333335 0.7103425770000118 0.0008345066668318246
3.8666666666666667 0.8070827959599728 0.0008366161386657023
3.9 0.8868659917551432 0.0008319508852653312
3.933333333333333 0.9437308515398272 0.0008303690925233198
3.966666666666667 0.9798828350459636 0.000821623883990763
4.0 0.9970975618357039 0.0008203096982891678
4.033333333333333 0.9902324201665679 0.0008214287681330701
4.066666666666666 0.9592732094003469 0.0008275397292777376
4.1 0.9055885007637424 0.0008353097286025735
4.133333333333334 0.8284201764745731 0.0008385608248390186
4.166666666666667 0.7289629388999436 0.0008408667742960674
4.2 0.6119111666173006 0.0008259537635542102
4.233333333333333 0.4833685091330157 0.0007990200648751999
4.266666666666667 0.3326229099473245 0.0007467700958389001
4.3 0.18022785344263162 0.0006833632138275869
4.333333333333333 0.025692382556640476 0.0005989646573399433
4.366666666666666 -0.13044262287585803 0.0006543292068122986
4.4 -0.2820936609208941 0.0007239236840471674
4.433333333333334 -0.42250742752729575 0.0007738088794133624
4.466666666666667 -0.5584958501842303 0.0008075098655199175
4.5 -0.6747433299119503 0.0008247694777336889
4.533333333333333 -0.7770005403872913 0.00082788872172046
4.566666666666666 -0.8623378584871552 0.0008237235344367155
4.6 -0.9272139719190566 0.0008155815566629476
4.633333333333334 -0.9688877592340719 0.0008104564245402512
4.666666666666667 -0.987797567538214 0.0008067863791928476
4.7 -0.9862939215358612 0.0008067644410570951
4.733333333333333 -0.9599919332550675 0.0008096855280044224
4.766666666666667 -0.909454730439303 0.0008189571951664476
4.8 -0.8344958089066933 0.000823523964290418
4.833333333333333 -0.7366489933467136 0.0008266171453723548
4.866666666666666 -0.6235410685737706 0.0008162832277176513
4.9 -0.48970350571460797 0.0007886344132775336
4.933333333333334 -0.3473081397559901 0.0007471669982534457
4.966666666666667 -0.19809206554995862 0.000687164094435172
5.0 -0.044403838465235004 0.0006127959653028509
5.033333333333333 0.112560434037333 0.0006504175710187604
5.066666666666666 0.26292950565874756 0.000721551965931766
5.1 0.40398197134244457 0.0007754974071780274
5.133333333333334 0.5355049051816794 0.0008091652948847283
5.166666666666667 0.6541941845425302 0.0008300858609222583
5.2 0.7588814239746063 0.0008352069722895594
5.233333333333333 0.841368452299977 0.0008376888648814473
5.266666666666667 0.9070368711353323 0.0008334537232459471
5.3 0.9504250846604868 0.0008298323559610132
5.333333333333333 0.9727161414531038 0.0008257733553593827
5.366666666666666 0.9745637175457337 0.000825342756430647
5.4 0.9518931581120219 0.0008285807826676761
5.433333333333334 0.9047521267350722 0.000832392001072102
5.466666666666667 0.8379020944647358 0.0008382925217441661
5.5 0.7442028408130891 0.0008369121686252479
5.533333333333333 0.6384866980986058 0.0008287416668075753
5.566666666666666 0.5131549043454722 0.0008052421793871556
5.6 0.37462624445410014 0.0007650908784747057
5.633333333333334 0.22620949326782344 0.0007032735151132896
5.666666666666667 0.07546042450442161 0.0006308728405324537
5.7 -0.07906221477677448 0.0006327636597548286
5.733333333333333 -0.2284350786068952 0.000701423768035031
5.766666666666667 -0.37364585147821977 0.0007585388012572025
5.8 -0.5078039797775724 0.0007942260450597427
5.833333333333333 -0.6290265378953225 0.0008164609871474937
5.866666666666666 -0.7342238325382766 0.0008252817462741646
5.9 -0.8255772127219959 0.0008227877017173979
5.933333333333334 -0.8949717493679252 0.000817996457751935
5.966666666666667 -0.943453492411784 0.0008139812223972864
6.0 -0.9685248453649932 0.0008103472982249338
6.033333333333333 -0.9715304336979997 0.0008104888913889052
6.066666666666666 -0.951980757167564 0.0008138060767831634
6.1 -0.910595873003591 0.0008202164564231618
6.133333333333334 -0.8417627698164681 0.0008256180400328939
6.166666666666667 -0.7507913389943484 0.0008277217781960111
6.2 -0.6447282602940497 0.0008218127923295127
6.233333333333333 -0.5186062463361131 0.000800812941934792
6.266666666666667 -0.37781837112243993 0.0007631514240811765
6.3 -0.23401384705481512 0.0007082961099890983
6.333333333333333 -0.08067793603518619 0.0006329682859596147
6.366666666666666 0.07042108297848636 0.0006291900646159948
6.4 0.22026813234689163 0.0007043003345262311
6.433333333333334 0.36413908648584936 0.0007587050482517621
6.466666666666667 0.4967797902181178 0.0007992124575013082
6.5 0.6194373728247292 0.000822480009692983
6.533333333333333 0.7193938567585896 0.0008327699357214557
6.566666666666666 0.8095451503321484 0.0008350219258176361
6.6 0.8774253649013715 0.0008333739229061665
6.633333333333334 0.9263603552291848 0.0008311180341425972
6.666666666666667 0.9522606747353848 0.0008278878882980178
6.7 0.9588825325469065 0.0008283321248103714
6.733333333333333 0.9418969674092478 0.0008314769636513786
6.766666666666667 0.9034478395080362 0.0008348828660226237
6.8 0.8416735629763281 0.0008381141180512364
6.833333333333333 0.7582721167221576 0.000837074087223999
6.866666666666666 0.6527356178817786 0.0008327198076892861
6.9 0.5373132152326858 0.0008123778244848445
6.933333333333334 0.40135615468953934 0.0007756256066885348
6.966666666666667 0.25742856095390365 0.0007229915276890098
7.0 0.10367175045345513 0.0006470453042549118
7.033333333333333 -0.04582850534190006 0.0006129086664548172
7.066666666666666 -0.19315164143173405 0.0006833632977321369
7.1 -0.3353365320153716 0.0007428144864986552
7.133333333333334 -0.4726332117052909 0.0007895075126989615
7.166666666666667 -0.5950028031256139 0.0008127874168148974
7.2 -0.7017703255178235 0.0008217763442173176
7.233333333333333 -0.7916714323340637 0.0008234348595294039
7.266666666666667 -0.8649432896390876 0.0008196596586317328
7.3 -0.9173159048815277 0.0008171040465640989
7.333333333333333 -0.9470257251905354 0.0008116878877785227
7.366666666666666 -0.9547210670893891 0.0008126283727754036
7.4 -0.9385441587486842 0.000815829193231532
7.433333333333334 -0.9021317562917598 0.0008191343083082669
7.466666666666667 -0.84019551747648 0.0008216145465794744
7.5 -0.7527253702954492 0.0008266564842058788
7.533333333333333 -0.6511931326773738 0.0008195620266218118
7.566666666666666 -0.5328811902562904 0.0008053778196053241
7.6 -0.3962681209909806 0.0007685903184607157
7.633333333333334 -0.25235942497622693 0.0007152636982193927
7.666666666666667 -0.10461508330478066 0.0006450820704681781
7.7 0.04291530944666815 0.0006133237670018984
7.733333333333333 0.1888636417254351 0.0006884108111076814
7.766666666666667 0.33135972222110444 0.0007534066899761993
7.8 0.4665640434720923 0.0007939444339048474
7.833333333333333 0.5856340118211768 0.0008185671419410623
7.866666666666666 0.6927133213667154 0.0008337461489577036
7.9 0.7781156744848834 0.000833820115629047
7.933333333333334 0.8495287298775934 0.0008345713141472144
7.966666666666667 0.9003297009606007 0.0008307762832030496
8.0 0.9311933266565523 0.0008285357740219768
8.033333333333333 0.9402945050230006 0.0008282325721864492
8.066666666666666 0.9279515030397525 0.0008299883892660675
8.1 0.8931411302929051 0.0008349765363816486
8.133333333333333 0.8335830611250112 0.0008360999032919203
8.166666666666666 0.7542762571052483 0.0008365215947524485
8.2 0.6562323957295634 0.0008288906971813947
8.233333333333333 0.537373901573757 0.000810414409706306
8.266666666666667 0.4081038190145456 0.0007759188673591155
8.3 0.26755891739315557 0.0007246326455707663
8.333333333333334 0.12024904234317259 0.0006520976753831564
8.366666666666667 -0.028574451249768765 0.0006039640611729229
8.4 -0.17230912295498996 0.0006791311471469053
8.433333333333334 -0.31399149080749567 0.0007386162527425744
8.466666666666667 -0.4478567190211908 0.0007801587739743598
8.5 -0.5718473151529132 0.0008108622191940196
8.533333333333333 -0.6752403186667327 0.0008229504543654231
8.566666666666666 -0.7674000344530909 0.0008257335203811778
8.6 -0.8411287537921729 0.0008237486726340171
8.633333333333333 -0.893364931566006 0.0008186879994344087
8.666666666666666 -0.9260872136688841 0.0008146106739695957
8.7 -0.9349090195004796 0.0008144691448054298
8.733333333333333 -0.9227320296019831 0.0008172252182196971
8.766666666666667 -0.8874036793705395 0.0008210433559713293
8.8 -0.8272096825557088 0.000824774256885985
8.833333333333334 -0.7461513098932 0.0008273459758398882
8.866666666666667 -0.6457984200674332 0.0008201817044097837
8.9 -0.5257840422879905 0.000802388759367445
8.933333333333334 -0.39775607285976655 0.0007689900883119383
8.966666666666667 -0.2599754213811601 0.0007191038812379702
9.0 -0.11320035255363328 0.0006493851481459145
9.033333333333333 0.033410406539489436 0.0006079503204942868
9.066666666666666 0.17735227670504425 0.0006850752127227078
9.1 0.32096658194488625 0.0007469180510488727
9.133333333333333 0.4504467997020941 0.0007873907110367284
9.166666666666666 0.5701199247762655 0.0008150259030144102
9.2 0.6738417824127996 0.0008303729517308289
9.233333333333333 0.7625163547603538 0.0008330048015660063
9.266666666666667 0.8323301128272356 0.0008359072392208899
9.3 0.884573734893572 0.0008323759752576487
9.333333333333334 0.9130580538381534 0.0008309143241820305
9.366666666666667 0.9236129718784918 0.0008326288460412945
9.4 0.9095310262456228 0.0008319425507934408
9.433333333333334 0.877393564354006 0.0008356853497237804
9.466666666666667 0.8204747465647082 0.0008395953894477781
9.5 0.7392552675192393 0.0008405132576728702
9.533333333333333 0.6449548693988669 0.0008324199167251134
9.566666666666666 0.5320982649152306 0.0008123505723137692
9.6 0.40523091494274055 0.0007780073327797177
9.633333333333333 0.26701030795105807 0.0007288729093129498
9.666666666666666 0.11985498521269916 0.000657833212770978
9.7 -0.02066749500919185 0.0006011450293152004
9.733333333333333 -0.16823008823381783 0.0006763526759771266
9.766666666666667 -0.30781757519337866 0.0007347077111527489
9.8 -0.4393588892513006 0.000776416917592393
9.833333333333334 -0.5592729011145338 0.0008041856790734769
9.866666666666667 -0.6663534050126196 0.0008182224782879999
9.9 -0.755639327266902 0.0008217420805255449
9.933333333333334 -0.8274406029728624 0.0008238274442595728
9.966666666666667 -0.8803775381704397 0.0008190987295070284
10.0 -0.9095612980990739 0.000817186681510873
10.033333333333333 -0.9188386152779466 0.0008167262094448402
10.066666666666666 -0.9062682691608707 0.0008190736221751482
10.1 -0.8705281047755196 0.0008225171563973621
10.133333333333333 -0.8095137678441323 0.0008271525318497286
10.166666666666666 -0.7288472871986531 0.0008271145300741134
10.2 -0.6341985880628155 0.0008202284315248498
10.233333333333333 -0.5166244189221382 0.0008019735466502365
10.266666666666667 -0.38854838884436915 0.0007698325253331362
10.3 -0.25031456987797257 0.0007170847835574201
10.333333333333334 -0.10860119427155697 0.000649453042189968
10.366666666666667 0.032921103749206135 0.000610156427262358
10.4 0.17792953654345997 0.0006842412055655112
10.433333333333334 0.3160129619347106 0.0007445823238094729
10.466666666666667 0.44666988191345774 0.0007856544038593594
10.5 0.565248295927232 0.0008121207581912593
10.533333333333333 0.6655882806924927 0.0008279959197002862
10.566666666666666 0.7523680977837 0.0008359486963424034
10.6 0.8229188261156242 0.0008346870440761878
10.633333333333333 0.8717990298186785 0.0008320545694210368
10.666666666666666 0.9012952689307835 0.0008303568627821001
10.7 0.9079342686880987 0.0008298051339366008
10.733333333333333 0.8944346903698841 0.0008343608897993793
10.766666666666667 0.8611070373075165 0.0008345640112746855
10.8 0.8039014304807613 0.0008373824284957365
10.833333333333334 0.7270731966635343 0.0008393459642020984
10.866666666666667 0.6278907896876982 0.0008263022097512174
10.9 0.5149509307439852 0.0008081028685752445
10.933333333333334 0.39147103851069026 0.0007738717850330756
10.966666666666667 0.25397420349275246 0.0007226895551878942
11.0 0.1110904692961972 0.0006531022769891287
11.033333333333333 -0.031009438061614804 0.0006086506869044175
11.066666666666666 -0.17245402020137487 0.0006807748450533002
11.1 -0.3090348269370211 0.0007395812853068784
11.133333333333333 -0.4390919804837939 0.0007794247176071689
11.166666666666666 -0.5581275499576102 0.0008057485222121574
11.2 -0.659875617596153 0.0008197692523181921
11.233333333333333 -0.7480718622286413 0.000824318627853593
11.266666666666667 -0.8189533344826814 0.0008220657784360208
11.3 -0.8689271522892602 0.0008209521787733154
11.333333333333334 -0.8960610465057994 0.0008184242567571554
11.366666666666667 -0.904019615326368 0.000817661936655667
11.4 -0.8886687359032356 0.000818668030929337
11.433333333333334 -0.8516802945814449 0.0008225347099862779
11.466666666666667 -0.7913644606429581 0.0008248024023340683
11.5 -0.7097654307873879 0.0008256079170221309
11.533333333333333 -0.6110040252131482 0.0008160793487533846
11.566666666666666 -0.4952656500821968 0.0007968565453104204
11.6 -0.3677575861140879 0.0007627991667316647
11.633333333333333 -0.23221821972426512 0.0007090237767168883
11.666666666666666 -0.09096720012643844 0.0006420756868770888
11.7 0.05070929092859618 0.0006193956552030602
11.733333333333333 0.18928695439345444 0.0006917044885156598
11.766666666666667 0.3240033696032595 0.0007509813254136244
11.8 0.4523532968610934 0.0007891376499894465
11.833333333333334 0.5640052821238501 0.0008174235290696608
11.866666666666667 0.6676306540816763 0.0008328795441513437
11.9 0.74854257774754 0.0008346983554252674
11.933333333333334 0.8150711623734589 0.0008366006832628559
11.966666666666667 0.8618409955279545 0.0008339417687251993
12.0 0.8878440797241056 0.0008326161312276481
12.033333333333333 0.8937449483064873 0.0008312772503057397
12.066666666666666 0.8770134422785586 0.0008342788597502926
12.1 0.8410302493071196 0.0008372182719700305
12.133333333333333 0.78228787252569 0.0008343179865611949
12.166666666666666 0.7004778115991006 0.0008326829847240536
12.2 0.6044356813225237 0.0008234475849431266
12.233333333333333 0.4925664959961321 0.0008028087994535471
12.266666666666667 0.36596789741661395 0.0007641650169425973
12.3 0.22772172762687132 0.0007120539240530188
12.333333333333334 0.08892165519874488 0.0006397759160511746
12.366666666666667 -0.05167551718679599 0.0006202612825698117
12.4 -0.19142954962345593 0.0006900736274344788
12.433333333333334 -0.32270462448757 0.0007477599822318659
12.466666666666667 -0.45196962126153734 0.0007855076256957916
12.5 -0.5643944892082077 0.0008082730345613243
12.533333333333333 -0.6632934423496525 0.000822170559782176
12.566666666666666 -0.7463283946731524 0.0008245554800753174
12.6 -0.8114973183260044 0.0008259860590558166
12.633333333333333 -0.8573190104286698 0.0008243029355343712
12.666666666666666 -0.8815776219989344 0.0008216662994091628
12.7 -0.8861315061811058 0.0008201476106376449
12.733333333333333 -0.8697057980835726 0.000820757284465401
12.766666666666667 -0.8290901599099505 0.0008241210477784033
12.8 -0.7651534472768968 0.000823359537811319
12.833333333333334 -0.6838062384545367 0.0008225709003396586
12.866666666666667 -0.5827711500009236 0.00081246679703606
12.9 -0.46717149926660667 0.000789700685687289
12.933333333333334 -0.3402514048199894 0.0007505231115290667
12.966666666666667 -0.20549358399939183 0.0006973793354803914
13.0 -0.06470278584936184 0.000625353176318566
13.033333333333333 0.07401002777981085 0.0006311691596238844
13.066666666666666 0.21103490508793393 0.0006991761926437579
13.1 0.34349970489399406 0.0007555581485846896
13.133333333333333 0.466289554620007 0.0007944797098395906
13.166666666666666 0.578385971456003 0.000819936056193904
13.2 0.6711609509726063 0.0008328932327432703
13.233333333333333 0.7497749701547238 0.0008376945574652961
13.266666666666667 0.8105368809845575 0.0008374774071413515
13.3 0.8513504568433233 0.0008351147866318964
13.333333333333334 0.8735324134261134 0.0008342037496679167
13.366666666666667 0.874931670409305 0.0008341968595293459
13.4 0.8551157942917523 0.0008363773026079935
13.433333333333334 0.8150709585143204 0.0008365382806517774
13.466666666666667 0.7525164211385871 0.0008377103519672247
13.5 0.6706269129043326 0.000831308999861835
13.533333333333333 0.5756566629364331 0.0008190803006968839
13.566666666666666 0.457166037088421 0.0007914792651785851
13.6 0.3317436043645525 0.0007510628344010173
13.633333333333333 0.19866830408347758 0.0006948874555704476
13.666666666666666 0.059923275331577826 0.0006223381771811726
13.7 -0.07888071418423712 0.0006326776554694546
13.733333333333333 -0.21418949712114424 0.0006994598746412617
13.766666666666667 -0.34097692608723024 0.0007495426715879994
13.8 -0.4667214278534643 0.0007882669429514211
13.833333333333334 -0.5744034735284588 0.0008099080287543581
13.866666666666667 -0.6678810321296733 0.0008232560267653621
13.9 -0.7464862277253649 0.0008238475736038753
13.933333333333334 -0.8086185771385475 0.0008245393657125843
13.966666666666667 -0.8480776150541898 0.0008217296700169241
14.0 -0.86744964907111 0.0008209188168860626
14.033333333333333 -0.8649845020689152 0.0008225609008368773
14.066666666666666 -0.8438947019333388 0.000824158744453185
14.1 -0.7983329891706656 0.000825662657753079
14.133333333333333 -0.7342621549564742 0.0008252914312903981
14.166666666666666 -0.646872131164587 0.0008225683248397342
14.2 -0.5424128115651065 0.0008047797539779689
14.233333333333333 -0.43011823756434914 0.000779464553557152
14.266666666666667 -0.30161397721830935 0.0007333820050702822
14.3 -0.1674857680954534 0.0006784320247039954
14.333333333333334 -0.02819582902870643 0.0006042031211585426
14.366666666666667 0.10782845758268457 0.0006471738549482797
14.4 0.240905601740022 0.0007131866067599801
14.433333333333334 0.3669357243036971 0.0007643941864278747
14.466666666666667 0.4853981021803711 0.0007979881539870726
14.5 0.5896527343286234 0.0008192360985087577
14.533333333333333 0.6796824399460554 0.0008333391274391033
14.566666666666666 0.7514622779229165 0.0008355846932517341
14.6 0.8089296824967743 0.0008364120040321721
14.633333333333333 0.844125501452893 0.0008366328925119015
14.666666666666666 0.8604924925215479 0.00083689441675594
14.7 0.8573087238835004 0.0008363038980566673
14.733333333333333 0.8325516370168796 0.0008364706267127708
14.766666666666667 0.7863415970981715 0.0008377980222041836
14.8 0.7192705445786466 0.0008346432931608527
14.833333333333334 0.6308932473213645 0.0008266966931852471
14.866666666666667 0.5297958617266949 0.0008112453595693347
14.9 0.4167663259453401 0.000780726006024024
14.933333333333334 0.2915674258784467 0.0007363010786347601
14.966666666666667 0.15721342475448605 0.0006759876800019049
15.0 0.02094633677760018 0.000599634362897148
15.033333333333333 -0.1161860793596606 0.0006488654705831126
15.066666666666666 -0.24665233694969993 0.0007116412770842018
15.1 -0.3715356445150824 0.0007599131034138895
15.133333333333333 -0.4889280208963901 0.0007916330355458578
15.166666666666666 -0.593041572567483 0.0008128701654274151
15.2 -0.6811949754043031 0.0008223201974127958
15.233333333333333 -0.7546168117143962 0.0008262775001272038
15.266666666666667 -0.8082206959634666 0.0008260050496837756
15.3 -0.8419119538317247 0.0008250443578191602
15.333333333333334 -0.8551394234850263 0.0008237749823236662
15.366666666666667 -0.8471702596773225 0.0008248566925135314
15.4 -0.8182500281219539 0.0008285906350983252
15.433333333333334 -0.7688593326540293 0.0008299710033612406
15.466666666666667 -0.6950861243868098 0.0008270279465134589
15.5 -0.6065446373039772 0.0008169475042967278
15.533333333333333 -0.4992503910958979 0.0007979367257324177
15.566666666666666 -0.3847331797068299 0.0007687090878606972
15.6 -0.25556774937273113 0.0007187561088820016
15.633333333333333 -0.12484626290624604 0.0006581697615932747
15.666666666666666 0.011084082039709146 0.0005992458747762618
15.7 0.14730909921751312 0.000669860211916673
15.733333333333333 0.2748449011547935 0.0007276689858000673
15.766666666666667 0.3988557913292296 0.0007718614173597982
15.8 0.5135842247988079 0.0008060719934201988
15.833333333333334 0.6131953764303467 0.0008231644267054916
15.866666666666667 0.6933403096661349 0.0008310064755977509
15.9 0.7609973590837388 0.0008320185919218348
15.933333333333334 0.8080069268676335 0.0008368385582472326
15.966666666666667 0.8365210391353843 0.0008368619929352006
16.0 0.8469062003837926 0.0008371338668425876
16.033333333333335 0.8355007944610522 0.0008389021018975207
16.066666666666666 0.8046416283108934 0.0008376003303163237
16.1 0.7531839852080834 0.0008403824200021726
16.133333333333333 0.6802572326200393 0.0008350940028336584
16.166666666666668 0.5894690344168946 0.0008228680542015088
16.2 0.48343522261058 0.000803068568051013
16.233333333333334 0.3637870508827322 0.0007661005889523786
16.266666666666666 0.24022578189048435 0.0007142734900018877
16.3 0.1078444386832397 0.00065110604491532
16.333333333333332 -0.02742060378471386 0.0006054265461261157
16.366666666666667 -0.16067077752663916 0.0006755462261507639
16.4 -0.2878516835153718 0.0007302894804707694
16.433333333333334 -0.40838801039766126 0.0007712130642183457
16.466666666666665 -0.5212538751147503 0.0007991467248960049
16.5 -0.6188323468828703 0.0008151377363723178
16.533333333333335 -0.6982242385848937 0.000820864135022692
16.566666666666666 -0.7642831837832518 0.0008217603999772782
16.6 -0.8094574413333554 0.0008242700671335923
16.633333333333333 -0.8351511448322914 0.0008235727330001552
16.666666666666668 -0.8403365571275564 0.0008224339341750264
16.7 -0.8241042307912275 0.0008256976328420151
16.733333333333334 -0.7872617248150702 0.0008269572747211518
16.766666666666666 -0.7306396069364767 0.0008249710783735376
16.8 -0.6520324768264147 0.0008218243262076985
16.833333333333332 -0.5559753362974396 0.0008078619334410675
16.866666666666667 -0.4500244060533866 0.0007860607059193003
16.9 -0.3261846011999714 0.0007461667843175479
16.933333333333334 -0.1991727246078945 0.0006938945798484475
16.966666666666665 -0.06740071390704976 0.0006273008338887748
17.0 0.0662986404216994 0.0006255413042378782
17.033333333333335 0.19195979406757607 0.0006933160452400888
17.066666666666666 0.31791643745388964 0.0007431847972881322
17.1 0.4366230121806149 0.0007852358539383597
17.133333333333333 0.5426211589718803 0.0008117258764805957
17.166666666666668 0.6344441213108866 0.0008264611193333771
17.2 0.712026875467385 0.0008350021128162854
17.233333333333334 0.7697937359925505 0.0008348569595992839
17.266666666666666 0.8088087915373302 0.0008341020873487981
17.3 0.8307356280061088 0.0008351710196422557
17.333333333333332 0.8314960873366539 0.0008352357063791116
17.366666666666667 0.811839267166421 0.0008351036156966085
17.4 0.7729930176192512 0.000838137759196389
17.433333333333334 0.7158945823549488 0.0008332088670114368
17.466666666666665 0.6356006137446556 0.0008282894716954425
17.5 0.5375609496154159 0.0008092379827548957
17.533333333333335 0.4295336743266129 0.0007826260260667683
17.566666666666666 0.3081782330987769 0.0007450238324980818
17.6 0.1800378465034904 0.0006859324587075444
17.633333333333333 0.050891635636732754 0.0006193918799864417
17.666666666666668 -0.08245644161781579 0.0006346955596283621
17.7 -0.21299746901338715 0.000698800586448417
17.733333333333334 -0.3361127589067407 0.0007484462237621337
17.766666666666666 -0.4483338629023098 0.0007823071301113482
17.8 -0.5522161185107054 0.0008075322383197525
17.833333333333332 -0.6435535812793302 0.0008174898223330951
17.866666666666667 -0.7124812185713759 0.0008240685160180172
17.9 -0.770202901423697 0.0008262114176598168
17.933333333333334 -0.8080985845499454 0.0008255940893806546
17.966666666666665 -0.8246405292469035 0.0008261346001204872
18.0 -0.822150900919422 0.0008267634857681561
18.033333333333335 -0.7958412639999487 0.0008263772858642104
18.066666666666666 -0.7525608731288855 0.0008230121054263462
18.1 -0.6890872368165109 0.0008216049658065216
18.133333333333333 -0.6041566851775909 0.0008132549166535163
18.166666666666668 -0.5027286893793395 0.0007946654758239635
18.2 -0.3926096984094317 0.0007655663455582995
18.233333333333334 -0.26836729776329155 0.0007246971622421605
18.266666666666666 -0.1422081290336032 0.000667436094914764
18.3 -0.007551225929343412 0.0005952732322379055
18.333333333333332 0.12352338265553332 0.0006589262319523365
18.366666666666667 0.2479483578117056 0.0007182674982718074
18.4 0.3672117080844992 0.0007639631633339361
18.433333333333334 0.4790219455893641 0.0007966896351210284
18.466666666666665 0.5754918064720497 0.0008187063517441917
18.5 0.6612296475534866 0.0008322934605916599
18.533333333333335 0.728839679408054 0.0008352085124544439
18.566666666666666 0.777502674062819 0.0008366320329888932
18.6 0.8065782985373529 0.0008375554776477445
18.633333333333333 0.8188457893753455 0.000837627673311192
18.666666666666668 0.8117270698777379 0.0008373782920461093
18.7 0.7860026261891243 0.0008388698418361207
18.733333333333334 0.7369458792132836 0.0008374408450535498
18.766666666666666 0.6700817887692078 0.0008293503831110494
18.8 0.5841529171352445 0.0008182743972285911
18.833333333333332 0.48422120509880084 0.0007981373539344694
18.866666666666667 0.37147928539857444 0.0007635205807476342
18.9 0.2494893854801393 0.0007174645236814603
18.933333333333334 0.12113008557005622 0.0006586831816902811
18.966666666666665 -0.014494669021730017 0.0005974010510776898
19.0 -0.13946424780139421 0.0006654525946864775
19.033333333333335 -0.264183553910916 0.0007221398169837134
19.066666666666666 -0.3834016955678058 0.0007653711238834737
19.1 -0.4898453405945519 0.000795905038919853
19.133333333333333 -0.5873157610067029 0.0008130212592747377
19.166666666666668 -0.6683591995169786 0.000823993354785002
19.2 -0.7334794508816718 0.0008263095969652801
19.233333333333334 -0.7765540554726066 0.0008286680702774829
19.266666666666666 -0.8049977358005557 0.0008280900222434884
19.3 -0.8120773707947287 0.000826848905916111
19.333333333333332 -0.7999712033507288 0.0008286345755403879
19.366666666666667 -0.7660004657681688 0.0008271955734805436
19.4 -0.7128904321718897 0.0008266154971855455
19.433333333333334 -0.6414956262970427 0.0008205004017503015
19.466666666666665 -0.5483432799840342 0.0008083146364161742
19.5 -0.4426735869988167 0.0007825975063377455
19.533333333333335 -0.3283470131222305 0.0007476302020862913
19.566666666666666 -0.20359921312421303 0.0006948992576695789
19.6 -0.07504702704521589 0.0006301355466236253
19.633333333333333 0.05670593119991547 0.0006231160513401404
19.666666666666668 0.1817940882454951 0.0006857010694137355
19.7 0.30594325396975675 0.0007401496695665921
19.733333333333334 0.41767496859224834 0.0007790341612182172
19.766666666666666 0.5198138075291703 0.000807120295037711
19.8 0.6110226237230395 0.000821832856271798
19.833333333333332 0.6852692608158748 0.0008322834444385308
19.866666666666667 0.7423039122127596 0.0008370883667748741
19.9 0.7839875461931336 0.0008373272318381586
19.933333333333334 0.8028355340541826 0.0008373191666156687
19.966666666666665 0.8047942650941744 0.000838234369306412
20.0 0.7861484305879912 0.0008388247084696321
20.033333333333335 0.748991498713056 0.0008376450158983362
20.066666666666666 0.6930114055488505 0.0008400994292269148
20.1 0.6193208761189588 0.0008289118317882371
20.133333333333333 0.5260105531054609 0.0008110926494704351
20.166666666666668 0.4171846893935874 0.0007832766687064785
20.2 0.3025926584060689 0.0007450602843319665
20.233333333333334 0.179213998144735 0.000686820430951196
20.266666666666666 0.05183077752784067 0.0006188599157067112
20.3 -0.07887539857536743 0.0006320524046787707
20.333333333333332 -0.20190203750358043 0.0006939725089974147
20.366666666666667 -0.32300415470647886 0.0007458304012809558
20.4 -0.43429503023102806 0.0007778826642346193
20.433333333333334 -0.5324191079170434 0.0008005937049097023
20.466666666666665 -0.6222951970919868 0.0008155437982922953
20.5 -0.6949643368020338 0.0008223635308109989
20.533333333333335 -0.7482010185515571 0.0008250202748268931
20.566666666666666 -0.7841294749369582 0.0008256315225109168
20.6 -0.8000327453949496 0.0008253918295131335
20.633333333333333 -0.795785109518615 0.0008272775861899451
20.666666666666668 -0.7712714950085306 0.0008291912657552025
20.7 -0.7270258385157335 0.0008274585649511446
20.733333333333334 -0.6645104873690294 0.000824017817461109
20.766666666666666 -0.5808225948311514 0.000816220308308413
20.8 -0.4840765991873309 0.0007964516347490069
20.833333333333332 -0.37429773649058484 0.0007638937950569247
20.866666666666667 -0.2538122148263942 0.0007203308243234341
20.9 -0.13108711497351316 0.000662138306647575
20.933333333333334 -0.0005357622852968109 0.000590999046239501
20.966666666666665 0.12075633103981274 0.0006573089495911094
21.0 0.2492532971340652 0.0007180332214901941
21.033333333333335 0.3639942428895757 0.0007614867002537773
21.066666666666666 0.469527209438578 0.0007940318161095972
21.1 0.564980226409147 0.0008122952415446916
21.133333333333333 0.6452490103982307 0.0008244132828697515
21.166666666666668 0.7108144301226104 0.00083116564133634
21.2 0.7575431933200321 0.0008338232018729741
21.233333333333334 0.7850107231595933 0.0008327230847983147
21.266666666666666 0.7951432469039609 0.0008355344759020111
21.3 0.7856086119341049 0.0008354370291672186
21.333333333333332 0.7556960057211455 0.0008344157634087024
21.366666666666667 0.7076484654140426 0.0008341346231679481
21.4 0.640211330447684 0.0008282129015216855
21.433333333333334 0.5578291895397253 0.00081439840196873
21.466666666666665 0.4590838999301262 0.0007927096302597358
21.5 0.34569149981743685 0.0007598851454243549
21.533333333333335 0.228531608733627 0.0007113224752897662
21.566666666666666 0.10315743858685196 0.000647302912124989
21.6 -0.024137865179149606 0.0006033041073262198
21.633333333333333 -0.14680357783411496 0.0006694370785438608
21.666666666666668 -0.26786795295107374 0.0007244598693106896
21.7 -0.3807883755022156 0.0007660598389410689
21.733333333333334 -0.48707775389109714 0.0007910527998422068
21.766666666666666 -0.5769110248788469 0.0008103924694626841
21.8 -0.6548428894278497 0.0008209998764756588
21.833333333333332 -0.7152743079920729 0.0008260981641399212
21.866666666666667 -0.7595378663082999 0.0008266084708958843
21.9 -0.7831534692372579 0.0008269975413660591
21.933333333333334 -0.7871455208616902 0.0008255627763047446
21.966666666666665 -0.7712129621638786 0.0008268472691865814
22.0 -0.7356952275761088 0.0008269333686521385
22.033333333333335 -0.6792264443901745 0.0008229879849349642
22.066666666666666 -0.6047762712488729 0.0008180005611309049
22.1 -0.5161313634648019 0.0008003657789277252
22.133333333333333 -0.4116102059716062 0.000776102736224471
22.166666666666668 -0.29442936124120594 0.0007377130298951151
22.2 -0.17374075719373702 0.0006836219526154541
22.233333333333334 -0.05512642527153317 0.0006221176812361701
22.266666666666666 0.07406102154040531 0.0006335314152999261
22.3 0.19623875903194904 0.0006962592592517081
22.333333333333332 0.31635853443394907 0.0007446810350618671
22.366666666666667 0.422079522375565 0.0007794070045074042
22.4 0.520905157625635 0.0008066930737382627
22.433333333333334 0.60470955999652 0.000822243102107989
22.466666666666665 0.6747603116476532 0.0008286898689213729
22.5 0.7291559466580337 0.0008340091684085893
22.533333333333335 0.7643270651360783 0.0008344885522317824
22.566666666666666 0.7814049255673691 0.0008352933401920559
22.6 0.7786308376984096 0.0008353430790150052
22.633333333333333 0.7570431717273964 0.0008369426824320625
22.666666666666668 0.7165851110623582 0.0008342181283621519
22.7 0.6572898973156392 0.0008298524130148088
22.733333333333334 0.5813540996787319 0.0008178318001490492
22.766666666666666 0.4913061360812868 0.000801342010652073
22.8 0.3824926344237851 0.0007685147534888248
22.833333333333332 0.2684663202919062 0.0007264334751048707
22.866666666666667 0.14900044532410522 0.0006720974217575282
22.9 0.023180749594730023 0.0006039703515152879
22.933333333333334 -0.10032697497454612 0.0006462475870329942
22.966666666666665 -0.22082863757176374 0.0007076415399400182
23.0 -0.33767290902731834 0.0007520947903564834
23.033333333333335 -0.44361796565800554 0.0007843925055215362
23.066666666666666 -0.5370003507116455 0.0008052527776846174
23.1 -0.6180720531478233 0.0008174379931238374
23.133333333333333 -0.6844979205004346 0.0008240221224193878
23.166666666666668 -0.7354306652082598 0.0008265676949996692
23.2 -0.7625172168775093 0.0008274400967519524
23.233333333333334 -0.7737913461228499 0.0008266388987148154
23.266666666666666 -0.7660380616151655 0.0008262464079652476
23.3 -0.7376889916004167 0.0008259160228022422
23.333333333333332 -0.6909322897827529 0.0008259865064675909
23.366666666666667 -0.6221605597114105 0.000818339111922084
23.4 -0.5418666345578333 0.0008045113118341218
23.433333333333334 -0.44471350750765515 0.0007819573232987209
23.466666666666665 -0.33344877334621337 0.0007488657572602975
23.5 -0.2155596921629068 0.00069966556471876
23.533333333333335 -0.09180681802248367 0.0006400200000706013
23.566666666666666 0.029210283929629943 0.0006067680729365393
23.6 0.1513586360668023 0.0006731561241064832
23.633333333333333 0.27276091990771517 0.0007276259243143568
23.666666666666668 0.3805886685217106 0.000767472320658269
23.7 0.4810632506381721 0.0007995506019620735
23.733333333333334 0.5682806431267197 0.0008178680547374917
23.766666666666666 0.6392627911139525 0.0008251115734451142
23.8 0.6991170852584978 0.0008349611764730813
23.833333333333332 0.7430769620258477 0.0008374985959310743
23.866666666666667 0.7642394749638418 0.0008374895211853417
23.9 0.7682326634083733 0.0008367775387770893
23.933333333333334 0.753976820491463 0.0008360913965719252
23.966666666666665 0.7191390019717231 0.0008326578036641497
24.0 0.6686584161245913 0.0008292020536819766
24.033333333333335 0.598742749047858 0.00082044335079412
24.066666666666666 0.5147699559460143 0.0008035595852686761
24.1 0.4138975532853317 0.0007774579036435303
24.133333333333333 0.3029375394415904 0.0007393827267154762
24.166666666666668 0.1824940007627042 0.0006886561232377353
24.2 0.06312586682813805 0.000624912447481793
24.233333333333334 -0.061518513939010776 0.000624989876082345
24.266666666666666 -0.18435306386473901 0.0006869810172140389
24.3 -0.2963348174993144 0.0007325499336124364
24.333333333333332 -0.40255346313342977 0.0007705572372042613
24.366666666666667 -0.4986858665573966 0.0007964365351116331
24.4 -0.585030170014842 0.0008132516156740266
24.433333333333334 -0.6547148091001634 0.0008210983568607277
24.466666666666665 -0.709480925962441 0.0008255419937887032
24.5 -0.7452087191548998 0.0008271133367270256
24.533333333333335 -0.7613220615060412 0.0008275920729525765
24.566666666666666 -0.7590973184038048 0.0008273631668379577
24.6 -0.7376108976137694 0.000826953533862973
24.633333333333333 -0.6967892916932197 0.0008251316316791879
24.666666666666668 -0.6360268065918693 0.000817636029922908
24.7 -0.5610872954494304 0.0008083417633960588
24.733333333333334 -0.47180904948623487 0.0007900789545070008
24.766666666666666 -0.36710323327136607 0.0007608983594876162
24.8 -0.2531899878270563 0.0007169043287343912
24.833333333333332 -0.1311046413708905 0.0006606055577744185
24.866666666666667 -0.009432285640552325 0.0005955486891162046
24.9 0.11046789779820627 0.0006522003662415565
24.933333333333334 0.23066281947957532 0.0007102808690814533
24.966666666666665 0.3413930562369533 0.0007565723384020395
25.0 0.44454729692402567 0.0007869354937347639
25.033333333333335 0.5358866657689298 0.0008099389434225168
25.066666666666666 0.614729930909629 0.0008238040213425224
25.1 0.673940344852456 0.0008307539496817951
25.133333333333333 0.7205949406531437 0.0008347948347324774
25.166666666666668 0.7493732648082934 0.0008365045651913539
25.2 0.7591116970583306 0.000836954157796499
25.233333333333334 0.7497590729001152 0.000835743870229666
25.266666666666666 0.7230009655800608 0.0008354756241631955
25.3 0.6772829477922302 0.0008316331956492728
25.333333333333332 0.6145137048838514 0.0008235325052247111
25.366666666666667 0.5354374786735713 0.0008106033676786861
25.4 0.4411637093048744 0.0007861837421417883
25.433333333333334 0.3354733562477679 0.0007514241811474864
25.466666666666665 0.21838447163305466 0.0007045472856502255
25.5 0.09565831876694993 0.0006432176416283075
25.533333333333335 -0.02147244694655423 0.0006028786734946848
25.566666666666666 -0.14077752322101839 0.0006629820725499447
25.6 -0.258784502229642 0.0007180136391288228
25.633333333333333 -0.36577207775553505 0.0007583944990516289
25.666666666666668 -0.46561931005939877 0.0007850887530466144
25.7 -0.5536064847939687 0.0008051560471865615
25.733333333333334 -0.6241466436410171 0.0008162994914481247
25.766666666666666 -0.6826565521734629 0.0008228767654072655
25.8 -0.7240458966504557 0.0008250684117927509
25.833333333333332 -0.7464932724996652 0.0008255328632484904
25.866666666666667 -0.7489687401537202 0.0008264128993100694
25.9 -0.7329334929624888 0.0008266594963807217
25.933333333333334 -0.6974285800895079 0.0008235413949801984
25.966666666666665 -0.646279508623115 0.000818967674531379
26.0 -0.5751608735133983 0.0008099777054521029
26.033333333333335 -0.4894065610171015 0.0007918143597633875
26.066666666666666 -0.39164745864527034 0.0007667892573056667
26.1 -0.28212512983862426 0.0007297495737256243
26.133333333333333 -0.1654260302098796 0.0006777111835691574
26.166666666666668 -0.04344099086736298 0.0006138483737147885
26.2 0.07789766504423999 0.0006338841355305047
26.233333333333334 0.19438752859407277 0.0006916093101899667
26.266666666666666 0.30772213921364777 0.0007413718642390599
26.3 0.40942402523193017 0.0007761567345888065
26.333333333333332 0.5019721527098515 0.0008031916966817487
26.366666666666667 0.5814987715145881 0.0008176554622201238
26.4 0.6485643069252192 0.0008261797505594304
26.433333333333334 0.6985626127966296 0.0008329144331120641
26.466666666666665 0.7320830138526686 0.0008340121624621499
26.5 0.7462929268812744 0.0008363772647290713
26.533333333333335 0.743380163575289 0.0008372888340073548
26.566666666666666 0.7208992604519657 0.0008357379296877188
26.6 0.6791486768836721 0.0008335303031629104
26.633333333333333 0.6250843544352216 0.0008280625627482552
26.666666666666668 0.548649752208952 0.0008127719429894542
26.7 0.4586870648322943 0.00079284700179727
26.733333333333334 0.35953594674265854 0.0007643395045015544
26.766666666666666 0.24737554965133712 0.0007202494080091326
26.8 0.1310606198356506 0.0006629415071962574
26.833333333333332 0.008903015933381105 0.0005958624655274854
26.866666666666667 -0.10891318428077844 0.0006485264437243177
26.9 -0.22370530812353134 0.0007035670488523826
26.933333333333334 -0.33275182514082674 0.0007444922445962177
26.966666666666665 -0.4353099283874692 0.0007782984838819451
27.0 -0.5218442347020518 0.0007967597035192231
27.033333333333335 -0.6009044607611044 0.0008132265520861548
27.066666666666666 -0.6612442404258528 0.0008205342092509893
27.1 -0.7048976519677603 0.0008247250277747531
27.133333333333333 -0.7329542983080167 0.0008256594020247254
27.166666666666668 -0.74060406881683 0.000825548156268785
27.2 -0.7300555189372717 0.0008254915108505401
27.233333333333334 -0.7006408578190974 0.000824978153807443
27.266666666666666 -0.6523296546140378 0.0008201864855651442
27.3 -0.5854137259283702 0.0008123669968506109
27.333333333333332 -0.5045019674906666 0.0007982585955350618
27.366666666666667 -0.4106261845001566 0.000774237461065308
27.4 -0.3035039605235012 0.0007381442934021321
27.433333333333334 -0.19084764949078833 0.0006913338331132612
27.466666666666665 -0.0736285422558228 0.0006308952171379945
27.5 0.047573817143859005 0.0006178995550485955
27.533333333333335 0.16589885998002107 0.0006803669147814884
27.566666666666666 0.27658034363044454 0.0007288471267533625
27.6 0.3812994687633083 0.0007645881327024151
27.633333333333333 0.476468540915324 0.0007944709419627771
27.666666666666668 0.5573269867239135 0.0008125921205742737
27.7 0.6246943088619306 0.0008239208669198472
27.733333333333334 0.6779883048756136 0.0008294874651677553
27.766666666666666 0.712717341151634 0.0008333014877525136
27.8 0.7323362252553233 0.0008339257498505281
27.833333333333332 0.7339823451971631 0.0008342190400404403
27.866666666666667 0.7171944890508269 0.000834426729700688
27.9 0.6795179934386244 0.0008309236849378676
27.933333333333334 0.6262998958228445 0.0008267958868793945
27.966666666666665 0.5583176401600808 0.0008115831181167987
28.0 0.4718660198918708 0.000796072865728803
28.033333333333335 0.3760249131253573 0.0007670665560756129
28.066666666666666 0.26903509441440154 0.0007283587204881536
28.1 0.15533632159772592 0.0006748504579957015
28.133333333333333 0.038175400624923 0.0006104271495531652
28.166666666666668 -0.08349711548828108 0.0006360570898861911
28.2 -0.19811791367705311 0.0006900635879899808
28.233333333333334 -0.30472084039822717 0.000737558455088605
28.266666666666666 -0.4072257967440236 0.0007700632252874429
28.3 -0.49827394069977116 0.0007935933203577217
28.333333333333332 -0.5759570707779356 0.0008063915970117908
28.366666666666667 -0.6401337906031193 0.0008174726154915879
28.4 -0.6866302165087264 0.0008222669478803457
28.433333333333334 -0.7177595222733275 0.0008239804689935681
28.466666666666665 -0.7290070071228039 0.0008258056722887375
28.5 -0.7213240254931522 0.0008267379351203363
28.533333333333335 -0.695460456780475 0.0008253282887716873
28.566666666666666 -0.6508521079544628 0.0008206698014600056
28.6 -0.5901790631563846 0.0008137955523155327
28.633333333333333 -0.513864758729191 0.0007984403961912578
28.666666666666668 -0.4225856269220579 0.000776324927658556
28.7 -0.32069122837153896 0.0007425805412903386
28.733333333333334 -0.2122359095551905 0.0006999822671063249
28.766666666666666 -0.09693400125097192 0.0006433761777660807
28.8 0.023340543182272938 0.0006030795941353063
28.833333333333332 0.1401842869130829 0.0006666717418276902
28.866666666666667 0.2530607877633872 0.0007178414409237943
28.9 0.3560818699392244 0.0007575932008199171
28.933333333333334 0.4502777070868572 0.0007888639305950185
28.966666666666665 0.5331159132564314 0.0008078340577837295
29.0 0.6045975180561304 0.0008210923680116444
29.033333333333335 0.6581731500232669 0.0008282064759801422
29.066666666666666 0.6969929077341621 0.0008306021514574713
29.1 0.7200085639074525 0.0008340709959772097
29.133333333333333 0.7244539062370248 0.0008342654784481152
29.166666666666668 0.7096352066138817 0.0008337387496004656
29.2 0.6784442984693201 0.0008308925944638945
29.233333333333334 0.6287674836206083 0.0008245040386570812
29.266666666666666 0.5626880099294562 0.0008155498801799554
29.3 0.48206558201954913 0.0007976499923002534
29.333333333333332 0.3880207070889912 0.00077223579195973
29.366666666666667 0.28460157353156856 0.0007310032833933722
29.4 0.1752336293443212 0.0006842258931607226
29.433333333333334 0.05728017019176093 0.0006216605370778644
29.466666666666665 -0.059146605962255704 0.0006232598074338777
29.5 -0.17411615469265918 0.0006803263973448603
29.533333333333335 -0.285233316413751 0.0007271127513286402
29.566666666666666 -0.38742045874563047 0.0007624116882197773
29.6 -0.4747902201753044 0.0007892405014989223
29.633333333333333 -0.5544311698189228 0.0008049235629460361
29.666666666666668 -0.6203866577424768 0.0008157871922382931
29.7 -0.6696386934679918 0.0008204367934527834
29.733333333333334 -0.7011293482179569 0.0008235987287992241
29.766666666666666 -0.7159840526240359 0.0008249773874327015
29.8 -0.7132964439416635 0.0008259228935336704
29.833333333333332 -0.6894980302538146 0.0008263440565355884
29.866666666666667 -0.6501142216401504 0.0008211462799693203
29.9 -0.5917205130569898 0.0008121812015884355
29.933333333333334 -0.5183285809371491 0.0008023670385687298
29.966666666666665 -0.43360917954848344 0.0007810093235264826
30.0 -0.33233409165410727 0.0007490977993643289
30.033333333333335 -0.22488572240659044 0.0007068036989071325
30.066666666666666 -0.11455679323509495 0.0006526759899912749
30.1 0.0023388728978812993 0.0005911898104121356
30.133333333333333 0.11611051059617825 0.0006537626634159077
30.166666666666668 0.229427275935999 0.0007076446121337676
30.2 0.3347338380239889 0.0007499183699240519
30.233333333333334 0.43258854852705364 0.0007832435912264457
30.266666666666666 0.5152182255111494 0.0008028356755032107
30.3 0.5856611531652208 0.000817885689744613
30.333333333333332 0.6420866963233616 0.0008247681712119093
30.366666666666667 0.6826375755102924 0.0008306477059346618
30.4 0.7073934707468075 0.0008333711364594265
30.433333333333334 0.7137687565969063 0.0008332165864046726
30.466666666666665 0.70280497731399 0.0008329176329017196
30.5 0.6708721131065201 0.0008323377608396854
30.533333333333335 0.6275081922802445 0.000827008450208333
30.566666666666666 0.5654055898803629 0.0008166405800751342
30.6 0.48832199172061935 0.0008005393292275231
30.633333333333333 0.398336694428881 0.0007735784156244208
30.666666666666668 0.2961591157435921 0.0007388671207843034
30.7 0.18553548926474475 0.00068813219481903
30.733333333333334 0.07236388465390195 0.000633410031697354
30.766666666666666 -0.039975136081925315 0.0006114240995889614
30.8 -0.15525829405118466 0.0006717432745318441
30.833333333333332 -0.26359236773583966 0.0007190809181574775
30.866666666666667 -0.36826480307330106 0.0007584176301954626
30.9 -0.4577243703674319 0.0007823797487905293
30.933333333333334 -0.5372345509420792 0.0008000746044781737
30.966666666666665 -0.6037484660910336 0.0008132973769175988
31.0 -0.656154230059484 0.0008184840509608549
31.033333333333335 -0.6898192506386673 0.0008236202291824757
31.066666666666666 -0.7054382063919877 0.0008249615804944987
31.1 -0.7051791070729814 0.0008242750689170242
31.133333333333333 -0.6862457336010039 0.0008240066258706769
31.166666666666668 -0.6483054783154383 0.0008214478170041062
31.2 -0.5931548561675754 0.0008126282031782894
31.233333333333334 -0.5209141204175829 0.0008036069657988421
31.266666666666666 -0.43594125564623665 0.0007820254504083968
31.3 -0.3414260657774258 0.0007523812576971656
31.333333333333332 -0.2364251347903432 0.0007104653058604138
31.366666666666667 -0.12689809725628554 0.0006583336703651632
31.4 -0.012078498443521029 0.0005983671967695423
31.433333333333334 0.09989058998006273 0.0006460037698911986
31.466666666666665 0.2121145368467131 0.0007007881454422493
31.5 0.31793832723261756 0.0007441583484187331
31.533333333333335 0.4140347660917903 0.0007739623192120071
31.566666666666666 0.4979785553656437 0.0007987965683418086
31.6 0.5723192924273183 0.0008136925110776572
31.633333333333333 0.6276314587363176 0.0008234893596767989
31.666666666666668 0.6705343293451459 0.0008290239758659279
31.7 0.6956159641827949 0.000831949489753181
31.733333333333334 0.7045166431603067 0.0008338675766037529
31.766666666666666 0.6960177374739999 0.0008332506033853493
31.8 0.6659478881093372 0.0008326319369184043
31.833333333333332 0.6238138592020894 0.0008249543557159456
31.866666666666667 0.5647386055073716 0.0008163926185851267
31.9 0.4876866389865183 0.0007990905632301315
31.933333333333334 0.40096480834126164 0.0007739558900797805
31.966666666666665 0.30121731784085304 0.0007408404931246171
32.0 0.19803344406445028 0.0006956303402027852
32.03333333333333 0.08536168123059233 0.0006381722429240205
32.06666666666667 -0.02882621720831264 0.0006061197795723464
32.1 -0.14022827563170656 0.0006625733998212868
32.13333333333333 -0.24606648047251994 0.0007146862537671106
32.166666666666664 -0.35088871681676026 0.0007536006001983564
32.2 -0.44033356773236376 0.000780644968684574
32.233333333333334 -0.5209196420478225 0.0007991663995616793
32.266666666666666 -0.587686477159894 0.0008110188759760106
32.3 -0.6397948171667636 0.0008187464659150656
32.333333333333336 -0.6759348091056012 0.0008215537094997671
32.36666666666667 -0.6939894999159052 0.0008231296874915417
32.4 -0.6945534218661051 0.0008237805740769488
32.43333333333333 -0.6780116797437366 0.0008236583487929439
32.46666666666667 -0.6429233357382507 0.0008198760504336544
32.5 -0.5887419759937714 0.0008147314655915228
32.53333333333333 -0.518959168530545 0.0008004127952774276
32.56666666666667 -0.4385487252513886 0.0007826715852329857
32.6 -0.34548429696317245 0.0007543433796317611
32.63333333333333 -0.24260721696543847 0.0007131359496886647
32.666666666666664 -0.13422408782363188 0.0006632374351476233
32.7 -0.021589572408551635 0.0006000134216082344
32.733333333333334 0.08777742092235574 0.0006403285936564806
32.766666666666666 0.19991121893261835 0.0006965901158322296
32.8 0.3011763903506159 0.0007393490146073711
32.833333333333336 0.4033566875866384 0.0007707829979854974
32.86666666666667 0.4861599991498146 0.0007958870600887624
32.9 0.5564559483181719 0.0008113129388256368
32.93333333333333 0.6150712363916664 0.0008207283551905364
32.96666666666667 0.6573653936539067 0.0008276312957000709
33.0 0.6832180229728415 0.0008338422101863419
33.03333333333333 0.6926424638998152 0.0008333789154181259
33.06666666666667 0.6849849268010803 0.0008321688228536406
33.1 0.6598685947052968 0.0008313717705288326
33.13333333333333 0.6180787145279601 0.0008253779742617429
33.166666666666664 0.5595197002699405 0.0008162341696658082
33.2 0.487111888600678 0.0007986807526748629
33.233333333333334 0.3996229427876725 0.0007736907005253535
33.266666666666666 0.3018469067802967 0.0007405883896231535
33.3 0.19984389508479666 0.0006959850715510529
33.333333333333336 0.09013492723068091 0.0006413586000359878
33.36666666666667 -0.01968362376789764 0.0006008733841201402
33.4 -0.13189476516712678 0.0006604374243280586
33.43333333333333 -0.23868115001136508 0.0007079465865947876
33.46666666666667 -0.33785730455816754 0.0007465093147690505
33.5 -0.43034188014787134 0.0007754323046745837
33.53333333333333 -0.5096950889296051 0.0007947241013148698
33.56666666666667 -0.5756401573934461 0.0008080797196945433
33.6 -0.6271291429020364 0.000816619378086858
33.63333333333333 -0.6627348945907943 0.0008189868901596897
33.666666666666664 -0.6829469861357544 0.0008227668424839463
33.7 -0.681213969369533 0.0008226625939485865
33.733333333333334 -0.666638064734911 0.0008246766258049876
33.766666666666666 -0.6349000191811881 0.0008207030435101181
33.8 -0.5812357816769708 0.0008123755279808575
33.833333333333336 -0.511773780753355 0.0007977189866360535
33.86666666666667 -0.4342201470103448 0.0007802703017551482
33.9 -0.34152480431178234 0.0007495465386433975
33.93333333333333 -0.24086006847512823 0.000710882697899401
33.96666666666667 -0.13299585615894605 0.000660745994404438
34.0 -0.024575813129592457 0.000602965274196593
34.03333333333333 0.08421642354608617 0.0006356204387599346
34.06666666666667 0.19292217771437664 0.0006886483866641313
34.1 0.2948863061765251 0.0007348725821383351
34.13333333333333 0.3921778155530341 0.0007694735573475775
34.166666666666664 0.47600896379267305 0.000791722066005307
34.2 0.5442668018600231 0.0008113469611453761
34.233333333333334 0.6049415419937009 0.0008192650878613428
34.266666666666666 0.6460242676179915 0.0008262526435826034
34.3 0.6719589241189826 0.0008309484109793042
34.333333333333336 0.6831477946422199 0.0008313041962886292
34.36666666666667 0.6758614328263055 0.0008323521319359983
34.4 0.6529623942478892 0.0008304672023224935
34.43333333333333 0.6115788245190334 0.0008252934322047212
34.46666666666667 0.5539861333575355 0.0008153321888234588
34.5 0.4837062443932732 0.000799155029299059
34.53333333333333 0.39805572836542213 0.0007752806135098989
34.56666666666667 0.30155659736004514 0.0007425461307884462
34.6 0.19964357433852836 0.000697307632762878
34.63333333333333 0.09152831739831101 0.0006418201594808187
34.666666666666664 -0.015718135785305044 0.0006005011223224957
34.7 -0.12479222950571957 0.0006594813773916491
34.733333333333334 -0.22897261429019286 0.0007067238911922791
34.766666666666666 -0.3274379507767432 0.0007439934236688761
34.8 -0.4161328694634394 0.0007736374287524717
34.833333333333336 -0.4993602497137528 0.0007953348530749249
34.86666666666667 -0.56740192132296 0.0008089111535044546
34.9 -0.61721178289623 0.0008160376897193844
34.93333333333333 -0.6535037219112597 0.0008205287761438029
34.96666666666667 -0.6728442566910098 0.0008228932679640311
35.0 -0.675472233876822 0.0008234113165213053
35.03333333333333 -0.6596163473297693 0.0008222836117324217
35.06666666666667 -0.6258025457266936 0.000818490785363446
35.1 -0.5765000164748307 0.0008107744793588445
35.13333333333333 -0.5116121229574747 0.0007989140982179732
35.166666666666664 -0.43151950688860247 0.0007751805146763435
35.2 -0.34146294323544757 0.0007482322212045145
35.233333333333334 -0.24243302135244427 0.0007107102449374347
35.266666666666666 -0.13794908091602248 0.0006607062881534287
35.3 -0.025857979769394062 0.0006009257418641244
35.333333333333336 0.08107190057968489 0.0006317894913697442
35.36666666666667 0.18698346458864123 0.0006852032299574928
35.4 0.28689510914056493 0.0007303120908519478
35.43333333333333 0.3809305949918214 0.0007629084662025276
35.46666666666667 0.4626726988522428 0.0007877547017771103
35.5 0.537075557245524 0.0008068026557025432
35.53333333333333 0.5946050000899127 0.0008180958241642555
35.56666666666667 0.6365166147647173 0.0008227436520831244
35.6 0.6627752632917254 0.0008279166198988941
35.63333333333333 0.6726169663158011 0.0008282894316811173
35.666666666666664 0.6668356679622518 0.0008268893325759086
35.7 0.6424403169866101 0.0008256097508615445
35.733333333333334 0.6032576606436868 0.0008211596509273278
35.766666666666666 0.5467939996620227 0.0008091176858430194
35.8 0.47821224926490224 0.0007946485646659895
35.833333333333336 0.39251190763580196 0.0007706740816268431
35.86666666666667 0.29861514062715805 0.0007358524175321013
35.9 0.19787453841432692 0.0006933264400028338
35.93333333333333 0.08973613396854115 0.0006392884816555505
35.96666666666667 -0.018013105807495336 0.0005980377043967589
36.0 -0.12361634847014301 0.0006533440871472895
36.03333333333333 -0.23016715190480283 0.0007025650450417364
36.06666666666667 -0.3238959256187189 0.0007396633614233927
36.1 -0.41180643895181146 0.0007671786577914674
36.13333333333333 -0.4921111016403042 0.0007870766333324397
36.166666666666664 -0.5573227895170327 0.0008036944385241274
36.2 -0.6060065974332526 0.0008095674381934925
36.233333333333334 -0.6421984709273916 0.0008148761236954627
36.266666666666666 -0.6613381099795135 0.0008160861982118295
36.3 -0.6615978270038043 0.000817038807007342
36.333333333333336 -0.6477708721152128 0.0008157850371479647
36.36666666666667 -0.6147533009160782 0.0008127301298415102
36.4 -0.5651413676025567 0.0008055699706791541
36.43333333333333 -0.5023910184496599 0.0007935210881726551
36.46666666666667 -0.4248254481123097 0.000777727783422999
36.5 -0.33249027847411483 0.0007450070362904904
36.53333333333333 -0.23590462193407555 0.0007069213357527859
36.56666666666667 -0.1313712645030901 0.000656990119145523
36.6 -0.023195944334072936 0.0006009168432412719
36.63333333333333 0.0820343310616341 0.0006318342792107079
36.666666666666664 0.1881354477414779 0.0006850076669775995
36.7 0.2866357368073443 0.0007287322579305755
36.733333333333334 0.37826517383878683 0.0007624917511394047
36.766666666666666 0.45939617448805625 0.0007856251812359827
36.8 0.5304897976109496 0.0008028725176223439
36.833333333333336 0.5858520036203352 0.0008144650832253575
36.86666666666667 0.6274704512028954 0.0008217552024317731
36.9 0.65402107185316 0.0008256414395249045
36.93333333333333 0.6639995416507114 0.0008267045551111352
36.96666666666667 0.6567197332398432 0.0008259469704029465
37.0 0.6322228286553554 0.0008247238140642876
37.03333333333333 0.5929533049964301 0.0008190772224795362
37.06666666666667 0.5367188872112654 0.0008100201389161787
37.1 0.4665969284362193 0.0007913429819381146
37.13333333333333 0.38420319132374603 0.000766930202020899
37.166666666666664 0.28977499861288974 0.000732010751923251
37.2 0.1888375101116781 0.0006882582367205292
37.233333333333334 0.08391159031550918 0.0006377922666856578
37.266666666666666 -0.019777016645719334 0.0006003847749261673
37.3 -0.12510192227685854 0.0006556583190450438
37.333333333333336 -0.22882372439476056 0.0007035223232280396
37.36666666666667 -0.32627008939663005 0.0007409815597216318
37.4 -0.41305690753455304 0.0007699312169496264
37.43333333333333 -0.4889871087241066 0.0007900934905529233
37.46666666666667 -0.552349480306386 0.0008031203619929261
37.5 -0.60206504612147 0.0008116055264193456
37.53333333333333 -0.6360454142383999 0.0008158795410335706
37.56666666666667 -0.6535945649289236 0.0008179569502301254
37.6 -0.6544748768230968 0.0008188064793024363
37.63333333333333 -0.6390430224681811 0.0008171770539013856
37.666666666666664 -0.6054999855374528 0.0008136752470101483
37.7 -0.557271597013143 0.0008072256660377475
37.733333333333334 -0.491509819907214 0.0007957916847291524
37.766666666666666 -0.4148295901189191 0.0007739345298070077
37.8 -0.3238682629567586 0.0007426105686336171
37.833333333333336 -0.22549869177048432 0.0007046486793678142
37.86666666666667 -0.12295618805413235 0.0006547929205548697
37.9 -0.015076364812510373 0.0005957501695463135
37.93333333333333 0.08923468312852675 0.0006370157803149007
37.96666666666667 0.19219538591335575 0.0006899759457008603
38.0 0.2879837348747345 0.0007311512743177762
38.03333333333333 0.3759079719426186 0.0007596282233053864
38.06666666666667 0.45825923460481 0.0007861073942488916
38.1 0.5248001493963591 0.0008020790143319356
38.13333333333333 0.5788884068923678 0.000815469644258382
38.166666666666664 0.6215577027590704 0.0008220428890501896
38.2 0.6463146247583419 0.0008244451419324728
38.233333333333334 0.6557124593673404 0.0008300406225533186
38.266666666666666 0.6470377462544861 0.0008262390582228774
38.3 0.6236090458284157 0.0008237441813441215
38.333333333333336 0.5805944862557776 0.0008179047331853262
38.36666666666667 0.52456416615891 0.0008075624297846362
38.4 0.45689032868474494 0.000790077813003609
38.43333333333333 0.3754934647782281 0.0007648585973576982
38.46666666666667 0.2829750506676238 0.0007299163393890695
38.5 0.17996028401125092 0.000684241465689267
38.53333333333333 0.07774993329882132 0.0006311482950706188
38.56666666666667 -0.028692293386220154 0.0006024630551125787
38.6 -0.13264902793603942 0.0006599854040939823
38.63333333333333 -0.23247660489728642 0.0007049634563300322
38.666666666666664 -0.32768381765106436 0.0007411292427915162
38.7 -0.4121447895060083 0.000768817599821725
38.733333333333334 -0.4860924822139884 0.0007871623724313159
38.766666666666666 -0.5494208888099171 0.0008025930027881767
38.8 -0.5969107262213236 0.0008105513751764937
38.833333333333336 -0.6301149465919025 0.0008158384621509418
38.86666666666667 -0.64573070285557 0.0008178273727845742
38.9 -0.6454857379230475 0.0008180186423711877
38.93333333333333 -0.6273682243652696 0.0008171059224448829
38.96666666666667 -0.5938880327758613 0.0008123515584417262
39.0 -0.5442779828316883 0.0008036656267876863
39.03333333333333 -0.4801348176533607 0.0007909205181776957
39.06666666666667 -0.40285236953625014 0.0007697975704597515
39.1 -0.312825874850804 0.0007389434394861616
39.13333333333333 -0.2186078421964574 0.0006997660237042791
39.166666666666664 -0.11220105138199085 0.0006481026179768756
39.2 -0.010158813899805701 0.0005931676430740752
39.233333333333334 0.09467468880391894 0.0006409499990931156
39.266666666666666 0.1959864179294134 0.0006895455572086817
39.3 0.291964524578994 0.0007318214039759297
39.333333333333336 0.3805038567278248 0.0007621240837487053
39.36666666666667 0.4582081526375336 0.0007866736401501151
39.4 0.5250410672208965 0.0008049665899030334
39.43333333333333 0.5742088951710883 0.0008156789392148589
39.46666666666667 0.6156028120434749 0.0008215994770623958
39.5 0.6388223745073448 0.0008235194112682365
39.53333333333333 0.6452065138827844 0.0008261306738968077
39.56666666666667 0.6346275582966978 0.0008253743213720854
39.6 0.6100854927597978 0.0008238126314754624
39.63333333333333 0.5678668843422331 0.0008160499239481256
39.666666666666664 0.514113682783786 0.0008041612413601795
39.7 0.44253523327645017 0.0007857502888014567
39.733333333333334 0.36221686556590343 0.0007614140407711245
39.766666666666666 0.27020728451394105 0.0007242624507171613
39.8 0.17081352073370373 0.0006781595701337573
39.833333333333336 0.06698500350837405 0.0006265356142069328
39.86666666666667 -0.03738660238326125 0.0006093591711662655
39.9 -0.1420574662141111 0.0006649836637352691
39.93333333333333 -0.2380020529695096 0.0007077302912506522
39.96666666666667 -0.33221691298656886 0.0007439421190937878
40.0 -0.41333625170281313 0.0007702235899183507
40.03333333333333 -0.48689062319932336 0.0007892439012787134
40.06666666666667 -0.5477886323218001 0.0008016023575383446
40.1 -0.5927871333735291 0.0008091501602520701
40.13333333333333 -0.6228298876773637 0.0008129626033500648
40.166666666666664 -0.6380791852537316 0.0008167438818583728
40.2 -0.6363637968921648 0.0008174118619118653
40.233333333333334 -0.6176511195489808 0.0008156246797982325
40.266666666666666 -0.5814390945805339 0.0008113065137224096
40.3 -0.5297652653523756 0.0008023286121680018
40.333333333333336 -0.46386671648795696 0.0007859068880879949
40.36666666666667 -0.3867569993119493 0.000762801302763072
40.4 -0.29973155255614375 0.0007333868333036508
40.43333333333333 -0.2050091301668595 0.0006963333140622974
40.46666666666667 -0.10203874207355232 0.0006444939269342059
40.5 0.0014196930166367554 0.0005875498626875591
40.53333333333333 0.1065360066128417 0.0006462063068801566
40.56666666666667 0.2043828166609533 0.0006951726288503546
40.6 0.29711432360780327 0.0007371571478421712
40.63333333333333 0.3852689563305139 0.0007636325171336833
40.666666666666664 0.45879096184184986 0.0007857373160396475
40.7 0.5252329196761892 0.0008035964351079672
40.733333333333334 0.576759566979102 0.0008147933418278797
40.766666666666666 0.6121660683937684 0.0008197486273109345
40.8 0.6316812812406374 0.0008223511311580278
40.833333333333336 0.638121103856069 0.0008250670326056531
40.86666666666667 0.6260469539950284 0.0008246799048612363
40.9 0.6000403187837802 0.0008209371142045008
40.93333333333333 0.5567693008347642 0.0008140400978571272
40.96666666666667 0.4987733998386051 0.0008012282440415519
41.0 0.4253072706975229 0.0007818358101970846
41.03333333333333 0.3464477840532392 0.0007549364070537079
41.06666666666667 0.2546538878634428 0.0007198816656195373
41.1 0.15670650194645022 0.0006733443252975591
41.13333333333333 0.05504667561793913 0.0006201172349673753
41.166666666666664 -0.050570282720531975 0.0006176197282765153
41.2 -0.15022886586159975 0.0006677176344470348
41.233333333333334 -0.24668159115565286 0.0007096463992726509
41.266666666666666 -0.3371017558074577 0.0007454861008616698
41.3 -0.4194318139216177 0.0007722571727518113
41.333333333333336 -0.49054614225245413 0.0007892490240353767
41.36666666666667 -0.5438677828058446 0.0008011891170023322
41.4 -0.588098760463614 0.0008093107862798821
41.43333333333333 -0.6172843978677626 0.000813299427403047
41.46666666666667 -0.6301458441625234 0.0008148721143172999
41.5 -0.6247745476299931 0.0008147121990146333
41.53333333333333 -0.6035974374378681 0.0008123799710615387
41.56666666666667 -0.566553741046426 0.0008072516807070551
41.6 -0.5141189095638674 0.0007979255922070383
41.63333333333333 -0.4497261215886313 0.0007813426136683566
41.666666666666664 -0.3699043941366142 0.0007615689408214665
41.7 -0.28181856517983606 0.0007279739417259679
41.733333333333334 -0.18726384371776872 0.0006855909012236927
41.766666666666666 -0.087901866225172 0.0006370439706900044
41.8 0.015571880339199878 0.0005974675634608882
41.833333333333336 0.11793996310156522 0.0006520258889605862
41.86666666666667 0.21724091058737435 0.0007024994625518255
41.9 0.30811380844080827 0.0007414439219480262
41.93333333333333 0.391357000636397 0.0007674782620583631
41.96666666666667 0.4639247413807561 0.0007890191635623878
42.0 0.5254648995402856 0.0008028145030605227
